Keff(MJ/m3):0.0654948547691985 Ms(MA/m):1.5089330764092987
H(kOe) moment(emu) M(MA/m) M_norm()
9.967122 8.733485e-05 1.1943477739770467 1.0183802975496388
9.938844 8.621787e-05 1.1790725135675204 1.0053555952142363
9.910426 8.648777e-05 1.1827635311188922 1.0085028021116966
9.881779 8.523739e-05 1.1656639589592628 0.9939225703204917
9.852575 8.670832e-05 1.1857796627267283 1.0110745563956345
9.823879000000002 8.529458e-05 1.1664460608257425 0.994589442356304
9.794861999999998 8.559194e-05 1.170512607617428 0.9980568504445912
9.765766 8.530013e-05 1.166521959852827 0.994654158911624
9.736418 8.560366e-05 1.1706728844818297 0.9981935131524025
9.706752 8.464709e-05 1.1575913110875522 0.9870392941753612
9.676695 8.559286e-05 1.1705251890777735 0.9980675782339417
9.647144 8.575078e-05 1.1726848240970864 0.9999090265972128
9.617798 8.539764e-05 1.1678554578944509 0.9957911879763568
9.587854 8.481859e-05 1.1599366594019658 0.9890390940379562
9.558284 8.568373e-05 1.1717678817969033 0.9991271806451021
9.528464 8.338866e-05 1.1403816511498992 0.9723651942273405
9.498464 8.691534e-05 1.1886107648144828 1.0134885422122784
9.468511000000001 8.568422e-05 1.1717745827920873 0.9991328943589953
9.438778000000001 8.591856e-05 1.174979299550103 1.0018654488767826
9.408954 8.571202e-05 1.1721547617025287 0.9994570601676258
9.379001 8.575519e-05 1.1727451330537428 0.999960450022251
9.348751 8.38834e-05 1.1471474682057183 0.978134179556905
9.319130999999999 8.49909e-05 1.1622930848716837 0.991048339019436
9.289144 8.482008e-05 1.1599570358975253 0.9890564683924475
9.259047 8.651461e-05 1.1831305815489728 1.0088157737053527
9.228974000000001 8.540084e-05 1.1678992194956526 0.9958285020262709
9.198779 8.402394e-05 1.149069423028504 0.9797729659865791
9.168974 8.713293e-05 1.1915864169412076 1.0160257810000457
9.139316 8.510618e-05 1.1638695965549815 0.9923925776675989
9.109242 8.447086e-05 1.1551812776563621 0.9849843394827366
9.078964 8.426296e-05 1.1523381411282771 0.9825600923023661
9.049047 8.554335e-05 1.169848115054178 0.9974902599179237
9.018742 8.580923e-05 1.1734841570940395 1.000590591040179
8.988724 8.605965e-05 1.1769087758980947 1.0035106486587857
8.958813 8.615364e-05 1.1781941361783965 1.0046066322686127
8.929464 8.472761e-05 1.1586924623777948 0.98797820895633
8.899011 8.540038e-05 1.16789292876548 0.995823138131596
8.868761000000001 8.694569e-05 1.189025816250882 1.0138424426544344
8.838695 8.643259e-05 1.1820089170081671 1.0078593679634866
8.809021000000001 8.546676e-05 1.1688007084804117 0.9965971714545059
8.779141 8.663157e-05 1.1847300680729018 1.010179602229721
8.749113 8.50718e-05 1.1633994328520687 0.991991684843832
8.719130999999999 8.486593e-05 1.1605840575897464 0.9895911087638761
8.688955 8.676273e-05 1.1865237467021643 1.0117090118505838
8.659021000000001 8.459466e-05 1.15687430460286 0.9864279267887963
8.629086 8.557246e-05 1.1702462088701115 0.9978297011657381
8.599214 8.564137e-05 1.1711885876009933 0.9986332359093615
8.568992 8.568147e-05 1.1717369751660545 0.9991008275973502
8.538909 8.740725e-05 1.1953378802042394 1.01922452792895
8.509021 8.630779e-05 1.1803022145612936 1.0064041200168286
8.479201 8.633579e-05 1.1806851285718098 1.0067306179535787
8.448816 8.57771e-05 1.173044763266972 1.0002159346577582
8.418575 8.618239e-05 1.1785873068141945 1.0049418756858115
8.388652 8.665904e-05 1.1851057340682194 1.0104999200269542
8.359112 8.587856e-05 1.1744322795350794 1.0013990232528538
8.328937 8.514011e-05 1.1643336062827252 0.9927882232030965
8.29902 8.628961e-05 1.1800535939644654 1.006192129570753
8.268728 8.517066e-05 1.1647513928191997 0.9931444557733724
8.239011 8.592988e-05 1.1751341062143548 1.0019974473283546
8.20889 8.58507e-05 1.1740512800946152 1.0010741578057871
8.178787999999999 8.588736e-05 1.1745526239383843 1.001501636890118
8.148751 8.674835e-05 1.1863270930067633 1.0115413318387814
8.118708999999999 8.595062e-05 1.1754177360921443 1.0022392890143617
8.088890000000001 8.611846e-05 1.1777130320751832 1.0041964109323671
8.058797 8.669119e-05 1.1855454014052944 1.010874809622187
8.028936 8.640343e-05 1.181610139417215 1.0075193436836425
7.9984269999999995 8.477569e-05 1.159349980435853 0.9885388525562925
7.968455 8.584566e-05 1.1739823555727225 1.0010153881771722
7.938445 8.759369e-05 1.1978875404942637 1.0213985377620822
7.908742 8.719845e-05 1.1924824357258161 1.0167897861720412
7.878723 8.616016e-05 1.1782833004408453 1.0046826596453131
7.848714 8.70368e-05 1.190271791090102 1.0149048436193384
7.818242000000001 8.52195e-05 1.1654193042575434 0.9937139614601894
7.788558 8.458425e-05 1.1567319426439502 0.9863065395201689
7.758662 8.607164e-05 1.177072745147598 1.0036504597395584
7.728603 8.653297e-05 1.1833816637358687 1.0090298630667363
7.698501 8.586427e-05 1.1742368566347121 1.001232392698705
7.66814 8.65573e-05 1.1837143886600068 1.0093135664524908
7.63837 8.590068e-05 1.1747347816033873 1.0016569566228863
7.608594 8.594355e-05 1.1753210503044886 1.002156848285332
7.578279 8.535854e-05 1.1673207458297654 0.9953352569289663
7.54837 8.57866e-05 1.17317468052054 1.0003267107434413
7.518464 8.568075e-05 1.171727128805784 0.9990924319361194
7.488381 8.49471e-05 1.1616940979552328 0.9905376029612338
7.458594 8.621554e-05 1.1790406496516455 1.0053284259216426
7.428408 8.528889e-05 1.1663682472286054 0.9945230933113001
7.398285 8.551798e-05 1.1695011676096494 0.9971944294659469
7.368742 8.569198e-05 1.171880704675002 0.9992233809300375
7.338344 8.59944e-05 1.1760164494985876 1.0027497918597519
7.3086400000000005 8.582875e-05 1.1737511028613712 1.0008182067446563
7.27851 8.582962e-05 1.173763000546698 1.0008283515019767
7.248279 8.65971e-05 1.1842586735749552 1.0097776599483002
7.218445 8.598653e-05 1.1759088233106316 1.0026580226182438
7.188547 8.622561e-05 1.1791783619404277 1.0054458485724667
7.158209 8.493233e-05 1.1614921108146854 0.9903653752995981
7.128335 8.542339e-05 1.168207602029122 0.9960914494717609
7.098122 8.523183e-05 1.1655879231771744 0.9938577371587656
7.068237 8.679515e-05 1.186967106424341 1.0120870498187782
7.038294 8.693079e-05 1.1888220512952858 1.013668699109521
7.008437 8.514903e-05 1.1644555917460755 0.9928922361172327
6.978294 8.542689e-05 1.1682554662804367 0.9961322617138547
6.948408000000001 8.698729e-05 1.1895947170665067 1.0143275253033206
6.9182049999999995 8.67142e-05 1.185860074668937 1.011143120962352
6.88814 8.463711e-05 1.1574548295938039 0.9869229209821909
6.857908999999999 8.680841e-05 1.1871484435593211 1.0122416699131105
6.8278810000000005 8.678483e-05 1.1868259752604648 1.0119667120078046
6.798322 8.621858e-05 1.179082223172787 1.0053638742690612
6.768362 8.463805e-05 1.157467684564157 0.9869338819843533
6.738214 8.666712e-05 1.185216232111254 1.0105941380029877
6.707964 8.547604e-05 1.168927617123897 0.9967053821992573
6.678294 8.521993e-05 1.1654251847227048 0.9937189755356467
6.648214 8.503845e-05 1.162943354914543 0.9916028024798813
6.618288 8.574237e-05 1.172569813138928 0.9998109606097819
6.588205 8.477474e-05 1.159336988710496 0.9885277749477241
6.557844 8.550084e-05 1.1692667695332117 0.9969945660860933
6.528103 8.599494e-05 1.1760238342687903 1.0027560886056748
6.49801 8.546018e-05 1.1687107236879402 0.9965204444393695
6.467796999999999 8.401509e-05 1.1489483948501795 0.9796697693172847
6.438002 8.613806e-05 1.1779810718825448 1.0044249594880923
6.408224000000001 8.618427e-05 1.1786130167549007 1.0049637976901362
6.378083999999999 8.570872e-05 1.1721096325512892 0.9994185800536516
6.348242 8.560952e-05 1.1707530229140308 0.9982618445063081
6.317937 8.448659e-05 1.1553963932772702 0.9851677613593466
6.287756 8.405095e-05 1.1494387982936483 0.9800879198891369
6.258011000000001 8.578802e-05 1.1731940997310735 1.0003432688530907
6.22801 8.600084e-05 1.1761045197210063 1.0028248863852043
6.198039 8.680228e-05 1.1870646127420188 1.0121701901862434
6.167862 8.559889e-05 1.1706076523450382 0.998137891896749
6.138162 8.462797e-05 1.157329835520371 0.9868163427271232
6.108223 8.359471e-05 1.1431994880022895 0.9747678692226042
6.077899 8.696757e-05 1.1893250361991 1.0140975774707235
6.047695 8.537347e-05 1.167524921050373 0.9955093502930978
6.017955 8.60656e-05 1.1769901451253295 1.0035800294703452
5.988149 8.430018e-05 1.1528471432522567 0.982994101345432
5.958195 8.655678e-05 1.1837072773998116 1.0093075029193799
5.9280100000000004 8.623993e-05 1.179374195105806 1.0056128289458333
5.897649 8.629057e-05 1.180066722444826 1.0062033237857273
5.867622 8.553744e-05 1.1697672928469582 0.9974213455319881
5.837954 8.599803e-05 1.176066091564951 1.0027921199851233
5.808344 8.560909e-05 1.1707471424488693 0.9982568304308509
5.777881000000001 8.439743e-05 1.1541770856637825 0.984128098643609
5.747714 8.688516e-05 1.1881980382131478 1.0131366240790243
5.717501 8.641875e-05 1.181819648082969 1.0076979846976073
5.687804 8.534212e-05 1.1670961941135982 0.9951437892103435
5.65789 8.622413e-05 1.179158122199872 1.0054285908243814
5.627681 8.596696e-05 1.1756411937682814 1.0024298238817364
5.597779 8.75167e-05 1.1968346637203473 1.0205007850424253
5.567622 8.52515e-05 1.1658569202695621 0.9940871019593325
5.537899 8.54805e-05 1.1689886098555722 0.9967573886563253
5.50776 8.685295e-05 1.1877575503460498 1.0127610348453553
5.477557 8.555277e-05 1.169976938267716 0.9976001031523589
5.447473 8.537767e-05 1.1675823581519504 0.9955583249836103
5.417501000000001 8.569794e-05 1.1719622106572403 0.9992928783480028
5.387844 8.458425e-05 1.1567319426439502 0.9863065395201689
5.357649 8.506827e-05 1.163351158335743 0.9919505227825203
5.327546999999999 8.572733e-05 1.1723641336132788 0.9996355845751845
5.297143 8.655557e-05 1.183690730044357 1.009293393544256
5.267537999999999 8.550359e-05 1.1693043771592446 0.9970266328477384
5.237399 8.564926e-05 1.1712964872989566 0.9987252383636814
5.207667000000001 8.531394e-05 1.1667108185130142 0.9948151923582856
5.177511000000001 8.557594e-05 1.1702937996114184 0.9978702801950198
5.147288 8.627361e-05 1.1798347859584557 1.0060055593211812
5.117539 8.440341e-05 1.1542588651560286 0.9841978292743864
5.087427 8.599355e-05 1.1760048253232682 1.0027398803152432
5.05752 8.660156e-05 1.1843196663066304 1.0098296664053683
5.027687 8.487847e-05 1.160755548364456 0.9897373331969778
4.997539 8.578203e-05 1.1731121834838238 1.0002734216159075
4.96751 8.656433e-05 1.1838105274276474 1.0093955407558965
4.937973 8.580648e-05 1.1734465494680069 1.000558524278534
4.907945 8.453161e-05 1.156012064304179 0.9856927233990783
4.877899 8.342598e-05 1.1408920208239162 0.9728003693344661
4.847658 8.495888e-05 1.1618551953496574 0.9906749653074809
4.817649 8.438603e-05 1.154021184959501 0.9839951673407894
4.787813 8.538558e-05 1.1676905313599213 0.9956505606507422
4.757705 8.4386e-05 1.1540207746944897 0.9839948175215714
4.727825 8.589052e-05 1.1745958385195716 1.0015384845144086
4.697631 8.556098e-05 1.1700892141257997 0.9976958370116704
4.667584 8.429772e-05 1.1528135015213326 0.9829654161695603
4.637575 8.438936e-05 1.1540667243757516 0.9840339972739813
4.60754 8.521509e-05 1.165358995300887 0.9936625380351513
4.577612 8.593351e-05 1.175183748280718 1.002039775453726
4.5475959999999995 8.609261e-05 1.1773595203904743 1.0038949833729032
4.517510000000001 8.456234e-05 1.1564323124307212 0.9860510548846619
4.487325 8.503634e-05 1.1629144996087504 0.991578198528219
4.4576899999999995 8.530792e-05 1.166628492000753 0.9947449953018842
4.427788 8.601082e-05 1.1762410012147548 1.0029412595783747
4.397557 8.644562e-05 1.182187108778061 1.0080113061104816
4.367492 8.481717e-05 1.1599172401914324 0.9890225359283067
4.337473 8.59631e-05 1.1755884063368316 1.0023848138090274
4.307455 8.445777e-05 1.1550022653564456 0.9848317016973057
4.277444999999999 8.514174e-05 1.1643558973483377 0.9928072300472718
4.247612 8.527945e-05 1.16623915050506 0.9944130168640529
4.217325 8.421091e-05 1.1516263313337278 0.9819531559592287
4.187251 8.57136e-05 1.172176368993122 0.9994754839797709
4.15719 8.432889e-05 1.1532397668680399 0.983328878337007
4.127594 8.539577e-05 1.1678298847087485 0.9957693825784381
4.097307 8.541171e-05 1.1680478721847352 0.9959552531895736
4.06701 8.454478e-05 1.1561921706441256 0.985846294035757
4.037039 8.463529e-05 1.1574299401831203 0.9869016986163022
4.00701 8.368455e-05 1.1444280949560326 0.9758154611739486
3.977067 8.407101e-05 1.1497131288311828 0.9803218323395374
3.947269 8.503326e-05 1.1628723790675937 0.9915422837551766
3.916899 8.394677e-05 1.1480140846645193 0.9788731143516142
3.887105 8.470645e-05 1.158403088789847 0.9877314698012716
3.857112 8.466841e-05 1.15788287275556 0.9872878990329153
3.826964 8.52845e-05 1.1663082117819565 0.9944719030990739
3.797049 8.507291e-05 1.1634146126574858 0.9920046281548961
3.7670839999999997 8.345011e-05 1.1412220106479793 0.9730817405921013
3.737279 8.412052e-05 1.1503902028547779 0.9808991506555552
3.7073620000000003 8.64286e-05 1.1819543517616684 1.0078128420074997
3.6774169999999997 8.478474e-05 1.159473743714252 0.9886443813537064
3.647103 8.470089e-05 1.1583270530077587 0.9876666366395453
3.617214 8.389423e-05 1.1472955738747859 0.9782604642945836
3.5870100000000003 8.400342e-05 1.1487888017607966 0.9795336896415036
3.557086 8.551132e-05 1.1694100887771477 0.9971167695995625
3.527056 8.446149e-05 1.1550531382178428 0.9848750792803311
3.497115 8.350389e-05 1.1419574790581783 0.9737088498434735
3.467408 8.408045e-05 1.1498422255547283 0.9804319087867845
3.4368339999999997 8.368661e-05 1.144456266486806 0.9758394820935807
3.4065839999999996 8.242069e-05 1.1271441770513397 0.9610780439474793
3.376769 8.317249e-05 1.137425418233708 0.9698445135492227
3.3469729999999998 8.414124e-05 1.1506735592225603 0.9811407591287504
3.3170010000000003 8.409307e-05 1.1500148103694683 0.9805790660711342
3.286765 8.363355e-05 1.1437306444368773 0.9752207685034391
3.256982 8.375296e-05 1.1453636359367265 0.9766131655972728
3.226899 8.319316e-05 1.1377080908264714 0.9700855389903881
3.1969819999999998 8.240436e-05 1.1269208561302066 0.9608876256865105
3.1670279999999997 8.356355e-05 1.142773359410586 0.9744045236615635
3.136871 8.237021e-05 1.12645383779238 0.9604894148100811
3.106779 8.352086e-05 1.1421895522995522 0.9739067309144255
3.076695 8.427471e-05 1.1524988282576902 0.9826971048293952
3.046538 8.273019e-05 1.1313767444175848 0.9646870122126292
3.0165100000000002 8.283644e-05 1.132829766332491 0.9659259552761902
2.9870479999999997 8.244484e-05 1.1274744403854104 0.9613596484179265
2.956769 8.229417e-05 1.1254139527438203 0.9596027396989923
2.9267420000000004 8.231658e-05 1.1257204207072373 0.9598640546547986
2.8966399999999997 8.332771e-05 1.1395481294020071 0.9716544781828789
2.86688 8.203682e-05 1.1218945627221626 0.95660187384104
2.8368249999999997 8.19573e-05 1.1208070869322955 0.9556746197006692
2.8063249999999997 8.221203e-05 1.1242906471429694 0.9586449346802544
2.776464 8.232544e-05 1.1258415856405648 0.9599673679304986
2.7465659999999996 8.309118e-05 1.1363134632981688 0.9688963868621813
2.716612 8.23884e-05 1.1267025951442122 0.9607015218625629
2.686765 8.169378e-05 1.1172033190733204 0.9526018076902258
2.6565819999999998 8.123353e-05 1.1109091700254552 0.9472349978548941
2.626288 8.289059e-05 1.1335702946778294 0.966557378964584
2.59626 8.068166e-05 1.1033620716331787 0.9407998401279533
2.566399 8.182055e-05 1.1189369622559338 0.9540800270988624
2.536605 7.959879e-05 1.088553282541464 0.9281728822433564
2.5063090000000003 8.243069e-05 1.1272809320550958 0.9611946503534617
2.4766329999999996 8.086379e-05 1.105852790516585 0.9429235926001075
2.446593 7.964332e-05 1.0891622525731892 0.9286921305691953
2.416844 7.958469e-05 1.0883604579861683 0.9280084672109215
2.386843 8.061511e-05 1.102451967083183 0.9400238244961414
2.3568249999999997 8.208645e-05 1.1225732778058028 0.9571805914339296
2.326586 8.090745e-05 1.1064498628629829 0.9434326961686257
2.2966860000000002 8.017107e-05 1.0963794978964063 0.9348460336449068
2.2668150000000002 7.963787e-05 1.089087721096142 0.9286285800779349
2.236427 8.096351e-05 1.1072165114140384 0.9440863916805621
2.206538 7.916132e-05 1.082570661392155 0.9230717018008523
2.1761489999999997 7.728385e-05 1.0568953197019972 0.9011791988969082
2.1462939999999997 7.815275e-05 1.0687779619783468 0.9113111295127033
2.116529 7.654174e-05 1.0467465941182683 0.8925257209025614
2.0867970000000002 7.832806e-05 1.0711754139491914 0.9133553564159776
2.0565749999999996 7.707434e-05 1.0540301656183073 0.8987361780851746
2.026315 7.617773e-05 1.04176857522655 0.8882811311184026
1.996596 7.674169e-05 1.0494810104183676 0.894857265990176
1.96676 7.522461e-05 1.0287341823085683 0.8771671413514253
1.9366949999999998 7.617918e-05 1.0417884047020949 0.8882980390472702
1.906603 7.335599e-05 1.0031798687967344 0.8553778351167755
1.876297 7.240124e-05 0.9901231848131404 0.8442448385056229
1.8464639999999999 7.267762e-05 0.9939028196069457 0.8474676063541594
1.8163900000000002 7.177302e-05 0.9815319619671875 0.8369193908690077
1.786605 7.158802e-05 0.9790019943977036 0.8347621723583367
1.7567409999999999 7.140009e-05 0.976431957612119 0.8325707881707127
1.726519 7.133184e-05 0.975498604711485 0.8317749494498841
1.6965299999999999 6.966761e-05 0.9527394267214179 0.8123689615471049
1.6665750000000001 6.92811e-05 0.9474537090712488 0.8078620073494861
1.6365750000000001 6.957266e-05 0.9514409379607555 0.8112617837223036
1.606565 6.792674e-05 0.9289321583825654 0.7920693021488779
1.576204 6.620482e-05 0.9053840407758305 0.7719906118899873
1.5464069999999999 6.546477e-05 0.8952634867228755 0.763361154815273
1.516464 6.658956e-05 0.9106455527903347 0.7764769267537472
1.4863989999999998 6.614529e-05 0.9045699382384716 0.7712964539551752
1.4560840000000002 6.369485e-05 0.8710589450981122 0.7427227538076677
1.4261400000000002 6.355383e-05 0.8691304260351468 0.7410783702705066
1.395982 6.336984e-05 0.8666142707210421 0.7389329290068397
1.366093 6.093143e-05 0.833267793850201 0.7104995063657289
1.33614 6.217221e-05 0.850236081206225 0.724967796007191
1.306251 5.997047e-05 0.8201261850092747 0.6992940971764614
1.276232 5.864803e-05 0.8020411562925801 0.6838735996237485
1.24614 5.857068e-05 0.8009833563385282 0.682971649073476
1.216407 5.823672e-05 0.7964162862330963 0.6790774615392937
1.186325 5.725362e-05 0.7829719018138545 0.6676138857671816
1.156397 5.511339e-05 0.7537031856450067 0.6426574329396487
1.126778 5.571841e-05 0.7619771368822458 0.649712353714385
1.0963900000000002 5.517231e-05 0.7545089461271364 0.6433444778836959
1.0663989999999999 5.406086e-05 0.7393093112346876 0.630384258890802
1.036214 5.278004e-05 0.7217934568436252 0.6154490771997871
1.006284 5.221704e-05 0.7140941501321681 0.608884136542988
0.9763975 5.187153e-05 0.7093691279973984 0.6048552686098964
0.9463803000000001 4.942721e-05 0.6759418289193376 0.5763529315828501
0.9162043999999999 4.905556e-05 0.6708593292047498 0.5720192545045208
0.8859822 4.79398e-05 0.6556007529056821 0.5590087781506485
0.8559635 4.620173e-05 0.6318317759678813 0.5387417685460966
0.8262936999999999 4.484176e-05 0.613233505722091 0.5228836471517324
0.7964915 4.426456e-05 0.6053400069053009 0.5161531253984387
0.7663525 4.466703e-05 0.6108439855414642 0.5208461834200051
0.7362322 4.481461e-05 0.6128622158868937 0.5225670607594907
0.7063524999999999 4.240872e-05 0.5799604662882669 0.4945128421506341
0.6763156 3.915521e-05 0.5354670890612829 0.4565748313579125
0.6460562 3.962995e-05 0.5419593961095903 0.46211060387551245
0.6157876999999999 3.808743e-05 0.5208646632702361 0.44412383253994286
0.5857599 3.775925e-05 0.5163766375569752 0.44029704350841836
0.5560673 3.675379e-05 0.5026264689493349 0.4285727358125299
0.5262507000000001 3.412112e-05 0.466623389375532 0.39787411712880855
0.496047 3.314327e-05 0.45325080133326195 0.3864717597198371
0.4657785 3.124687e-05 0.427316582420994 0.3643585208893686
0.4359069 3.026019e-05 0.4138232397104075 0.35285320002391485
0.4061993 2.931963e-05 0.4009606110771431 0.341885667902851
0.37625990000000004 2.688773e-05 0.3677031617137471 0.31352815603203465
0.3462692 2.685822e-05 0.3672995976976635 0.31318405052798115
0.3159266 2.445345e-05 0.3344131646594573 0.2851428918365945
0.2857877 2.244547e-05 0.3069530334152813 0.2617285587281765
0.25593520000000003 2.144417e-05 0.2932597548892035 0.2500527592971767
0.2260767 1.741211e-05 0.23811931684480445 0.20303635676670925
0.19607470000000002 1.7637e-05 0.24119480012427075 0.20565871823084342
0.16594509999999998 1.490073e-05 0.2037749387115567 0.17375205718114622
0.1358062 1.189782e-05 0.1627086418786954 0.138736202922339
0.1057044 1.17824e-05 0.16113021562534488 0.13739033178449223
0.07581547999999999 8.381068e-06 0.11461529858184054 0.09772862177726022
0.04564881 7.386472e-06 0.10101370061028082 0.08613099528083092
0.01565213 4.641411e-06 0.06347361787376492 0.0541218255396347
-0.013971560000000001 2.851591e-06 0.03899693379152744 0.0332513777841248
-0.04407342 -7.988851e-07 -0.010925153485102798 -0.009315512030374734
-0.07394379000000001 -3.162652e-06 -0.04325084861385866 -0.03687854830924837
-0.1039808 -6.738035e-06 -0.09214600017323471 -0.07856980447324154
-0.1343049 -8.058658e-06 -0.11020618050574675 -0.09396911464198741
-0.1643512 -1.067975e-05 -0.14605092513620122 -0.12453272642886262
-0.1943605 -1.443513e-05 -0.19740762573668227 -0.168322862918614
-0.224112 -1.545591e-05 -0.21136730301007642 -0.18022581162846715
-0.2537771 -1.737677e-05 -0.23763602466153114 -0.2026242697279681
-0.2841938 -1.916712e-05 -0.26211995675896765 -0.22350089762299505
-0.31459190000000004 -2.247731e-05 -0.30738846134724 -0.2620998335248239
-0.3442724 -2.172919e-05 -0.2971575460062541 -0.253376275080482
-0.3742493 -2.417371e-05 -0.33058758018438994 -0.2818809442356479
-0.4041475 -2.585619e-05 -0.3535963360563117 -0.30149973882934467
-0.43426299999999995 -2.769407e-05 -0.3787302646865999 -0.3229305969720051
-0.4642031 -2.705036e-05 -0.3699272083398293 -0.3154245260125236
-0.4942864 -3.012429e-05 -0.41196473920936494 -0.3512685189666165
-0.5246938 -2.948999e-05 -0.40329036932112844 -0.3438721746351641
-0.5543668 -3.306277e-05 -0.45214992355302686 -0.38553307815168014
-0.5842400999999999 -3.341342e-05 -0.4569452377597274 -0.3896218817774468
-0.6144346 -3.488334e-05 -0.4770471292718138 -0.40676209060558544
-0.6445460000000001 -3.534685e-05 -0.48338586045090326 -0.41216691412926737
-0.6741753 -3.73576e-05 -0.5108838728311197 -0.43561354721214246
-0.7041845 -3.896279e-05 -0.5328356492790121 -0.4543310908940026
-0.7344346 -4.221584e-05 -0.5773227357758232 -0.492263737792049
-0.7642030999999999 -4.219406e-05 -0.5770248833776429 -0.49200976903981974
-0.7946567 -4.188149e-05 -0.572750332225245 -0.4883650026080335
-0.8245082 -4.451954e-05 -0.6088269859910685 -0.5191263555381733
-0.8545543999999999 -4.464863e-05 -0.6105923563345534 -0.5206316276329979
-0.8843762000000001 -4.463962e-05 -0.6104691400761693 -0.5205265652612078
-0.9144623000000001 -4.930323e-05 -0.6742463403827721 -0.5749072453614825
-0.944697 -4.760738e-05 -0.6510547430708287 -0.5551325480029875
-0.9745087 -4.971038e-05 -0.6798143203606932 -0.5796548751810486
-1.004685 -5.106658e-05 -0.6983610339700677 -0.5954690359603575
-1.0346289999999998 -5.226158e-05 -0.714703256918897 -0.6094035014752329
-1.064546 -5.274359e-05 -0.7212949848549348 -0.6150240468499819
-1.0946289999999999 -5.368125e-05 -0.73411795453711 -0.6259577631133109
-1.1248699999999998 -5.468593e-05 -0.7478574562544573 -0.6376729755095327
-1.154791 -5.643679e-05 -0.7718013428420617 -0.6580891247073358
-1.1845 -5.729308e-05 -0.7835115370586753 -0.6680740146451875
-1.21482 -5.723368e-05 -0.7826992123363652 -0.667381372593653
-1.244648 -5.880685e-05 -0.8042130992622312 -0.6857255425635581
-1.2746659999999999 -5.88122e-05 -0.8042862631892407 -0.6857879269907586
-1.3045930000000001 -6.16934e-05 -0.8436881148713887 -0.719384564682356
-1.3343450000000001 -6.099091e-05 -0.8340812126125411 -0.7111930812685111
-1.364376 -6.127831e-05 -0.8380115514204853 -0.7145443493764401
-1.3943240000000001 -6.319488e-05 -0.864221605175329 -0.7368927833277747
-1.424546 -6.305861e-05 -0.8623580447391471 -0.7353037878334548
-1.454574 -6.372557e-05 -0.8714790564696505 -0.7430809686868453
-1.4844439999999999 -6.606221e-05 -0.903433777667268 -0.7703276879342751
-1.5144900000000001 -6.541451e-05 -0.8945761560739984 -0.7627750910188065
-1.544565 -6.677397e-05 -0.9131674518145975 -0.7786272654864657
-1.574638 -6.762162e-05 -0.9247594897079657 -0.7885114074895485
-1.6046120000000001 -6.795496e-05 -0.9293180810031646 -0.7923983654265598
-1.634546 -6.808605e-05 -0.9311108023474007 -0.7939269588025808
-1.664527 -6.995043e-05 -0.956607131737642 -0.815666823921094
-1.694388 -6.959609e-05 -0.9517613549345557 -0.8115349925315201
-1.7248420000000002 -7.144663e-05 -0.977068415399599 -0.8331134743841541
-1.7549249999999998 -7.186832e-05 -0.9828352371529813 -0.8380306499180183
-1.784461 -7.227739e-05 -0.9884294740916236 -0.8428006681675331
-1.814379 -7.225655e-05 -0.9881444766637965 -0.8425576604174662
-1.844536 -7.417674e-05 -1.0144040357299993 -0.8649483058877662
-1.87462 -7.392855e-05 -1.0110099132917818 -0.8620542514976934
-1.9049719999999999 -7.471183e-05 -1.0217216592259737 -0.871187798065469
-1.9347590000000001 -7.552416e-05 -1.0328306784460761 -0.8806600862426226
-1.9647029999999999 -7.672291e-05 -1.049224184521314 -0.8946382791597415
-1.994688 -7.441365e-05 -1.0176438985239804 -0.867710828251891
-2.024555 -7.649921e-05 -1.0461649750872946 -0.8920297938579191
-2.0548699999999998 -7.70187e-05 -1.0532692607774095 -0.8980873800422895
-2.08499 -7.688403e-05 -1.051427581141829 -0.896517041572927
-2.115055 -7.743634e-05 -1.058980696754271 -0.9029573299817312
-2.144782 -7.64277e-05 -1.0451870400554362 -0.8911959414487403
-2.1749899999999998 -7.855883e-05 -1.0743313091708662 -0.9160462824468294
-2.205138 -7.931753e-05 -1.0847069113058259 -0.9248932104687004
-2.2352220000000003 -7.912389e-05 -1.0820587874130967 -0.9226352440232608
-2.264981 -8.010793e-05 -1.0955160268026916 -0.9341097807975351
-2.29499 -7.948295e-05 -1.0869691125779557 -0.9268221136364583
-2.324703 -7.983683e-05 -1.0918085986508694 -0.9309485811313573
-2.3550459999999998 -8.039211e-05 -1.0994023304994267 -0.937423501642738
-2.38465 -8.056005e-05 -1.1016989940325033 -0.9393817896248035
-2.414814 -8.016201e-05 -1.0962555978630035 -0.9347403882410871
-2.444879 -8.163428e-05 -1.1163896268009725 -0.9519079995746316
-2.475046 -8.115233e-05 -1.1097987193949572 -0.9462881538383184
-2.505138 -7.988598e-05 -1.0924807494943296 -0.9315217016167597
-2.53481 -8.097519e-05 -1.1073762412584254 -0.9442225879627494
-2.5648139999999997 -8.162743e-05 -1.1162959496233997 -0.9518281241865337
-2.594712 -8.0789e-05 -1.1048299998434945 -0.9420514932897665
-2.6247399999999996 -8.111327e-05 -1.1092645543502868 -0.9458326892165518
-2.654842 -8.017801e-05 -1.0964744058690132 -0.9349269584906588
-2.68499 -8.086189e-05 -1.1058268070658712 -0.9429014373829709
-2.714603 -8.095586e-05 -1.1071118938361653 -0.9439971877799858
-2.744796 -8.246531e-05 -1.1277543778780987 -0.961598341730972
-2.7746880000000003 -8.318402e-05 -1.1375830967530385 -0.9699789607353203
-2.804481 -8.209314e-05 -1.1226647669033156 -0.9572586011195318
-2.8349349999999998 -8.301007e-05 -1.1352042434627048 -0.9679505923032595
-2.864898 -8.307652e-05 -1.1361129804626626 -0.9687254418710114
-2.8951379999999998 -8.230758e-05 -1.125597341203857 -0.9597591088894145
-2.924801 -8.317676e-05 -1.137483812620312 -0.9698943044845774
-2.954694 -8.231913e-05 -1.1257552932331951 -0.959893789288324
-2.985055 -8.329392e-05 -1.1390860342443159 -0.9712604651370649
-3.014754 -8.258367e-05 -1.1293730101025534 -0.9629784951521776
-3.0448049999999998 -8.25253e-05 -1.1285747711456302 -0.9622978635604593
-3.074944 -8.297741e-05 -1.1347576016204381 -0.9675697557813216
-3.104867 -8.234067e-05 -1.1260498635112852 -0.9601449594868097
-3.134852 -8.337632e-05 -1.1402128954752644 -0.9722213019223584
-3.1648229999999997 -8.250635e-05 -1.128315620413513 -0.9620768944211231
-3.194879 -8.281924e-05 -1.132594547726031 -0.9657253922579009
-3.224669 -8.202808e-05 -1.1217750388488796 -0.9564999598422114
-3.254713 -8.376886e-05 -1.1455810763926981 -0.9767985697827845
-3.284962 -8.223122e-05 -1.1245530799951768 -0.9588687023733341
-3.314861 -8.443152e-05 -1.1546432834715865 -0.9845256098816024
-3.345268 -8.345416e-05 -1.1412773964245004 -0.9731289661865241
-3.3750839999999998 -8.319168e-05 -1.1376878510859156 -0.9700682812423027
-3.4048049999999996 -8.401948e-05 -1.1490084302968286 -0.979720959529511
-3.435009 -8.407499e-05 -1.1497675573226773 -0.9803682416891182
-3.465388 -8.159839e-05 -1.1158988130924927 -0.9514894991835614
-3.495056 -8.302745e-05 -1.1354419236592326 -0.9681532542368566
-3.524669 -8.307084e-05 -1.1360353036205293 -0.9686592094324135
-3.554685 -8.284331e-05 -1.1329237170200717 -0.9660060638771001
-3.5852869999999997 -8.36064e-05 -1.1433593546016803 -0.9749041821111974
-3.615169 -8.411391e-05 -1.1502998077972952 -0.9808220738212009
-3.6448609999999997 -8.500488e-05 -1.1624842683669343 -0.9912113547749989
-3.675046 -8.377458e-05 -1.1456593002548467 -0.9768652686470064
-3.705083 -8.337192e-05 -1.140152723273612 -0.9721699951037263
-3.735027 -8.460134e-05 -1.1569656569453688 -0.9865058198679924
-3.764583 -8.336192e-05 -1.1400159682698559 -0.9720533886977439
-3.794648 -8.374368e-05 -1.1452367272932409 -0.9765049548525212
-3.824907 -8.488252e-05 -1.1608109341409774 -0.9897845587914006
-3.854768 -8.460932e-05 -1.157074787438366 -0.9865988717799662
-3.884772 -8.471607e-05 -1.1585346471034603 -0.9878436451638265
-3.914759 -8.629025e-05 -1.1800623462847057 -1.0061995923807359
-3.944916 -8.32869e-05 -1.1389900322316793 -0.9711786074400655
-3.974777 -8.641577e-05 -1.18177889509185 -1.0076632359886248
-4.004786 -8.342336e-05 -1.1408561910129322 -0.9727698184560989
-4.0350459999999995 -8.489309e-05 -1.1609554841799472 -0.9899078117625237
-4.064622 -8.428387e-05 -1.1526240958411307 -0.9828039162972749
-4.095176 -8.556209e-05 -1.1701043939312166 -0.9977087803227344
-4.12515 -8.404542e-05 -1.1493631727765714 -0.9800234365466289
-4.154739999999999 -8.411535e-05 -1.1503195005178364 -0.9808388651436626
-4.185147 -8.461288e-05 -1.1571234722197035 -0.986640383660496
-4.215083 -8.445465e-05 -1.1549595977952738 -0.9847953204986393
-4.245329 -8.46289e-05 -1.1573425537357203 -0.9868271871228794
-4.275175 -8.440423e-05 -1.1542700790663365 -0.9842073909996769
-4.305203000000001 -8.400692e-05 -1.1488366660121112 -0.9795745018835974
-4.33536 -8.434418e-05 -1.1534488652687824 -0.9835071695317537
-4.365295 -8.344273e-05 -1.1411210854552072 -0.9729956850644863
-4.3952160000000005 -8.384795e-05 -1.1466626717174038 -0.9777208098476979
-4.425129 -8.527894e-05 -1.1662321759998684 -0.9944070699373478
-4.455203 -8.479281e-05 -1.159584105002283 -0.9887384827233341
-4.4851220000000005 -8.385075e-05 -1.1467009631184553 -0.977753459641373
-4.514953 -8.598414e-05 -1.175876138864734 -1.002630153687214
-4.545064 -8.357308e-05 -1.1429036869291656 -0.9745156495664646
-4.575129 -8.401427e-05 -1.1489371809398716 -0.9796602075919942
-4.605073999999999 -8.367246e-05 -1.1442627581564915 -0.9756744840291158
-4.635203000000001 -8.456826e-05 -1.1565132713929445 -0.9861200858770033
-4.665103 -8.572481e-05 -1.1723296713523323 -0.999606199760877
-4.695231 -8.579998e-05 -1.1733576587155654 -1.0004827301146453
-4.725268 -8.644362e-05 -1.18215975777731 -1.0079879848292852
-4.7554229999999995 -8.396678e-05 -1.1482877314270348 -0.9791064437699846
-4.785258 -8.489844e-05 -1.1610286481069567 -0.9899701961897243
-4.815244 -8.393652e-05 -1.1478739107856697 -0.9787535927854825
-4.845083 -8.410355e-05 -1.1501581296134045 -0.9807012695846036
-4.875166 -8.31034e-05 -1.1364805779127585 -0.9690388798902916
-4.905545 -8.479961e-05 -1.1596770984048372 -0.988817775079402
-4.935268 -8.544336e-05 -1.1684807017716228 -0.9963243124645075
-4.965287 -8.636971e-05 -1.18114900154455 -1.0071261468826704
-4.995122 -8.517624e-05 -1.1648277021112954 -0.9932095221479105
-5.024601 -8.600255e-05 -1.1761279048266486 -1.0028448260806273
-5.054768 -8.628864e-05 -1.180040328729101 -1.0061808187493726
-5.0849899999999995 -8.521815e-05 -1.1654008423320363 -0.9936982195953818
-5.11487 -8.441131e-05 -1.1543669016089957 -0.9842899483351123
-5.144697 -8.535619e-05 -1.1672886084038827 -0.9953078544235604
-5.17474 -8.582866e-05 -1.1737498720663373 -1.0008171572870024
-5.204814000000001 -8.623271e-05 -1.1792754579930944 -1.005528639120714
-5.234759 -8.533974e-05 -1.1670636464227042 -0.9951160368857197
-5.264907 -8.627216e-05 -1.1798149564829115 -1.005988651392314
-5.294867 -8.501537e-05 -1.1626277243658742 -0.9913336748948743
-5.324916 -8.494093e-05 -1.1616097201179154 -0.9904656568087427
-5.354925000000001 -8.385256e-05 -1.146725715774135 -0.9777745654008556
-5.384759 -8.655976e-05 -1.1837480303909307 -1.0093422516283626
-5.414841999999999 -8.499686e-05 -1.162374590853922 -0.9911178364374013
-5.444895000000001 -8.594702e-05 -1.1753685042907922 -1.002197310708208
-5.4747770000000004 -8.509662e-05 -1.163738858771391 -0.99228110194348
-5.504907 -8.551184e-05 -1.1694172000373433 -0.9971228331326738
-5.5346779999999995 -8.326222e-05 -1.1386525208824096 -0.9708908228301013
-5.5646379999999995 -8.394188e-05 -1.1479472114676827 -0.978816093819089
-5.594657 -8.561461e-05 -1.1708226312109424 -0.9983211971669529
-5.624888 -8.550785e-05 -1.1693626347908446 -0.9970763071766868
-5.654923 -8.485414e-05 -1.160422823440318 -0.989453629811223
-5.684916 -8.624983e-05 -1.1795095825595243 -1.0057282692877556
-5.714759 -8.628937e-05 -1.1800503118443753 -1.0061893310170094
-5.744527 -8.649089e-05 -1.182806198680064 -1.008539183310363
-5.77449 -8.543934e-05 -1.168425726260113 -0.9962774366893026
-5.804667 -8.540121e-05 -1.1679042794307917 -0.9958328164632924
-5.8345460000000005 -8.535803e-05 -1.1673137713245736 -0.9953293100022611
-5.8644620000000005 -8.643956e-05 -1.1821042352457851 -1.0079406426284565
-5.894337999999999 -8.569482e-05 -1.1719195430960685 -0.9992564971493364
-5.924425 -8.471433e-05 -1.1585108517328069 -0.9878233556491856
-5.95462 -8.509946e-05 -1.1637776971924576 -0.9923142181627789
-5.984555 -8.418089e-05 -1.1512157928124525 -0.98160310352847
-6.014629 -8.645247e-05 -1.182280785955634 -1.0080911814985793
-6.04474 -8.633864e-05 -1.1807241037478806 -1.0067638507792838
-6.074749 -8.563315e-05 -1.1710761749879057 -0.9985373854436439
-6.1046499999999995 -8.51373e-05 -1.16429517812667 -0.9927554568030156
-6.134527 -8.533325e-05 -1.1669748924252665 -0.9950403593282371
-6.164712000000001 -8.450386e-05 -1.1556325691687568 -0.9853691406224779
-6.194546 -8.46181e-05 -1.157194858331664 -0.9867012522044187
-6.224546 -8.494994e-05 -1.1617329363762996 -0.9905707191805327
-6.254367 -8.622758e-05 -1.1792053026761675 -1.0054688200344453
-6.284286 -8.482998e-05 -1.1600924233512437 -0.98917190873437
-6.314140999999999 -8.573388e-05 -1.172453708140739 -0.9997119617711029
-6.344 -8.490037e-05 -1.1610550418226817 -0.989992701226079
-6.374 -8.438582e-05 -1.154018313104422 -0.9839927186062637
-6.4040550000000005 -8.617339e-05 -1.1784642273108143 -1.0048369299204276
-6.434323999999999 -8.496844e-05 -1.1619859331332478 -0.9907864410315997
-6.464138 -8.6518e-05 -1.1831769414952462 -1.008855303276981
-6.494361 -8.617843e-05 -1.1785331518327076 -1.0048956995490428
-6.524329 -8.542821e-05 -1.1682735179409327 -0.9961476537594444
-6.554027 -8.505738e-05 -1.1632022321366526 -0.9918235384064056
-6.5842030000000005 -8.554034e-05 -1.1698069517980474 -0.9974551613897229
-6.613989999999999 -8.531263e-05 -1.1666929036075222 -0.994799916919102
-6.64412 -8.588583e-05 -1.1745317004228097 -1.0014837961100027
-6.67412 -8.472662e-05 -1.1586789236324229 -0.9879666649221378
-6.704416 -8.617269e-05 -1.1784546544605512 -1.0048287674720087
-6.7345180000000004 -8.588177e-05 -1.174476177891285 -1.001436453909174
-6.764111 -8.51379e-05 -1.1643033834268952 -0.9927624531873745
-6.793989 -8.545154e-05 -1.168592567364695 -0.9964196965046009
-6.8237950000000005 -8.605127e-05 -1.1767941752049476 -1.0034129324905727
-6.854055000000001 -8.53056e-05 -1.1665967648398816 -0.9947179426156963
-6.8841660000000005 -8.717651e-05 -1.1921823952475754 -1.016533951717316
-6.9143419999999995 -8.631565e-05 -1.1804097039942456 -1.0064957726519306
-6.944314 -8.559386e-05 -1.170538864578149 -0.9980792388745399
-6.973896 -8.453176e-05 -1.1560141156292356 -0.9856944724951683
-7.003897 -8.485364e-05 -1.1604159856901302 -0.9894477994909239
-7.033962000000001 -8.679007e-05 -1.186897634882433 -1.0120278137645393
-7.064188 -8.66039e-05 -1.1843516669775096 -1.0098569523043683
-7.093879 -8.311302e-05 -1.136612136226372 -0.9691510552528466
-7.124 -8.534764e-05 -1.1671716828756713 -0.9952081559464456
-7.1538379999999995 -8.556658e-05 -1.170165796927903 -0.9977611365990203
-7.184064 -8.537593e-05 -1.1675585627812968 -0.9955380354689692
-7.214092 -8.559366e-05 -1.1705361294780738 -0.9980769067464202
-7.244244 -8.474838e-05 -1.1589765025205956 -0.988220400461555
-7.274138 -8.554581e-05 -1.1698817567851019 -0.9975189450937952
-7.303857 -8.526094e-05 -1.1659860169931078 -0.9941971784065798
-7.3336570000000005 -8.588035e-05 -1.1744567586807517 -1.0014198957995246
-7.364111 -8.503463e-05 -1.1628911145031082 -0.9915582588327961
-7.393819000000001 -8.605931e-05 -1.1769041262279674 -1.0035066840409825
-7.423768 -8.526786e-05 -1.166080651455707 -0.9942778700395195
-7.453509 -8.540789e-05 -1.1679956317733005 -0.9959107095424884
-7.484037 -8.55762e-05 -1.170297355241516 -0.9978733119615751
-7.513667000000001 -8.473562e-05 -1.158802003135803 -0.9880716106875217
-7.543311 -8.545682e-05 -1.1686647740066782 -0.9964812646869595
-7.57324 -8.605838e-05 -1.1768914080126178 -1.003495839645226
-7.6034440000000005 -8.566803e-05 -1.1715531764410065 -0.99894410858771
-7.633310000000001 -8.472072e-05 -1.158598238180207 -0.9878978671426082
-7.663397 -8.603043e-05 -1.1765091777771202 -1.0031699247405057
-7.693574 -8.43981e-05 -1.1541862482490342 -0.9841359112728097
-7.723629 -8.584475e-05 -1.1739699108673807 -1.0010047769942279
-7.753273 -8.651295e-05 -1.1831078802183495 -1.0087964170419599
-7.783027 -8.465345e-05 -1.1576782872699407 -0.9871134558495657
-7.813314 -8.626445e-05 -1.1797095183750155 -1.0058987478533017
-7.843388 -8.584519e-05 -1.173975928087546 -1.001009907676091
-7.873314000000001 -8.656778e-05 -1.1838577079039432 -1.0094357699659604
-7.903254 -8.518174e-05 -1.164902917363361 -0.9932736556712005
-7.933083 -8.540378e-05 -1.1679394254667568 -0.9958627843096297
-7.963287 -8.647345e-05 -1.1825676979535136 -1.00833582173833
-7.993367 -8.537707e-05 -1.167574152851725 -0.9955513285992512
-8.023268 -8.622998e-05 -1.1792381238770693 -1.0054968055718811
-8.053018 -8.665645e-05 -1.1850703145222465 -1.0104697189678047
-8.082814 -8.859452e-05 -1.211574391535165 -1.033068856692001
-8.113056 -8.52826e-05 -1.166282228331243 -0.9944497478819373
-8.143212 -8.568177e-05 -1.171741077816167 -0.9991043257895296
-8.173119999999999 -8.60164e-05 -1.1763173105068503 -1.0030063259529125
-8.203185 -8.542352e-05 -1.168209379844171 -0.9960929653550387
-8.233139 -8.438349e-05 -1.153986449188547 -0.9839655493136699
-8.262933 -8.474007e-05 -1.1588628591124746 -0.9881235005381839
-8.292833 -8.508595e-05 -1.1635929411823835 -0.992156682908297
-8.322944 -8.592993e-05 -1.1751347899893734 -1.0019980303603844
-8.352734 -8.562348e-05 -1.170943932899274 -0.9984246270490592
-8.382527 -8.634196e-05 -1.1807695064091275 -1.0068025641060698
-8.412647000000002 -8.620324e-05 -1.1788724409970257 -1.0051850000422844
-8.442943 -8.506214e-05 -1.1632673275184406 -0.9918790430556533
-8.472963 -8.589577e-05 -1.1746676348965432 -1.0015997028775492
-8.502842000000001 -8.459696e-05 -1.156905758253724 -0.9864547462621723
-8.532433000000001 -8.597498e-05 -1.1757508712812936 -1.0025233422193343
-8.562498999999999 -8.551196e-05 -1.1694188410973883 -0.9971242324095455
-8.592601 -8.540993e-05 -1.1680235297940669 -0.9959344972493089
-8.622602 -8.539248e-05 -1.167784892312513 -0.99573101907087
-8.652694 -8.521767e-05 -1.165394278091856 -0.9936926224878947
-8.682349 -8.745264e-05 -1.1959586111662872 -1.0197538044057033
-8.712343 -8.525971e-05 -1.1659691961276457 -0.994182835818644
-8.742509 -8.552475e-05 -1.169593750747192 -0.9972733720027969
-8.772361 -8.648174e-05 -1.1826810678516273 -1.0084324884488893
-8.801896000000001 -8.617068e-05 -1.1784271667047965 -1.0048053295844064
-8.831749 -8.653836e-05 -1.1834553746828933 -1.0090927139195607
-8.861583000000001 -8.702114e-05 -1.19005763275422 -1.0147222379875702
-8.891583 -8.581386e-05 -1.173547474660779 -1.000644579806149
-8.921869000000001 -8.534154e-05 -1.1670882623233803 -0.9951370260387965
-8.951461 -8.587549e-05 -1.174390295748926 -1.001363225086217
-8.981583 -8.524199e-05 -1.1657268662609903 -0.9939762092672434
-9.011254000000001 -8.651273e-05 -1.1831048716082668 -1.0087938517010282
-9.041222 -8.591479e-05 -1.174927742913687 -1.0018214882617273
-9.071463 -8.626972e-05 -1.179781588261995 -1.0059601994292544
-9.101434999999999 -8.57625e-05 -1.1728451009614884 -1.000045689305024
-9.131235 -8.596015e-05 -1.1755480636107236 -1.0023504149192626
-9.160907 -8.566233e-05 -1.1714752260888657 -0.9988776429363001
-9.190833000000001 -8.574688e-05 -1.1726314896456216 -0.9998635500988797
-9.221129999999999 -8.63531e-05 -1.1809218514833115 -1.006932463642334
-9.251055000000001 -8.320613e-05 -1.1378854620663428 -0.970236777498947
-9.280848 -8.572802e-05 -1.1723735697085382 -0.9996436304171974
-9.310629 -8.528173e-05 -1.1662703306459163 -0.9944396031246168
-9.340509 -8.510662e-05 -1.1638756137751467 -0.9923977083494621
-9.370564 -8.56933e-05 -1.1718987563354977 -0.9992387729756271
-9.400685 -8.579515e-05 -1.1732916060487515 -1.0004264092205561
-9.430536 -8.508206e-05 -1.1635397434859225 -0.9921113230163698
-9.460056 -8.224547e-05 -1.1247479558755291 -0.959034866501859
-9.490083 -8.6073e-05 -1.177091343828109 -1.0036663182107721
-9.520194 -8.501203e-05 -1.1625820481946196 -0.9912947283552762
-9.550103 -8.634176e-05 -1.1807667713090524 -1.0068002319779503
-9.579806000000001 -8.685149e-05 -1.1877375841155016 -1.012744010310082
-9.609888999999999 -8.497453e-05 -1.1620692169305353 -0.990857454332843
-9.639781999999999 -8.535239e-05 -1.1672366415024555 -0.9952635439892873
-9.669852 -8.578222e-05 -1.1731147818288952 -1.0002756371376211
-9.700268 -8.472394e-05 -1.1586422732914163 -0.9879354144053346
-9.729951999999999 -8.550583e-05 -1.169335010280086 -0.9970527526826785
-9.760064 -8.613961e-05 -1.1780022689081269 -1.0044430334810195
-9.789679 -8.531896e-05 -1.1667794695248994 -0.9948737287740885
-9.820018 -8.620747e-05 -1.1789302883636146 -1.005234324552015
-9.849972 -8.609986e-05 -1.177458667768197 -1.0039795230172401
-9.880111000000001 -8.813504e-05 -1.2052907726225892 -1.0277110255499298
-9.909951999999999 -8.682256e-05 -1.1873419518896358 -1.0124066679775754
-9.939639 -8.49188e-05 -1.1613070812946038 -0.9902076068323041
-9.970055 -8.54917e-05 -1.1691417754597788 -0.9968879878310255
-9.991881 -8.385309e-05 -1.1467329637893342 -0.9777807455403729
-9.993599 -8.540822e-05 -1.1680001446884245 -0.9959145575538859
-9.964947 -8.572366e-05 -1.1723139445269004 -0.9995927900241891
-9.935401 -8.528854e-05 -1.1663634608034739 -0.9945190120870906
-9.905837 -8.536931e-05 -1.1674680309688104 -0.9954608420282091
-9.87642 -8.55179e-05 -1.169500073569619 -0.9971934966146988
-9.846513000000002 -8.492315e-05 -1.1613665697212374 -0.9902583306189063
-9.81667 -8.606802e-05 -1.1770232398362384 -1.0036082482205928
-9.787113 -8.5008e-05 -1.162526935928106 -0.9912477359736654
-9.757382999999999 -8.529871e-05 -1.1665025406422938 -0.9946376008019746
-9.727708 -8.617385e-05 -1.1784705180409871 -1.0048422938151027
-9.698021 -8.726397e-05 -1.1933784545104245 -1.0175537913440365
-9.667707 -8.460497e-05 -1.1570152990117324 -0.9865481479933641
-9.637651 -8.761017e-05 -1.1981129127404537 -1.021590705119141
-9.607531000000002 -8.616522e-05 -1.178352498472746 -1.0047416624867402
-9.57768 -8.560072e-05 -1.1706326785107257 -0.9981592308690438
-9.547812 -8.625301e-05 -1.179553070650719 -1.005765350124858
-9.518123 -8.503287e-05 -1.1628670456224472 -0.9915377361053433
-9.487707 -8.608095e-05 -1.1772000640560947 -1.0037590203035278
-9.458048000000002 -8.530202e-05 -1.1665478065485373 -0.9946761975223549
-9.428424999999999 -8.604123e-05 -1.1766568731811764 -1.0032958596589665
-9.398558999999999 -8.442417e-05 -1.1545427685438256 -0.9844399041732054
-9.368557000000001 -8.392912e-05 -1.1477727120828902 -0.9786673040450555
-9.338531000000001 -8.540306e-05 -1.1679295791064865 -0.9958543886483991
-9.30867 -8.657795e-05 -1.1839967877427626 -1.0095543586808442
-9.278846 -8.65754e-05 -1.183961915216805 -1.0095246240473188
-9.24867 -8.686163e-05 -1.1878762536893102 -1.012862249205748
-9.219057000000001 -8.555122e-05 -1.169955741242134 -0.9975820291594317
-9.188744 -8.626996e-05 -1.179784870382085 -1.0059629979829978
-9.158887 -8.647645e-05 -1.1826087244546404 -1.0083708036601247
-9.129290000000001 -8.602389e-05 -1.1764197400046636 -1.0030936641509933
-9.099448 -8.457859e-05 -1.1566545393118244 -0.986240540294383
-9.069595999999999 -8.693651e-05 -1.188900275157434 -1.0137353979737427
-9.039346 -8.458266e-05 -1.156710198598353 -0.9862879991016177
-9.009179 -8.583652e-05 -1.1738573614992898 -1.0009088099221046
-8.979358 -8.602131e-05 -1.1763844572136948 -1.0030635796982499
-8.949679 -8.534838e-05 -1.1671818027459493 -0.9952167848204884
-8.919614 -8.48957e-05 -1.1609911772359274 -0.9899382460344851
-8.889336 -8.60327e-05 -1.1765402211629727 -1.0031963943946638
-8.85984 -8.622454e-05 -1.1791637291550257 -1.0054333716870265
-8.829717 -8.462566e-05 -1.1572982451145033 -0.9867894066473412
-8.799935 -8.481218e-05 -1.1598489994445582 -0.9889643493317216
-8.76993 -8.644126e-05 -1.1821274835964235 -1.0079604657174732
-8.739972 -8.410236e-05 -1.1501418557679575 -0.9806873934222916
-8.710226 -8.55506e-05 -1.169947262431901 -0.9975747995622607
-8.680076999999999 -8.661299e-05 -1.1844759772759235 -1.009962947527406
-8.650188 -8.565682e-05 -1.1713998740817961 -0.9988133928066039
-8.620188 -8.664006e-05 -1.1848461730710909 -1.0102786010684
-8.58991 -8.625635e-05 -1.1795987468219733 -1.005804296664456
-8.560103999999999 -8.585787e-05 -1.1741493334323083 -1.0011577645988765
-8.530321 -8.670186e-05 -1.185691318994302 -1.01099922865737
-8.500623 -8.542907e-05 -1.1682852788712557 -0.9961576819103588
-8.470438 -8.722559e-05 -1.1928535888060097 -1.017106255957877
-8.44041 -8.686255e-05 -1.1878888351496557 -1.0128729769950984
-8.41017 -8.56709e-05 -1.1715924251270846 -0.998977574626227
-8.380226 -8.552001e-05 -1.1695289288754118 -0.9972181005663612
-8.350565000000001 -8.632275e-05 -1.1805068000469123 -1.006578563200178
-8.32066 -8.531605e-05 -1.1667396738188065 -0.9948397963099478
-8.290531000000001 -8.665265e-05 -1.1850183476208191 -1.0104254085335314
-8.260566 -8.550164e-05 -1.169277709933512 -0.9970038945985717
-8.23068 -8.698034e-05 -1.189499672338896 -1.0142464838511627
-8.200586999999999 -8.542842e-05 -1.1682763897960113 -0.99615010249397
-8.170605 -8.466445e-05 -1.1578287177740727 -0.9872417228961464
-8.140604999999999 -8.509019e-05 -1.163650925303976 -0.9922061240244334
-8.110472 -8.501709e-05 -1.1626512462265204 -0.9913537311967033
-8.080521 -8.321001e-05 -1.1379385230078003 -0.9702820207844681
-8.050812 -8.45765e-05 -1.1566259575160394 -0.9862161695555326
-8.02079 -8.558437e-05 -1.1704090840795849 -0.9979685793952628
-7.990906 -8.492484e-05 -1.1613896813168723 -0.9902780371015174
-7.9607719999999995 -8.661891e-05 -1.1845569362381472 -1.0100319785197476
-7.930892 -8.48793e-05 -1.160766899029768 -0.9897470115286744
-7.900726 -8.443979e-05 -1.1547563798596925 -0.9846220433793497
-7.871019 -8.657409e-05 -1.1839440003113129 -1.009509348608135
-7.841124 -8.709761e-05 -1.1911033982679418 -1.0156139271741165
-7.810716 -8.578473e-05 -1.173149107334838 -1.0003049053455226
-7.780781 -8.522002e-05 -1.1654264155177387 -0.9937200249933006
-7.750744 -8.471491e-05 -1.1585187835230246 -0.9878301188207326
-7.720934000000001 -8.581769e-05 -1.1735998518272175 -1.00068924005964
-7.691198 -8.593487e-05 -1.1752023469612287 -1.0020556339249396
-7.660781 -8.597915e-05 -1.1758078981178597 -1.0025719670906288
-7.6309759999999995 -8.61406e-05 -1.1780158076534988 -1.0044545775152118
-7.600925 -8.650009e-05 -1.1829320132835193 -1.0086464612038666
-7.571281 -8.564281e-05 -1.171208280321534 -0.9986500272318228
-7.541292 -8.471069e-05 -1.1584610729114397 -0.9877809109174082
-7.511234 -8.474322e-05 -1.1589059369386576 -0.9881602315560682
-7.4812449999999995 -8.599235e-05 -1.1759884147228175 -1.0027258875465253
-7.4514380000000005 -8.458093e-05 -1.1566865399827033 -0.9862678261933828
-7.421512 -8.681998e-05 -1.1873066690986667 -1.012376583524832
-7.3914290000000005 -8.556023e-05 -1.170078957500518 -0.9976870915312217
-7.361349000000001 -8.546303e-05 -1.1687496988640105 -0.9965536772650744
-7.33129 -8.526549e-05 -1.1660482405198167 -0.9942502343213017
-7.301244 -8.483096e-05 -1.1601058253416117 -0.9891833361621561
-7.271359 -8.410383e-05 -1.1501619587535095 -0.980704534563971
-7.24192 -8.530204e-05 -1.1665480800585444 -0.9946764307351667
-7.211438 -8.648042e-05 -1.1826630161911316 -1.0084170964032997
-7.181424 -8.725707e-05 -1.1932840935578333 -1.017473332923909
-7.151586 -8.661216e-05 -1.1844646266106118 -1.0099532691957096
-7.121401 -8.742533e-05 -1.1955851332510297 -1.0194353523109656
-7.09155 -8.785862e-05 -1.201510590808769 -1.0244877912757695
-7.061484 -8.489194e-05 -1.160939757354515 -0.9898944020258357
-7.031291 -8.667533e-05 -1.1853285079693379 -1.0106898718622992
-7.0015 -8.477172e-05 -1.1592956886993622 -0.9884925598131177
-6.971513 -8.665818e-05 -1.1850939731378962 -1.0104898918760394
-6.941596 -8.470193e-05 -1.1583412755281495 -0.9876787637057676
-6.911466000000001 -8.535106e-05 -1.1672184530869558 -0.9952480353372916
-6.88167 -8.705657e-05 -1.1905421557325273 -1.0151353744839653
-6.851519000000001 -8.615193e-05 -1.1781707510727544 -1.0045866925731899
-6.821605 -8.512588e-05 -1.1641390039123807 -0.992622292287384
-6.791679 -8.499614e-05 -1.1623647444936516 -0.9911094407761705
-6.761679 -8.704864e-05 -1.1904337090145491 -1.0150429056040216
-6.731651 -8.54815e-05 -1.1690022853559479 -0.9967690492969237
-6.701327 -8.470455e-05 -1.1583771053391336 -0.987709314584135
-6.671559 -8.559789e-05 -1.1705939768446627 -0.9981262312561507
-6.641541 -8.63242e-05 -1.180526629522457 -1.0065954711290455
-6.6117550000000005 -8.46132e-05 -1.1571278483798235 -0.9866441150654873
-6.581994 -8.627019e-05 -1.1797880157471714 -1.0059656799303354
-6.551697 -8.604835e-05 -1.1767542427438507 -1.003378883420026
-6.521586 -8.710587e-05 -1.1912163579010437 -1.0157102440654575
-6.491556999999999 -8.542392e-05 -1.1682148500443212 -0.996097629611278
-6.462059 -8.548648e-05 -1.1690703893478183 -0.9968271192871028
-6.432011999999999 -8.641743e-05 -1.1818015964224733 -1.0076825926520177
-6.401809 -8.667358e-05 -1.1853045758436804 -1.0106694657412523
-6.371763 -8.549462e-05 -1.1691817079208755 -0.9969220369015723
-6.34154 -8.575336e-05 -1.1727201068880555 -0.9999391110499564
-6.311744 -8.700881e-05 -1.1898890138345892 -1.0145784622889942
-6.281836 -8.668335e-05 -1.18543818548235 -1.0107833901998968
-6.251791 -8.481737e-05 -1.1599199752915075 -0.9890248680564263
-6.221845999999999 -8.537299e-05 -1.1675183568101926 -0.9955037531856105
-6.191981 -8.583955e-05 -1.1738987982654276 -1.000944141663117
-6.162207 -8.487089e-05 -1.160651888071609 -0.9896489455412432
-6.132123 -8.599818e-05 -1.1760681428900073 -1.002793869081213
-6.1020959999999995 -8.584594e-05 -1.1739861847128277 -1.0010186531565397
-6.071892 -8.543114e-05 -1.1683135871570332 -0.9961818194363972
-6.041836 -8.497746e-05 -1.1621092861466358 -0.9908916200097958
-6.012123 -8.541722e-05 -1.168123224191805 -0.99601950331927
-5.982198 -8.608534e-05 -1.1772600995027436 -1.003810210515754
-5.9521049999999995 -8.622213e-05 -1.1791307711991208 -1.005405269543185
-5.922283 -8.5923e-05 -1.1750400187717704 -1.0019172221210386
-5.891901 -8.53235e-05 -1.1668415562966048 -0.9949266680824046
-5.861991 -8.699276e-05 -1.1896695220535611 -1.0143913090073928
-5.832262 -8.690787e-05 -1.1885086088266774 -1.01340143722701
-5.802309 -8.596992e-05 -1.175681673249393 -1.0024643393779071
-5.771948 -8.485178e-05 -1.1603905492594315 -0.9894261106994112
-5.742031 -8.647058e-05 -1.1825284492674357 -1.0083023556998132
-5.712141 -8.449584e-05 -1.1555228916557443 -0.9852756222848801
-5.682613999999999 -8.452701e-05 -1.1559491570024514 -0.9856390844523266
-5.652244 -8.465318e-05 -1.1576745948848395 -0.9871103074766043
-5.622207 -8.602011e-05 -1.1763680466132438 -1.003049586929532
-5.592142 -8.606812e-05 -1.1770246073862758 -1.0036094142846526
-5.561799 -8.507076e-05 -1.1633852103316782 -0.9919795577776098
-5.5319899999999995 -8.565919e-05 -1.1714322850176861 -0.9988410285248217
-5.502312 -8.520033e-05 -1.1651571449153433 -0.9934904269799215
-5.472252999999999 -8.544504e-05 -1.1685036766122536 -0.9963439023407124
-5.442105 -8.561289e-05 -1.1707991093502965 -0.998301140865124
-5.41217 -8.623316e-05 -1.1792816119682634 -1.0055338864089833
-5.382263 -8.566264e-05 -1.1714794654939822 -0.9988812577348857
-5.35217 -8.56445e-05 -1.1712313919171689 -0.9986697337144339
-5.322161 -8.591417e-05 -1.174919264103454 -1.0018142586645564
-5.2921700000000005 -8.567161e-05 -1.171602134732351 -0.9989858536810516
-5.262124 -8.606054e-05 -1.1769209470934292 -1.0035210266289183
-5.232021 -8.533894e-05 -1.1670527060224036 -0.995106708373241
-5.202198 -8.510915e-05 -1.163910212791097 -0.9924272097701756
-5.17229 -8.607897e-05 -1.177172986565351 -1.0037359322351433
-5.14216 -8.587446e-05 -1.1743762099835393 -1.001351214626401
-5.1123639999999995 -8.549332e-05 -1.1691639297703873 -0.9969068780687946
-5.082114 -8.457091e-05 -1.1565495114689397 -0.9861509865745884
-5.052131999999999 -8.530533e-05 -1.1665930724547802 -0.9947147942427348
-5.022346 -8.553206e-05 -1.1696937186549374 -0.9973586112855697
-4.992336 -8.574752e-05 -1.1726402419658621 -0.9998710129088627
-4.962462 -8.428942e-05 -1.152699994868215 -0.982868632852595
-4.932633 -8.674438e-05 -1.1862728012702721 -1.0114950390956063
-4.902466 -8.222179e-05 -1.124424120026635 -0.9587587425324929
-4.872735 -8.465111e-05 -1.157646286599062 -0.987086169950566
-4.84249 -8.60358e-05 -1.176582615214137 -1.0032325423805182
-4.812411 -8.461486e-05 -1.157150549710447 -0.9866634717288805
-4.7826130000000004 -8.592164e-05 -1.1750214200912596 -1.001901363649825
-4.7525770000000005 -8.624939e-05 -1.1795035653393589 -1.0057231386058922
-4.722364 -8.461256e-05 -1.1571190960595832 -0.9866366522555046
-4.692613000000001 -8.522561e-05 -1.1655028615648382 -0.9937852079742446
-4.66267 -8.555434e-05 -1.1699984088033057 -0.9976184103580982
-4.63241 -8.532868e-05 -1.1669123953885503 -0.9949870702007034
-4.602491 -8.505104e-05 -1.1631155294642714 -0.9917496099450129
-4.572642 -8.595277e-05 -1.175447138417952 -1.0022643593916478
-4.542531 -8.567049e-05 -1.1715868181719304 -0.9989727937635817
-4.512271 -8.558368e-05 -1.1703996479843255 -0.99796053355325
-4.482133 -8.54808e-05 -1.1689927125056847 -0.9967608868485048
-4.452448 -8.563144e-05 -1.1710527898822636 -0.998517445748221
-4.422631999999999 -8.577675e-05 -1.1730399768418405 -1.0002118534335487
-4.392318 -8.176518e-05 -1.1181797498001373 -0.9534343774289389
-4.362095999999999 -8.680156e-05 -1.1870547663817483 -1.0121617945250128
-4.332566 -8.506767e-05 -1.1633429530355177 -0.9919435263981614
-4.302577 -8.488649e-05 -1.160865225877468 -0.9898308515345754
-4.2727070000000005 -8.406402e-05 -1.1496175370835573 -0.9802403244617558
-4.242874 -8.487656e-05 -1.1607294281587388 -0.9897150613734352
-4.212479 -8.596539e-05 -1.1756197232326917 -1.0024115166759973
-4.1820770000000005 -8.550481e-05 -1.169321061269703 -0.9970408588292683
-4.152311 -8.42904e-05 -1.1527133968585832 -0.9828800602803813
-4.122466 -8.475329e-05 -1.1590436492274399 -0.9882776542068924
-4.092377 -8.570262e-05 -1.1720262119989981 -0.9993474501460026
-4.061929 -8.584526e-05 -1.173976885372572 -1.0010107239209327
-4.032056 -8.492439e-05 -1.1613835273417032 -0.9902727898132482
-4.0021320000000005 -8.459849e-05 -1.1569266817692987 -0.9864725870422876
-3.972216 -8.55238e-05 -1.1695807590218352 -0.9972622943942285
-3.9420859999999998 -8.453515e-05 -1.1560604755755088 -0.9857340020667962
-3.911882 -8.59688e-05 -1.1756663566889727 -1.0024512794604374
-3.882132 -8.63616e-05 -1.181038093236504 -1.007031579087419
-3.852207 -8.494669e-05 -1.1616884910000789 -0.9905328220985886
-3.822299 -8.421911e-05 -1.1517384704368074 -0.982048773212134
-3.7923359999999997 -8.429315e-05 -1.152751004484616 -0.9829121270420265
-3.762271 -8.372822e-05 -1.1450253040574345 -0.9763246813488728
-3.73229 -8.445537e-05 -1.1549694441555443 -0.9848037161598701
-3.702317 -8.543533e-05 -1.1683708875036067 -0.9962306775205036
-3.672273 -8.344715e-05 -1.1411815311668676 -0.9730472250959306
-3.6423270000000003 -8.478298e-05 -1.1594496748335912 -0.9886238586262536
-3.612308 -8.404072e-05 -1.149298897924806 -0.9799686315358171
-3.582094 -8.40166e-05 -1.1489690448557468 -0.9796873768845881
-3.552123 -8.345041e-05 -1.1412261132980919 -0.9730852387842807
-3.5221880000000003 -8.396898e-05 -1.1483178175278612 -0.9791320971793006
-3.492518 -8.356363e-05 -1.1427744534506161 -0.9744054565128114
-3.462688 -8.318586e-05 -1.1376082596737296 -0.970000416314021
-3.432234 -8.543328e-05 -1.168342852727837 -0.9962067732072775
-3.402 -8.422326e-05 -1.1517952237633662 -0.9820971648706167
-3.371956 -8.357427e-05 -1.1429199607746123 -0.9745295257287765
-3.34204 -8.228808e-05 -1.125330668946533 -0.9595317263977492
-3.312234 -8.378632e-05 -1.1458198506292558 -0.9770021645676293
-3.282226 -8.466326e-05 -1.1578124439286255 -0.9872278467338345
-3.2520949999999997 -8.395952e-05 -1.1481884472943082 -0.9790217875192415
-3.222095 -8.38222e-05 -1.146310527582732 -0.9774205483522936
-3.192169 -8.192677e-05 -1.1203895739058287 -0.9553186203432056
-3.162254 -8.255466e-05 -1.1289762838366575 -0.9626402199684232
-3.1325309999999997 -8.367659e-05 -1.144319237973043 -0.9757226424747867
-3.102225 -8.387229e-05 -1.1469955333965456 -0.9780046298398587
-3.072028 -8.541027e-05 -1.1680281794641947 -0.9959384618671123
-3.042354 -8.187205e-05 -1.1196412505252764 -0.9546805500896707
-3.012114 -8.406238e-05 -1.1495951092629413 -0.9802212010111747
-2.982253 -8.189566e-05 -1.1199641290891442 -0.9549558578141949
-2.952009 -8.384735e-05 -1.1466544664171783 -0.9777138134633389
-2.92229 -8.234842e-05 -1.126155848639196 -0.9602353294514459
-2.892262 -8.259577e-05 -1.129538483657098 -0.9631195889034161
-2.8620949999999996 -8.293586e-05 -1.1341893845798323 -0.9670852561644655
-2.832373 -8.293059e-05 -1.134117314692853 -0.9670238045885128
-2.801762 -8.328273e-05 -1.1389330053951132 -0.9711299825687709
-2.771962 -8.148278e-05 -1.114317788494071 -0.950141412524001
-2.742031 -8.199098e-05 -1.1212676777849453 -0.9560673500760173
-2.712058 -8.279559e-05 -1.1322711221421484 -0.9654496181077529
-2.681905 -8.236948e-05 -1.126443854677106 -0.9604809025424446
-2.6521790000000003 -8.226776e-05 -1.125052782778901 -0.9592947821807933
-2.621947 -8.434949e-05 -1.1535214821757767 -0.9835690875333302
-2.591836 -8.130409e-05 -1.1118741133319567 -0.9480577726555046
-2.5619899999999998 -8.240376e-05 -1.1269126508299812 -0.9608806293021516
-2.532123 -8.093e-05 -1.1067582453964526 -0.9436956436141157
-2.5019839999999998 -8.127507e-05 -1.1114772503110573 -0.9477193808653442
-2.472019 -8.043654e-05 -1.1000099329811142 -0.937941583904517
-2.442206 -7.970113e-05 -1.0899528332499018 -0.9293662322021784
-2.412031 -8.113542e-05 -1.1095674666836062 -0.9460909724058025
-2.381808 -8.100933e-05 -1.1078431228412482 -0.9446206822327727
-2.351892 -8.026965e-05 -1.097727628723432 -0.9359955395950798
-2.322179 -7.979653e-05 -1.0912574759857332 -0.9304786573152489
-2.292392 -7.884653e-05 -1.078265750628923 -0.9194010487469377
-2.262373 -7.830774e-05 -1.0708975277815593 -0.9131184121990218
-2.2321880000000003 -7.69285e-05 -1.0520357306435315 -0.89703559026033
-2.2021509999999997 -7.927205e-05 -1.084084949548744 -0.9243628845342933
-2.1719009999999996 -8.008522e-05 -1.0952054561891622 -0.9338449676495497
-2.1417710000000003 -7.785612e-05 -1.0647213983019357 -0.9078522336920527
-2.112065 -7.766053e-05 -1.0620466071834742 -0.9055715289974464
-2.0821970000000003 -7.886011e-05 -1.0784514639240237 -0.9195594002462617
-2.052271 -7.73686e-05 -1.0580543183588282 -0.9021674381876075
-2.022049 -7.567415e-05 -1.034881866747411 -0.8824090657259501
-1.991966 -7.562873e-05 -1.0342607255203515 -0.8818794394299787
-1.962049 -7.582704e-05 -1.0369727139998346 -0.8841918610670121
-1.932021 -7.45944e-05 -1.020115745216868 -0.8698184890400196
-1.9022249999999998 -7.528064e-05 -1.0295004205946126 -0.8778204870441436
-1.871993 -7.413492e-05 -1.0138321263042924 -0.8644606578979487
-1.8421690000000002 -7.408542e-05 -1.0131551890357005 -0.8638834561883365
-1.812086 -7.173999e-05 -0.9810802601897819 -0.8365342399100485
-1.78179 -7.288604e-05 -0.9967530673952262 -0.849897917067641
-1.751981 -7.24775e-05 -0.9911660784717827 -0.8451340789576431
-1.722197 -7.049041e-05 -0.9639916284304529 -0.8219633366313222
-1.6920119999999998 -7.078364e-05 -0.9680016954055869 -0.8253825862739387
-1.6619469999999998 -6.950238e-05 -0.9504798237943591 -0.8104422739010606
-1.631792 -7.008736e-05 -0.9584797180040716 -0.8172635154382087
-1.602122 -6.809414e-05 -0.9312214371454391 -0.7940212933850204
-1.571966 -6.825537e-05 -0.9334263380709956 -0.7959013384686718
-1.5417159999999999 -6.623018e-05 -0.9057308514653554 -0.7722863257355582
-1.5116690000000002 -6.700814e-05 -0.916369843737549 -0.7813578376953512
-1.481466 -6.491665e-05 -0.8877676714570077 -0.7569697244905758
-1.451891 -6.420665e-05 -0.8780580661903391 -0.748690669665838
-1.4218579999999998 -6.437079e-05 -0.8803027628219883 -0.7506046472136301
-1.391845 -6.375802e-05 -0.8719228264568384 -0.7434593564742575
-1.361595 -6.35198e-05 -0.8686650487573655 -0.7406815586709491
-1.331521 -6.166536e-05 -0.8433046538408573 -0.719057600319982
-1.301952 -5.985398e-05 -0.8185331259705222 -0.6979357491531745
-1.271929 -6.084648e-05 -0.8321060600932947 -0.7095089349469099
-1.241839 -5.93842e-05 -0.8121086494040779 -0.6924578134129418
-1.212123 -5.825054e-05 -0.7966052816482869 -0.6792386115923611
-1.181873 -5.886674e-05 -0.8050321249797253 -0.6864238983289856
-1.151993 -5.700331e-05 -0.7795487873148407 -0.6646951108190406
-1.1219659999999998 -5.521648e-05 -0.7551129929787261 -0.6438595283789194
-1.091753 -5.601038e-05 -0.7659699727269066 -0.6531169109498479
-1.06166 -5.211382e-05 -0.7126825649833999 -0.6076805252204396
-1.031817 -5.402777e-05 -0.7388567889272594 -0.6299984082934068
-1.001929 -5.197118e-05 -0.7107318916098257 -0.6060172514455091
-0.9718452999999999 -5.151311e-05 -0.7044675551527796 -0.6006758618066815
-0.9418297 -5.170848e-05 -0.7071393376611586 -0.6029540011603562
-0.911799 -4.909478e-05 -0.6713956823294803 -0.572476584828783
-0.8815953 -4.596403e-05 -0.6285811095286038 -0.5359700342758992
-0.8516416 -4.608938e-05 -0.6302953335006839 -0.5374316955748863
-0.8219286 -4.559745e-05 -0.6235679446009202 -0.531695476645403
-0.791799 -4.636949e-05 -0.6341259779108903 -0.5406979576128543
-0.7615305 -4.416353e-05 -0.603958371102355 -0.5149750508788002
-0.7316508 -4.281432e-05 -0.585507249240606 -0.49924239797727304
-0.7017433999999999 -4.263221e-05 -0.5830168038672074 -0.4971188787179308
-0.6714749000000001 -4.06434e-05 -0.5558188319652314 -0.47392808008978066
-0.6415468 -3.971948e-05 -0.5431837636582167 -0.46315458102827123
-0.6115953 -3.832634e-05 -0.5241318770649682 -0.44690967618526417
-0.581586 -3.686511e-05 -0.5041488256511456 -0.42987079832392405
-0.5515656 -3.630644e-05 -0.49650873385631505 -0.4233563482409153
-0.5216971 -3.3491e-05 -0.45800618307886554 -0.3905265142750568
-0.49163229999999997 -3.438577e-05 -0.47024261054993177 -0.40096010566312806
-0.46141930000000003 -3.263157e-05 -0.4462530477910727 -0.3805050099257268
-0.4313175 -3.051849e-05 -0.4173556214574223 -0.35586514349043563
-0.4012249 -2.95971e-05 -0.4047551521663579 -0.3451211458496397
-0.3713823 -2.722764e-05 -0.37235160104641374 -0.31749172437777634
-0.3415278 -2.597728e-05 -0.3552523023967918 -0.30291172579938336
-0.3117434 -2.461683e-05 -0.3366474679108212 -0.2870480072975321
-0.2813268 -2.166146e-05 -0.2962313043658154 -0.2525864998927644
-0.2516323 -2.151496e-05 -0.2942278435607915 -0.25087821604512484
-0.2213267 -1.959338e-05 -0.26794927554906645 -0.22847136228439321
-0.1913957 -1.839508e-05 -0.2515619234489976 -0.21449841665554364
-0.1616045 -1.617645e-05 -0.22122104805070364 -0.18862776960511013
-0.1316508 -1.501235e-05 -0.20530139806347997 -0.17505361788471976
-0.1014841 -1.282507e-05 -0.1753892496019607 -0.14954853191704048
-0.07153042999999999 -9.943404e-06 -0.13598102513663743 -0.11594646036692416
-0.04128042 -8.872394e-06 -0.12133442747937738 -0.10345779767982229
-0.01123413 -6.458827e-06 -0.08832769106436714 -0.07531406033309314
0.01872884 -3.208192e-06 -0.043873630900963 -0.0374095738820914
0.04846958 -1.981573e-06 -0.027099002305757874 -0.02310641057214079
0.07861773 2.865482e-06 0.03918690016724475 0.0334133557426747
0.1086825 5.001922e-06 0.06840378618966902 0.058325614742340354
0.13866399999999998 8.206091e-06 0.11222240055262103 0.0956882778673051
0.16851939999999999 1.047518e-05 0.14325332802436688 0.12214730918168433
0.1985529 1.211906e-05 0.1657342095817908 0.14131600304828967
0.2285714 1.451532e-05 0.19850426411180078 0.16925792968818543
0.2585066 1.559305e-05 0.21324276113158475 0.18182495188010733
0.2884974 1.805691e-05 0.24693727948698452 0.21055513782444288
0.31886770000000003 1.98115e-05 0.27093217569099004 0.23101478121167746
0.3487835 2.206729e-05 0.30178123268324086 0.2573187376667409
0.378701 2.246472e-05 0.30721628679751134 0.2619530260596923
0.4087103 2.529174e-05 0.34587719986931015 0.29491789024367815
0.43881180000000003 2.678629e-05 0.36631591895564736 0.312345300649751
0.4688955 2.789173e-05 0.38143336409083894 0.3252354391926497
0.4989789 2.829479e-05 0.386945411272224 0.32993537699216907
0.5291548 3.026169e-05 0.4138437529609709 0.3528706909848122
0.558877 3.19695e-05 0.43719890925740623 0.37278484960486186
0.5888955 3.243286e-05 0.4435355891114394 0.3781879240324541
0.6192104 3.378994e-05 0.4620943371611443 0.39401234617548936
0.6489722 3.541004e-05 0.48425001531963663 0.4129037500086689
0.6790436 3.778054e-05 0.5166677889599713 0.44054529854675445
0.7089326 3.855669e-05 0.5272820285764852 0.4495957047470646
0.7387458 4.034989e-05 0.551804935849992 0.4705055654677964
0.7685252 4.257327e-05 0.5822107698750701 0.49643160056107155
0.7988863 4.257583e-05 0.5822457791560317 0.49646145180100304
0.8290529 4.381326e-05 0.5991682535857974 0.5108906782964611
0.8588307 4.385525e-05 0.5997424878465683 0.5113803085951804
0.8890992 4.476934e-05 0.6122431259848908 0.5220391835596092
0.9188778999999999 4.856232e-05 0.664114025399494 0.5662677601358538
0.9489788 4.797328e-05 0.6560586086582568 0.559399176397877
0.9789789 4.866599e-05 0.6655317645234313 0.5674766187466713
1.009303 5.062826e-05 0.6923667886454393 0.5903579439733447
1.039201 5.091594e-05 0.6963009565934889 0.5937124770606413
1.069442 5.267452e-05 0.7203504180439929 0.6142186464038627
1.0992080000000002 5.30657e-05 0.725700000280916 0.6187800557930753
1.128933 5.488033e-05 0.7505159735274718 0.639939804041827
1.159173 5.41129e-05 0.7400209842742332 0.6309910786275335
1.18896 5.616207e-05 0.7680444093788799 0.6548857135221923
1.218979 5.726828e-05 0.7831723846493606 0.6677848307583515
1.2488309999999998 5.786079e-05 0.7912752553769011 0.6746938769192041
1.278747 5.949869e-05 0.8136743574420789 0.6937928401550321
1.3090160000000002 5.978677e-05 0.8176139955902788 0.6971520374985679
1.338942 6.072875e-05 0.8304960434340765 0.7081361277292811
1.368905 6.169215e-05 0.8436710204959192 0.7193699888816083
1.398942 6.265001e-05 0.8567702352856816 0.7305392500850215
1.4291639999999999 6.451472e-05 0.8822710775910467 0.752282963214932
1.459386 6.282362e-05 0.8591444389058874 0.7325636538992787
1.489246 6.487266e-05 0.8871660861954853 0.7564567729106598
1.518849 6.42447e-05 0.8785784189796302 0.7491343570406003
1.5491089999999998 6.639845e-05 0.9080320279135559 0.7742484617290211
1.5793030000000001 6.68264e-05 0.9138844582992894 0.7792386328730303
1.609114 6.773142e-05 0.9262610596492054 0.7897917458272332
1.639173 6.92199e-05 0.9466167684482627 0.8071483761448749
1.669127 6.950793e-05 0.9505557228214437 0.8105069904563809
1.699331 6.947749e-05 0.950139440590011 0.8101520405565711
1.7291800000000002 7.002755e-05 0.9576617863266075 0.816566092524029
1.759164 7.148636e-05 0.977611743029521 0.8335767516351213
1.789396 7.122962e-05 0.9741006950630922 0.8305829987679337
1.819171 7.275934e-05 0.9950203814976388 0.8484205139038461
1.8489790000000002 7.302293e-05 0.9986251066416407 0.8514941421591317
1.8792200000000001 7.359198e-05 1.0064071501303697 0.8581296296915498
1.90946 7.364202e-05 1.0070914721691642 0.8587131281470849
1.9395719999999999 7.478262e-05 1.0226897478975616 0.8720132548134171
1.9692360000000002 7.588412e-05 1.0377533115612734 0.8848574504323587
1.9991269999999999 7.462451e-05 1.0205275145331771 0.8701695909284322
2.029192 7.534647e-05 1.0304006787843376 0.8785881070147245
2.059183 7.68898e-05 1.0515064887789962 0.8965843234691788
2.089192 7.595981e-05 1.0387884101847018 0.8857400443192381
2.119294 7.885759e-05 1.0784170016630772 0.9195300154319542
2.149133 7.823318e-05 1.0698778824735553 0.9122489948360183
2.179231 7.869836e-05 1.076239451738272 0.9176732916294993
2.209766 7.828811e-05 1.0706290777091865 0.9128895138240787
2.23935 8.015144e-05 1.0961110478240337 0.9346171352699639
2.2695990000000004 7.832126e-05 1.0710824205466374 0.9132760640599097
2.299396 8.047328e-05 1.1005123708649134 0.9383699958400957
2.3293310000000003 7.962171e-05 1.0888667250100725 0.9284401441258676
2.359488 7.930442e-05 1.084527625495902 0.9247403394704579
2.389423 7.951059e-05 1.087347103408337 0.9271444137425933
2.419386 8.143075e-05 1.113606252209529 0.9495347093936755
2.449386 8.148856e-05 1.1143968328862417 0.9502088110266587
2.479331 8.135926e-05 1.112628590687678 0.9487010901973085
2.509109 8.124542e-05 1.111071771724921 0.947373642871607
2.539359 8.009396e-05 1.0953249800624447 0.9339468816483781
2.5695479999999997 8.131922e-05 1.1120810236526395 0.9482341981477558
2.599257 8.095218e-05 1.1070615679947833 0.9439542766225844
2.629312 8.163502e-05 1.1163997466712505 0.9519166284486743
2.659397 8.116855e-05 1.1100205360110496 0.9464772894288217
2.689174 8.095141e-05 1.107051037859494 0.9439452979293237
2.719368 8.320032e-05 1.1378060074091607 0.9701690291770713
2.749368 8.223707e-05 1.1246330816723742 0.9589369171208338
2.779572 8.285714e-05 1.133112849190266 0.9661673305365736
2.809227 8.246348e-05 1.1277293517124116 0.9615770027586775
2.839275 8.181157e-05 1.118814156262561 0.9539753145462905
2.869609 8.339373e-05 1.1404509859368035 0.9724243136751735
2.899683 8.291601e-05 1.1339179258973768 0.9668537924485908
2.929444 8.365578e-05 1.1440346508102266 0.9754799845439376
2.959201 8.169137e-05 1.1171703611174149 0.952573705546384
2.989386 8.296272e-05 1.1345567085199209 0.9673984609709338
3.019433 8.31385e-05 1.1369605879759417 0.9694481683752892
3.049423 8.311797e-05 1.1366798299532308 0.9692087754238077
3.079498 8.413212e-05 1.150548838659135 0.9810344140864946
3.109146 8.202445e-05 1.1217253967825163 0.9564576317168398
3.13984 8.415841e-05 1.1509083675640093 0.981340972327822
3.169757 8.249559e-05 1.1281684720294716 0.9619514259282863
3.199822 8.367554e-05 1.1443048786976484 0.9757103988021585
3.229368 8.473326e-05 1.1587697289549168 0.9880440915757099
3.259692 8.315401e-05 1.137172694986767 0.9696290249109676
3.289896 8.422577e-05 1.151829549269309 0.9821264330785182
3.31984 8.398211e-05 1.1484973768477929 0.9792852013903555
3.349774 8.457364e-05 1.156586845584965 0.9861828201234216
3.3794609999999996 8.343402e-05 1.141001971846936 0.9728941208848759
3.4097199999999996 8.343052e-05 1.1409541075956213 0.9728533086427821
3.439813 8.382567e-05 1.1463579815690355 0.9774610107751694
3.470081 8.435072e-05 1.1535383030412387 0.983583430121266
3.4999160000000002 8.380716e-05 1.1461048480570835 0.9772451723176965
3.529655 8.452889e-05 1.1559748669431573 0.9856610064566511
3.559868 8.3185e-05 1.1375964987434066 0.9699903881631066
3.58967 8.331877e-05 1.1394258704286493 0.9715502320559308
3.619868 8.21559e-05 1.1235230413068877 0.9579904229234762
3.649954 8.51057e-05 1.1638630323148014 0.9923869805601119
3.67996 8.518643e-05 1.1649670554601224 0.9933283440756061
3.709774 8.598579e-05 1.1758987034403536 1.002649393744201
3.739525 8.33293e-05 1.139569873447604 0.97167301860143
3.769664 8.407082e-05 1.1497105304861115 0.9803196168178238
3.7995900000000002 8.509605e-05 1.1637310637361769 0.9922744553783389
3.829729 8.448545e-05 1.155380803206842 0.9851544682290646
3.85971 8.463392e-05 1.1574112047476057 0.9868857235386825
3.889924 8.441629e-05 1.1544350056008663 0.9843480183252916
3.9201729999999997 8.404654e-05 1.149378489336992 0.9800364964640988
3.950201 8.436645e-05 1.153753418662147 0.9837668519978762
3.98001 8.544476e-05 1.1684998474721486 0.9963406373613449
4.009627 8.405756e-05 1.149529193351131 0.9801649967234912
4.039646 8.442535e-05 1.154558905634269 0.9844536637291114
4.069859 8.569192e-05 1.1718798841449793 0.9992226812916016
4.10021 8.553649e-05 1.1697543011216014 0.9974102679234198
4.130414 8.44193e-05 1.1544761688569967 0.9843831168534921
4.160208 8.413641e-05 1.1506075065557462 0.981084438234661
4.190127 8.50798e-05 1.1635088368550734 0.9920849699686178
4.220396 8.44272e-05 1.1545842053099638 0.984475235914218
4.25017 8.42622e-05 1.1523277477479916 0.9825512302155114
4.279998 8.534786e-05 1.167174691485754 0.9952107212873772
4.310007 8.578036e-05 1.1730893453981963 1.0002539483461081
4.339905 8.424935e-05 1.1521520175681652 0.9824013909838243
4.370155 8.455069e-05 1.1562729928513453 0.9859152084216926
4.40035 8.331082e-05 1.1393171502006634 0.9714575299631749
4.430542999999999 8.56846e-05 1.17177977948223 0.9991373254024226
4.46018 8.325525e-05 1.1385572026447919 0.9708095481651318
4.490081 8.49522e-05 1.1617638430071482 0.9905970722282846
4.520042999999999 8.447438e-05 1.155229415417684 0.9850253849376421
4.550396 8.466878e-05 1.1578879326906988 0.9872922134699366
4.580506000000001 8.518096e-05 1.164892250473068 0.9932645603715339
4.6102929999999995 8.551209e-05 1.169420618912437 0.9971257482928232
4.64021 8.638777e-05 1.1813959810813333 1.0073367380518745
4.670368000000001 8.603697e-05 1.1765986155495765 1.003246185330018
4.700673 8.520939e-05 1.1652810449487463 0.9935960723837415
4.730506999999999 8.560606e-05 1.1707057056827312 0.9982214986898382
4.76072 8.469179e-05 1.1582026059543409 0.9875605248101016
4.790538 8.607296e-05 1.1770907968080937 1.003665851785148
4.820368 8.619684e-05 1.178784917794622 1.005110371942456
4.850563 8.768014e-05 1.1990697875017335 1.0224066001417986
4.880868 8.464706e-05 1.157590900822541 0.9870389443561431
4.910633 8.46083e-05 1.157060838427983 0.986586977926556
4.940293 8.42988e-05 1.1528282710617381 0.9829780096614064
4.970331 8.46592e-05 1.1577569213971006 0.9871805045330057
5.000331 8.437636e-05 1.153888942870869 0.9838824089462045
5.030132 8.517338e-05 1.1647885901802213 0.9931761727157996
5.060072 8.546621e-05 1.168793186955205 0.9965907581021768
5.090164 8.46768e-05 1.157997610203711 0.9873857318075343
5.120113999999999 8.461246e-05 1.1571177285095455 0.9866354861914446
5.149922999999999 8.569343e-05 1.1719005341505464 0.9992402888589048
5.180321 8.448806e-05 1.1554164962628222 0.9851849025010259
5.210368000000001 8.591331e-05 1.174907503173131 1.0018042305136419
5.240285 8.481189e-05 1.1598450335494495 0.9889609677459482
5.270322 8.516011e-05 1.1646071162902372 0.9930214360150611
5.3000810000000005 8.507907e-05 1.1634988537397992 0.992076457700981
5.330331 8.624802e-05 1.1794848299038445 1.0057071635282728
5.360442 8.663852e-05 1.1848251128005123 1.0102606436818786
5.390423 8.565051e-05 1.1713135816744262 0.9987398141644291
5.420451 8.658907e-05 1.1841488593069394 1.0096840250042964
5.450636 8.496461e-05 1.1619335559668094 0.9907417807781086
5.48059 8.407621e-05 1.1497842414331356 0.9803824676706481
5.510516 8.555269e-05 1.1699758442276862 0.9975991703011112
5.540386000000001 8.613277e-05 1.1779087284855578 1.0043632746993276
5.5702359999999995 8.601103e-05 1.1762438730698337 1.0029437083129003
5.6002659999999995 8.558918e-05 1.1704748632363913 0.9980246670765401
5.630414 8.669966e-05 1.185661232893476 1.010973575248054
5.660701 8.553566e-05 1.1697429504562897 0.9974005895917234
5.690652 8.542139e-05 1.1681802510283712 0.9960681281905646
5.7203029999999995 8.563737e-05 1.171133885599491 0.9985865933469686
5.75046 8.484792e-05 1.160337761827982 0.9893811006267021
5.780565999999999 8.518662e-05 1.1649696538051941 0.99333055959732
5.810359 8.454803e-05 1.1562366160203463 0.9858841911177013
5.840572 8.588433e-05 1.1745111871722465 1.0014663051491055
5.870539 8.501836e-05 1.1626686141119973 0.9913685402102631
5.90047 8.47246e-05 1.1586512991216642 0.9879431104281293
5.930896 8.615872e-05 1.1782636077203044 1.0046658683228515
5.96084 8.509083e-05 1.1636596776242163 0.9922135868344162
5.990935 8.523315e-05 1.1656059748376701 0.9938731292043552
6.020581 8.560515e-05 1.1706932609773895 0.9982108875068938
6.050585 8.639036e-05 1.1814314006273061 1.0073669391110238
6.080563 8.770331e-05 1.1993866488454363 1.0226767771844596
6.110535 8.456355e-05 1.1564488597861755 0.9860651642597856
6.140747 8.703632e-05 1.1902652268499219 1.0148992465118514
6.170727 8.337918e-05 1.1402520074063387 0.9722546513544693
6.200608 8.509392e-05 1.163701934920377 0.9922496182138648
6.230358 8.714887e-05 1.1918044044171945 1.0162116516111814
6.260729 8.471519e-05 1.1585226126631298 0.9878333838001001
6.290609000000001 8.526137e-05 1.1659918974582693 0.994202192482037
6.320637 8.666937e-05 1.1852470019870993 1.0106203744443338
6.350727 8.565572e-05 1.171384831031383 0.9988005661019459
6.38034 8.58345e-05 1.1738297369885309 1.000885255428096
6.410359000000001 8.461576e-05 1.157162857660785 0.9866739663054188
6.440433 8.534034e-05 1.1670718517229297 0.9951230332700787
6.470507 8.675645e-05 1.1864378645598057 1.011635783027627
6.500553 8.440366e-05 1.1542622840311225 0.984200744434536
6.530738 8.690271e-05 1.1884380432447392 1.0133412683215228
6.560689 8.548946e-05 1.1691111423389375 0.9968618679960854
6.5906270000000005 8.750031e-05 1.1966105222691916 1.0203096671430205
6.620553 8.599713e-05 1.1760537836146132 1.002781625408585
6.650766 8.623226e-05 1.1792693040179254 1.0055233918324449
6.680774 8.522782e-05 1.1655330844206684 0.9938109779899668
6.71059 8.514465e-05 1.1643956930544306 0.9928411625114125
6.740933 8.56045e-05 1.1706843719021454 0.998203308090505
6.77096 8.539291e-05 1.1677907727776742 0.9957360331463271
6.8006329999999995 8.622156e-05 1.1791229761639064 1.0053986229780438
6.830701 8.483582e-05 1.1601722882734373 0.9892400068754637
6.860821 8.668586e-05 1.1854725109882926 1.0108126584077983
6.8909139999999995 8.529527e-05 1.1664554969210017 0.9945974881983166
6.920831 8.619767e-05 1.1787962684599333 1.0051200502741522
6.950785 8.635723e-05 1.180978331299863 1.0069806220880049
6.980701 8.430656e-05 1.152934392944653 0.9830684962324486
7.010655 8.63051e-05 1.180265427465283 1.0063727528936193
7.041035 8.631995e-05 1.1804685086458606 1.006545913406503
7.070988000000001 8.588083e-05 1.1744633229209318 1.0014254929070117
7.100923 8.678847e-05 1.186875754081832 1.0120091567395821
7.1308869999999995 8.60773e-05 1.177150148479724 1.0037164589653444
7.160646 8.604868e-05 1.1767587556589745 1.0033827314314232
7.190998 8.49452e-05 1.161668114504519 0.9905154477440969
7.221313 8.577048e-05 1.1729542314544854 1.0001387412169978
7.2510200000000005 8.673411e-05 1.1861323538814148 1.0113752843166626
7.280774999999999 8.456502e-05 1.1564689627717277 0.9860823054014651
7.310831 8.52118e-05 1.1653140029046514 0.9936241745275831
7.34097 8.534187e-05 1.1670927752385043 0.9951408740501939
7.371174 8.58034e-05 1.1734044289268502 1.0005226095054915
7.401322 8.605811e-05 1.1768877156275166 1.0034926912722646
7.4311419999999995 8.705737e-05 1.190553096132828 1.015144702996444
7.460813 8.475094e-05 1.1590115118015571 0.9882502517014865
7.490831 8.617104e-05 1.1784320898849316 1.0048095274150217
7.520729 8.510874e-05 1.163904605835943 0.9924224289075304
7.550914 8.597453e-05 1.1757447173061246 1.002518094931065
7.580718 8.480297e-05 1.1597230480860992 0.988856954831812
7.610609 8.602933e-05 1.1764941347267068 1.0031570980358475
7.640729 8.698922e-05 1.1896211107822314 1.014350030339675
7.6707849999999995 8.671425e-05 1.1858607584439558 1.011143703994382
7.701057 8.560456e-05 1.170685192432168 0.9982040077289409
7.73097 8.463324e-05 1.1574019054073503 0.9868777943030758
7.760988 8.605111e-05 1.1767919871248875 1.0034110667880771
7.7911459999999995 8.598926e-05 1.1759461574266572 1.002689856167077
7.821229000000001 8.533924e-05 1.1670568086725164 0.9951102065654206
7.851136 8.509368e-05 1.1636986528002866 0.9922468196601211
7.881359000000001 8.548787e-05 1.1690893982933404 0.9968433275775344
7.9112849999999995 8.578069e-05 1.1730938583133206 1.000257796357506
7.941066 8.689697e-05 1.1883595458725835 1.0132743362444891
7.97097 8.559124e-05 1.170503034767165 0.9980486879961726
8.000813 8.533296e-05 1.1669709265301578 0.9950369777424638
8.030701 8.649364e-05 1.1828438063060969 1.008571250072008
8.06104 8.460641e-05 1.1570349917322733 0.9865649393158255
8.09117 8.574995e-05 1.1726734734317745 0.9998993482655162
8.120831 8.537938e-05 1.1676057432575926 0.9955782646790332
8.151183 8.537857e-05 1.1675946661022882 0.9955688195601485
8.181001 8.533859e-05 1.1670479195972723 0.9951026271490317
8.211191999999999 8.530884e-05 1.1666410734610986 0.9947557230912346
8.240915000000001 8.684685e-05 1.187674129793759 1.0126899049377063
8.271368 8.606739e-05 1.177014624271002 1.003600902017016
8.301075999999998 8.66344e-05 1.184768769738965 1.010212601842614
8.331209999999999 8.532986e-05 1.1669285324789935 0.9950008297566093
8.361081 8.615429e-05 1.1782030252536404 1.0046142116850014
8.391063 8.555096e-05 1.1699521856120363 0.9975789973928761
8.421071 8.658302e-05 1.184066122529667 1.0096134781286772
8.451387 8.589737e-05 1.1746895156971442 1.0016183599025064
8.481627 8.638376e-05 1.1813411423248272 1.0072899788830756
8.511586 8.632418e-05 1.1805263560124495 1.0065952379162335
8.541303 8.506665e-05 1.1633290040251345 0.9919316325447513
8.571453 8.621842e-05 1.1790800350927273 1.0053620085665655
8.601460999999999 8.473174e-05 1.1587489421943458 0.9880263674020006
8.631637000000001 8.532142e-05 1.1668131112558233 0.9949024139499602
8.661405 8.699887e-05 1.189753079360856 1.014462555521448
8.691469999999999 8.715778e-05 1.1919262531255408 1.0163155479189114
8.721444 8.707482e-05 1.190791733614382 1.015348181174883
8.751192 8.635788e-05 1.1809872203751066 1.0069882015043934
8.781113999999999 8.545577e-05 1.168650414731284 0.9964690210143314
8.811368 8.433377e-05 1.1533065033098724 0.9833857822631261
8.841460999999999 8.536621e-05 1.1674256369176461 0.9954246940423546
8.871266 8.594002e-05 1.175272775788163 1.0021156862240204
8.901086 8.613835e-05 1.1779850377776537 1.004428341073866
8.9311 8.535136e-05 1.1672225557370686 0.995251533529471
8.961146000000001 8.605562e-05 1.1768536636315814 1.003463656277175
8.991284 8.515351e-05 1.1645168579877583 0.9929444757871129
9.021154000000001 8.645382e-05 1.1822992478811407 1.0081069233633868
9.051358 8.614057e-05 1.1780153973884875 1.0044542276959938
9.081369 8.551231e-05 1.1694236275225196 0.9971283136337549
9.111525 8.433669e-05 1.153346435770969 0.9834198313336728
9.141155000000001 8.559191e-05 1.1705121973524166 0.9980565006253733
9.171303 8.448291e-05 1.155346067435888 0.9851248502019451
9.201267 8.494731e-05 1.1616969698103117 0.9905400516957594
9.231424 8.680679e-05 1.1871262892487127 1.0122227796753414
9.261331 8.602417e-05 1.1764235691447689 1.0030969291303609
9.291407 8.639683e-05 1.181519881114736 1.0074423834556943
9.321247 8.611704e-05 1.1776936128646498 1.0041798528227177
9.351441000000001 8.5931e-05 1.1751494227747752 1.0020105072458245
9.3816 8.63625e-05 1.1810504011868421 1.0070420736639574
9.411745999999999 8.503139e-05 1.1628468058818915 0.9915204783572581
9.441600000000001 8.681278e-05 1.1872082054959625 1.0122926269125248
9.471464 8.603959e-05 1.1766344453605604 1.0032767362083854
9.501266 8.599374e-05 1.1760074236683395 1.0027420958369568
9.531694 8.562018e-05 1.1708988037480346 0.9983861469350851
9.561699 8.596271e-05 1.1755830728916852 1.002380266159194
9.591433 8.50139e-05 1.162607621380322 0.991316533753195
9.621534 8.745171e-05 1.195945892950938 1.0197429600099468
9.651461 8.530975e-05 1.1666535181664401 0.9947663342741789
9.681426 8.558856e-05 1.1704663844261585 0.9980174374793694
9.71135 8.534024e-05 1.1670704841728918 0.9951218672060187
9.741804 8.677558e-05 1.1866994768819905 1.0118588510822708
9.771637 8.528218e-05 1.1662764846210854 0.9944448504128861
9.801755 8.598681e-05 1.1759126524507368 1.0026612875976113
9.831643 8.534419e-05 1.1671245023993757 0.9951679267363818
9.861257 8.553213e-05 1.1696946759399638 0.9973594275304116
9.891433000000001 8.616494e-05 1.1783486693326406 1.0047383975073725
9.921498 8.665775e-05 1.1850880926727347 1.0104848778005824
9.951424000000001 8.527312e-05 1.1661525845876826 0.9943392050090661
9.981611999999998 8.566906e-05 1.1715672622063933 0.9989561190475261
10.00372 8.523835e-05 1.1656770874396234 0.993933764535466
