Keff(MJ/m3):0.05931107727780137 Ms(MA/m):1.0834135709251989
H(kOe) moment(emu) M(MA/m) M_norm()
9.967771 6.457686e-05 1.0835407228430485 1.0001173623085975
9.939438 6.407923e-05 1.0751909460048994 0.9924104468127738
9.911144 6.511936e-05 1.0926433772945399 1.0085191902861796
9.882308 6.482378e-05 1.0876838148931172 1.0039414717357396
9.853204999999999 6.503746e-05 1.0912691701063792 1.0072507852882737
9.823975 6.435882e-05 1.0798822108124435 0.9967405243874324
9.795012 6.431568e-05 1.079158361018826 0.9960724048317587
9.765983 6.38494e-05 1.0713346085439108 0.9888510143259762
9.73665 6.378544e-05 1.070261418168395 0.9878604504228498
9.707066999999999 6.391656e-05 1.0724614919963757 0.9898911373987402
9.677256999999999 6.470431e-05 1.0856792174234036 1.00209121111181
9.647825999999998 6.474461e-05 1.0863554146112284 1.0027153469044303
9.618267 6.46686e-05 1.085080036242827 1.0015381617531383
9.588361 6.525957e-05 1.094995973019229 1.0106906562783213
9.558648999999999 6.598547e-05 1.107175911943354 1.0219328441657443
9.528776 6.564224e-05 1.1014168260679886 1.0166171586049229
9.499048 6.412866e-05 1.0760203362528944 0.9931759811112658
9.469076 6.389894e-05 1.0721658444914257 0.9896182522209244
9.439075999999998 6.495904e-05 1.0899533541394006 1.0060362758873485
9.409225000000001 6.521152e-05 1.0941897379106682 1.0099464943717353
9.378891 6.4824e-05 1.0876875062921574 1.003944878928652
9.349238 6.560003e-05 1.1007085808248598 1.0159634421829251
9.319012 6.493462e-05 1.0895436088459345 1.0056580774740533
9.289456 6.477462e-05 1.08685895499849 1.0031801189921858
9.259196 6.497395e-05 1.0902035303198094 1.0062671906433776
9.229178 6.517828e-05 1.0936320010738614 1.0094316984971272
9.199002 6.431155e-05 1.079089063391389 0.9960084425284456
9.169191000000001 6.457586e-05 1.0835239437565019 1.0001018750680857
9.139325999999999 6.432964e-05 1.0793925970670157 0.9962886067093017
9.109343 6.409814e-05 1.0755082385314945 0.9927033105308497
9.079398999999999 6.46411e-05 1.0846186113627974 1.0011122626390672
9.049196 6.376112e-05 1.0698533507835832 0.9874838007336056
9.019075999999998 6.410397e-05 1.0756060606060607 0.9927936011430327
8.989206 6.363911e-05 1.0678061344340413 0.9855942025187765
8.959295000000001 6.453869e-05 1.0829002651095676 0.9995262143382669
8.929475 6.477819e-05 1.086918856337461 1.0032354084408124
8.899159 6.557854e-05 1.100347998254975 1.0156306213843294
8.869247999999999 6.555957e-05 1.1000296989831873 1.015336828431823
8.839242 6.4812e-05 1.087486157253599 1.003759032042512
8.809286 6.518244e-05 1.0937018020738951 1.009496125417656
8.779299000000002 6.434577e-05 1.0796632437330111 0.9965384158987549
8.749234 6.425841e-05 1.0781974227323061 0.9951854505676551
8.719484 6.430635e-05 1.079001812141347 0.9959279088777849
8.689696 6.486592e-05 1.088390885600188 1.0045941040509017
8.659521 6.440049e-05 1.080581395348837 0.9973858776995537
8.629335 6.485327e-05 1.0881786301553744 1.0043981904584287
8.59941 6.458013e-05 1.0835955904560555 1.0001680055850706
8.569141 6.4728e-05 1.0860767139836904 1.0024581038395315
8.539455 6.485567e-05 1.088218899963086 1.0044353598356568
8.509641 6.472585e-05 1.0860406389476156 1.0024248062724315
8.479668 6.517654e-05 1.0936028054632705 1.009404750698637
8.449539000000001 6.511369e-05 1.0925482398738213 1.0084313776324785
8.419215 6.456289e-05 1.0833063190039933 0.9999010055586494
8.389363 6.36327e-05 1.0676985804892782 0.9854949293070967
8.359299 6.444697e-05 1.08136128729152 0.9981057246385363
8.329111999999999 6.379555e-05 1.0704310547333802 0.9880170264244226
8.299188000000001 6.571987e-05 1.102719386556596 1.017819433085844
8.269012 6.521699e-05 1.0942815195140774 1.010031209577334
8.239483 6.528659e-05 1.0954493439377158 1.0111091215169465
8.209095 6.579344e-05 1.103953823953824 1.0189588293702878
8.179003 6.412813e-05 1.0760114433370247 0.9931677728737947
8.149234 6.507672e-05 1.091927917044196 1.0078588143507619
8.118696 6.45593e-05 1.0832460820832912 0.9998454063652122
8.088864 6.446739e-05 1.0817039162388 0.9984219740897847
8.059003 6.477396e-05 1.086847880801369 1.003169897413448
8.028947 6.420268e-05 1.0772623242390684 0.9943223466539398
7.999105999999999 6.451726e-05 1.0825406892848752 0.9991943227741017
7.969058 6.483417e-05 1.0878581496023356 1.0041023841646557
7.93904 6.463686e-05 1.0845474680358402 1.0010465967392979
7.9087250000000004 6.562249e-05 1.1010854391086948 1.0163112856048173
7.8787579999999995 6.479035e-05 1.0871228900298668 1.0034237332854343
7.849098 6.421619e-05 1.077489009698312 0.9945315792732524
7.819076 6.481489e-05 1.0875346488137185 1.003803790167591
7.788743 6.505866e-05 1.091624886741166 1.0075791147871214
7.758549 6.357887e-05 1.0667953622604784 0.9846612511503534
7.728795 6.382439e-05 1.0709149635893822 0.9884636784407793
7.699151 6.457316e-05 1.0834786402228263 1.0000600595187041
7.66878 6.423529e-05 1.0778094902513509 0.9948273855670255
7.638558 6.484772e-05 1.088085506225041 1.0043122362735888
7.608779999999999 6.495374e-05 1.089864424980704 1.0059541935126364
7.578447 6.578129e-05 1.1037499580522838 1.0187706593980712
7.548426999999999 6.541316e-05 1.0975730729219102 1.013069341548509
7.518697 6.454055e-05 1.0829314742105438 0.9995550206056185
7.488833 6.439806e-05 1.0805406221685292 0.9973482437051103
7.4586689999999995 6.367084e-05 1.0683385348501626 0.9860856126602119
7.428965 6.360998e-05 1.0673173596429408 0.9851430592026714
7.398947 6.401783e-05 1.0741607100909425 0.991459530245357
7.36866 6.475844e-05 1.086587469378167 1.0029295354407068
7.338683 6.554341e-05 1.0997585489445953 1.0150865546251542
7.308576 6.493489e-05 1.089548139199302 1.0056622590289916
7.278549 6.490197e-05 1.0889957716701901 1.005152419071347
7.248908999999999 6.477869e-05 1.0869272458807342 1.0032431520610683
7.218854 6.355805e-05 1.0664460216785796 0.9843388068029003
7.188771 6.593642e-05 1.1063528977482464 1.0211731950186467
7.158522 6.464741e-05 1.084724487398906 1.0012099871266957
7.128762 6.470407e-05 1.0856751904426323 1.0020874941740874
7.0984560000000005 6.604323e-05 1.108145071982281 1.0228273871776983
7.068371 6.464448e-05 1.0846753246753247 1.0011646095119966
7.038622999999999 6.445787e-05 1.081544179334877 0.9982745355601136
7.008824 6.410821e-05 1.0756772039330178 0.9928592670428021
6.978558 6.394886e-05 1.0730034564918285 0.9903913752672671
6.948577 6.482779e-05 1.0877510990301686 1.0040035755701913
6.918438 6.493861e-05 1.089610557401255 1.0057198715636948
6.88856 6.542105e-05 1.0977054599147622 1.013191535876146
6.858243000000001 6.50757e-05 1.0919108023759185 1.00784301736544
6.8285219999999995 6.51069e-05 1.0924343098761704 1.0083262192694042
6.798799 6.440322e-05 1.0806272022551093 0.9974281578661507
6.7684560000000005 6.462166e-05 1.0842924259203328 1.0008111906835202
6.7386040000000005 6.476261e-05 1.0866574381690661 1.0029941172336407
6.708399 6.477675e-05 1.0868946944528342 1.0032131068144756
6.678586 6.489263e-05 1.0888390550018456 1.0050077682449683
6.648363000000001 6.511282e-05 1.0925336420685257 1.0084179037332333
6.618390000000001 6.508681e-05 1.0920972180274504 1.0080150806075248
6.588558 6.562188e-05 1.1010752038659013 1.016301838388105
6.558197 6.471961e-05 1.0859359374475652 1.0023281658916385
6.528352 6.486592e-05 1.088390885600188 1.0045941040509017
6.498391 6.537583e-05 1.096946709621128 1.0124912028602082
6.468419 6.550606e-05 1.0991318500620826 1.0145081061920433
6.438252 6.566302e-05 1.1017654954864256 1.0169389834627554
6.408087999999999 6.608075e-05 1.108774623309507 1.0234084684416964
6.378381999999999 6.455745e-05 1.0832150407731804 0.9998167549702659
6.348382 6.518039e-05 1.0936674049464745 1.009464376574607
6.318390999999999 6.39838e-05 1.0735897177757643 0.9909324994507449
6.288279999999999 6.440726e-05 1.080694989764757 0.9974907263178177
6.258465 6.498852e-05 1.0904480016107923 1.0064928397376325
6.228178 6.462775e-05 1.0843946105574012 1.0009055079782363
6.198238999999999 6.530796e-05 1.0958079130172151 1.011440083846681
6.168363 6.587729e-05 1.1053607503607503 1.0202574344871915
6.138229 6.495571e-05 1.0898974797812007 1.0059847033764444
6.108456 6.480257e-05 1.0873279304674655 1.003612987364487
6.078197 6.453797e-05 1.0828881841672537 0.9995150635250982
6.048220000000001 6.478297e-05 1.0869990603711535 1.0033094374504583
6.018390999999999 6.390041e-05 1.0721905097486493 0.9896410184644765
5.98816 6.457142e-05 1.0834494446122354 1.000033111720214
5.958352 6.453016e-05 1.0827571395013256 0.9993941081767024
5.928169 6.435277e-05 1.0797806973388366 0.9966468265823366
5.8978909999999996 6.504874e-05 1.0914584382026242 1.0074254813612453
5.867965 6.53665e-05 1.0967901607436492 1.0123467069062346
5.838116 6.478759e-05 1.0870765797509985 1.0033809885016223
5.808493 6.567562e-05 1.1019769119769118 1.0171341226932025
5.778475 6.435801e-05 1.0798686197523406 0.996727979722618
5.748048 6.409892e-05 1.0755213262190007 0.9927153905784487
5.718031 6.33243e-05 1.0625239101983288 0.980718664333297
5.68791 6.337998e-05 1.0634581697372396 0.981580993884987
5.658125 6.442533e-05 1.080998187858653 0.9977705807538637
5.627891 6.444801e-05 1.0813787375415285 0.9981218313686685
5.59779 6.609112e-05 1.1089486224369944 1.0235690711258023
5.567682 6.473921e-05 1.0862648075438774 1.0026317158056675
5.537872999999999 6.559148e-05 1.100565119634887 1.0158310262765504
5.508041 6.372809e-05 1.0692991375549517 0.9869722571795053
5.477993000000001 6.362988e-05 1.0676512634652169 0.9854512552888539
5.4478800000000005 6.438141e-05 1.0802612503775293 0.9970903811505908
5.418279999999999 6.451018e-05 1.082421893352126 0.999084673111279
5.388095 6.513635e-05 1.0929284539749655 1.008782318502473
5.357919 6.455723e-05 1.0832113493741402 0.9998133477773533
5.327641 6.416284e-05 1.0765938454310546 0.9937053349919547
5.297616 6.515818e-05 1.0932947414342764 1.0091204049628428
5.267771 6.45687e-05 1.0834038054968287 0.9999909864260221
5.237597 6.33305e-05 1.0626279405349173 0.9808146852244695
5.207937 6.55632e-05 1.100090607067351 1.0153930471148802
5.177733 6.500054e-05 1.0906496862310817 1.006678996368583
5.147512 6.530149e-05 1.0956993523272593 1.0113398814005705
5.117484 6.550761e-05 1.0991578576462295 1.0145321114148362
5.08754 6.415197e-05 1.076411456760294 0.9935369886875929
5.057531 6.40798e-05 1.075200510084231 0.9924192745398654
5.02778 6.516984e-05 1.0934903855834088 1.0093009861872089
4.997776 6.51907e-05 1.0938403973287694 1.0096240500242823
4.967899999999999 6.401313e-05 1.0740818483841739 0.9913867402149521
4.937845 6.50693e-05 1.0918034162220207 1.0077438990261653
4.907890999999999 6.515184e-05 1.0931883620255713 1.009022215857999
4.878058 6.51857e-05 1.0937565018960367 1.009546613821724
4.847786 6.495575e-05 1.0898981509446626 1.005985322866065
4.818085 6.531115e-05 1.0958614383032987 1.0114894881439132
4.787826 6.444971e-05 1.0814072619886574 0.9981481596775383
4.758020999999999 6.52467e-05 1.094780026175375 1.0104913354929361
4.727984 6.362244e-05 1.0675264270613107 0.9853360302194469
4.69803 6.504592e-05 1.091411121178563 1.0073818073430025
4.667688 6.531316e-05 1.0958951642672574 1.011520617497342
4.637616 6.448165e-05 1.0819431860129534 0.9986428221394811
4.607541 6.409523e-05 1.0754594113896438 0.9926582426609606
4.577908000000001 6.599503e-05 1.1073363200107385 1.0220809021850357
4.547733 6.503239e-05 1.0911841001375886 1.0071722649788795
4.5174650000000005 6.450947e-05 1.0824099802006777 0.9990736771705155
4.487408 6.423023e-05 1.0777245880734254 0.9947490201300365
4.457946 6.458303e-05 1.0836442498070404 1.0002129185825543
4.42779 6.433492e-05 1.0794811906439812 0.9963703793392031
4.397899000000001 6.427817e-05 1.0785289774824658 0.9954914784401658
4.367456 6.458023e-05 1.0835972683647102 1.0001695543091216
4.337483 6.543918e-05 1.0980096647538509 1.0134723195466226
4.307428 6.565062e-05 1.1015574348132486 1.0167469416804107
4.27771 6.461213e-05 1.0841325212255444 1.0006635972814442
4.247795 6.48463e-05 1.088061679922145 1.0042902443920625
4.217771 6.493041e-05 1.0894729688915736 1.0055928761914992
4.187604 6.35157e-05 1.0657354273633344 0.9836829221672311
4.157512 6.365712e-05 1.0681083257827442 0.9858731277203917
4.127576 6.366929e-05 1.0683125272660157 0.9860616074374189
4.097682 6.501681e-05 1.0909226819691937 1.0069309737717078
4.067188 6.401352e-05 1.074088392227927 0.9913927802387518
4.03716 6.430416e-05 1.07896506594181 0.9958939918210643
4.00721 6.501435e-05 1.090881405416289 1.0068928751600488
3.977298 6.472119e-05 1.0859624484043089 1.002352635731647
3.9472519999999998 6.541584e-05 1.097618040873855 1.0131108473530803
3.917258 6.430833e-05 1.0790350347327091 0.995958573613998
3.8872240000000002 6.562786e-05 1.1011755428034498 1.0163944520863653
3.857234 6.519169e-05 1.0938570086244503 1.0096393823923888
3.8271599999999997 6.460567e-05 1.0840241283264538 1.0005635497077385
3.797295 6.479577e-05 1.087213832678949 1.0035076741290077
3.7674090000000002 6.511497e-05 1.092569717104601 1.0084512013003335
3.737257 6.473387e-05 1.0861752072217188 1.002549013941335
3.707335 6.575197e-05 1.1032579952347394 1.0183165735062687
3.677625 6.542446e-05 1.0977626765998858 1.0132443473662907
3.647363 6.481676e-05 1.0875660257055606 1.0038327513073477
3.617663 6.413034e-05 1.0760485251182925 0.9932019996753253
3.587326 6.432196e-05 1.079263733682338 0.9961696647021719
3.557021 6.515001e-05 1.0931576562971912 1.0089938742078624
3.527352 6.385874e-05 1.0714913252122553 0.9889956651523552
3.497187 6.507025e-05 1.09181935635424 1.0077586119046513
3.467113 6.408973e-05 1.075367126413638 0.9925730628381464
3.437258 6.369161e-05 1.068687036477734 0.9864072826456395
3.4072150000000003 6.464407e-05 1.0846684452498407 1.001158259743387
3.37715 6.413434e-05 1.0761156414644786 0.993263948637372
3.347011 6.40506e-05 1.0747105607570722 0.9919670471169245
3.316965 6.452338e-05 1.08264337729454 0.9992891046860333
3.2870120000000003 6.47512e-05 1.0864659887915702 1.0028174078194023
3.2570300000000003 6.538109e-05 1.0970349676163629 1.0125726657452996
3.2267609999999998 6.433215e-05 1.0794347125742474 0.9963274796829861
3.197076 6.439687e-05 1.0805206550555388 0.9973298138889015
3.167154 6.405258e-05 1.0747437833484346 0.9919977118531379
3.137261 6.467902e-05 1.0852548743246415 1.0016995387992698
3.106687 6.372983e-05 1.0693283331655425 0.9869992049779955
3.076641 6.363967e-05 1.0678155307225075 0.9856028753734631
3.046871 6.438846e-05 1.0803795429376823 0.9971995661961982
3.016947 6.499665e-05 1.0905844155844155 1.0066187510029925
2.9867890000000004 6.454776e-05 1.0830524514245443 0.9996666836097077
2.9566689999999998 6.446889e-05 1.0817290848686199 0.9984452049505522
2.9268609999999997 6.433064e-05 1.0794093761535624 0.9963040939498136
2.8970390000000004 6.390458e-05 1.0722604785395484 0.9897056002574103
2.866993 6.453715e-05 1.0828744253162859 0.999502363987879
2.836817 6.375873e-05 1.0698132487667371 0.9874467862287829
2.80655 6.395044e-05 1.0730299674485722 0.9904158451072755
2.776576 6.542768e-05 1.0978167052585657 1.0132942162807386
2.747078 6.441689e-05 1.0808565723682002 0.9976398684439451
2.716761 6.43906e-05 1.080415450182892 0.9972327088908933
2.6867199999999998 6.399453e-05 1.0737697573744083 0.991098677541435
2.656576 6.373376e-05 1.0693942749756702 0.9870600698332063
2.626578 6.417507e-05 1.076799053659519 0.9938947439434127
2.5966039999999997 6.454362e-05 1.0829829860062419 0.9996025664339895
2.566576 6.418506e-05 1.0769666767341186 0.9940494614761243
2.5364459999999998 6.437972e-05 1.0802328937212657 0.9970642077141263
2.506752 6.405094e-05 1.0747162656464981 0.9919723127786987
2.476613 6.49104e-05 1.0891372193697775 1.0052829765088607
2.44665 6.41299e-05 1.0760411423202123 0.9931951852895005
2.4169929999999997 6.330123e-05 1.0621368166717002 0.9803613736946926
2.386947 6.447161e-05 1.0817747239840263 0.9984873302447438
2.356937 6.419652e-05 1.0771589650659419 0.994226945252388
2.326623 6.343286e-05 1.06434544783382 0.9823999591632442
2.296597 6.369183e-05 1.0686907278767743 0.986410689838552
2.266761 6.477398e-05 1.0868482163831 1.0031702071582582
2.2368539999999997 6.376624e-05 1.0699392597067015 0.9875630954050254
2.206576 6.525036e-05 1.0948414376321352 1.0105480187932088
2.176521 6.466446e-05 1.0850105708245241 1.0014740445774197
2.1465590000000003 6.468291e-05 1.0853201449713077 1.0017597841648602
2.116808 6.422227e-05 1.077591026544515 0.9946257416955635
2.0866599999999997 6.36929e-05 1.0687086814993791 0.9864272611858994
2.056678 6.409548e-05 1.0754636061612806 0.9926621144710884
2.026474 6.462602e-05 1.084365582737676 1.0008787150521512
1.996521 6.492693e-05 1.0894145776703916 1.0055389805945187
1.966521 6.574615e-05 1.1031603409510384 1.0182264377664907
1.936691 6.473502e-05 1.0861945031712474 1.0025668242679235
1.906808 6.469167e-05 1.0854671297694554 1.0018954523917425
1.876373 6.463681e-05 1.0845466290815127 1.001045822377272
1.846465 6.41635e-05 1.0766049196281753 0.9937155565706924
1.816578 6.444685e-05 1.0813592738011344 0.998103866169675
1.786826 6.447788e-05 1.081879928856673 0.998584435242752
1.7567709999999999 6.35968e-05 1.0670962112822577 0.9849389373727276
1.726567 6.457471e-05 1.0835046478069734 1.0000840647414975
1.696502 6.367382e-05 1.0683885365280714 0.9861317646369367
1.6664100000000002 6.411995e-05 1.075874190409074 0.9930410872464092
1.636748 6.401807e-05 1.0741647370717138 0.9914632471830799
1.606641 6.414167e-05 1.0762386321688648 0.9933774701103227
1.5764 6.335429e-05 1.063027115003859 0.981183126676242
1.546361 6.375875e-05 1.069813584348468 0.9874470959735929
1.516345 6.407563e-05 1.075130541293332 0.9923546927469319
1.4865760000000001 6.361218e-05 1.0673542736333435 0.9851771311317973
1.456289 6.385257e-05 1.0713877982482634 0.9889001088783982
1.42655 6.355678e-05 1.0664247122386656 0.9843191380074506
1.396409 6.486017e-05 1.0882944058525452 1.004505052417959
1.366104 6.379568e-05 1.0704332360146314 0.9880190397656892
1.336132 6.396457e-05 1.0732670559414743 0.9906346798157054
1.306257 6.360208e-05 1.0671848048592232 0.9850207100026293
1.276521 6.40145e-05 1.0741048357327427 0.9914079577344533
1.246446 6.362028e-05 1.0674901842343703 0.9853025777799417
1.216323 6.430006e-05 1.0788962716869692 0.9958304941349663
1.1862709999999999 6.27893e-05 1.0535470988959361 0.9724329906595524
1.156502 6.299794e-05 1.0570478875130038 0.9756642485199076
1.126502 6.360317e-05 1.0672030940635593 0.9850375910947873
1.09628 6.362664e-05 1.0675968992248062 0.985401076629596
1.0664179999999999 6.413925e-05 1.076198026779422 0.9933399909882843
1.036724 6.310708e-05 1.0588791570186917 0.9773545259493515
1.006521 6.399841e-05 1.073834860230209 0.9911587680346204
0.9762706 6.382866e-05 1.0709866102889358 0.9885298089577642
0.9466251999999999 6.454483e-05 1.083003288700963 0.9996213059950085
0.9163447 6.430725e-05 1.0790169133192387 0.9959418473942452
0.8862150000000001 6.400656e-05 1.0739716097855632 0.9912849890447906
0.8561224 6.402957e-05 1.074357696566999 0.9916413504489644
0.8262798 6.303217e-05 1.0576222356454914 0.9761943767626221
0.7960761 6.352812e-05 1.0659438236182424 0.9838752736943861
0.7660113 6.341981e-05 1.0641264807543878 0.9821978506745669
0.7361441 6.368064e-05 1.0685029698983188 0.9862373876172263
0.7059465 6.372292e-05 1.0692123896775059 0.9868921881460597
0.6762007 6.512034e-05 1.0926598207993556 1.0085343677818812
0.6462614 6.439622e-05 1.0805097486492834 0.9973197471825688
0.6159095 6.333163e-05 1.0626469009027149 0.9808321858062475
0.5859743 6.293379e-05 1.055971509111044 0.9746707420410838
0.5563539 6.323908e-05 1.0610939964428336 0.9793988416968924
0.5264002000000001 6.330013e-05 1.0621183596764994 0.98034433773013
0.4964557 6.316916e-05 1.0599208027115004 0.9783159738403161
0.46605610000000003 6.407429e-05 1.0751080573173597 0.9923339398446462
0.4361441 6.321392e-05 1.060671834625323 0.9790091827256187
0.40623349999999997 6.200018e-05 1.0403063861203394 0.9602116994269813
0.3762057 6.149241e-05 1.0317864693446088 0.9523477433123694
0.3462057 5.84923e-05 0.9814473640055036 0.905884318180896
0.3160946 5.44254e-05 0.9132084969294272 0.8428992597439754
0.2859002 4.818805e-05 0.8085514614584381 0.7462999201384954
0.2560391 4.018953e-05 0.6743436021342998 0.6224249171610735
0.2258354 3.155094e-05 0.529395952884325 0.4886369961493454
0.1962101 2.424286e-05 0.4067730460753716 0.37545500351080247
0.1659465 2.032593e-05 0.3410505386086782 0.31479256653341753
0.13564089999999998 1.615393e-05 0.2710481895365616 0.25017979911872024
0.1058044 1.343765e-05 0.22547149233195746 0.2081121174616747
0.0758261 1.04939e-05 0.17607805631061443 0.16252155320543907
0.04593652 7.339049e-06 0.12314253834021276 0.11366161698994887
0.01595573 4.865053e-06 0.08163114534044766 0.07534624591303338
-0.01430353 3.32385e-06 0.05577116681767844 0.051477264374722324
-0.04430353 2.128546e-07 0.0035715057552266854 0.0032965303842158256
-0.07422387000000001 -1.636089e-07 -0.0027452078928823114 -0.0025338503841501594
-0.10398869999999999 -3.555725e-06 -0.05966181751065472 -0.05506836826836637
-0.1341091 -5.657571e-06 -0.09492887345212925 -0.08762016278886296
-0.16458129999999999 -6.572314e-06 -0.1102774254169603 -0.10178700763623172
-0.1942899 -7.94672e-06 -0.13333870264102823 -0.12307276391891735
-0.2238591 -8.630995e-06 -0.14482021208765394 -0.133670295420042
-0.2540918 -1.059771e-05 -0.17781989328500955 -0.1641292836429558
-0.28382209999999997 -1.299161e-05 -0.21798734856874394 -0.20120418870384837
-0.3142943 -1.39855e-05 -0.23466391489647304 -0.21659680217599445
-0.3442711 -1.546168e-05 -0.25943286687472733 -0.239458756874515
-0.37424799999999997 -1.705704e-05 -0.28620155038759687 -0.26416648089721667
-0.4041554 -1.907438e-05 -0.3200506728413705 -0.29540951067103394
-0.43395979999999995 -1.993649e-05 -0.3345160911439981 -0.3087612155885518
-0.4641647 -2.230769e-05 -0.3743026611631262 -0.3454845602898294
-0.4944167 -2.413011e-05 -0.4048812040672506 -0.37370881714311144
-0.5248406 -2.515736e-05 -0.4221175207221719 -0.38961808495872696
-0.5545535 -2.722927e-05 -0.45688227792878955 -0.42170625344726614
-0.5842143999999999 -2.766221e-05 -0.4641466156582436 -0.4284112993543896
-0.6144054 -3.020828e-05 -0.5068673445417631 -0.4678428978039433
-0.6444517 -3.153769e-05 -0.5291736299875834 -0.4884317902125658
-0.6743654 -3.3156e-05 -0.5563273935366958 -0.5134949464050103
-0.7042016999999999 -3.572301e-05 -0.5993994764924997 -0.5532508476708785
-0.7342295 -3.78925e-05 -0.6358015369643276 -0.5868502610885467
-0.7643869 -3.960093e-05 -0.6644674317930132 -0.6133091273959032
-0.7947294 -4.218563e-05 -0.7078363367898252 -0.6533389979464228
-0.8246295 -4.444624e-05 -0.7457673076277727 -0.6883496087195146
-0.8544516999999999 -4.759414e-05 -0.7985861941675895 -0.7371018931262082
-0.8843869 -4.98371e-05 -0.8362210141279908 -0.7718391541042688
-0.9145165 -5.274789e-05 -0.8850614114567603 -0.8169192589132399
-0.944922 -5.447115e-05 -0.9139761401389308 -0.8436078009973844
-0.9748869 -5.698707e-05 -0.9561909795630725 -0.8825724591455113
-1.004628 -5.987335e-05 -1.0046201214805865 -0.9272729716895411
-1.03472 -6.038217e-05 -1.0131576562971911 -0.9351531894066902
-1.0646669999999998 -6.123587e-05 -1.0274819624819624 -0.948374646631505
-1.0946300000000002 -6.299683e-05 -1.057029262726937 -0.9756470576829396
-1.1245999999999998 -6.35282e-05 -1.065945165945166 -0.9838765126736272
-1.154573 -6.346547e-05 -1.064892613846102 -0.9829049980763296
-1.1844700000000001 -6.22285e-05 -1.044137387160643 -0.9637477461806063
-1.214507 -6.33676e-05 -1.0632504446457935 -0.9813892618474525
-1.24447 -6.276419e-05 -1.0531257760327526 -0.972044106050304
-1.27447 -6.424326e-05 -1.0779432195711265 -0.9949508188739035
-1.3045719999999998 -6.364776e-05 -1.0679512735326686 -0.9857281671492024
-1.334479 -6.384143e-05 -1.0712008792241352 -0.9887275810190983
-1.3645260000000001 -6.381748e-05 -1.0707990201013455 -0.9883566616088435
-1.394729 -6.401144e-05 -1.0740534917279103 -0.9913605667784876
-1.424507 -6.344672e-05 -1.0645780059733547 -0.9826146123167359
-1.454156 -6.355836e-05 -1.0664512231954093 -0.9843436078474591
-1.484804 -6.424415e-05 -1.0779581529581528 -0.9949646025179587
-1.514422 -6.339412e-05 -1.0636954260210074 -0.9817999834658221
-1.5442850000000001 -6.514457e-05 -1.093066378066378 -1.008909623619479
-1.574384 -6.475855e-05 -1.086589315077687 -1.0029312390371632
-1.6045630000000002 -6.357368e-05 -1.066708278801302 -0.9845808723720978
-1.634646 -6.423447e-05 -1.0777957314003825 -0.9948146860298058
-1.664757 -6.400535e-05 -1.073951307090842 -0.9912662494837715
-1.694545 -6.347606e-05 -1.0650703043726302 -0.9830690079533485
-1.7245540000000001 -6.378743e-05 -1.0702948085506223 -0.9878912700314677
-1.7545160000000002 -6.341583e-05 -1.0640596999899326 -0.9821362114573304
-1.7845630000000001 -6.369827e-05 -1.068798785194134 -0.9865104276674472
-1.81446 -6.463684e-05 -1.0845471324541092 -1.0010462869944876
-1.844415 -6.44847e-05 -1.0819943622269201 -0.9986900582230416
-1.8744239999999999 -6.46245e-05 -1.084340078526125 -1.0008551744465735
-1.904906 -6.476259e-05 -1.0866571025873353 -1.0029938074888303
-1.9345450000000002 -6.386769e-05 -1.0716414980368467 -0.9891342759549346
-1.964415 -6.394868e-05 -1.0730004362562502 -0.990388587563975
-1.994443 -6.418944e-05 -1.0770401691331921 -0.9941172955895651
-2.024637 -6.458513e-05 -1.0836794858887882 -1.0002454417876288
-2.0547020000000003 -6.378241e-05 -1.0702105775361588 -0.9878135240840992
-2.084702 -6.41003e-05 -1.0755444813584347 -0.9927367629703547
-2.114906 -6.391962e-05 -1.0725128360012082 -0.9899385283547059
-2.144887 -6.446736e-05 -1.0817034128662035 -0.9984215094725692
-2.174743 -6.442154e-05 -1.0809345951206415 -0.9977118841123243
-2.204729 -6.463657e-05 -1.0845426021007416 -1.0010421054395493
-2.2346709999999996 -6.323618e-05 -1.0610453370918487 -0.9793539286994085
-2.26479 -6.433481e-05 -1.0794793449444613 -0.9963686757427471
-2.294808 -6.372709e-05 -1.069282358468405 -0.9869567699389935
-2.325072 -6.437926e-05 -1.0802251753414547 -0.9970570835834911
-2.3548560000000003 -6.478535e-05 -1.087038994597134 -1.003346297082876
-2.384674 -6.477398e-05 -1.0868482163831 -1.0031702071582582
-2.414896 -6.481863e-05 -1.0875974025974027 -1.0038617124471045
-2.444887 -6.444224e-05 -1.0812819222121546 -0.9980324699909159
-2.474961 -6.417812e-05 -1.0768502298734857 -0.9939419800269731
-2.5045450000000002 -6.42458e-05 -1.0779858384509546 -0.994990156464803
-2.534776 -6.35168e-05 -1.0657538843585352 -0.9836999581317938
-2.5646370000000003 -6.440558e-05 -1.080666800899359 -0.9974647077537582
-2.594794 -6.406481e-05 -1.0749489915768986 -0.9921871208045956
-2.6247849999999997 -6.497138e-05 -1.0901604080673846 -1.0062273884352622
-2.654828 -6.390742e-05 -1.0723081311453404 -0.9897495840204634
-2.6850169999999998 -6.469946e-05 -1.0855978388536527 -1.0020160979953283
-2.714813 -6.478834e-05 -1.0870891640659084 -1.003392603932006
-2.7448960000000002 -6.390693e-05 -1.0722999093929326 -0.9897419952726128
-2.774804 -6.554876e-05 -1.0998483170576194 -1.0151694113618919
-2.804906 -6.381648e-05 -1.0707822410147991 -0.988341174368332
-2.835007 -6.378379e-05 -1.070233732675593 -0.9878348964760053
-2.864832 -6.404259e-05 -1.0745761602738346 -0.9918429943204261
-2.894609 -6.416849e-05 -1.0766886472700428 -0.9937928379008459
-2.924692 -6.40558e-05 -1.0747978120071142 -0.9920475807675854
-2.954841 -6.470373e-05 -1.0856694855532063 -1.0020822285123132
-2.985165 -6.386219e-05 -1.071549213060841 -0.9890490961321207
-3.0150259999999998 -6.386318e-05 -1.071565824356522 -0.9890644285002269
-3.04479 -6.392561e-05 -1.0726133427296218 -0.9900312969253707
-3.07485 -6.527627e-05 -1.0952761837645557 -1.010949293194866
-3.104804 -6.53098e-05 -1.095838786536461 -1.0114685803692225
-3.1351 -6.515087e-05 -1.0931720863116214 -1.0090071932347027
-3.164894 -6.453329e-05 -1.0828096580422162 -0.9994425832395039
-3.1950909999999997 -6.393885e-05 -1.0728354978354977 -0.9902363479897452
-3.224813 -6.454981e-05 -1.0830868485519647 -0.9996984324527566
-3.255026 -6.426424e-05 -1.0782952448068728 -0.9952757411798383
-3.2850070000000002 -6.374046e-05 -1.069506694855532 -0.9871638343446346
-3.314813 -6.404884e-05 -1.0746810295647504 -0.991939789573624
-3.345285 -6.539081e-05 -1.097198060337595 -1.012723201723073
-3.375174 -6.440612e-05 -1.0806758616060943 -0.9974730708636346
-3.4049609999999997 -6.460572e-05 -1.0840249672807813 -1.0005643240697644
-3.435239 -6.551781e-05 -1.0993290043290045 -1.0146900812680557
-3.46496 -6.471211e-05 -1.0858100942984663 -1.002212011587801
-3.494906 -6.488122e-05 -1.0886476056243497 -1.00483105883073
-3.525035 -6.492074e-05 -1.0893107151246686 -1.0054431145757512
-3.5551280000000003 -6.453614e-05 -1.0828574784388738 -0.9994867218749621
-3.584913 -6.517516e-05 -1.0935796503238362 -1.0093833783067307
-3.6148960000000003 -6.456572e-05 -1.08335380381892 -0.9999448344492974
-3.645054 -6.469935e-05 -1.0855959931541326 -1.0020143943988722
-3.675304 -6.427441e-05 -1.078465888117051 -0.9954332464158422
-3.7052199999999997 -6.408454e-05 -1.0752800429544616 -0.9924926840598909
-3.735359 -6.454843e-05 -1.0830636934125304 -0.9996770600608504
-3.765234 -6.538388e-05 -1.097081781267828 -1.0126158751463274
-3.7950630000000003 -6.555512e-05 -1.0999550320480553 -1.015267910211546
-3.82496 -6.458267e-05 -1.0836382093358838 -1.0002073431759704
-3.854692 -6.489302e-05 -1.088845598845599 -1.0050138082687678
-3.884591 -6.456742e-05 -1.083382328266049 -0.9999711627581672
-3.91473 -6.430643e-05 -1.0790031544682706 -0.9959291478570257
-3.944989 -6.431569e-05 -1.0791585288096917 -0.996072559704164
-3.9749879999999997 -6.444605e-05 -1.081345850531897 -0.9980914763772655
-4.004517 -6.409582e-05 -1.0754693110507065 -0.9926673801328626
-4.034637 -6.368366e-05 -1.0685536427396891 -0.9862841590835716
-4.064822 -6.405661e-05 -1.0748114030672171 -0.9920601254323999
-4.095044 -6.399038e-05 -1.0737001241652404 -0.9910344054933117
-4.1253779999999995 -6.461154e-05 -1.0841226215644821 -1.0006544598095424
-4.155276 -6.423616e-05 -1.077824088056646 -0.9948408594662705
-4.185375 -6.446613e-05 -1.0816827745897513 -0.9984024601667398
-4.215196 -6.424786e-05 -1.0780204033692404 -0.9950220601802571
-4.245054 -6.521129e-05 -1.0941858787207626 -1.0099429323064177
-4.275017 -6.484112e-05 -1.0879747642538342 -1.004210020486212
-4.3050820000000005 -6.567764e-05 -1.1020108057317362 -1.0171654069190363
-4.335156 -6.485847e-05 -1.0882658814054162 -1.0044787241090893
-4.365387 -6.398546e-05 -1.0736175710594313 -0.9909582082699943
-4.395469 -6.434252e-05 -1.0796087117017348 -0.996488082367092
-4.4252020000000005 -6.442268e-05 -1.0809537232793045 -0.9977295395665077
-4.455285 -6.458855e-05 -1.0837368703647774 -1.000298408150179
-4.485452 -6.377765e-05 -1.0701307090841974 -0.9877398048192636
-4.515270999999999 -6.432367e-05 -1.0792924259203327 -0.996196147883447
-4.545165 -6.479627e-05 -1.087222222222222 -1.0035154177492633
-4.575063 -6.461038e-05 -1.084103157824088 -1.0006364946105488
-4.605359 -6.516349e-05 -1.0933838383838386 -1.00920264220996
-4.6354239999999995 -6.550393e-05 -1.0990961106077384 -1.0144751183697533
-4.665406 -6.431901e-05 -1.0792142353770262 -0.9961239773426628
-4.695665 -6.4517e-05 -1.0825363267223733 -0.9991902960915688
-4.725517 -6.450918e-05 -1.0824051142655795 -0.9990691858707674
-4.755384 -6.47674e-05 -1.0867378099936238 -1.0030683011156913
-4.784998 -6.434278e-05 -1.079613074264237 -0.996492109049625
-4.8150640000000005 -6.374115e-05 -1.069518272425249 -0.9871745205405875
-4.845073 -6.398259e-05 -1.0735694150810429 -0.9909137598897259
-4.875139 -6.423562e-05 -1.0778150273499112 -0.9948324963563944
-4.905234 -6.499254e-05 -1.0905154535387094 -1.0065550984444893
-4.935111 -6.440743e-05 -1.0806978422094702 -0.9974933591487047
-4.965082000000001 -6.48106e-05 -1.087462666532434 -1.0037373499057958
-4.995036 -6.506126e-05 -1.0916685123661867 -1.0076193816124515
-5.024894000000001 -6.594278e-05 -1.1064596127386823 -1.0212716938683009
-5.054535 -6.446775e-05 -1.0817099567099566 -0.9984275494963688
-5.08472 -6.453635e-05 -1.0828610020470484 -0.9994899741954695
-5.114563 -6.542233e-05 -1.0977269371455416 -1.0132113595440009
-5.144646 -6.413528e-05 -1.0761314138058324 -0.9932785066434531
-5.175304 -6.560692e-05 -1.1008241887311656 -1.0160701492700508
-5.204998 -6.36617e-05 -1.0681851739991273 -0.9859440592819351
-5.234489 -6.353581e-05 -1.066072854793785 -0.9839943705739208
-5.264563 -6.378162e-05 -1.070197322057787 -0.9878012891640949
-5.294739 -6.496492e-05 -1.090052015168294 -1.0061273408615568
-5.324822 -6.45441e-05 -1.0829910399677842 -0.999610000309435
-5.354776 -6.445735e-05 -1.0815354542098725 -0.9982664821950472
-5.384906 -6.475599e-05 -1.086546360616128 -1.0028915917014534
-5.4147479999999995 -6.515622e-05 -1.093261854424645 -1.0090900499714397
-5.445137 -6.483907e-05 -1.0879403671264136 -1.0041782716431629
-5.474951 -6.434424e-05 -1.0796375717305948 -0.996514720420772
-5.504665 -6.362914e-05 -1.0676388469411726 -0.9854397947308754
-5.534692 -6.539904e-05 -1.0973361522198732 -1.0128506617124842
-5.564451 -6.455739e-05 -1.0832140340279874 -0.9998158257358352
-5.59447 -6.462637e-05 -1.0843714554179669 -1.0008841355863303
-5.624776 -6.452754e-05 -1.0827131782945736 -0.9993535316065616
-5.654822 -6.44999e-05 -1.0822494043424276 -0.9989254642788191
-5.68489 -6.485379e-05 -1.0881873552803785 -1.0044062438234946
-5.715044 -6.521452e-05 -1.0942400751703076 -1.0099929560932703
-5.744988 -6.543478e-05 -1.097935836773046 -1.0134041756883714
-5.774943 -6.558147e-05 -1.1003971609785563 -1.0156759989990285
-5.804903 -6.482664e-05 -1.0877318030806402 -1.0039857652436028
-5.834868999999999 -6.493283e-05 -1.089513574281016 -1.0056303553135373
-5.864776 -6.455006e-05 -1.0830910433236016 -0.9997023042628846
-5.894705 -6.516669e-05 -1.0934375314607874 -1.0092522013795973
-5.924715 -6.473523e-05 -1.086198026779422 -1.002570076588431
-5.954665 -6.500076e-05 -1.0906533776301217 -1.0066824035614952
-5.9848040000000005 -6.546573e-05 -1.098455149501661 -1.0138835057822075
-6.014767 -6.440055e-05 -1.08058240209403 -0.9973868069339844
-6.044887 -6.503318e-05 -1.0911973556159602 -1.0071844998988837
-6.0745640000000005 -6.541963e-05 -1.0976816336118662 -1.0131695439946196
-6.104646 -6.327627e-05 -1.0617180106714992 -0.9799748121715214
-6.134563 -6.463961e-05 -1.0845936105238432 -1.001089186650705
-6.164795 -6.435945e-05 -1.0798927816369677 -0.9967502813489546
-6.19479 -6.462026e-05 -1.084268935199168 -1.000789508546804
-6.224628 -6.447775e-05 -1.0818777475754218 -0.9985824219014854
-6.2546930000000005 -6.487552e-05 -1.0885519648310347 -1.0047427815598136
-6.2848869999999994 -6.548865e-05 -1.0988397261653073 -1.0142384733347352
-6.314555 -6.486143e-05 -1.088315547501594 -1.004524566341004
-6.344304 -6.502558e-05 -1.0910698345582066 -1.007066796870995
-6.374294 -6.512208e-05 -1.0926890164099465 -1.0085613155803714
-6.404452 -6.577546e-05 -1.1036521359777174 -1.0186803687858879
-6.4346000000000005 -6.550233e-05 -1.0990692640692639 -1.0144503387849346
-6.464517 -6.513415e-05 -1.0928915399845631 -1.0087482465733473
-6.494248 -6.477222e-05 -1.0868186851907782 -1.0031429496149575
-6.524387 -6.506542e-05 -1.0917383133662204 -1.00768380853298
-6.554600000000001 -6.493435e-05 -1.0895390784925667 -1.005653895919115
-6.584758 -6.431145e-05 -1.0790873854827343 -0.9960068938043944
-6.614702 -6.483639e-05 -1.0878953991744689 -1.0041367658385916
-6.644441 -6.430188e-05 -1.0789268096244842 -0.9958586809126978
-6.6743500000000004 -6.382752e-05 -1.0709674821302728 -0.9885121535035808
-6.704461 -6.494724e-05 -1.0897553609181516 -1.0058535264493107
-6.734384 -6.417224e-05 -1.0767515688445919 -0.9938509150527643
-6.764406 -6.454294e-05 -1.0829715762273902 -0.9995920351104415
-6.794398 -6.472944e-05 -1.0861008758683177 -1.0024804054658683
-6.824452 -6.408964e-05 -1.075365616295849 -0.9925716689865004
-6.854451 -6.477803e-05 -1.0869161716836133 -1.0032329304823304
-6.88435 -6.541219e-05 -1.09755679720796 -1.0130543189252128
-6.914341 -6.482915e-05 -1.087773918587872 -1.0040246382172873
-6.944526 -6.425026e-05 -1.0780606731769522 -0.9950592295574852
-6.9743 -6.465002e-05 -1.0847682808147925 -1.0012504088244314
-7.004193 -6.497514e-05 -1.0902234974327998 -1.0062856204595862
-7.034146 -6.438246e-05 -1.0802788684184033 -0.9971066427531283
-7.064378 -6.458858e-05 -1.0837373737373737 -1.000298872767394
-7.094406 -6.452477e-05 -1.0826667002248396 -0.9993106319503442
-7.1246 -6.46283e-05 -1.0844038390550017 -1.0009140259605178
-7.154139 -6.525749e-05 -1.094961072519212 -1.010658442818057
-7.184239 -6.443193e-05 -1.08110892982986 -0.9978727965412407
-7.214341 -6.408551e-05 -1.0752963186684117 -0.9925077066831872
-7.2442150000000005 -6.445382e-05 -1.0814762240343636 -0.9982118122360413
-7.274249 -6.534896e-05 -1.0964958555656228 -1.0120750607076594
-7.304137 -6.419584e-05 -1.07714755528709 -0.9942164139288397
-7.334356 -6.510869e-05 -1.0924643444410886 -1.00835394142992
-7.364313 -6.505538e-05 -1.0915698513372933 -1.007528316638243
-7.394054 -6.464347e-05 -1.0846583777979126 -1.0011489673990799
-7.423997999999999 -6.459306e-05 -1.083812544045102 -1.0003682556048865
-7.453934 -6.45605e-05 -1.0832662169871472 -0.9998639910538264
-7.484193 -6.433795e-05 -1.0795320312762173 -0.9964173056779538
-7.513952000000001 -6.500875e-05 -1.0907874425316286 -1.0068061466131837
-7.544008 -6.427454e-05 -1.0784680693983018 -0.9954352597571086
-7.574026 -6.403566e-05 -1.074459881204067 -0.9917356677436803
-7.603886999999999 -6.483678e-05 -1.087901943018222 -1.0041428058623914
-7.633743000000001 -6.412139e-05 -1.0758983522937013 -0.993063388872746
-7.663674 -6.476638e-05 -1.0867206953253465 -1.0030525041303695
-7.693619 -6.425624e-05 -1.0781610121145007 -0.9951518432557451
-7.72372 -6.432193e-05 -1.0792632303097418 -0.9961692000849567
-7.753536 -6.423667e-05 -1.077832645390785 -0.9948487579589317
-7.7835540000000005 -6.564882e-05 -1.1015272324574648 -1.0167190646474895
-7.814017 -6.517407e-05 -1.0935613611195005 -1.0093664972145733
-7.843837000000001 -6.449084e-05 -1.082097385818316 -0.9987851498797834
-7.873628 -6.481784e-05 -1.0875841471190308 -1.0038494775271003
-7.903554 -6.518697e-05 -1.0937778113359506 -1.0095662826171736
-7.933517 -6.511703e-05 -1.0926042820228865 -1.0084831050157874
-7.963434 -6.50009e-05 -1.0906557267022383 -1.006684571775167
-7.993517 -6.433282e-05 -1.0794459545622335 -0.9963378561341287
-8.023591 -6.474836e-05 -1.086418336185778 -1.002773424056349
-8.0533 -6.537631e-05 -1.0969547635826704 -1.0124986367356539
-8.083054 -6.465689e-05 -1.084883553139367 -1.0013568061667464
-8.112896 -6.430296e-05 -1.0789449310379542 -0.9958754071324502
-8.143267 -6.418543e-05 -1.0769728849961406 -0.9940551917551134
-8.173073 -6.266804e-05 -1.051512466861304 -0.970555007875107
-8.20323 -6.455689e-05 -1.0832056444847142 -0.9998080821155793
-8.233055 -6.399729e-05 -1.0738160676532769 -0.9911414223252473
-8.263268 -6.392451e-05 -1.0725948857344205 -0.9900142609608079
-8.293188 -6.402916e-05 -1.0743508171415148 -0.9916350006803545
-8.323212 -6.345187e-05 -1.0646644182690694 -0.9826943716053712
-8.353101 -6.523977e-05 -1.0946637471056075 -1.0103840089161902
-8.382989 -6.481295e-05 -1.0875020973858185 -1.0037737449209982
-8.412619000000001 -6.52103e-05 -1.0941692674250814 -1.0099275999383113
-8.44299 -6.52045e-05 -1.0940719487231114 -1.0098377739433435
-8.473092000000001 -6.555113e-05 -1.0998880834927347 -1.0152061161219046
-8.503101000000001 -6.523391e-05 -1.0945654216584448 -1.0102932536867917
-8.532786 -6.442681e-05 -1.0810230209067417 -0.9977935018698209
-8.563026 -6.407826e-05 -1.0751746702909493 -0.9923954241894775
-8.592888 -6.494643e-05 -1.089741769858049 -1.0058409817844962
-8.623055 -6.554125e-05 -1.099722306117655 -1.0150531021856493
-8.652715 -6.6548e-05 -1.1166146514983726 -1.0306448815707754
-8.682488 -6.441745e-05 -1.0808659686566662 -0.9976485412986316
-8.712602 -6.404507e-05 -1.07461777240847 -0.9918814026768951
-8.742507999999999 -6.438404e-05 -1.080305379375147 -0.9971311125931368
-8.772305000000001 -6.410281e-05 -1.0755865968656666 -0.9927756359440392
-8.80236 -6.394644e-05 -1.0729628511023859 -0.9903538961452288
-8.832212 -6.369871e-05 -1.0688061679922143 -0.9865172420532722
-8.861998 -6.406005e-05 -1.074869123124937 -0.9921134015397599
-8.891776 -6.328884e-05 -1.0619289237893887 -0.980169486784753
-8.92164 -6.409267e-05 -1.0754164569280849 -0.9926185953252509
-8.951906000000001 -6.314205e-05 -1.059465921675224 -0.9778961147500448
-8.981753000000001 -6.501508e-05 -1.090893654149468 -1.0069041808456225
-9.01136 -6.442957e-05 -1.0810693311856103 -0.9978362466536332
-9.041518 -6.434403e-05 -1.0796340481224203 -0.9965114681002647
-9.071738999999999 -6.498811e-05 -1.090441122185308 -1.0064864899690227
-9.101582 -6.569777e-05 -1.1023485687439176 -1.017477165070536
-9.131333 -6.494541e-05 -1.0897246551897712 -1.0058251847991742
-9.161351 -6.564421e-05 -1.1014498808684854 -1.016647668468731
-9.191249 -6.553336e-05 -1.0995899191248026 -1.014930907858012
-9.221156 -6.517878e-05 -1.093640390617135 -1.0094394421173833
-9.251443 -6.545112e-05 -1.0982100070472163 -1.0136572371983321
-9.281268 -6.542152e-05 -1.0977133460854391 -1.0131988148791866
-9.310979 -6.439695e-05 -1.0805219973824625 -0.9973310528681423
-9.340759 -6.452533e-05 -1.0826760965133058 -0.9993193048050308
-9.370762000000001 -6.330942e-05 -1.0622742373905165 -0.9804882141944833
-9.400583000000001 -6.31803e-05 -1.0601077217356285 -0.978488501699616
-9.430489999999999 -6.468145e-05 -1.0852956475049498 -1.0017371727937132
-9.460192999999999 -6.366307e-05 -1.0682081613476961 -0.9859652768014363
-9.490109 -6.500471e-05 -1.0907196550219806 -1.0067435781615164
-9.520369 -6.415077e-05 -1.076391321856438 -0.9935184039989788
-9.550619000000001 -6.351325e-05 -1.0656943186012955 -0.9836449784279776
-9.580131 -6.397793e-05 -1.0734912245377362 -0.9908415893489414
-9.609832 -6.465455e-05 -1.0848442900768482 -1.0013205660239493
-9.639879 -6.440937e-05 -1.0807303936373702 -0.9975234043952973
-9.670110000000001 -6.445538e-05 -1.0815023994093762 -0.9982359723312395
-9.700166 -6.485568e-05 -1.0882190677539514 -1.0044355147080617
-9.730416 -6.364648e-05 -1.0679297963018894 -0.9857083434813477
-9.760397000000001 -6.282908e-05 -1.054214570958757 -0.9730490730871065
-9.790434999999999 -6.479381e-05 -1.0871809456693178 -1.0034773191376047
-9.820263 -6.406108e-05 -1.0748864055840799 -0.992129353397487
-9.850397000000001 -6.428944e-05 -1.0787180777878453 -0.9956660196407325
-9.880462 -6.463841e-05 -1.0845734756199872 -1.0010706019620907
-9.910323 -6.516076e-05 -1.0933380314775663 -1.009160362043363
-9.940156 -6.440881e-05 -1.0807209973489043 -0.9975147315406109
-9.970156000000001 -6.487581e-05 -1.0885568307661329 -1.0047472728595617
-9.992428 -6.360378e-05 -1.0672133293063526 -0.9850470383114992
-9.994028 -6.505837e-05 -1.0916200208060673 -1.0075746234873728
-9.965574 -6.50026e-05 -1.0906842511493673 -1.0067109000840369
-9.935870999999999 -6.497143e-05 -1.0901612470217121 -1.006228162797288
-9.906352 -6.487418e-05 -1.0885294808550623 -1.0047220286575278
-9.876685 -6.52044e-05 -1.0940702708144567 -1.0098362252192923
-9.846913 -6.478718e-05 -1.0870697003255143 -1.0033746387330125
-9.817473 -6.396507e-05 -1.073275445484748 -0.9906424234359614
-9.787538 -6.412627e-05 -1.075980234236048 -0.9931389666064429
-9.757527 -6.460249e-05 -1.0839707708312358 -1.0005143002829113
-9.728019 -6.502157e-05 -1.0910025504211551 -1.0070046930365433
-9.698092 -6.459824e-05 -1.083899459713413 -1.000448479510737
-9.668102000000001 -6.464253e-05 -1.084642605456559 -1.001134409392999
-9.637870000000001 -6.551544e-05 -1.099289237893889 -1.014653376508043
-9.607796 -6.597993e-05 -1.107082955803886 -1.0218470448533095
-9.577932 -6.493305e-05 -1.0895172656800565 -1.00563376250645
-9.548427 -6.489486e-05 -1.0888764723648443 -1.005042304791309
-9.518186 -6.447727e-05 -1.0818696936138796 -0.99857498802604
-9.488463 -6.430691e-05 -1.079011208429813 -0.9959365817324713
-9.458556 -6.429031e-05 -1.0787326755931408 -0.9956794935399778
-9.428583 -6.412828e-05 -1.0760139602000067 -0.9931700959598714
-9.398593 -6.489876e-05 -1.0889419108023757 -1.0051027050293047
-9.368647999999999 -6.369158e-05 -1.0686865331051376 -0.986406818028424
-9.338667 -6.406415e-05 -1.074937917379778 -0.9921768992258579
-9.308932 -6.353555e-05 -1.066068492231283 -0.9839903438913878
-9.27912 -6.396971e-05 -1.0733533004463238 -0.9907142842319356
-9.249120000000001 -6.409978e-05 -1.0755357562334307 -0.9927287096052888
-9.218917 -6.382041e-05 -1.0708481828249268 -0.9884020392235426
-9.189093000000002 -6.421353e-05 -1.0774443773280982 -0.9944903832134914
-9.15925 -6.455709e-05 -1.0832090003020236 -0.9998111795636818
-9.129352999999998 -6.584036e-05 -1.1047410986945871 -1.0196854906950956
-9.099454 -6.443611e-05 -1.0811790664116245 -0.9979375332065794
-9.069441000000001 -6.517621e-05 -1.0935972683647104 -1.0093996399092684
-9.039602 -6.531263e-05 -1.0958862713513877 -1.0115124092598706
-9.009639 -6.469156e-05 -1.0854652840699353 -1.0018937487952861
-8.979508 -6.370601e-05 -1.0689286553240043 -0.9866302989090076
-8.94975 -6.42287e-05 -1.077698916071009 -0.9947253246520535
-8.919696 -6.419591e-05 -1.0771487298231484 -0.9942174980356758
-8.889897999999999 -6.474944e-05 -1.0864364575992485 -1.0027901502761019
-8.859806 -6.426436e-05 -1.0782972582972583 -0.9952775996486999
-8.829934999999999 -6.391254e-05 -1.0723940400684586 -0.9898288786918832
-8.799973 -6.469766e-05 -1.085567636497869 -1.0019882209624074
-8.770157999999999 -6.466921e-05 -1.0850902714856203 -1.0015476089698505
-8.74037 -6.498367e-05 -1.0903666230410418 -1.006417726621151
-8.710269 -6.53872e-05 -1.0971374878351623 -1.0126672927848261
-8.680083 -6.464543e-05 -1.084691264807544 -1.001179322390483
-8.65031 -6.457756e-05 -1.083552468203631 -1.0001282033769556
-8.620519 -6.481669e-05 -1.0875648511695024 -1.0038316672005119
-8.590241 -6.479199e-05 -1.087150407731803 -1.0034491323598733
-8.560243 -6.460157e-05 -1.083955334071613 -1.000500052021641
-8.5305 -6.414847e-05 -1.0763527299573812 -0.9934827833458021
-8.500472 -6.473657e-05 -1.0862205107553944 -1.0025908294907164
-8.470593000000001 -6.523878e-05 -1.0946471358099266 -1.0103686765480837
-8.440693999999999 -6.554649e-05 -1.0998102285311588 -1.0151342553259304
-8.410478999999999 -6.558241e-05 -1.10041293331991 -1.0156905570051096
-8.380916 -6.492498e-05 -1.089381858451626 -1.005508780475521
-8.350769 -6.531214e-05 -1.0958780495989797 -1.0115048205120198
-8.320647000000001 -6.579448e-05 -1.1039712742038323 -1.01897493610042
-8.290611 -6.5763e-05 -1.1034430685593477 -1.0184873977691127
-8.260639999999999 -6.5446e-05 -1.098124098124098 -1.0135779425269122
-8.230769 -6.437333e-05 -1.0801256753582333 -0.9969652442472566
-8.200828 -6.522396e-05 -1.0943984697473068 -1.0101391556437005
-8.170889 -6.570073e-05 -1.1023982348400954 -1.0175230073024506
-8.140895 -6.515216e-05 -1.0931937313332662 -1.0090271717749626
-8.111047 -6.3748e-05 -1.069633209168093 -0.9872806081380926
-8.080796 -6.363904e-05 -1.067804959897983 -0.9855931184119407
-8.050639 -6.479184e-05 -1.0871478908688212 -1.0034468092737967
-8.02115 -6.563121e-05 -1.1012317527433806 -1.016446334342079
-7.991148 -6.510674e-05 -1.0924316252223227 -1.0083237413109223
-7.960853 -6.388218e-05 -1.071884627000906 -0.9893586860699487
-7.930857 -6.391384e-05 -1.072415852880969 -0.9898490121045483
-7.9010929999999995 -6.41919e-05 -1.0770814456860969 -0.994155394201224
-7.871186 -6.390818e-05 -1.0723208832511157 -0.9897613543232522
-7.8413010000000005 -6.552188e-05 -1.0993972952112487 -1.0147531143369382
-7.811426 -6.415442e-05 -1.076452565522333 -0.9935749324268465
-7.781084 -6.522246e-05 -1.094373301117487 -1.010115924782933
-7.751272 -6.520381e-05 -1.0940603711533943 -1.0098270877473903
-7.721305999999999 -6.415656e-05 -1.0764884727675426 -0.9936080751215416
-7.691269 -6.451301e-05 -1.0824693781670527 -0.9991285020019272
-7.660991 -6.513696e-05 -1.0929386892177588 -1.008791765719185
-7.630917 -6.602178e-05 -1.107785160575858 -1.022495185868723
-7.601055000000001 -6.512955e-05 -1.0928143561864492 -1.0086770052669936
-7.571463 -6.626533e-05 -1.1118717071042652 -1.0262671032953408
-7.541537 -6.49986e-05 -1.0906171348031815 -1.0066489511219903
-7.511853 -6.62045e-05 -1.11085103526964 -1.025325014455016
-7.481404 -6.603239e-05 -1.1079631866841169 -1.0226595054905518
-7.451621 -6.433044e-05 -1.079406020336253 -0.9963009965017112
-7.421639 -6.539553e-05 -1.0972772576260947 -1.0127963014982881
-7.391621 -6.446096e-05 -1.0815960267123057 -0.9983223911332946
-7.361734 -6.493699e-05 -1.0895833752810498 -1.005694782234066
-7.331963 -6.406227e-05 -1.0749063726970702 -0.9921477832136959
-7.30163 -6.554832e-05 -1.099840934259539 -1.0151625969760667
-7.271686 -6.543873e-05 -1.098002114164905 -1.0134653502883926
-7.2418569999999995 -6.492589e-05 -1.089397127420383 -1.0055228738643864
-7.212056 -6.551175e-05 -1.0992273230645324 -1.0145962285905548
-7.181712999999999 -6.390297e-05 -1.0722334642102083 -0.9896806658001863
-7.151498999999999 -6.439052e-05 -1.0804141078559684 -0.9972314699116523
-7.121716 -6.454282e-05 -1.0829695627370044 -0.99959017664158
-7.091805999999999 -6.395754e-05 -1.0731490989630523 -0.9905258045149085
-7.06188 -6.435379e-05 -1.0797978120071143 -0.9966626235676587
-7.0319449999999994 -6.328929e-05 -1.0619364743783348 -0.9801764560429834
-7.0020739999999995 -6.394718e-05 -1.0729752676264304 -0.9903653567032076
-6.971953999999999 -6.502809e-05 -1.0911119500654383 -1.0071056698446792
-6.941898 -6.585829e-05 -1.1050419477163662 -1.0199631769174697
-6.911917000000001 -6.470981e-05 -1.0857715023994092 -1.0021763909346242
-6.88175 -6.419727e-05 -1.0771715493808518 -0.9942385606827717
-6.851961 -6.50278e-05 -1.0911070841303399 -1.0071011785449309
-6.821962999999999 -6.398706e-05 -1.0736444175979059 -0.990982987854813
-6.791723 -6.602648e-05 -1.1078640222826268 -1.022567975899128
-6.761961 -6.408751e-05 -1.0753298768415047 -0.9925386811642105
-6.732 -6.444583e-05 -1.0813421591328567 -0.9980880691843529
-6.701778 -6.257417e-05 -1.0499374140071813 -0.9691012206082761
-6.67175 -6.515242e-05 -1.0931980938957684 -1.0090311984574956
-6.641952 -6.436421e-05 -1.079972650088929 -0.9968240006137901
-6.612010000000001 -6.373446e-05 -1.0694060203362528 -0.9870709109015645
-6.582027 -6.385543e-05 -1.0714357864357862 -0.9889444023862614
-6.551945 -6.429961e-05 -1.0788887210980236 -0.9958235248767363
-6.521951 -6.410987e-05 -1.0757050572166849 -0.9928849758620514
-6.491963 -6.541236e-05 -1.097559649652673 -1.0130569517560997
-6.461741 -6.45274e-05 -1.082710829222457 -0.99935136339289
-6.432046000000001 -6.498701e-05 -1.090422665190107 -1.0064694540044599
-6.401991 -6.419208e-05 -1.0770844659216752 -0.9941581819045161
-6.37197 -6.480968e-05 -1.0874472297728113 -1.003723101644525
-6.342148 -6.494328e-05 -1.0896889157354275 -1.0057921969768844
-6.311852 -6.46656e-05 -1.0850296989831876 -1.0014917000316033
-6.281954 -6.473434e-05 -1.0861830933923957 -1.0025562929443756
-6.252055 -6.516806e-05 -1.093460518809356 -1.0092734188990982
-6.222361 -6.524594e-05 -1.0947672740695995 -1.010479565190147
-6.19213 -6.455311e-05 -1.0831422195375682 -0.9997495403464451
-6.162074 -6.525288e-05 -1.0948837209302327 -1.010587046639298
-6.132149999999999 -6.617211e-05 -1.1103075606563977 -1.0248233827348427
-6.102278 -6.540451e-05 -1.0974279338232824 -1.0129353769180829
-6.072046 -6.553709e-05 -1.0996525051176214 -1.0149886752651205
-6.042139 -6.599813e-05 -1.1073883351790328 -1.0221289126306219
-6.012073999999999 -6.619351e-05 -1.1106666331084936 -1.0251548096817926
-5.982272 -6.50583e-05 -1.0916188462700087 -1.0075735393805367
-5.952325 -6.615986e-05 -1.1101020168462028 -1.0246336640385747
-5.921926 -6.441155e-05 -1.0807669720460418 -0.9975571665796127
-5.892093 -6.418803e-05 -1.0770165106211618 -0.9940954585804439
-5.862385000000001 -6.555502e-05 -1.0999533541394007 -1.015266361487495
-5.832306 -6.433464e-05 -1.0794764924997482 -0.99636604291186
-5.802241 -6.47355e-05 -1.0862025571327898 -1.0025742581433692
-5.77201 -6.435771e-05 -1.0798635860263766 -0.9967233335504644
-5.742263 -6.43696e-05 -1.0800630893654146 -0.996907476840148
-5.712352 -6.449339e-05 -1.0821401724890094 -0.9988246423430879
-5.682473 -6.426923e-05 -1.0783789724487398 -0.9953530225099916
-5.652333 -6.488642e-05 -1.088734856874392 -1.0049115924813907
-5.622103 -6.417219e-05 -1.0767507298902648 -0.9938501406907388
-5.59238 -6.469532e-05 -1.0855283734353502 -1.0019519808196102
-5.562361 -6.402178e-05 -1.0742269874828014 -0.9915207048453782
-5.532223 -6.480987e-05 -1.087450417799255 -1.0037260442202223
-5.5022590000000005 -6.479031e-05 -1.087122218866405 -1.0034231137958138
-5.471982 -6.544288e-05 -1.0980717473740729 -1.0135296223365158
-5.442395 -6.580316e-05 -1.1041169166750562 -1.0191093653480614
-5.412287999999999 -6.565261e-05 -1.1015908251954762 -1.016777761289029
-5.382417 -6.645258e-05 -1.1150135910601027 -1.0291670890811515
-5.352158 -6.502884e-05 -1.0911245343803484 -1.0071172852750632
-5.322386000000001 -6.465003e-05 -1.0847684486056577 -1.0012505636968363
-5.292204 -6.514632e-05 -1.0930957414678344 -1.0089367262903743
-5.262093 -6.499196e-05 -1.0905057216685123 -1.0065461158449924
-5.232583 -6.424489e-05 -1.0779705694821973 -0.9949760630759374
-5.2022960000000005 -6.482409e-05 -1.0876890164099466 -1.0039462727802981
-5.172348 -6.4768e-05 -1.086747877445552 -1.0030775934599985
-5.142417 -6.453868e-05 -1.082900097318702 -0.9995260594658617
-5.11225 -6.477477e-05 -1.0868614718614718 -1.0031824420782625
-5.082241 -6.56315e-05 -1.101236618678479 -1.0164508256418276
-5.0521970000000005 -6.503422e-05 -1.0912148058659685 -1.0072006066290158
-5.022538 -6.489841e-05 -1.0889360381220847 -1.0050972844951258
-4.992792000000001 -6.460457e-05 -1.084005671331253 -1.000546513743176
-4.962593 -6.516602e-05 -1.093426289472801 -1.0092418249284543
-4.932810000000001 -6.515112e-05 -1.0931762810832577 -1.0090110650448303
-4.902824 -6.554575e-05 -1.0997978120071144 -1.0151227947679518
-4.872791 -6.465614e-05 -1.084870968824457 -1.0013451907363626
-4.842926 -6.443265e-05 -1.0811210107721736 -0.9978839473544091
-4.812593 -6.404255e-05 -1.074575489110373 -0.9918423748308058
-4.782565 -6.474357e-05 -1.08633796436122 -1.0026992401742982
-4.752806 -6.463367e-05 -1.0844939427497566 -1.0009971924420653
-4.722593 -6.442561e-05 -1.0810028860028857 -0.9977749171812068
-4.692499 -6.43585e-05 -1.0798768415047484 -0.9967355684704686
-4.662546 -6.454411e-05 -1.0829912077586497 -0.9996101551818402
-4.632639 -6.430325e-05 -1.0789497969730528 -0.9958798984321987
-4.602564 -6.31654e-05 -1.0598577133460854 -0.9782577418159922
-4.572611 -6.491734e-05 -1.0892536662304104 -1.0053904579580115
-4.542716 -6.486401e-05 -1.088358837544884 -1.0045645234215241
-4.512703999999999 -6.481573e-05 -1.0875487432464177 -1.0038167994496205
-4.482603 -6.378179e-05 -1.0702001745025003 -0.9878039219949821
-4.452426 -6.452981e-05 -1.082751266821034 -0.999388687642523
-4.422537 -6.48925e-05 -1.0888368737205945 -1.0050057549037015
-4.392688 -6.487599e-05 -1.0885598510017114 -1.0047500605628539
-4.362376 -6.488188e-05 -1.0886586798214706 -1.0048412804094677
-4.332694999999999 -6.400041e-05 -1.073868418403302 -0.9911897425156437
-4.302602 -6.54909e-05 -1.098877479110037 -1.0142733196258862
-4.272730999999999 -6.500768e-05 -1.0907694889090238 -1.006789575265836
-4.242778 -6.590418e-05 -1.1058119399979864 -1.0206738863845504
-4.212584 -6.459067e-05 -1.083772442028256 -1.0003312411000636
-4.182435000000001 -6.486369e-05 -1.0883534682371891 -1.0045595675045604
-4.1523010000000005 -6.493949e-05 -1.0896253229974162 -1.0057335003353451
-4.122694999999999 -6.404075e-05 -1.074545286754589 -0.9918144977978848
-4.092389 -6.440638e-05 -1.0806802241685964 -0.9974770975461676
-4.0621860000000005 -6.343053e-05 -1.0643063525621665 -0.982363873892852
-4.031954 -6.434316e-05 -1.0796194503171248 -0.9964979942010196
-4.002121 -6.487538e-05 -1.0885496157589183 -1.004740613346142
-3.972159 -6.437265e-05 -1.0801142655793818 -0.9969547129237089
-3.942093 -6.571069e-05 -1.1025653545420988 -1.017677260217947
-3.912178 -6.503637e-05 -1.0912508809020438 -1.007233904196116
-3.8821849999999998 -6.531411e-05 -1.0959111043994765 -1.0115353303758279
-3.852216 -6.541958e-05 -1.0976807946575389 -1.013168769632594
-3.822259 -6.436138e-05 -1.0799251652740025 -0.9967801717231421
-3.7922689999999997 -6.466221e-05 -1.0849728178797946 -1.0014391982862685
-3.762574 -6.433286e-05 -1.0794466257256954 -0.9963384756237492
-3.732426 -6.471e-05 -1.0857746904258532 -1.0021793335103213
-3.702296 -6.480327e-05 -1.0873396758280478 -1.0036238284328451
-3.6721109999999997 -6.419139e-05 -1.077072888351958 -0.994147495708563
-3.642263 -6.459387e-05 -1.083826135105205 -1.000380800269701
-3.612593 -6.353344e-05 -1.0660330883586697 -0.9839576658139082
-3.582343 -6.435504e-05 -1.0798187858652974 -0.9966819826182982
-3.552222 -6.519896e-05 -1.0939789925836434 -1.0097519746309085
-3.5222689999999997 -6.534649e-05 -1.096454411221853 -1.0120368072235957
-3.492225 -6.450041e-05 -1.0822579616765664 -0.99893336277148
-3.462695 -6.517986e-05 -1.0936585120306048 -1.0094561683371357
-3.432157 -6.441661e-05 -1.0808518742239674 -0.997635532016602
-3.4022040000000002 -6.468053e-05 -1.085280210745327 -1.0017229245324424
-3.372281 -6.394437e-05 -1.0729281183932347 -0.9903218375573697
-3.342657 -6.369472e-05 -1.0687392194368939 -0.9864554479636306
-3.31251 -6.372752e-05 -1.06928957347562 -0.9869634294524137
-3.282167 -6.356129e-05 -1.0665003859189905 -0.9843889854621583
-3.252102 -6.394144e-05 -1.0728789556696532 -0.9902764599426703
-3.2225740000000003 -6.467233e-05 -1.0851426222356455 -1.001595929160247
-3.192232 -6.524588e-05 -1.0947662673244067 -1.0104786359557163
-3.162574 -6.424745e-05 -1.0780135239437565 -0.9950157104116475
-3.132445 -6.453643e-05 -1.0828623443739722 -0.9994912131747105
-3.101954 -6.380144e-05 -1.0705298835531394 -0.9881082462710364
-3.0719819999999998 -6.400477e-05 -1.0739415752206452 -0.9912572668842748
-3.042027 -6.454643e-05 -1.0830301352394376 -0.9996460855798273
-3.01225 -6.337957e-05 -1.0634512903117554 -0.9815746441163772
-2.981926 -6.421442e-05 -1.0774593107151245 -0.9945041668575467
-2.952018 -6.421495e-05 -1.0774682036309944 -0.9945123750950181
-2.922065 -6.441087e-05 -1.08075556226719 -0.9975466352560648
-2.892357 -6.468019e-05 -1.0852745058559012 -1.0017176588706684
-2.862565 -6.455275e-05 -1.0831361790664116 -0.999743964939861
-2.8322779999999996 -6.480783e-05 -1.0874161884626998 -1.0036944502495782
-2.8021019999999996 -6.481299e-05 -1.0875027685492802 -1.0037743644106187
-2.77225 -6.557004e-05 -1.1002053760193293 -1.01549897983998
-2.742083 -6.453417e-05 -1.082824423638377 -0.9994562120111541
-2.7120279999999997 -6.494579e-05 -1.0897310312426591 -1.0058310699505686
-2.68214 -6.579083e-05 -1.1039100305379375 -1.0189184076725524
-2.652435 -6.519169e-05 -1.0938570086244503 -1.0096393823923888
-2.6220100000000004 -6.42821e-05 -1.0785949192925937 -0.9955523432953768
-2.591926 -6.528767e-05 -1.0954674653511862 -1.0111258477366993
-2.56188 -6.511751e-05 -1.0926123359844289 -1.008490538891233
-2.531923 -6.43633e-05 -1.0799573811201717 -0.9968099072249246
-2.502195 -6.444498e-05 -1.081327896909292 -0.9980749050299179
-2.472074 -6.598583e-05 -1.1071819524145106 -1.0219384195723284
-2.442272 -6.420991e-05 -1.0773836370348 -0.9944343194028393
-2.41225 -6.471666e-05 -1.0858864391422531 -1.0022824785321292
-2.382148 -6.4181e-05 -1.0768985536427396 -0.9939865832796467
-2.352111 -6.396393e-05 -1.0732563173260847 -0.9906247679817779
-2.322027 -6.439808e-05 -1.0805409577502598 -0.9973485534499203
-2.292231 -6.423951e-05 -1.0778802979965771 -0.9948927417219848
-2.2621480000000003 -6.373863e-05 -1.0694759891271517 -0.9871354926944981
-2.232168 -6.347684e-05 -1.0650833920601364 -0.9830810880009475
-2.202435 -6.415628e-05 -1.0764837746233096 -0.9936037386941983
-2.172148 -6.414986e-05 -1.0763760528876807 -0.9935043106101132
-2.1418150000000002 -6.412933e-05 -1.0760315782408807 -0.9931863575624087
-2.1118710000000003 -6.513191e-05 -1.0928539548306992 -1.0087135551546014
-2.082093 -6.37983e-05 -1.0704771972213831 -0.9880596163358297
-2.05212 -6.40799e-05 -1.0752021879928857 -0.9924208232639167
-2.021806 -6.418797e-05 -1.077015503875969 -0.9940945293460132
-1.991914 -6.297676e-05 -1.0566925064599484 -0.9753362287658704
-1.961917 -6.380705e-05 -1.0706240142286654 -0.9881951296903069
-1.931945 -6.405099e-05 -1.0747171046008255 -0.9919730871407242
-1.901769 -6.500468e-05 -1.090719151649384 -1.006743113544301
-1.8720830000000002 -6.515823e-05 -1.0932955803886037 -1.0091211793248684
-1.841711 -6.511121e-05 -1.0925066277391857 -1.0083929692760094
-1.8116780000000001 -6.507163e-05 -1.0918425114936743 -1.0077799842965576
-1.782185 -6.521732e-05 -1.094287056612638 -1.010036320366703
-1.75212 -6.515781e-05 -1.0932885331722542 -1.0091146746838535
-1.721991 -6.475433e-05 -1.0865185073324608 -1.002865882882204
-1.691815 -6.501293e-05 -1.090857579113393 -1.0068708832785225
-1.661866 -6.355475e-05 -1.0663906506929763 -0.984287698909212
-1.6321199999999998 -6.379965e-05 -1.070499848988221 -0.9880805241105204
-1.601991 -6.49875e-05 -1.090430886942515 -1.0064770427523106
-1.572 -6.465855e-05 -1.0849114064230343 -1.0013825149859958
-1.541546 -6.379564e-05 -1.0704325648511694 -0.9880184202760687
-1.511528 -6.427799e-05 -1.0785259572468875 -0.9954886907368738
-1.48163 -6.407239e-05 -1.0750761770529214 -0.9923045140876742
-1.4516300000000002 -6.44769e-05 -1.0818634853518574 -0.9985692577470506
-1.4216389999999999 -6.488979e-05 -1.0887914023960534 -1.0049637844819148
-1.391395 -6.464071e-05 -1.0846120675190443 -1.0011062226152678
-1.3619539999999999 -6.498556e-05 -1.0903983355146145 -1.0064469975057178
-1.332 -6.388435e-05 -1.071921037618712 -0.9893922933818592
-1.301759 -6.51083e-05 -1.0924578005973353 -1.0083479014061205
-1.271787 -6.406915e-05 -1.0750218128125104 -0.9922543354284162
-1.241954 -6.393523e-05 -1.0727747575421995 -0.9901802841790931
-1.211611 -6.43031e-05 -1.0789472801100708 -0.995877575346122
-1.181923 -6.454928e-05 -1.0830779556360952 -0.9996902242152854
-1.152028 -6.404724e-05 -1.074654183026276 -0.9919150099888053
-1.122046 -6.312312e-05 -1.059148293566898 -0.9776029412871585
-1.09187 -6.411049e-05 -1.075715460250344 -0.9928945779511688
-1.061667 -6.456736e-05 -1.0833813215208565 -0.9999702335237366
-1.0318800000000001 -6.451266e-05 -1.0824635054867613 -0.999123081467748
-1.0017960000000001 -6.484419e-05 -1.0880262760495318 -1.0042575663145827
-0.9717408000000001 -6.443612e-05 -1.0811792342024902 -0.9979376880789846
-0.9416760000000001 -6.452711e-05 -1.0827059632873586 -0.9993468720931417
-0.911389 -6.339806e-05 -1.0637615356220005 -0.9818610031934378
-0.8814166999999999 -6.376745e-05 -1.069959562401423 -0.9875818349660448
-0.8515268 -6.38371e-05 -1.0711282257793884 -0.9886605212676826
-0.8214908000000001 -6.381201e-05 -1.0707072384979364 -0.9882719464032449
-0.7916871 -6.400979e-05 -1.0740258062351087 -0.9913350128316434
-0.7617501 -6.449574e-05 -1.0821796033423938 -0.9988610373582903
-0.7316852 -6.424254e-05 -1.077931138628813 -0.994939668060735
-0.7016667 -6.441329e-05 -1.080796167656633 -0.9975841143781032
-0.6714723 -6.402138e-05 -1.074220275848183 -0.9915145099491737
-0.6416212 -6.375477e-05 -1.069746803584013 -0.9873854567563567
-0.6117222 -6.307453e-05 -1.0583329977516023 -0.9768504162706965
-0.5815463 -6.350967e-05 -1.0656342494714586 -0.9835895341069456
-0.5512870000000001 -6.314876e-05 -1.059578509345951 -0.9780000341338779
-0.5218098 -6.31053e-05 -1.058849290244639 -0.9773269586612406
-0.4916204 -6.412662e-05 -1.0759861069163397 -0.9931443871406221
-0.4614445 -6.375471e-05 -1.06974579683882 -0.987384527521926
-0.4315267 -6.404338e-05 -1.0745894157522065 -0.9918552292404303
-0.4013333 -6.28444e-05 -1.0544716265646499 -0.9732863376117454
-0.37142590000000003 -6.258206e-05 -1.0500698010000336 -0.9692234149359132
-0.3412778 -6.174693e-05 -1.036057082452431 -0.9562895557674002
-0.3113569 -5.787732e-05 -0.9711285613611194 -0.8963599750110276
-0.28125639999999996 -5.200282e-05 -0.8725598174435384 -0.8053801806252081
-0.2513286 -4.427684e-05 -0.7429249303667909 -0.6857260701768373
-0.2213796 -3.573863e-05 -0.5996615658243565 -0.5534927583676708
-0.1915079 -2.816706e-05 -0.4726175375012584 -0.4362300327267074
-0.1614652 -2.280822e-05 -0.38270109735226016 -0.35323638878313685
-0.1310926 -1.792763e-05 -0.30080925534413905 -0.2776495176142736
-0.1012249 -1.560313e-05 -0.26180626866673373 -0.24164942704489104
-0.07122223 -1.227946e-05 -0.20603812208463373 -0.19017495037346088
-0.04112038 -9.361174e-06 -0.15707194872311153 -0.14497875320961445
-0.011319190000000002 -5.678749e-06 -0.09528422094701165 -0.08794815156841918
0.018537030000000003 -3.768673e-06 -0.06323489043256485 -0.05836634516084598
0.04893518 -1.920276e-06 -0.032220477197221375 -0.029739776260792238
0.07871855 -3.15782e-08 -0.0005298533507835833 -0.0004890591783256935
0.10859260000000001 1.028008e-06 0.017249035202523574 0.015921007143923326
0.1385092 3.655209e-06 0.06133106815664955 0.056609100903429584
0.16892590000000002 4.928477e-06 0.08269534212557468 0.0763285086552457
0.1985393 7.023271e-06 0.11784407194872311 0.10877108715565398
0.2284722 8.834361e-06 0.14823250780227523 0.13681987357393874
0.2588889 1.066971e-05 0.1790279875163596 0.1652443649597962
0.2888148 1.215403e-05 0.20393352125910263 0.18823238579608176
0.3188884 1.358408e-05 0.22792845397496558 0.2103799140897989
0.3484723 1.56673e-05 0.26288298265042453 0.24264324326852513
0.37875 1.602347e-05 0.26885918990570157 0.24815933372156748
0.40895370000000003 1.772443e-05 0.29739974495788446 0.2745025103423018
0.43908339999999996 2.002985e-05 0.336082586663982 0.31020710436272153
0.46872800000000003 2.182591e-05 0.36621883284673984 0.3380231175561159
0.4988334 2.321108e-05 0.38946072015839456 0.3594755784956692
0.5288333000000001 2.508747e-05 0.420944830363435 0.38853568171936614
0.5586852 2.723218e-05 0.4569311050706399 0.42175132131715504
0.5890278 2.824877e-05 0.4739885566629753 0.43749549514891617
0.6188889000000001 2.885469e-05 0.48415534078324773 0.44687952391974867
0.6491758999999999 3.036638e-05 0.5095201181247693 0.47029143052883876
0.6791111 3.268599e-05 0.548441055068962 0.5062157884921191
0.709074 3.474829e-05 0.5830445652538675 0.5381551245993411
0.7390833 3.58871e-05 0.6021527568039194 0.5557921489664387
0.7691431 3.84143e-05 0.6445568643243061 0.5949315031875373
0.7988611 4.137544e-05 0.6942420886606933 0.640791390556271
0.8291297 4.48763e-05 0.7529833215879728 0.6950100513739645
0.8589537 4.751165e-05 0.7972020873183664 0.7358243506564003
0.8891110999999999 4.872916e-05 0.81763079297963 0.7546802208517666
0.9191242 5.247593e-05 0.8804981710795664 0.8127073489836855
0.9492037 5.386258e-05 0.9037648914393099 0.8341827310391959
0.9790093000000001 5.637214e-05 0.9458730158730158 0.8730488903376685
1.009139 5.936283e-05 0.9960540622168529 0.9193664256635221
1.0393800000000002 6.008282e-05 1.008134836739488 0.9305170839595212
1.069115 6.211479e-05 1.042229437229437 0.9619866920620239
1.099157 6.293784e-05 1.0560394644115574 0.9747334653651561
1.129259 6.253916e-05 1.0493499781871876 0.9685590123179627
1.159444 6.259242e-05 1.0502436323366555 0.9693838627476141
1.1892850000000001 6.249035e-05 1.0485309909728515 0.9678030801085878
1.2189169999999998 6.342931e-05 1.0642858820765797 0.9823449794594278
1.249 6.365067e-05 1.0680001006745192 0.9857732350190915
1.279153 6.320846e-05 1.0605802208127788 0.9789246223924248
1.309176 6.36699e-05 1.0683227625088088 0.9860710546541308
1.339324 6.309089e-05 1.0586075036075036 0.9771037875254674
1.369143 6.431458e-05 1.079139904023625 0.9960553688671959
1.399139 6.389456e-05 1.072092352092352 0.9895504181074832
1.4293699999999998 6.364089e-05 1.0678360012080943 0.9856217698068874
1.459065 6.358062e-05 1.066824725661935 0.9846883538212489
1.489009 6.422248e-05 1.0775945501526896 0.9946289940160709
1.519111 6.437833e-05 1.080209570790966 0.9970426804498149
1.549077 6.318064e-05 1.0601134266250547 0.9784937673613903
1.579287 6.432964e-05 1.0793925970670157 0.9962886067093017
1.609558 6.431672e-05 1.0791758112688343 0.9960885115618908
1.639558 6.422688e-05 1.0776683781334944 0.9946971378743222
1.6692339999999999 6.464542e-05 1.0846910970166785 1.0011791675180777
1.69913 6.432382e-05 1.0792949427833147 0.9961984709695237
1.729266 6.490514e-05 1.0890489613745427 1.005201513623769
1.759213 6.54137e-05 1.097582133628645 1.0130777046583852
1.7893430000000001 6.522164e-05 1.0943595422665189 1.0101032252457134
1.819482 6.455975e-05 1.0832536326722373 0.9998523756234426
1.8493979999999999 6.420296e-05 1.0772670223833016 0.9943266830812831
1.879704 6.402639e-05 1.074304339071781 0.9915921010241372
1.909602 6.39326e-05 1.0727306285445821 0.9901395527365473
1.939676 6.430473e-05 1.0789746300211416 0.995902819548156
1.969388 6.419554e-05 1.077142521561126 0.9942117677566864
1.999296 6.426166e-05 1.0782519547635827 0.9952357840993183
2.029574 6.42678e-05 1.0783549783549784 0.9953308757560599
2.059583 6.432479e-05 1.079311218497265 0.9962134935928203
2.089483 6.494188e-05 1.0896654250142621 1.005770514840168
2.119074 6.448969e-05 1.0820780898687876 0.998767339553195
2.149445 6.442625e-05 1.0810136246182758 0.9977848290151344
2.1793519999999997 6.491781e-05 1.0892615524010874 1.005397736961052
2.2095279999999997 6.518501e-05 1.0937449243263195 1.009535927625771
2.239611 6.478134e-05 1.0869717104600825 1.0032841932484242
2.2692379999999996 6.441466e-05 1.0808191550052015 0.9976053318976041
2.2992600000000003 6.498613e-05 1.090407899593946 1.0064558252328095
2.329278 6.417136e-05 1.0767368032484312 0.9938372862811143
2.359556 6.474389e-05 1.086343333668915 1.002704196091262
2.3893980000000004 6.495769e-05 1.0899307023725628 1.0060153681126576
2.4194720000000003 6.540203e-05 1.0973863216886472 1.012896968561614
2.4495189999999996 6.499953e-05 1.0906327393536697 1.006663354255666
2.479275 6.612568e-05 1.1095285076680426 1.0241043101578857
2.509093 6.521065e-05 1.0941751401053725 1.0099330204724901
2.539213 6.516297e-05 1.093375113258834 1.0091945888448937
2.5692130000000004 6.467209e-05 1.0851385952548742 1.0015922122225238
2.599324 6.473535e-05 1.0862000402698075 1.0025719350572921
2.629426 6.345339e-05 1.0646899224806203 0.9827179122109488
2.659549 6.481021e-05 1.0874561226886807 1.0037313098819962
2.689685 6.412777e-05 1.076005402865868 0.9931621974672106
2.7194070000000004 6.448683e-05 1.0820301016812643 0.9987230460453315
2.7495459999999996 6.410859e-05 1.0756835799859057 0.9928651521941967
2.779313 6.398851e-05 1.0736687472733986 0.9910054443535551
2.80926 6.394681e-05 1.0729690593644081 0.9903596264242182
2.839722 6.399506e-05 1.0737786502902782 0.9911068857789064
2.869769 6.36458e-05 1.0679183865230377 0.9856978121577997
2.8997469999999996 6.409735e-05 1.0754949830531226 0.9926910756108455
2.929611 6.436338e-05 1.0799587234470955 0.9968111462041656
2.95987 6.342059e-05 1.064139568441894 0.9822099307221659
2.990009 6.475351e-05 1.0865047484814927 1.0028531833449843
3.019643 6.484418e-05 1.0880261082586664 1.0042574114421776
3.049417 6.449756e-05 1.0822101412799086 0.9988892241360217
3.079565 6.484134e-05 1.0879784556528742 1.0042134276791244
3.109509 6.46537e-05 1.0848300278532836 1.0013074018695143
3.13963 6.490153e-05 1.08898838887211 1.0051456046855223
3.170056 6.408678e-05 1.0753176281083257 0.9925273754786368
3.199926 6.474376e-05 1.0863411523876638 1.0027021827499953
3.2296210000000003 6.537157e-05 1.0968752307124399 1.0124252272156284
3.259676 6.536224e-05 1.096718681834961 1.0122807312616549
3.2900650000000002 6.534696e-05 1.0964622973925298 1.0120440862266362
3.320068 6.566013e-05 1.1017170039263062 1.0168942253376767
3.3497130000000004 6.435969e-05 1.079896808617739 0.9967539982866777
3.3796950000000003 6.47038e-05 1.0856706600892647 1.002083312619149
3.409945 6.502718e-05 1.0910966810966811 1.0070915764558137
3.44013 6.473733e-05 1.0862332628611697 1.0026025997935055
3.47025 6.402103e-05 1.0742144031678915 0.9915090894149945
3.500087 6.381325e-05 1.0707280445652538 0.9882911505814792
3.529871 6.495343e-05 1.0898592234638746 1.005949392468078
3.55988 6.428629e-05 1.0786652236652234 0.9956172348331206
3.590333 6.496318e-05 1.090022819557703 1.0061003930630665
3.620087 6.473014e-05 1.0861126212289003 1.0024912465342266
3.649917 6.469552e-05 1.0855317292526594 1.0019550782677125
3.68 6.405692e-05 1.0748166045840462 0.9920649264769582
3.7097040000000003 6.519745e-05 1.0939536561629584 1.009728588897736
3.739936 6.522035e-05 1.094337897244874 1.0100832467054535
3.770047 6.445875e-05 1.0815589449310379 0.9982881643317636
3.800102 6.453634e-05 1.0828608342561832 0.9994898193230645
3.830222 6.523191e-05 1.0945318634853518 1.0102622792057683
3.860266 6.559034e-05 1.100545991476224 1.0158133708223671
3.8896390000000003 6.523817e-05 1.094636900567133 1.0103592293313715
3.920102 6.529204e-05 1.0955407899593945 1.0111935269777352
3.950102 6.450294e-05 1.082300412765529 0.9989725454899746
3.9797689999999997 6.532452e-05 1.0960857746904258 1.0116965525495543
4.009963 6.467832e-05 1.0852431289640592 1.0016886977309116
4.039797 6.461122e-05 1.084117252256787 1.0006495038925782
4.070093 6.510225e-05 1.0923562871237291 1.0082542036010251
4.100296 6.472776e-05 1.0860726870029196 1.0024543869018088
4.1305190000000005 6.493198e-05 1.0894993120574517 1.0056171911591025
4.160537000000001 6.478486e-05 1.0870307728447262 1.0033387083350251
4.190256000000001 6.444327e-05 1.0812992046712977 0.9980484218486432
4.2204809999999995 6.497191e-05 1.0901693009832543 1.0062355966727334
4.250587 6.441289e-05 1.0807894560220141 0.9975779194818984
4.280546 6.526509e-05 1.0950885935769656 1.0107761458459457
4.31054 6.47123e-05 1.08581328232491 1.0022149541634982
4.340324 6.533327e-05 1.0962325916977078 1.0118320659040314
4.370537000000001 6.506843e-05 1.0917888184167253 1.0077304251269201
4.400671999999999 6.491037e-05 1.089136715997181 1.005282511891645
4.430435999999999 6.516286e-05 1.0933732675593142 1.0091928852484375
4.460266 6.516105e-05 1.0933428974126649 1.0091648533431112
4.490343 6.498473e-05 1.0903844088727808 1.006434143096093
4.520436 6.49168e-05 1.0892446055236753 1.0053820948481353
4.550593 6.43385e-05 1.0795412597738179 0.9964258236602352
4.5805489999999995 6.420133e-05 1.0772396724722304 0.9943014388792489
4.610361 6.427489e-05 1.0784739420785932 0.9954406802912876
4.6404440000000005 6.475193e-05 1.0864782375247493 1.0028287135049758
4.6703149999999996 6.478914e-05 1.0871025873351454 1.0034049937244152
4.700824 6.495191e-05 1.089833719252324 1.0059258518625003
4.730732 6.539877e-05 1.0973316218665055 1.0128464801575459
4.76054 6.452233e-05 1.0826257592536663 0.999272843083496
4.79063 6.468517e-05 1.085358065706903 1.0017947853284168
4.820741 6.509176e-05 1.092180274505856 1.0080917424480575
4.850521 6.550112e-05 1.0990489613745429 1.014431599223916
4.880722 6.542016e-05 1.097690526527736 1.0131777522320908
4.910772 6.602304e-05 1.107806302224907 1.0225146997917678
4.940757 6.552286e-05 1.0994137387160645 1.0147682918326397
4.970313 6.546822e-05 1.098496929427162 1.0139220690110817
5.0003519999999995 6.627626e-05 1.112055102520219 1.0264363788341337
5.030278 6.610685e-05 1.1092125574683713 1.023812685419051
5.060417 6.649981e-05 1.1158060673176953 1.029898551450518
5.090426000000001 6.616466e-05 1.1101825564616263 1.0247080027930309
5.120519 6.582002e-05 1.1043998120742309 1.0193704802230883
5.150294 6.571931e-05 1.1027099902681297 1.0178107602311572
5.180186 6.561605e-05 1.100977381791335 1.0162115477759222
5.210426 6.477031e-05 1.0867866371354744 1.0031133689855805
5.240695 6.445649e-05 1.0815210241954427 0.9982531631682074
5.270593 6.435567e-05 1.0798293566898216 0.9966917395798205
5.300583 6.500507e-05 1.0907256954931372 1.0067491535681006
5.330577 6.368953e-05 1.0686521359777172 0.9863750691853751
5.360519 6.374918e-05 1.0696530084902178 0.9872988830818965
5.390658 6.36565e-05 1.0680979227490854 0.9858635256312746
5.420653000000001 6.373104e-05 1.0693486358602637 0.9870179445390147
5.450398 6.445116e-05 1.0814315916641497 0.99817061617628
5.480568 6.38949e-05 1.072098056981778 0.9895556837692574
5.510398 6.435482e-05 1.0798150944662572 0.9966785754253857
5.540583 6.518847e-05 1.0938029799657707 1.0095895134779413
5.570491 6.564818e-05 1.1015164938420754 1.0167091528135623
5.600658 6.524927e-05 1.0948231484277997 1.010531137701051
5.63075 6.530604e-05 1.095775697171046 1.0114103483448986
5.660926000000001 6.455641e-05 1.0831975905231719 0.9998006482401336
5.690639 6.467466e-05 1.085181717507299 1.001632014430639
5.720852 6.575012e-05 1.103226953924628 1.018287922111322
5.750587 6.574281e-05 1.103104298801973 1.0181747103831817
5.780787 6.543526e-05 1.0979438907345884 1.013411609563817
5.810889 6.428589e-05 1.0786585120306051 0.9956110399369161
5.840804 6.562758e-05 1.1011708446592168 1.0163901156590218
5.87101 6.510103e-05 1.0923358166381423 1.0082353091676006
5.900681 6.595004e-05 1.1065814289070104 1.0213841312344158
5.930555999999999 6.448579e-05 1.082012651431256 0.9987069393151994
5.961121 6.482275e-05 1.0876665324339743 1.0039255198780124
5.991077000000001 6.495384e-05 1.0898661028893586 1.0059557422366876
6.020861 6.539122e-05 1.0972049397630792 1.012729551491683
6.0510649999999995 6.390965e-05 1.0723455485083393 0.9897841205668045
6.080719 6.391429e-05 1.0724234034699152 0.9898559813627787
6.110936 6.426075e-05 1.0782366857948253 0.9952216907104525
6.141056 6.429643e-05 1.0788353636028054 0.9957742754519091
6.170794 6.480227e-05 1.0873228967415014 1.0036083411923336
6.200730999999999 6.418332e-05 1.0769374811235275 0.9940225136776337
6.230805999999999 6.491466e-05 1.0892086982784657 1.0053489521534402
6.260732 6.454832e-05 1.0830618477130105 0.9996753564643943
6.290889 6.615138e-05 1.109959730192288 1.0245023322390356
6.320713 6.572598e-05 1.102821906775395 1.0179140601253702
6.350584 6.495927e-05 1.0899572133293063 1.006039837952666
6.380686 6.528051e-05 1.095347327091513 1.0110149590946356
6.410769 6.513889e-05 1.0929710728547937 1.0088216560933725
6.440676000000001 6.491235e-05 1.0891699385885434 1.0053131766278585
6.470796 6.59233e-05 1.106132756132756 1.0209700024231336
6.500712999999999 6.672597e-05 1.119600825531058 1.0334011457646377
6.530843 6.522924e-05 1.0944870633242727 1.0102209282736023
6.560861 6.564538e-05 1.1014695123997449 1.0166657885401296
6.591 6.496213e-05 1.0900052015168293 1.0060841314605293
6.620973 6.57157e-05 1.102649417765697 1.0177548512929104
6.651065 6.574365e-05 1.1031183932346724 1.0181877196652116
6.680852 6.510445e-05 1.0923932011141313 1.0082882755301505
6.710908000000001 6.371283e-05 1.0690430886942515 0.9867359218892972
6.741324 6.505389e-05 1.0915448504983387 1.0075052406498803
6.771371 6.413014e-05 1.0760451693009832 0.9931989022272231
6.801247 6.469899e-05 1.0855899526829758 1.0020088189922878
6.830963 6.368558e-05 1.0685858585858585 0.9863138945853539
6.861049 6.344869e-05 1.0646110607738515 0.982645122180544
6.891074 6.427198e-05 1.0784251149367428 0.9953956124213987
6.920898 6.51628e-05 1.0933722608141214 1.0091919560140068
6.950982 6.43466e-05 1.0796771703748447 0.9965512703083796
6.981232 6.44507e-05 1.0814238732843384 0.9981634920456449
7.011259 6.499874e-05 1.0906194838752978 1.0066511193356618
7.041238 6.472459e-05 1.086019497298567 1.002405292349387
7.07113 6.393645e-05 1.0727952280277862 0.9901991786125173
7.101148 6.557349e-05 1.1002632638679148 1.0155524108197453
7.131153 6.472271e-05 1.0859879526158596 1.0023761763372248
7.161073999999999 6.550831e-05 1.0991696030068123 1.0145429524831948
7.191325 6.44224e-05 1.0809490251350717 0.9977252031391645
7.221528 6.41128e-05 1.0757542199402665 0.9929303534767507
7.251492 6.433163e-05 1.0794259874492431 0.9963194263179199
7.281049 6.37261e-05 1.0692657471727238 0.9869414375708869
7.311019 6.446862e-05 1.081724554515252 0.9984410233956139
7.341389 6.411119e-05 1.0757272056109264 0.9929054190195268
7.371703999999999 6.327996e-05 1.0617799255008558 0.9800319600890095
7.401482 6.489008e-05 1.088796268331152 1.0049682757816634
7.431611 6.520168e-05 1.09402463169905 1.0097940999251005
7.46153 6.462656e-05 1.0843746434444108 1.0008870781620274
7.491351 6.572054e-05 1.102730628544582 1.0178298095369869
7.521256999999999 6.491638e-05 1.0892375583073257 1.0053755902071204
7.5513710000000005 6.607459e-05 1.1086712641363803 1.0233130670401445
7.581083 6.529931e-05 1.0956627739185878 1.0113061192162551
7.611343 6.522792e-05 1.0944649149300312 1.0102004851161268
7.641077 6.493185e-05 1.0894971307762005 1.005615177817836
7.671344 6.471603e-05 1.0858758683177288 1.0022727215706067
7.701359999999999 6.407096e-05 1.0750521829591597 0.9922823673337422
7.731208 6.439882e-05 1.0805533742743045 0.9973600140078993
7.761426 6.46305e-05 1.0844407530454043 1.0009480978896437
7.791583999999999 6.396388e-05 1.0732554783717576 0.9906239936197526
7.821313 6.408773e-05 1.0753335682405447 0.9925420883571229
7.8516390000000005 6.379048e-05 1.0703459847645895 0.9879385061150285
7.8815100000000005 6.391428e-05 1.0724232356790497 0.9898558264903735
7.911639 6.393534e-05 1.0727766032417194 0.9901819877755492
7.941464 6.412688e-05 1.0759904694788416 0.993148413823155
7.971232 6.501635e-05 1.090914963589382 1.0069238496410722
8.001306 6.488385e-05 1.088691734621967 1.0048717902732756
8.031389 6.521749e-05 1.094289909057351 1.0100389531975902
8.061519 6.421265e-05 1.0774296117319375 0.9944767544418414
8.091380000000001 6.469743e-05 1.0855637773079632 1.0019846588970895
8.121464 6.511027e-05 1.092490855397832 1.0083784112699286
8.1517 6.438854e-05 1.0803808852646062 0.9972008051754392
8.181417 6.355006e-05 1.0663119567770731 0.9842150637512123
8.211681 6.517329e-05 1.0935482734319943 1.0093544171669742
8.241807000000001 6.437321e-05 1.0801236618678478 0.9969633857783953
8.271475 6.59023e-05 1.1057803953152792 1.0206447703723884
8.301455 6.605294e-05 1.108307996912648 1.0229777682830667
8.331760000000001 6.477131e-05 1.0868034162220208 1.003128856226092
8.361737999999999 6.597899e-05 1.1070671834625323 1.0218324868472286
8.391131 6.540802e-05 1.097486828417061 1.012989737132279
8.421547 6.551945e-05 1.0993565220309407 1.0147154803424947
8.451529 6.441617e-05 1.0808444914258866 0.9976287176307767
8.481631 6.43686e-05 1.0800463102788684 0.9968919895996367
8.511686 6.385538e-05 1.071434947481459 0.9889436280242361
8.54177 6.423655e-05 1.0778306319003994 0.9948468994900702
8.571625 6.349943e-05 1.0654624316252224 0.9834309447641062
8.601455 6.500505e-05 1.0907253599114062 1.0067488438232903
8.63152 6.488058e-05 1.0886368670089601 1.0048211469968025
8.661824000000001 6.445417e-05 1.0814820967146548 0.9982172327702202
8.691834 6.410121e-05 1.0755597503271923 0.9927508563592204
8.721738 6.395375e-05 1.073085506225041 0.9904671078733692
8.75138 6.520503e-05 1.0940808416389811 1.0098459821808146
8.781307 6.560688e-05 1.1008235175677037 1.0160695297804303
8.811343999999998 6.635083e-05 1.1133063190039933 1.0275912623590888
8.841622 6.374374e-05 1.0695617302594047 0.9872146324935128
8.871493000000001 6.46207e-05 1.084276317997248 1.0007963229326289
8.901528 6.540698e-05 1.0974693781670526 1.0129736304021468
8.93188 6.585701e-05 1.1050204704855868 1.019943353249615
8.961709999999998 6.553478e-05 1.0996137454276989 1.0149528997395385
8.991603999999999 6.455852e-05 1.083232994395785 0.9998333263176132
9.021427 6.548259e-05 1.0987380449008355 1.0141446206572344
9.051501 6.53258e-05 1.0961072519212054 1.0117163762174095
9.081603 6.565654e-05 1.101656767005604 1.0168386261442397
9.111823000000001 6.602749e-05 1.107880969160039 1.022583618012045
9.141635 6.409342e-05 1.0754290412429948 0.9926302107556345
9.171672000000001 6.478848e-05 1.0870915131380248 1.0033947721456775
9.201653 6.546271e-05 1.0984044766602905 1.0138367343158623
9.231907999999999 6.524732e-05 1.0947904292090338 1.0105009375820533
9.261588 6.440323e-05 1.0806273700459748 0.9974283127385557
9.291649 6.493026e-05 1.0894704520285914 1.0055905531054223
9.321815 6.404506e-05 1.0746176046176046 0.99188124780449
9.351758 6.484641e-05 1.088063525621665 1.0042919479885186
9.381816 6.486612e-05 1.0883942414174972 1.0045972014990037
9.411881 6.341614e-05 1.064064901506762 0.982141012501889
9.441936 6.387496e-05 1.0717634819960402 0.9892468681934545
9.471861 6.405187e-05 1.0747318701969863 0.9919867159123744
9.501899 6.458932e-05 1.0837497902614182 1.000310333325373
9.531870999999999 6.471442e-05 1.085848853988389 1.0022477871133832
9.561758 6.424358e-05 1.0779485888788216 0.9949557747908673
9.591575 6.435058e-05 1.0797439511392999 0.9966129095256161
9.621576999999998 6.440067e-05 1.0805844155844155 0.9973886654028459
9.651547 6.453822e-05 1.0828923789388905 0.9995189353352263
9.681593000000001 6.420548e-05 1.0773093056813987 0.9943657109273725
9.711908 6.428905e-05 1.078711533944092 0.9956599796169329
9.742049999999999 6.407491e-05 1.0751184603510184 0.9923435419337634
9.772134 6.488335e-05 1.088683345078694 1.0048640466530199
9.801966 6.436457e-05 1.0799786905600859 0.9968295760203744
9.831805000000001 6.570424e-05 1.1024571294338734 1.0175773675166464
9.862078 6.488628e-05 1.0887325078022752 1.004909424267719
9.891976000000001 6.424709e-05 1.0780074834725997 0.9950101350050632
9.921955 6.417965e-05 1.076875901875902 0.9939656755049561
9.95203 6.469531e-05 1.0855282056444846 1.0019518259472049
9.982001 6.419983e-05 1.0772145038424108 0.9942782080184815
10.00396 6.521235e-05 1.0942036645525015 1.0099593487813598
