Keff(MJ/m3):0.060887004054329445 Ms(MA/m):1.0976333071295756
H(kOe) moment(emu) M(MA/m) M_norm()
9.967108 6.146081e-05 1.1030850437566855 1.004966810492811
9.938929 6.02722e-05 1.08175213399094 0.985531440203681
9.910679 6.107266e-05 1.0961186132827925 0.9986200365486866
9.881920000000001 6.219742e-05 1.1163055573503333 1.0170113735611648
9.853058 6.008998e-05 1.0784816896757194 0.98255189840773
9.824058 6.15872e-05 1.1053534635624187 1.0070334567862487
9.794632 6.084073e-05 1.0919559848664324 0.9948276694718841
9.765628000000001 6.151502e-05 1.104057992863963 1.0058532168190017
9.736418 6.188676e-05 1.110729900282139 1.0119316652177879
9.706863 6.14194e-05 1.1023418262224232 1.0042897013622527
9.676836 6.197061e-05 1.1122348215631799 1.0133027253626157
9.647345 6.199215e-05 1.112621416725894 1.0136549332996407
9.617465 6.150237e-05 1.1038309534578188 1.0056463723248803
9.588108 6.150242e-05 1.103831850846776 1.0056471898920507
9.558354 6.122256e-05 1.0988089853761493 1.001071102925665
9.528252 6.221851e-05 1.1166840760124341 1.0173562233936562
9.498533 6.193042e-05 1.1115135003194703 1.0126455648710158
9.468733 6.104738e-05 1.0956648934260873 0.9982066745873119
9.438752000000001 6.19792e-05 1.1123889929860076 1.0134431834024968
9.408892 6.037693e-05 1.0836318049004614 0.9872439163988842
9.378808000000001 6.279233e-05 1.126982870639587 1.026738951268492
9.348844 6.127329e-05 1.0997194762120135 1.0019006065767933
9.319066000000001 6.158183e-05 1.105257083988427 1.0069456500721432
9.289169 6.146287e-05 1.1031220161817175 1.005000494260233
9.258993 6.020826e-05 1.0806045529926125 0.9844859353061224
9.229146 6.184969e-05 1.1100645761093522 1.0113255209176237
9.199179 6.141293e-05 1.1022257040913754 1.0041839081703976
9.169178 6.148465e-05 1.103512918811426 1.0053566265196765
9.139099 6.163781e-05 1.1062618006647855 1.007860998276168
9.109380999999999 6.14871e-05 1.1035568908703235 1.005396687311028
9.078981 6.215205e-05 1.1154912666106696 1.0162695131107076
9.048630999999999 6.144163e-05 1.1027408053527457 1.0046531917262302
9.018799000000001 6.247116e-05 1.1212185824126122 1.0214873903058888
8.989015 6.176587e-05 1.1085601932616855 1.0099549513130983
8.959095 6.118217e-05 1.0980840745766118 1.0004106721653838
8.929308 6.125589e-05 1.099407184854946 1.0016160932014804
8.899049000000002 6.237919e-05 1.1195679251649402 1.0199835572525817
8.868967000000001 6.187766e-05 1.1105665754919485 1.0117828679927678
8.839030000000001 6.179819e-05 1.109140265483549 1.0104834267320708
8.808854 6.232745e-05 1.1186393070721428 1.0191375387446107
8.778944 6.231845e-05 1.1184777770598664 1.0189903766539312
8.748882 6.23333e-05 1.1187443015801224 1.019233194103552
8.718881 6.189063e-05 1.1107993581874178 1.01199494491678
8.689013999999998 6.218108e-05 1.116012290639156 1.0167441926098648
8.659222 6.141448e-05 1.1022535231490453 1.0042092527526814
8.629113 6.162938e-05 1.1061105008866203 1.007723156451232
8.598977000000001 6.222106e-05 1.1167298428492458 1.0173979193193488
8.569252 6.161504e-05 1.1058531297337268 1.0074886781867498
8.538965000000001 6.136045e-05 1.1012838046420135 1.0033257896683039
8.509165000000001 6.146781e-05 1.1032106782106783 1.0050812698966727
8.479141 6.185466e-05 1.110153776571687 1.0114067870943655
8.449086 6.247335e-05 1.1212578880489326 1.0215231997479537
8.418807000000001 6.112493e-05 1.0970567436985348 0.9994747212686643
8.388928 6.155876e-05 1.1048430287236255 1.0065684245797024
8.358752 6.08282e-05 1.0917310991937856 0.994622787138972
8.329193 6.199323e-05 1.1126408003273676 1.0136725927505226
8.299048 6.211782e-05 1.1148769141306454 1.0157098066258246
8.26865 6.179589e-05 1.1090989855915228 1.0104458186422305
8.238712 6.164597e-05 1.1064082545425826 1.0079944252383837
8.208947 6.121386e-05 1.0986528396976156 1.0009288462380086
8.178806 6.196935e-05 1.1122122073614609 1.0132821226699205
8.148937 6.178264e-05 1.1088611775178938 1.010229163342064
8.118529 6.108839e-05 1.096400931848693 0.9988772431805067
8.088575 6.078285e-05 1.0909171674097047 0.993881253715383
8.058646 6.077544e-05 1.0907841743662636 0.9937600902607236
8.028696 6.115282e-05 1.0975573072587996 0.9999307602363356
7.9986679999999994 6.146952e-05 1.1032413689130105 1.0051092306939016
7.968589 6.150717e-05 1.1039171027976997 1.0057248587732428
7.938789 6.062176e-05 1.0880259596677506 0.99124721580566
7.908714 6.116094e-05 1.097703043225431 1.000063533144815
7.878677 6.169371e-05 1.1072650815188128 1.0087750383727196
7.848514 6.061319e-05 1.0878721472005053 0.9911070847926464
7.81864 6.028062e-05 1.0819032542913138 0.9856691185151831
7.788455 6.119578e-05 1.0983283438507316 1.0006332139491774
7.75875 6.128662e-05 1.0999587201079737 1.0021185699844326
7.7287420000000004 6.106799e-05 1.0960347971542002 0.9985436757749674
7.698668 6.116737e-05 1.097818447445313 1.0001686722829335
7.668224 6.018547e-05 1.0801955231059708 0.984113288189836
7.638325 6.091176e-05 1.093230815618875 0.9959891053942109
7.608446 6.122926e-05 1.0989292354963995 1.001180656926504
7.5785420000000006 6.266298e-05 1.124661325407594 1.0246239049985642
7.5486130000000005 6.093619e-05 1.0936692798633096 0.996388568713688
7.5186589999999995 6.032139e-05 1.0826349852469255 0.9863357627859597
7.488354 6.135804e-05 1.1012405504942817 1.0032863829306888
7.458617 6.109442e-05 1.0965091569569179 0.9989758417812616
7.428798 6.040458e-05 1.0841280609937325 0.9876960310441375
7.398770000000001 6.083886e-05 1.0919224225194373 0.9947970924597097
7.368674 6.076237e-05 1.0905495968928804 0.9935463782023709
7.338659 6.152438e-05 1.1042259840767303 1.0060062653933082
7.308604 6.096343e-05 1.0941581773671325 0.9968339793081437
7.278733 6.046121e-05 1.0851444437265332 0.9886220076213776
7.248594 6.637235e-05 1.191236278922846 1.0852770876988527
7.218584 6.077901e-05 1.0908482479378 0.9938184645566933
7.188353 6.154485e-05 1.1045933751157628 1.006340977392886
7.1580569999999994 6.162835e-05 1.1060920146741042 1.0077063145675207
7.128224 6.204458e-05 1.1135624187862994 1.0145122342345643
7.09824 6.19633e-05 1.112103623297653 1.013183197042297
7.068529000000001 6.191026e-05 1.1111516730919713 1.0123159217878945
7.038205 6.196302e-05 1.1120985979194933 1.0131786186661427
7.008334 6.238068e-05 1.1195946673558612 1.0200079207542607
6.978419 6.066817e-05 1.088858916097722 0.9920060816532622
6.948538999999999 6.154397e-05 1.1045775810701184 1.0063265882106867
6.918622 6.164412e-05 1.1063750511511705 1.0079641752530775
6.888484999999999 6.228387e-05 1.1178571428571429 1.0184249471988553
6.858344 6.201316e-05 1.1129984995656637 1.0139984750246598
6.828205 6.160681e-05 1.1057054195113893 1.0073541066304952
6.7982510000000005 6.248544e-05 1.1214748766987572 1.0217208874897663
6.768167999999999 6.225437e-05 1.1173276833724595 1.0179425825682957
6.738287000000001 6.159898e-05 1.1055648884007092 1.0072260756116043
6.708224 6.129184e-05 1.100052407515094 1.0022039239970264
6.678221 6.190308e-05 1.1110228080377333 1.0121985191422194
6.648233 6.13244e-05 1.100636787203951 1.0027363237384168
6.618233 6.122197e-05 1.0987983961864558 1.001061455633054
6.588158999999999 6.16585e-05 1.1066331402152298 1.008199307571296
6.557844 6.172318e-05 1.1077940025701218 1.0092569124629769
6.527928 6.26336e-05 1.1241340196564074 1.0241435025292136
6.498103 6.104193e-05 1.0955670780297644 0.998117559765734
6.468174 6.194058e-05 1.1116958497555514 1.0128116945200494
6.438011 6.082817e-05 1.0917305607604115 0.9946222965986697
6.407948 6.123165e-05 1.0989721306885485 1.001219736637251
6.378066 6.089513e-05 1.0929323440517469 0.9957171825533228
6.348076 6.17629e-05 1.1085068883576346 1.0099063878231744
6.317937 6.084966e-05 1.0921162585341688 0.9949736869685246
6.2879 6.125026e-05 1.0993061388583776 1.0015240351380887
6.258306999999999 6.274108e-05 1.1260630469585693 1.025900944918791
6.2280940000000005 6.149643e-05 1.1037243436497168 1.0055492453450323
6.198094 6.22501e-05 1.1172510463555239 1.0178727623319401
6.1681490000000005 6.08778e-05 1.0926213090392194 0.9954338137720482
6.137983 6.094472e-05 1.0938223744193893 0.9965280456729649
6.108344 6.156721e-05 1.104994687457374 1.006706593431507
6.078113 6.040185e-05 1.0840790635566753 0.9876513918766313
6.048184 6.118314e-05 1.0981014839223793 1.0004265329684903
6.018288999999999 6.114884e-05 1.0974858750978151 0.9998656818895684
5.98801 6.061827e-05 1.0879633219185456 0.9911901496171632
5.957891 6.171463e-05 1.1076405490584593 1.0091171084768316
5.928039 6.153608e-05 1.1044359730926891 1.0061975761111908
5.897862 6.179383e-05 1.1090620131664908 1.0104121348748085
5.8679179999999995 6.055716e-05 1.0868665331351897 0.9901909190214516
5.838029000000001 6.097792e-05 1.0944182406868972 0.997070910274137
5.80774 6.141944e-05 1.102342544133589 1.0042903554159892
5.777908999999999 6.159153e-05 1.1054311774461025 1.0071042581032086
5.747705 6.129383e-05 1.1000881235955862 1.0022364631704102
5.717815 6.179056e-05 1.109003323928697 1.0103586659818617
5.688029 6.139314e-05 1.1018705175421593 1.0038603150843375
5.6578159999999995 6.151923e-05 1.1041335530141498 1.0059220559747526
5.62764 6.133752e-05 1.1008722620662919 1.0029508533639404
5.597532 6.084011e-05 1.0919448572433645 0.9948175316389707
5.567751 6.084325e-05 1.0920012132698698 0.9948688748572743
5.5379 6.108533e-05 1.096346011644519 0.9988272080696758
5.507863 6.216649e-05 1.115750432541477 1.0165056265095305
5.477501 6.190324e-05 1.111025679682396 1.012201135357165
5.447532 6.22922e-05 1.1180066478573942 1.0185611538894506
5.417714 6.10885e-05 1.0964029061043987 0.9988790418282819
5.387585 6.106974e-05 1.0960662057676982 0.9985722906259328
5.357598 6.126856e-05 1.0996345832166725 1.0018232647224696
5.327964 6.082737e-05 1.091716202537098 0.9946092155239425
5.2976030000000005 6.195247e-05 1.111909248849547 1.0130061119931797
5.267457 6.143492e-05 1.1026203757547042 1.0045434742119572
5.237742 6.211053e-05 1.1147460748207016 1.0155906053323742
5.207548 6.234214e-05 1.118902959947736 1.0193777399792858
5.17774 6.244685e-05 1.1207822719016747 1.0210898891476208
5.1476310000000005 6.159116e-05 1.1054245367678202 1.0070982081061475
5.117335 6.129808e-05 1.100164401656939 1.0023059563798975
5.087334 6.17991e-05 1.109156597962568 1.0104983064545727
5.057474 6.057068e-05 1.087109187109187 0.9904119891843385
5.027287 6.193523e-05 1.1115998291371425 1.0127242148328124
4.997622000000001 6.155291e-05 1.104738034215646 1.0064727692207611
4.967557 6.186217e-05 1.1102885643930418 1.0115295856833655
4.9376549999999995 6.109623e-05 1.0965416424371648 0.9990054377128317
4.907862 6.076202e-05 1.0905433151701807 0.9935406552321777
4.877807 6.057608e-05 1.087206105116553 0.9905002864387462
4.847594 6.143482e-05 1.1026185809767899 1.0045418390776164
4.817483 6.139613e-05 1.1019241814017933 1.0039092056011298
4.787702 6.068316e-05 1.0891279533070577 0.99225118829096
4.757742 6.142517e-05 1.1024453849080715 1.0043840486137214
4.727816 6.089603e-05 1.0929484970529746 0.9957318987623907
4.697631 6.133752e-05 1.1008722620662919 1.0029508533639404
4.6676459999999995 6.030112e-05 1.082271183763721 0.9860043210550633
4.637646 6.130956e-05 1.1003704421614868 1.0024936698022304
4.607787999999999 6.017552e-05 1.0800169427035098 0.9839505923229185
4.577483 6.082066e-05 1.0915957729390564 0.9944994980096696
4.547362 6.114408e-05 1.0974004436691003 0.9997878494949427
4.517409 6.139886e-05 1.1019731788388503 1.0039538447686358
4.487641 6.115973e-05 1.0976813264126695 1.0000437480192903
4.457835 6.092332e-05 1.0934382919457546 0.9961781269240167
4.427631 6.152247e-05 1.1041917038185696 1.0059750343273974
4.397576 6.123832e-05 1.0990918423754241 1.0013288000977876
4.367363 6.128802e-05 1.0999838469987724 1.002141461865205
4.337196 6.267752e-05 1.124922286116316 1.024861653531728
4.307344 6.17209e-05 1.1077530816336785 1.0092196314000048
4.277409 6.203263e-05 1.1133479428255546 1.014316835680829
4.247306 6.138461e-05 1.1017174229860796 1.0037208381250606
4.217482 6.089206e-05 1.0928772443697816 0.9956669839290578
4.187511000000001 6.189403e-05 1.1108603806364998 1.0120505394843697
4.157464 6.116694e-05 1.097810729900282 1.0001616412052678
4.127649 6.247914e-05 1.121361805690164 1.0216178740262911
4.097510000000001 6.117493e-05 1.0979541326556252 1.0002922884391041
4.06714 6.260159e-05 1.1235595112460786 1.0236200960266983
4.037177 6.147687e-05 1.103373285089703 1.0052294130679562
4.0071959999999995 6.133999e-05 1.100916593080772 1.0029912411821602
3.977296 6.137163e-05 1.1014844608128187 1.0035085976876141
3.947214 6.122226e-05 1.098803601042407 1.0010661975226425
3.917122 6.202617e-05 1.1132320001722988 1.0142112060024084
3.886825 6.092793e-05 1.0935210312075982 0.9962535066171313
3.857004 6.143225e-05 1.1025724551843952 1.0044998161250556
3.826937 6.099092e-05 1.0946515618157406 0.9972834777384513
3.796927 6.161034e-05 1.1057687751717602 1.0074118268727283
3.767061 6.181126e-05 1.1093748429569323 1.0106971387904236
3.736974 6.070797e-05 1.089573237707566 0.9926568651209324
3.707117 5.991359e-05 1.0753158809128955 0.9796676849438523
3.6771030000000002 6.172828e-05 1.107885536243745 1.0093403043143616
3.6469270000000003 6.100491e-05 1.0949026512459348 0.9975122330327405
3.617013 6.094612e-05 1.0938475013101876 0.9965509375537372
3.587048 6.045412e-05 1.0850171939724178 0.9885060765966093
3.556834 6.058132e-05 1.087300151479256 0.9905859674782083
3.527032 6.118906e-05 1.0982077347748989 1.0005233329214704
3.497261 6.063698e-05 1.088299124866289 0.991496083252342
3.467029 6.024809e-05 1.0813194130358308 0.9851372093140949
3.4368719999999997 6.162041e-05 1.105949509307718 1.0075764849008548
3.4068159999999996 6.036199e-05 1.0833636650800829 0.9869996273283569
3.3770230000000003 6.072961e-05 1.0899616276481947 0.9930107081922988
3.3472600000000003 6.07363e-05 1.0900816982906536 0.9931200986797036
3.3170479999999998 6.070074e-05 1.089443475264371 0.9925386449080869
3.2868530000000002 6.145496e-05 1.1029800492487059 1.0048711551338694
3.256659 6.116242e-05 1.097729605938561 1.00008773313306
3.226909 6.015501e-05 1.0796488337533112 0.9836152262696041
3.197038 6.094774e-05 1.0938765767123975 0.9965774267300596
3.166779 6.065833e-05 1.0886823099509666 0.9918451844341196
3.136815 6.202173e-05 1.113152312032909 1.0141386060376734
3.10664 6.115611e-05 1.0976163554521763 0.9999845561561506
3.076759 6.050839e-05 1.0859912199464437 0.9893934640034046
3.0468249999999997 6.035051e-05 1.0831576245755348 0.9868119139060237
3.016603 6.013884e-05 1.079358618164588 0.9833508250466837
2.986636 6.21387e-05 1.1152516637591263 1.0160512226762002
2.95677 6.115129e-05 1.0975298471567128 0.9999057426809201
2.926872 6.127359e-05 1.0997248605457557 1.0019055119798157
2.896816 6.20361e-05 1.1134102216191766 1.0143735748424574
2.8667510000000003 6.171292e-05 1.107609858356127 1.0090891476796027
2.836751 6.13143e-05 1.100455514634619 1.0025711751699882
2.8065569999999997 6.129945e-05 1.100188990114363 1.0023283577203674
2.776447 6.100909e-05 1.0949776729627474 0.9975805816481892
2.746473 6.060499e-05 1.0877249754115423 0.9909730037766943
2.716683 6.17741e-05 1.1087079034840228 1.010089522869353
2.686751 6.055797e-05 1.0868810708362946 0.9902041636096128
2.656418 6.229344e-05 1.1180289031035298 1.0185814295552773
2.6264830000000003 6.044608e-05 1.0848728938281176 0.9883746117956026
2.596038 6.126773e-05 1.099619686559985 1.0018096931074405
2.566427 6.132184e-05 1.100590840889348 1.0026944642992903
2.536664 6.063898e-05 1.0883350204245725 0.9915287859391595
2.5063809999999997 6.042024e-05 1.0844091232150932 0.9879520930819191
2.4764920000000004 6.055134e-05 1.0867620770605846 0.9900957542028126
2.446473 6.056194e-05 1.0869523235194876 0.9902690784429458
2.416749 5.957283e-05 1.0691999956925329 0.9740958011638707
2.386844 6.052613e-05 1.0863096135484194 0.9896835368354766
2.356427 6.058584e-05 1.0873812754409768 0.990659875550416
2.3265610000000003 6.096741e-05 1.094229609528117 0.9968990576549106
2.296714 6.084757e-05 1.0920787476757625 0.9949395126608004
2.266796 6.070347e-05 1.0894924727014277 0.9925832840755926
2.236798 5.994523e-05 1.0758837486449424 0.9801850414493065
2.206529 6.084049e-05 1.0919516773994384 0.994823745149466
2.176447 6.012816e-05 1.0791669358833538 0.983176192699078
2.1464830000000004 5.982616e-05 1.0737467065825275 0.9782380869896212
2.116381 6.025086e-05 1.0813691283840536 0.9851825025353373
2.086696 6.094995e-05 1.0939162413043009 0.996613563198993
2.056668 6.057121e-05 1.0871186994321322 0.9904206553963453
2.026476 6.025161e-05 1.08138258921841 0.9851947660428938
1.996705 5.988669e-05 1.074833085653981 0.9792278338061556
1.966427 6.115028e-05 1.0975117198997795 0.9998892278240773
1.9366459999999999 5.990324e-05 1.075130121398778 0.9794984485395714
1.9069459999999998 6.079407e-05 1.0911185414916755 0.9940647157884296
1.876594 6.030478e-05 1.08233687263538 0.9860641669719394
1.846501 6.143699e-05 1.1026575276575274 1.0045773214928133
1.8164179999999999 6.028305e-05 1.0819468673946284 0.9857088522796664
1.786113 6.121374e-05 1.0986506859641185 1.0009268840767993
1.7565419999999998 6.048954e-05 1.0856529043096206 0.989085241180149
1.726492 6.106172e-05 1.095922264578981 0.9984411528517942
1.696446 5.969554e-05 1.0714023676710243 0.9761022745135641
1.666205 6.037949e-05 1.0836777512150646 0.9872857758380107
1.636523 6.176833e-05 1.1086043447983744 1.009995175617884
1.6066120000000002 6.036473e-05 1.0834128419949314 0.9870444300092969
1.5767419999999999 6.139923e-05 1.1019798195171329 1.0039598947656974
1.546344 6.054017e-05 1.0865616003675704 0.9899131096969362
1.516362 6.009206e-05 1.0785190210563345 0.9825859092020203
1.486409 6.054651e-05 1.0866753892873293 0.9900167772141479
1.456298 6.020787e-05 1.0805975533587473 0.984479558282193
1.426353 6.145344e-05 1.1029527686244103 1.004846301091888
1.39602 6.062054e-05 1.0880040633771975 0.9912272671667012
1.366145 6.021644e-05 1.0807513658259924 0.9846196892952064
1.336288 5.987358e-05 1.074597790269432 0.9790134676940664
1.306334 6.073737e-05 1.090100902414335 0.9931375946171508
1.276149 6.037435e-05 1.0835854996302756 0.9872017299328895
1.245992 5.937984e-05 1.0657362537959552 0.9709401553994071
1.2163620000000002 6.064363e-05 1.0884184775975818 0.9916048196860102
1.1863810000000001 5.925036e-05 1.0634123753526736 0.9688229834548361
1.1563720000000002 6.036293e-05 1.0833805359924762 0.987014997591161
1.126585 6.016162e-05 1.0797674685734384 0.983723308649536
1.09629 5.975624e-05 1.0724917978649322 0.9770948010584782
1.066038 5.969667e-05 1.0714226486614546 0.9761207515316161
1.0359829999999999 6.068539e-05 1.089167976854544 0.9922876517867617
1.00607 5.939277e-05 1.0659683185802586 0.9711515782696828
0.9762975 5.966945e-05 1.0709341101132146 0.9756756679640287
0.9461124 5.965033e-05 1.070590948576023 0.9753630302780525
0.9158346 6.06856e-05 1.0891717458881638 0.9922910855688776
0.8860793 6.020198e-05 1.080491840939602 0.9843832488695153
0.8562775 5.977117e-05 1.0727597582075192 0.9773389266155715
0.8263161 5.797574e-05 1.0405357771029413 0.9479812341191155
0.7963907 6.109011e-05 1.0964318020288166 0.9989053674911698
0.7663715999999999 6.065166e-05 1.0885625982640907 0.9917361209735829
0.7361124 5.98144e-05 1.0735356406998195 0.9780457951911338
0.7060846000000001 6.02241e-05 1.0808888458142187 0.9847449405857177
0.6759734 5.934713e-05 1.0651491819402266 0.9704053029565053
0.6460228 5.980388e-05 1.0733468300632478 0.9778737790584732
0.6160198 6.001392e-05 1.0771165815941934 0.9813082152280569
0.5860888 5.967832e-05 1.0710933069142023 0.9758207043800649
0.5561494 5.950227e-05 1.067933600396287 0.9729420503729461
0.5258624 5.982499e-05 1.0737257076809315 0.9782189559178329
0.495853 6.031249e-05 1.0824752500125632 0.9861902358296213
0.46592720000000004 5.914862e-05 1.061586368302786 0.967159397776425
0.4357142 5.91714e-05 1.0619952187116364 0.9675318813792774
0.4059001 5.94857e-05 1.067636205695907 0.9726711086126621
0.37619260000000004 5.856824e-05 1.051169836244463 0.9576694050888277
0.3461401 5.91554e-05 1.0617080542453676 0.9672702598847367
0.3157605 5.763191e-05 1.034364792200613 0.942359151714869
0.28579629999999995 5.534686e-05 0.9933532194726225 0.9049955144585979
0.2558624 5.171682e-05 0.9282020632766901 0.8456394838309292
0.2256171 4.47822e-05 0.8037410350843186 0.732249130801419
0.1959457 3.560629e-05 0.6390538289792019 0.5822106753032065
0.16575120000000002 2.789534e-05 0.50065940140567 0.45612628384514503
0.1356831 2.105489e-05 0.3778885155750827 0.3442757368244411
0.1059364 1.694445e-05 0.3041152462794254 0.27706452082318656
0.07576051 1.310547e-05 0.23521408110960346 0.21429204050368386
0.04565865 9.019152e-06 0.16187374814240485 0.14747525160813627
0.01547346 6.340705e-06 0.11380157294336396 0.10367904490887474
-0.01436407 4.709974e-06 0.08453357311566266 0.07701440232050419
-0.04434136 2.118423e-06 0.038020988132928424 0.034639061958093485
-0.07422256 -1.807305e-07 -0.00324371109818871 -0.0029551864699435453
-0.1041469 -1.949786e-06 -0.03499432850179119 -0.03188162045966423
-0.1342488 -4.232101e-06 -0.07595681405382897 -0.06920053679171223
-0.1643358 -5.226996e-06 -0.09381296978311902 -0.0854684065924071
-0.19421170000000001 -7.617028e-06 -0.13670873626097507 -0.12454864058242049
-0.22419319999999998 -8.957229e-06 -0.16076236781460662 -0.14646272737023333
-0.2543321 -1.0669e-05 -0.19148485566396015 -0.1744524828284528
-0.2840811 -1.122635e-05 -0.20148805036864734 -0.18356590407734566
-0.3141377 -1.360706e-05 -0.24421650764934344 -0.22249371084410224
-0.3444113 -1.584214e-05 -0.2843312298536179 -0.2590402714702358
-0.3742951 -1.601198e-05 -0.28737948066306274 -0.2618173836347858
-0.4043784 -1.763328e-05 -0.31647821498567763 -0.288327816703468
-0.4344155 -1.954582e-05 -0.350804060505553 -0.3196004150265282
-0.4642792 -2.092172e-05 -0.375498409826768 -0.34209822842269166
-0.4944988 -2.287957e-05 -0.41063746921955874 -0.3741117061156044
-0.5246471 -2.388765e-05 -0.42873026641683354 -0.39059516837914426
-0.5542857999999999 -2.509317e-05 -0.4503666731278671 -0.41030703988531697
-0.5845543 -2.677785e-05 -0.4806029376924899 -0.4378538210992487
-0.614684 -2.846233e-05 -0.5108356127012843 -0.4653973320444987
-0.6445717 -3.034896e-05 -0.5446964312635953 -0.496246267059837
-0.674295 -3.21254e-05 -0.5765795840422705 -0.5252934475449599
-0.7046655 -3.287866e-05 -0.5900989281586295 -0.5376102604810701
-0.7345914 -3.600901e-05 -0.6462817585951913 -0.5887956883207972
-0.764732 -3.739261e-05 -0.6711143058157982 -0.6114194070612083
-0.7944868 -3.886562e-05 -0.6975515639694743 -0.6355050994158
-0.8245729 -4.138785e-05 -0.7428199909543193 -0.6767469483017696
-0.8545822 -4.348291e-05 -0.7804216651231575 -0.7110039938238033
-0.8845999 -4.59452e-05 -0.8246143022262424 -0.7512657431858496
-0.9142766 -4.824598e-05 -0.8659081935201336 -0.7888865870739409
-0.9445636 -5.09874e-05 -0.9151105942150717 -0.8337124869216846
-0.9744803000000001 -5.39805e-05 -0.9688300919644203 -0.8826536928785543
-1.004767 -5.513383e-05 -0.9895298040820428 -0.9015121877722219
-1.034841 -5.61234e-05 -1.0072903878874027 -0.9176929866692648
-1.0648689999999998 -5.747573e-05 -1.0315617080542452 -0.939805398901283
-1.09477 -5.763466e-05 -1.034414148593253 -0.9424041179092432
-1.124508 -5.819819e-05 -1.0445282605730366 -0.9516185904604023
-1.154647 -5.888368e-05 -1.0568312836969551 -0.9628272728536983
-1.184609 -5.956313e-05 -1.0690259022348574 -0.9739371931328054
-1.214517 -5.927841e-05 -1.0639158105576014 -0.9692816386374528
-1.244323 -5.854788e-05 -1.0508044194611357 -0.9573364917370244
-1.2747950000000001 -5.9681e-05 -1.0711414069623024 -0.9758645259804003
-1.3045250000000002 -6.022135e-05 -1.080839489421579 -0.9846999743913437
-1.33424 -6.022033e-05 -1.0808211826868541 -0.9846832960210666
-1.364517 -6.015089e-05 -1.079574888903247 -0.9835478587347598
-1.394517 -5.991552e-05 -1.0753505201266393 -0.9796992430366313
-1.424647 -6.103508e-05 -1.095444135742643 -0.9980055530633838
-1.454656 -6.04831e-05 -1.0855373206119472 -0.9889799385285961
-1.484564 -6.123746e-05 -1.0990764072853625 -1.001314737942456
-1.5144300000000002 -6.063014e-05 -1.088176362056959 -0.9913842400634256
-1.544721 -6.039144e-05 -1.0838922271758091 -0.987481174391746
-1.574732 -6.025532e-05 -1.081449175479026 -0.9852554295269405
-1.604767 -6.062429e-05 -1.0880713675489795 -0.9912885847044842
-1.634684 -6.059988e-05 -1.087633262260128 -0.9908894484118754
-1.664767 -6.040045e-05 -1.0840539366658768 -0.9876284999958591
-1.69474 -6.100905e-05 -1.0949769550515818 -0.9975799275944529
-1.724638 -6.011204e-05 -1.0788776176835877 -0.982912609043328
-1.7545730000000002 -6.121377e-05 -1.0986512243974929 -1.0009273746171017
-1.7846659999999999 -6.014467e-05 -1.0794632537169848 -0.983446153378757
-1.814767 -6.066927e-05 -1.088878658654778 -0.992024068131012
-1.844628 -6.060355e-05 -1.0876991306095782 -0.9909494578421858
-1.874869 -6.014468e-05 -1.0794634331947763 -0.9834463168921912
-1.905017 -6.031702e-05 -1.0825565534520758 -0.9862643074152633
-1.93494 -6.00196e-05 -1.077218524979719 -0.9814010908586189
-1.9645540000000001 -6.117381e-05 -1.0979340311429862 -1.0002739749344862
-1.994693 -6.008841e-05 -1.0784535116624667 -0.9825262267985782
-2.0246939999999998 -6.012564e-05 -1.0791217074799162 -0.9831349873136876
-2.0549250000000003 -6.041542e-05 -1.08432261491963 -0.9878732796066889
-2.0847130000000003 -5.945416e-05 -1.0670701327417744 -0.9721553872415488
-2.1146190000000002 -6.100946e-05 -1.09498431364103 -0.9975866316452505
-2.144888 -6.062407e-05 -1.0880674190375683 -0.9912849874089343
-2.175128 -5.938957e-05 -1.065910885687005 -0.9710992539707747
-2.205054 -6.056027e-05 -1.0869223507283208 -0.9902417716994529
-2.2349580000000002 -6.010495e-05 -1.0787503679294723 -0.9827966780185597
-2.264795 -6.07416e-05 -1.090176821520105 -0.9932067607997702
-2.2948359999999997 -6.021222e-05 -1.0806756261980142 -0.9845506866260214
-2.325082 -6.027009e-05 -1.0817142641769506 -0.9854969388690883
-2.355175 -6.063165e-05 -1.0882034632034632 -0.991408930591973
-2.385063 -6.057965e-05 -1.0872701786880892 -0.9905586607347157
-2.4149059999999998 -5.988297e-05 -1.0747663199155737 -0.9791670068086751
-2.4451840000000002 -6.039803e-05 -1.0840105030403537 -0.9875889297448099
-2.47494 -6.042112e-05 -1.084424917260738 -0.987966482264119
-2.50499 -6.103761e-05 -1.0954895436238716 -0.9980469219622079
-2.534888 -6.113719e-05 -1.097276783470813 -0.999675188738856
-2.564855 -5.967598e-05 -1.0710513091110105 -0.9757824422364882
-2.5947489999999998 -6.146765e-05 -1.1032078065660156 -1.005078653681727
-2.624842 -6.105614e-05 -1.0958221159713697 -0.9983499123555731
-2.6549430000000003 -6.097353e-05 -1.0943394499364647 -0.9969991278765723
-2.684836 -6.07712e-05 -1.0907080757827026 -0.9936907605646705
-2.715081 -6.038881e-05 -1.0838450245166662 -0.9874381703585807
-2.744814 -6.093026e-05 -1.0935628495329985 -0.9962916052472737
-2.7750169999999996 -6.159688e-05 -1.1055271980645114 -1.0071917377904458
-2.804798 -6.033397e-05 -1.0828607683085294 -0.9865414626860424
-2.834953 -6.081847e-05 -1.0915564673027358 -0.9944636885676044
-2.8650059999999997 -6.052069e-05 -1.086211977629888 -0.9895945855273329
-2.894934 -6.14721e-05 -1.1032876741831965 -1.0051514171598963
-2.9249989999999997 -6.14526e-05 -1.1029376924899312 -1.0048325659634245
-2.954836 -6.111962e-05 -1.0969614409912916 -0.9993878956351634
-2.9846280000000003 -6.120889e-05 -1.0985636392352809 -1.0008475800612666
-3.014851 -6.092845e-05 -1.093530364052752 -0.9962620093157039
-3.044953 -6.183947e-05 -1.1098811498065226 -1.0111584101879858
-3.074742 -6.145153e-05 -1.1029184883662495 -1.0048150700259773
-3.105054 -6.079947e-05 -1.0912154594990413 -0.9941530130428371
-3.13511 -6.018297e-05 -1.0801506536581162 -0.9840724098313139
-3.165008 -6.071252e-05 -1.0896549001026612 -0.9927312637334424
-3.195027 -6.105546e-05 -1.0958099114815532 -0.9983387934420551
-3.2249209999999997 -6.115564e-05 -1.0976079199959794 -0.9999768710247483
-3.254693 -6.111896e-05 -1.0969495954570583 -0.9993771037485139
-3.2848420000000003 -6.123108e-05 -1.0989619004544378 -1.001210416371508
-3.3147800000000003 -6.16795e-05 -1.1070100435772077 -1.0085426857828805
-3.3449340000000003 -6.153563e-05 -1.1044278965920757 -1.0061902180066573
-3.375166 -6.19761e-05 -1.1123333548706682 -1.0133924942379298
-3.4052029999999998 -6.092305e-05 -1.0934334460453863 -0.9961737120612963
-3.435128 -6.164212e-05 -1.1063391555928868 -1.0079314725662598
-3.46499 -6.102872e-05 -1.0953299878673013 -0.997901558519304
-3.495166 -6.110343e-05 -1.096670866446986 -0.9991231673853752
-3.524925 -6.108958e-05 -1.0964222897058717 -0.9988967012791632
-3.555082 -6.120429e-05 -1.0984810794512287 -1.0007723638815864
-3.585268 -6.03579e-05 -1.083290258663393 -0.9869327503338149
-3.61536 -6.106147e-05 -1.0959177776341953 -0.9984370650159419
-3.645536 -6.050665e-05 -1.085959990810737 -0.9893650126658732
-3.675072 -6.159289e-05 -1.1054555864257354 -1.0071264959302446
-3.704971 -6.153786e-05 -1.1044679201395617 -1.0062266815024588
-3.735018 -6.097393e-05 -1.0943466290481214 -0.9970056684139359
-3.764897 -6.116762e-05 -1.0978229343900985 -1.0001727601187858
-3.795166 -6.126831e-05 -1.0996300962718875 -1.0018191768866176
-3.824874 -6.157487e-05 -1.1051321674456 -1.0068318447220181
-3.854777 -6.21383e-05 -1.1152444846474696 -1.0160446821388365
-3.884666 -6.086941e-05 -1.0924707271722196 -0.9952966260008485
-3.915166 -6.097298e-05 -1.0943295786579368 -0.9969901346376976
-3.944971 -6.141169e-05 -1.1022034488452397 -1.0041636325045709
-3.975027 -6.124231e-05 -1.0991634540142001 -1.0013940419579888
-4.004911 -6.188309e-05 -1.1106640319326884 -1.0118716557874774
-4.03448 -6.117417e-05 -1.0979404923434775 -1.0002798614181134
-4.064998999999999 -6.024005e-05 -1.0811751128915308 -0.9850057445130882
-4.095027 -6.068989e-05 -1.089248741860682 -0.9923612328321012
-4.1253969999999995 -6.155232e-05 -1.1047274450259523 -1.00646312192815
-4.155261 -6.179674e-05 -1.1091142412037933 -1.010459717284128
-4.184869 -6.071421e-05 -1.089685231849411 -0.9927588975038033
-4.215268 -6.126246e-05 -1.0995251017639078 -1.001723521527676
-4.245242 -6.102617e-05 -1.0952842210304896 -0.9978598625936115
-4.275507999999999 -6.138027e-05 -1.1016395296246042 -1.0036498732946664
-4.305176 -6.06715e-05 -1.088918682202264 -0.9920605316268134
-4.335027 -6.146089e-05 -1.103086479579017 -1.0049681186002837
-4.365379 -6.139026e-05 -1.1018188279382306 -1.00381322321532
-4.395443 -6.120567e-05 -1.0985058473864442 -1.0007949287354905
-4.425628 -6.034996e-05 -1.0831477532970069 -0.9868029206671489
-4.4550339999999995 -6.164623e-05 -1.1064129209651596 -1.00799867658767
-4.485277 -6.149722e-05 -1.1037385223952387 -1.0055621629063252
-4.515128 -6.053778e-05 -1.0865187051754215 -0.9898740299861892
-4.5454870000000005 -6.191118e-05 -1.1111681850487818 -1.0123309650238306
-4.57524 -6.115103e-05 -1.0975251807341357 -0.9999014913316338
-4.60537 -6.0859e-05 -1.0922838907913532 -0.9951264085159629
-4.635342 -6.098717e-05 -1.094584257643959 -0.9972221602006685
-4.665258 -6.137852e-05 -1.101608121011106 -1.003621258443701
-4.695435000000001 -6.114857e-05 -1.097481029197447 -0.9998612670268482
-4.725383 -6.030038e-05 -1.0822579024071561 -0.9859922210609409
-4.7553469999999995 -6.165576e-05 -1.1065839633003811 -1.0081545048903557
-4.785346 -6.180107e-05 -1.1091919550874776 -1.0105305186010882
-4.815220999999999 -6.069213e-05 -1.0892889448859597 -0.9923978598413371
-4.8454250000000005 -6.096503e-05 -1.0941868938137593 -0.9968601414575976
-4.875629 -6.006681e-05 -1.0780658396330036 -0.9821730377809481
-4.905459 -6.120154e-05 -1.0984317230585885 -1.000727397687212
-4.935128 -6.179465e-05 -1.109076730345387 -1.0104255429764035
-4.9652579999999995 -6.162618e-05 -1.1060530679933662 -1.0076708321523236
-4.995036 -6.085374e-05 -1.0921894854730674 -0.9950404004496326
-5.024897 -6.114985e-05 -1.0975040023547484 -0.9998821967464114
-5.0547889999999995 -6.175862e-05 -1.1084300718629077 -1.0098364040733847
-5.084777 -6.153723e-05 -1.1044566130387028 -1.0062163801561113
-5.114795 -6.08459e-05 -1.0920487748845955 -0.9949122059173076
-5.144906 -6.178454e-05 -1.1088952782982633 -1.0102602308945408
-5.175091999999999 -6.10926e-05 -1.0964764919988799 -0.9989460823362578
-5.2050529999999995 -6.106594e-05 -1.0959980042069593 -0.9985101555209792
-5.2347030000000006 -6.239164e-05 -1.1197913750152555 -1.020187131478021
-5.264962000000001 -6.117887e-05 -1.0980248469054439 -1.0003567127321347
-5.294823 -6.129528e-05 -1.1001141478753416 -1.0022601726183527
-5.325101 -6.210808e-05 -1.114702102761804 -1.0155505445410227
-5.354987 -6.108495e-05 -1.096339191488445 -0.9988209945591805
-5.384953 -6.131254e-05 -1.1004239265433293 -1.0025423968055884
-5.414879 -6.184533e-05 -1.1099863237922938 -1.0112542290603614
-5.445045 -6.095818e-05 -1.094063951526638 -0.9967481347552474
-5.475147 -6.217479e-05 -1.1158993991083543 -1.0166413426598238
-5.505033999999999 -6.180772e-05 -1.1093113078187702 -1.0106392550347565
-5.534703 -6.206022e-05 -1.1138431220520773 -1.0147679692454779
-5.564573 -6.17968e-05 -1.109115318070542 -1.0104606983647326
-5.594842 -6.148859e-05 -1.103583633061245 -1.0054210508127073
-5.624874 -6.285399e-05 -1.1280895307014709 -1.0277471751030784
-5.654786 -5.989764e-05 -1.075029613835584 -0.979406881016482
-5.684729999999999 -6.196915e-05 -1.1122086178056327 -1.0132788524012386
-5.714721 -6.108743e-05 -1.0963837019807168 -0.9988615458908343
-5.744897 -6.075505e-05 -1.0904182191495622 -0.9934266863686184
-5.7748360000000005 -6.226602e-05 -1.1175367749994616 -1.0181330757190084
-5.804684 -6.143536e-05 -1.1026282727775263 -1.004550668803057
-5.834814000000001 -6.141782e-05 -1.1023134687313791 -1.0042638662396668
-5.8646199999999995 -6.122153e-05 -1.0987904991636332 -1.001054261041954
-5.894751 -6.140738e-05 -1.1021260939171387 -1.004093158214479
-5.924756 -6.098167e-05 -1.094485544858679 -0.99713222781192
-5.954874 -6.130624e-05 -1.100310855534736 -1.0024393833421132
-5.9847399999999995 -6.049502e-05 -1.0857512581393178 -0.9891748465420291
-6.014573 -6.06406e-05 -1.0883640958267822 -0.9915552751154816
-6.044675 -6.148817e-05 -1.1035760949940054 -1.0054141832484758
-6.074779 -6.033044e-05 -1.0827974126481588 -0.9864837424438093
-6.1048599999999995 -6.113351e-05 -1.0972107356435712 -0.9996150157951117
-6.134878 -6.154708e-05 -1.1046333986632495 -1.0063774408886879
-6.1647799999999995 -6.078321e-05 -1.0909236286101958 -0.9938871401990103
-6.194591 -6.148787e-05 -1.1035707106602626 -1.0054092778454529
-6.224836 -6.233017e-05 -1.1186881250314087 -1.0191820143986825
-6.254685 -6.146988e-05 -1.1032478301135016 -1.0051151171775285
-6.28445 -6.236247e-05 -1.119267838297689 -1.0197101627907865
-6.314425 -6.13155e-05 -1.1004770519695892 -1.0025907967820786
-6.3444709999999995 -6.095087e-05 -1.0939327532611112 -0.9966286064349289
-6.374412 -6.024166e-05 -1.081204008815949 -0.9850320701759763
-6.404406 -6.05199e-05 -1.086197798884366 -0.98958166796604
-6.434638 -6.174806e-05 -1.10824054331517 -1.0096637338869878
-6.464393 -6.136284e-05 -1.1013266998341626 -1.0033648693790513
-6.49411 -6.143013e-05 -1.1025344058926145 -1.0044651512770288
-6.524350999999999 -6.135282e-05 -1.1011468630871613 -1.0032010289180948
-6.554379 -6.147293e-05 -1.103302570839884 -1.0051649887749254
-6.584675 -6.13705e-05 -1.1014641798223885 -1.0034901206695623
-6.614583 -6.068623e-05 -1.089183052989023 -0.9923013869152251
-6.644308 -6.274606e-05 -1.1261524268986955 -1.025982374608967
-6.674277 -6.22905e-05 -1.117976136632853 -1.0185333566056554
-6.704416 -6.155563e-05 -1.104786852174912 -1.0065172448748332
-6.734544 -6.23391e-05 -1.1188483986991449 -1.019328031895323
-6.764564 -6.172092e-05 -1.1077534405892613 -1.009219958426873
-6.794393 -6.109359e-05 -1.0964942603002306 -0.9989622701662327
-6.82424 -6.084898e-05 -1.0921040540443523 -0.9949625680550066
-6.854515999999999 -6.122755e-05 -1.098898544794067 -1.001152696129275
-6.88437 -6.231148e-05 -1.1183526810392481 -1.018876407790372
-6.914487 -6.104943e-05 -1.095701686373328 -0.9982401948412999
-6.944222 -6.247181e-05 -1.1212302484690542 -1.0214980186791043
-6.974342 -6.168168e-05 -1.1070491697357367 -1.0085783317115118
-7.004129 -6.127659e-05 -1.0997787038831814 -1.0019545660100424
-7.03399 -6.135611e-05 -1.101205911280538 -1.0032548248379098
-7.064082999999999 -6.099088e-05 -1.0946508439045752 -0.997282823684715
-7.094016 -6.179861e-05 -1.1091478035507885 -1.0104902942963023
-7.124147 -6.098645e-05 -1.094571335242977 -0.9972103872334139
-7.154305 -6.102344e-05 -1.0952352235934324 -0.9978152234261055
-7.18436 -6.036722e-05 -1.0834575319649946 -0.9870851448543849
-7.214525 -6.111819e-05 -1.096935775667119 -0.9993645132140891
-7.244055 -6.194802e-05 -1.111829381232366 -1.0129333485150107
-7.274138 -6.147467e-05 -1.1033337999755908 -1.0051934401124567
-7.3041469999999995 -6.131441e-05 -1.1004574888903247 -1.0025729738177631
-7.334231 -6.226275e-05 -1.117478085761668 -1.0180796068260616
-7.3645640000000006 -6.126756e-05 -1.099616635437531 -1.001806913379061
-7.394388 -6.094218e-05 -1.0937767870603692 -0.9964865132607067
-7.424412 -6.195769e-05 -1.1120029362566675 -1.0130914660057737
-7.454008 -6.091051e-05 -1.0932083808949478 -0.99596866621495
-7.484221 -6.162048e-05 -1.105950765652258 -1.0075776294948935
-7.514055 -6.068474e-05 -1.0891563107981017 -0.992277023413546
-7.544388 -6.035523e-05 -1.0832423380930842 -0.9868890922469133
-7.574212 -6.100033e-05 -1.0948204504174652 -0.9974373438799282
-7.6036660000000005 -6.161968e-05 -1.1059364074289446 -1.0075645484201665
-7.633350999999999 -6.106342e-05 -1.095952775803522 -0.9984689501355891
-7.663388 -6.214288e-05 -1.115326685475939 -1.0161195712916489
-7.693600999999999 -6.16965e-05 -1.1073151558226182 -1.00882065862083
-7.723397 -6.147177e-05 -1.1032817514160795 -1.005146021216571
-7.753453 -6.053189e-05 -1.0864129927562762 -0.9897777205735114
-7.783721 -6.192315e-05 -1.1113830199651094 -1.012526690604434
-7.813572 -6.15268e-05 -1.1042694177022534 -1.0060458356443573
-7.843694 -6.149751e-05 -1.10374372725119 -1.005566904795914
-7.873722 -6.285716e-05 -1.1281464251613504 -1.0277990088616842
-7.903638 -6.134599e-05 -1.101024279755623 -1.003089349242613
-7.933425000000001 -6.153653e-05 -1.1044440495933032 -1.0062049342157249
-7.963470999999999 -6.164889e-05 -1.106460662057677 -1.0080421711611374
-7.993544 -6.118955e-05 -1.0982165291866783 -1.0005313450797406
-8.023416000000001 -6.17902e-05 -1.108996862728206 -1.0103527794982345
-8.053421 -6.148939e-05 -1.1035979912845582 -1.0054341318874342
-8.082916 -6.1439e-05 -1.1026936026936027 -1.004610187693065
-8.113147 -6.16102e-05 -1.1057662624826803 -1.007409537684651
-8.143127999999999 -6.16574e-05 -1.1066133976581736 -1.0081813210935462
-8.172917 -6.155455e-05 -1.1047674685734385 -1.0064995854239513
-8.203192999999999 -6.277967e-05 -1.1267556517556516 -1.0265319432609366
-8.233091 -6.14958e-05 -1.1037130365488572 -1.0055389439986846
-8.262768 -6.110924e-05 -1.0967751430437997 -0.9992181686905803
-8.293016999999999 -6.148394e-05 -1.1035001758882357 -1.0053450170658564
-8.322953 -6.168807e-05 -1.107163856044453 -1.008682816795894
-8.353018 -6.122502e-05 -1.0988531369128383 -1.0011113272304506
-8.382869000000001 -6.192321e-05 -1.111384096831858 -1.0125276716850387
-8.412942999999999 -6.149852e-05 -1.103761854508123 -1.0055834196527564
-8.443165 -6.280489e-05 -1.1272082947456081 -1.0269443241417064
-8.472931 -6.130423e-05 -1.100274780498661 -1.0024065171418615
-8.502441999999999 -6.185042e-05 -1.1100776779881258 -1.0113374573983123
-8.532509 -6.127997e-05 -1.0998393673766806 -1.0020098335507641
-8.562536 -6.153848e-05 -1.1044790477626298 -1.0062368193353721
-8.592711999999999 -6.212111e-05 -1.114935962324022 -1.0157636025456396
-8.622638 -6.109848e-05 -1.0965820249402336 -0.9990422282355014
-8.652573 -6.124889e-05 -1.0992815504009534 -1.0015016337976188
-8.682486999999998 -6.109613e-05 -1.0965398476592505 -0.9990038025784908
-8.712359000000001 -6.116267e-05 -1.0977340928833463 -1.0000918209689122
-8.742289000000001 -6.136492e-05 -1.1013640312147774 -1.0033988801733416
-8.772165999999999 -6.110725e-05 -1.0967394269633075 -0.9991856295171968
-8.802072 -6.052997e-05 -1.0863785330203242 -0.9897463259941666
-8.831935 -6.121923e-05 -1.0987492192716073 -1.0010166529521138
-8.861805 -6.057625e-05 -1.087209156239007 -0.9905030661671257
-8.891592000000001 -6.083104e-05 -1.0917820708865484 -0.9946692249542529
-8.921915 -6.167335e-05 -1.1068996647354854 -1.0084421250209166
-8.951869 -6.006716e-05 -1.0780721213557034 -0.9821787607511412
-8.981646000000001 -6.114451e-05 -1.0974081612141313 -0.9997948805726085
-9.011563 -6.189753e-05 -1.1109231978634964 -1.0121077691863007
-9.041582 -6.07756e-05 -1.0907870460109266 -0.9937627064756693
-9.071684999999999 -6.157236e-05 -1.1050871185199542 -1.006790802850062
-9.101562 -6.190494e-05 -1.111056190906937 -1.0122289326409597
-9.131267 -6.069375e-05 -1.0893180202881694 -0.9924243490176593
-9.161341 -6.154159e-05 -1.1045348653557607 -1.0062876720133735
-9.191313000000001 -6.153059e-05 -1.104337439785201 -1.006107807235877
-9.221193999999999 -6.220231e-05 -1.116393321990337 -1.0170913316304337
-9.250842 -6.195928e-05 -1.1120314732255028 -1.0131174646417938
-9.281101000000001 -6.08145e-05 -1.0914852146195428 -0.9943987737342714
-9.310563 -6.138212e-05 -1.1016727330160165 -1.0036801232799728
-9.340785 -6.152607e-05 -1.1042563158234797 -1.0060338991636688
-9.370901 -6.211319e-05 -1.114793815913219 -1.0156340999058417
-9.400851000000001 -6.152862e-05 -1.1043020826602914 -1.0060755950893614
-9.43043 -6.08536e-05 -1.0921869727839877 -0.9950381112615554
-9.460192999999999 -6.152466e-05 -1.1042310094548897 -1.0060108437694624
-9.490128 -6.201409e-05 -1.1130151910002655 -1.01401368177403
-9.520156 -6.211041e-05 -1.1147439210872045 -1.0155886431711654
-9.550147 -6.197773e-05 -1.1123626097506694 -1.0134191469276863
-9.580288000000001 -6.146384e-05 -1.103139425527485 -1.0050163550633393
-9.609921 -6.163515e-05 -1.1062140595722683 -1.0078175037027004
-9.639933999999998 -6.143945e-05 -1.1027016791942161 -1.0046175457975988
-9.669979999999999 -6.191e-05 -1.1111470066693947 -1.0123116704386084
-9.700175999999999 -6.192074e-05 -1.1113397658173776 -1.0124872838668189
-9.730055 -6.182957e-05 -1.109703466793019 -1.010996531888239
-9.760091000000001 -6.126059e-05 -1.0994915394169122 -1.0016929445155014
-9.790138 -6.136316e-05 -1.1013324431234879 -1.0033701018089418
-9.819878000000001 -6.10094e-05 -1.0949832367742816 -0.997585650564646
-9.850156 -6.131586e-05 -1.10048351317008 -1.0025966832657058
-9.88024 -6.177845e-05 -1.1087859763232895 -1.010160651213181
-9.910147 -6.158855e-05 -1.1053776930642603 -1.0070555310998508
-9.940119000000001 -6.184306e-05 -1.1099455823336422 -1.0112171115108235
-9.970073000000001 -6.14793e-05 -1.1034168981930177 -1.0052691468324397
-9.992188 -6.090286e-05 -1.0930710803845132 -0.9958435784378727
-9.993843 -6.141314e-05 -1.1022294731249953 -1.0041873419525136
-9.965444 -6.123713e-05 -1.0990704845182455 -1.0013093419991312
-9.935981 -5.995199e-05 -1.076005075631941 -0.9802955765307501
-9.90649 -6.102971e-05 -1.0953477561686515 -0.9979177463492787
-9.876879 -5.993818e-05 -1.0757572168019929 -0.9800697644782747
-9.84711 -6.08307e-05 -1.0917759686416402 -0.9946636654974941
-9.817147 -6.06336e-05 -1.0882384613727898 -0.9914408157116202
-9.787397 -6.180438e-05 -1.1092513622364368 -1.0105846415477713
-9.757741 -6.110962e-05 -1.0967819631998736 -0.9992243822010757
-9.727934999999999 -6.056893e-05 -1.0870777784956889 -0.9903833743333732
-9.69798 -6.106877e-05 -1.0960487964219308 -0.9985564298228263
-9.667546 -6.131992e-05 -1.1005563811533958 -1.0026630697199455
-9.637546 -6.145776e-05 -1.103030303030303 -1.0049169388954142
-9.607835 -6.072673e-05 -1.0899099380442663 -0.9929636163232813
-9.57798 -6.145445e-05 -1.1029708958813436 -1.004862815948731
-9.547998999999999 -6.191737e-05 -1.1112792818016697 -1.012432179839531
-9.517741 -6.139506e-05 -1.1019049772781113 -1.0038917096636824
-9.48826 -6.112464e-05 -1.0970515388425834 -0.9994699793790756
-9.458397000000001 -6.176235e-05 -1.1084970170791066 -1.0098973945842995
-9.4285 -6.151816e-05 -1.1041143488904681 -1.0059045600373053
-9.398259 -6.189929e-05 -1.110954785954786 -1.0121365475507
-9.368345 -6.077169e-05 -1.090716870194482 -0.9936987727229408
-9.338462999999999 -6.133452e-05 -1.1008184187288663 -1.002901799333714
-9.308741 -6.095808e-05 -1.0940621567487236 -0.9967464996209064
-9.279036 -6.102792e-05 -1.0953156296439877 -0.9978884774445768
-9.249129 -6.194493e-05 -1.111773922594818 -1.0128828228638775
-9.218943999999999 -6.147485e-05 -1.1033370305758365 -1.0051963833542705
-9.188977000000001 -6.13275e-05 -1.100692425319291 -1.002787012902984
-9.159102 -6.102991e-05 -1.09535134572448 -0.9979210166179603
-9.129325999999999 -6.13269e-05 -1.1006816566518056 -1.0027772020969388
-9.099527 -6.160497e-05 -1.1056723955977685 -1.007324020158623
-9.069443999999999 -6.147676e-05 -1.1033713108339973 -1.0052276144201813
-9.03924 -6.107864e-05 -1.0962259410020603 -0.9987178175822711
-9.009439 -6.10778e-05 -1.0962108648675812 -0.9987040824538077
-8.979759 -6.110244e-05 -1.0966530981456353 -0.9991069795554004
-8.949489999999999 -6.136016e-05 -1.1012785997860624 -1.0033210477787156
-8.919751 -6.18749e-05 -1.1105170396215172 -1.0117377382849595
-8.889833000000001 -6.187225e-05 -1.1104694780067912 -1.011694407224926
-8.859555 -6.206669e-05 -1.1139592441831248 -1.0148737624373327
-8.829949000000001 -6.149703e-05 -1.103735112317202 -1.0055590561510777
-8.800193 -6.198217e-05 -1.112442297890059 -1.0134917468924214
-8.770026 -6.170464e-05 -1.1074612507448325 -1.0089537585561776
-8.740018 -6.186533e-05 -1.11034527937513 -1.0115812559285373
-8.710185 -6.151278e-05 -1.1040177898386854 -1.0058165898097662
-8.680435 -6.202955e-05 -1.1132926636657978 -1.01426647354313
-8.650269 -6.163753e-05 -1.106256775286626 -1.0078564199000135
-8.620222 -6.096292e-05 -1.0941490239997702 -0.9968256401230051
-8.590055 -6.23666e-05 -1.1193419626255445 -1.0197776938390648
-8.560458 -6.137729e-05 -1.1015860452427615 -1.0036011462913081
-8.530498999999999 -6.143649e-05 -1.102648553767957 -1.0045691458211092
-8.500798000000001 -6.212795e-05 -1.1150587251333517 -1.0158754457345556
-8.470694 -6.14369e-05 -1.1026559123574047 -1.0045758498719066
-8.440676 -6.285268e-05 -1.128066019110795 -1.0277257548432128
-8.410573000000001 -6.13359e-05 -1.1008431866640822 -1.0029243641876182
-8.380499 -6.138037e-05 -1.1016413244025183 -1.0036515084290072
-8.350379 -6.171188e-05 -1.1075911926658193 -1.0090721422824573
-8.320388999999999 -6.214706e-05 -1.115401707192752 -1.0161879199070978
-8.290434999999999 -6.162615e-05 -1.1060525295599923 -1.0076703416120214
-8.260656 -6.07015e-05 -1.0894571155765185 -0.9925510719290773
-8.23112 -6.141515e-05 -1.1022655481610704 -1.0042202081527651
-8.201175 -6.139244e-05 -1.1018579540967601 -1.0038488691439515
-8.170999 -6.147646e-05 -1.1033659265002547 -1.0052227090171586
-8.140777 -6.098589e-05 -1.0945612844866575 -0.9972012304811052
-8.110675 -6.202293e-05 -1.113173849367879 -1.0141582276497636
-8.080582 -6.099637e-05 -1.0947493772120638 -0.9973725925600294
-8.050536 -6.148026e-05 -1.1034341280609938 -1.005284844122112
-8.021118 -6.190145e-05 -1.1109935531577322 -1.012171866452463
-7.991286 -6.145389e-05 -1.1029608451250241 -1.004853659196422
-7.961063 -6.14392e-05 -1.102697192249431 -1.004613457961747
-7.9309899999999995 -6.141348e-05 -1.1022355753699036 -1.0041929014092723
-7.900995 -6.192129e-05 -1.1113496370959055 -1.0124962771056936
-7.871351 -6.133276e-05 -1.1007868306375768 -1.0028730209693144
-7.841304 -6.0954e-05 -1.093988929809825 -0.9966797861397985
-7.811147 -6.153396e-05 -1.1043979238009087 -1.0061629112631643
-7.7811840000000005 -6.02606e-05 -1.0815439397528948 -0.9853417646201389
-7.751239 -6.10792e-05 -1.0962359917583797 -0.9987269743345799
-7.721313 -6.108884e-05 -1.0964090083493068 -0.9988846012850408
-7.691388 -6.048285e-05 -1.085532833667162 -0.988975850692744
-7.661249 -6.083528e-05 -1.0918581694701097 -0.9947385546503063
-7.631381999999999 -6.141937e-05 -1.1023412877890488 -1.0042892108219503
-7.6012759999999995 -6.16324e-05 -1.1061647031796282 -1.0077725375083262
-7.571424 -6.033109e-05 -1.082809078704601 -0.9864943708170251
-7.541231 -6.120223e-05 -1.0984441070261963 -1.0007386801141642
-7.511554 -6.148095e-05 -1.1034465120286014 -1.005296126549064
-7.481702 -6.131953e-05 -1.1005493815195306 -1.002656692696016
-7.451592 -6.13589e-05 -1.1012559855843438 -1.0033004450860206
-7.421406 -6.030187e-05 -1.0822846445980772 -0.9860165845626199
-7.391759 -6.161207e-05 -1.1057998248296754 -1.0074401146968255
-7.361768 -6.15733e-05 -1.1051039894323473 -1.0068061731128664
-7.331462 -6.070463e-05 -1.0895132921252322 -0.9926022516339469
-7.301542 -6.19289e-05 -1.111486219695175 -1.0126207108290346
-7.271832000000001 -6.158339e-05 -1.1052850825238885 -1.006971158167861
-7.24173 -6.074622e-05 -1.09025974025974 -0.9932823040063187
-7.211995 -6.180825e-05 -1.1093208201417155 -1.0106479212467632
-7.181979999999999 -6.135273e-05 -1.1011452477870387 -1.0031995572971881
-7.151845000000001 -6.125141e-05 -1.0993267788043906 -1.0015428391830088
-7.121647 -6.181112e-05 -1.1093723302678526 -1.0106948496023467
-7.091499 -6.089792e-05 -1.0929824183555525 -0.9957628028014331
-7.061656 -6.226514e-05 -1.1175209809538167 -1.0181186865368084
-7.031591000000001 -6.130038e-05 -1.100205681548965 -1.0023435644697376
-7.001518 -6.093075e-05 -1.093571643944778 -0.996299617405544
-6.971797 -6.194366e-05 -1.1117511289153081 -1.0128620566577486
-6.941934 -6.154849e-05 -1.1046587050318393 -1.006400496282894
-6.912091 -6.082068e-05 -1.0915961318946392 -0.9944998250365378
-6.881916 -6.176889e-05 -1.108614395554694 -1.010004332370193
-6.851571 -6.09031e-05 -1.0930753878515072 -0.9958475027602909
-6.82174 -6.118203e-05 -1.098081561887532 -1.0004083829773065
-6.791881999999999 -6.220456e-05 -1.1164337044934058 -1.0171281221531034
-6.762156 -6.143416e-05 -1.1026067354425564 -1.0045310471909665
-6.731953000000001 -6.142069e-05 -1.102364978857516 -1.0043107945952499
-6.701703 -6.093323e-05 -1.0936161544370497 -0.9963401687371978
-6.671628 -6.151817e-05 -1.1041145283682596 -1.0059047235507395
-6.641675 -6.212509e-05 -1.1150073944850063 -1.0158286808924064
-6.611554 -6.21531e-05 -1.1155101117787685 -1.016286682021287
-6.582222 -6.158735e-05 -1.1053561557292901 -1.0070359094877601
-6.551877999999999 -6.133961e-05 -1.1009097729246982 -1.0029850276716648
-6.521924 -6.199347e-05 -1.1126451077943615 -1.0136765170729407
-6.4920990000000005 -6.159386e-05 -1.105472995771503 -1.0071423567333513
-6.462193 -6.18546e-05 -1.1101526997049385 -1.011405806013761
-6.431814 -6.151795e-05 -1.1041105798568482 -1.0059011262551893
-6.401841 -6.096704e-05 -1.0942229688498344 -0.9968930076578493
-6.371854 -6.134038e-05 -1.1009235927146375 -1.0029976182060896
-6.342323 -6.138156e-05 -1.101662682259697 -1.0036709665276637
-6.312008 -6.237164e-05 -1.1194324194324192 -1.0198601046098452
-6.2820730000000005 -6.176505e-05 -1.1085454760827895 -1.0099415432115033
-6.2521379999999995 -6.058524e-05 -1.0873705067734918 -0.9906500647443708
-6.222014 -6.159383e-05 -1.105472457338129 -1.007141866193049
-6.192119 -6.025857e-05 -1.0815075057612369 -0.985308571393019
-6.162073 -6.176287e-05 -1.1085063499242604 -1.009905897282872
-6.132391999999999 -6.163211e-05 -1.1061594983236773 -1.0077677956187379
-6.1021279999999996 -6.127622e-05 -1.099772063204899 -1.0019485160129813
-6.072137 -6.199483e-05 -1.1126695167739942 -1.0136987548999765
-6.042332 -6.113506e-05 -1.097238554701241 -0.9996403603773953
-6.012249 -6.155847e-05 -1.1048378238676746 -1.006563682690114
-5.982486 -6.186518e-05 -1.1103425872082586 -1.011578803227026
-5.952323000000001 -6.121179e-05 -1.0986156877947921 -1.0008949989571523
-5.922147 -6.157727e-05 -1.1051752421155407 -1.0068710879461995
-5.892156 -6.126684e-05 -1.0996037130365488 -1.0017951404118066
-5.862202 -6.148999e-05 -1.1036087599520434 -1.0054439426934796
-5.83249 -6.168742e-05 -1.1071521899880106 -1.0086721884226781
-5.802304 -6.132572e-05 -1.1006604782724185 -1.0027579075117166
-5.772073000000001 -6.039054e-05 -1.0838760741745816 -0.9874664581826781
-5.742193 -6.164476e-05 -1.1063865377298212 -1.007974640112859
-5.712073 -6.030325e-05 -1.082309412533293 -0.986039149416524
-5.682082 -6.106184e-05 -1.0959244183124779 -0.9984431150130032
-5.652304 -6.232512e-05 -1.1185974887467425 -1.0190994401144682
-5.622023 -6.015228e-05 -1.0795998363162542 -0.9835705871020981
-5.592277 -6.235469e-05 -1.1191282045759656 -1.019582949339066
-5.562156 -6.118236e-05 -1.0980874846546487 -1.0004137789206315
-5.532138 -6.134311e-05 -1.1009725901516947 -1.0030422573735958
-5.50225 -6.160475e-05 -1.1056684470863574 -1.0073204228630732
-5.472388 -6.097936e-05 -1.0944440854888615 -0.9970944562086457
-5.4419889999999995 -6.235202e-05 -1.119080284005657 -1.0195392912521648
-5.412082000000001 -6.162026e-05 -1.1059468171408469 -1.0075740321993436
-5.382212000000001 -6.107187e-05 -1.0961044345372704 -0.9986071189873936
-5.352316 -6.238918e-05 -1.1197472234785666 -1.0201469071732356
-5.322323 -6.138033e-05 -1.1016406064913526 -1.003650854375271
-5.292008 -6.239489e-05 -1.1198497052974663 -1.0202402733440996
-5.261976 -6.180974e-05 -1.109347562332637 -1.0106722847484424
-5.232415 -6.19318e-05 -1.111538268254686 -1.01266812972492
-5.202392 -6.105721e-05 -1.0958413200950512 -0.9983674082930205
-5.172332 -6.144551e-05 -1.1028104427358156 -1.0047166349386563
-5.142175 -6.164779e-05 -1.106440919500621 -1.008024184683388
-5.112184 -6.186156e-05 -1.1102776162477652 -1.011519611363886
-5.08224 -6.136072e-05 -1.101288650542382 -1.0033302045310246
-5.052202 -6.239008e-05 -1.1197633764797943 -1.0201616233823034
-5.022174 -6.175777e-05 -1.1084148162506369 -1.009822505431487
-4.9923969999999995 -6.142985e-05 -1.1025293805144551 -1.0044605729008746
-4.962341 -6.260834e-05 -1.1236806587552854 -1.0237304675947074
-4.932416 -6.292612e-05 -1.1293841040109693 -1.0289265975031547
-4.902552 -6.148336e-05 -1.1034897661763334 -1.0053355332866794
-4.872796999999999 -6.123412e-05 -1.0990164617030287 -1.0012601244554706
-4.842720999999999 -6.252615e-05 -1.1222055307876204 -1.0223865506799386
-4.812749 -6.176199e-05 -1.1084905558786153 -1.0098915081006723
-4.782656 -6.155556e-05 -1.1047855958303718 -1.0065161002807945
-4.75291 -6.156713e-05 -1.1049932516350425 -1.0067052853240341
-4.722795 -6.081333e-05 -1.0914642157179468 -0.9943796426624831
-4.692619 -6.163411e-05 -1.1061953938819609 -1.0078004983055553
-4.662545 -6.24316e-05 -1.1205085682697622 -1.0208405311606368
-4.632542 -6.167647e-05 -1.106955661806408 -1.0084931412123521
-4.602729999999999 -6.109496e-05 -1.0965188487576545 -0.9989846715067024
-4.572571 -6.084177e-05 -1.09197465055674 -0.9948446748690294
-4.543036 -6.172939e-05 -1.1079054582785925 -1.0093584543055456
-4.512479999999999 -6.12488e-05 -1.0992799351008304 -1.001500162176712
-4.48274 -6.070266e-05 -1.089477935000323 -0.9925700394874316
-4.452489 -6.204281e-05 -1.1135306512172183 -1.0144832923567306
-4.422508 -6.082263e-05 -1.0916311300639656 -0.9945317101561849
-4.392759 -6.070068e-05 -1.089442398397622 -0.9925376638274822
-4.362832 -6.100365e-05 -1.0948800370442162 -0.9974916303400454
-4.332693 -6.139229e-05 -1.1018552619298887 -1.00384641644244
-4.302564 -6.099164e-05 -1.094664484216723 -0.9972952507057057
-4.272806999999999 -6.137172e-05 -1.1014860761129417 -1.0035100693085213
-4.242516999999999 -6.171134e-05 -1.107581500865083 -1.0090633125570168
-4.212415 -6.178299e-05 -1.1088674592405934 -1.010234886312257
-4.182618000000001 -6.103091e-05 -1.0953692935036217 -0.9979373679613691
-4.152729999999999 -6.058302e-05 -1.0873306627037969 -0.9906137647620031
-4.122934 -6.106879e-05 -1.0960491553775136 -0.9985567568496946
-4.092619 -6.172428e-05 -1.1078137451271777 -1.0092748989407265
-4.0622300000000005 -6.076563e-05 -1.0906081066528828 -0.9935996835818836
-4.032221 -6.091071e-05 -1.0932119704507763 -0.9959719364836318
-4.002036 -6.073814e-05 -1.0901147222042744 -0.9931501851515757
-3.9724009999999996 -6.202063e-05 -1.113132569475853 -1.0141206195599235
-3.942304 -6.067777e-05 -1.0890312147774834 -0.9921630545499868
-3.912295 -6.061879e-05 -1.0879726547636994 -0.9911986523157358
-3.882137 -6.082537e-05 -1.0916803069788144 -0.994576512837125
-3.8519989999999997 -6.05571e-05 -1.0868654562684412 -0.9901899379408472
-3.822212 -6.119208e-05 -1.098261937067907 -1.0005727139785647
-3.792354 -6.033537e-05 -1.0828858951993279 -0.9865643545668147
-3.762304 -6.084971e-05 -1.092117155923126 -0.9949745045356951
-3.732536 -6.086708e-05 -1.0924289088468193 -0.9952585273707061
-3.70242 -6.089843e-05 -1.0929915717229148 -0.9957711419865717
-3.6725079999999997 -6.08032e-05 -1.0912824047152405 -0.9942140035537521
-3.642276 -6.089486e-05 -1.0929274981513786 -0.9957127676906024
-3.6125079999999996 -6.113201e-05 -1.0971838139748586 -0.9995904887799985
-3.5820819999999998 -6.143758e-05 -1.1026681168472212 -1.0045869687854245
-3.552137 -6.119502e-05 -1.098314703538584 -1.000620786928187
-3.522505 -6.043688e-05 -1.0847077742600129 -0.9882241794362415
-3.4925729999999997 -6.116943e-05 -1.097855419870345 -1.0002023560503557
-3.4626010000000003 -6.12193e-05 -1.0987504756161472 -1.0010177975461525
-3.4322779999999997 -6.142228e-05 -1.1023935158263516 -1.0043367932312701
-3.402313 -6.05662e-05 -1.0870287810586317 -0.9903387351658672
-3.372267 -6.000563e-05 -1.0769677945051077 -0.981172662591198
-3.3421469999999998 -6.155419e-05 -1.1047610073729475 -1.0064936989403241
-3.312363 -6.137697e-05 -1.1015803019534363 -1.0035959138614174
-3.282647 -6.065844e-05 -1.0886842842066722 -0.9918469830818946
-3.252471 -6.132674e-05 -1.1006787850071431 -1.0027745858819934
-3.222378 -6.138859e-05 -1.101788855147064 -1.0037859164718275
-3.192313 -6.169498e-05 -1.1072878751983228 -1.0087958045788488
-3.1622310000000002 -6.085177e-05 -1.0921541283481582 -0.9950081883031173
-3.132526 -6.164268e-05 -1.1063492063492062 -1.0079406293185689
-3.102036 -6.081029e-05 -1.091409654469356 -0.9943299345785205
-3.072212 -6.110271e-05 -1.0966579440460034 -0.9991113944181206
-3.042239 -6.007665e-05 -1.078242445779759 -0.9823339350000907
-3.012221 -6.154735e-05 -1.1046382445636176 -1.0063818557514081
-2.981897 -6.123518e-05 -1.0990354863489191 -1.0012774568794842
-2.951925 -6.224568e-05 -1.117171717171717 -1.0178004893940733
-2.921957 -6.114295e-05 -1.0973801626786701 -0.9997693724768908
-2.892499 -6.043437e-05 -1.084662725334367 -0.9881831375642856
-2.862276 -6.159444e-05 -1.1054834054834053 -1.0071518405125284
-2.832554 -6.148854e-05 -1.1035827356722878 -1.0054202332455369
-2.802091 -6.150367e-05 -1.1038542855707034 -1.005667629071312
-2.772045 -6.170399e-05 -1.1074495846883905 -1.0089431301829621
-2.742073 -6.121697e-05 -1.0987086572907467 -1.0009796989160098
-2.7121269999999997 -6.124104e-05 -1.09914066033469 -1.0013732757518596
-2.6823040000000002 -6.090304e-05 -1.0930743109847585 -0.9958465216796862
-2.652042 -6.135776e-05 -1.101235525116122 -1.0032818045545344
-2.6219989999999997 -6.157372e-05 -1.105111527499587 -1.006813040677098
-2.592082 -6.161497e-05 -1.1058518733891867 -1.007487533592711
-2.561986 -6.089549e-05 -1.092938805252238 -0.9957230690369498
-2.532054 -6.16544e-05 -1.1065595543207483 -1.00813226706332
-2.502382 -6.150707e-05 -1.1039153080197854 -1.0057232236389018
-2.472406 -6.084319e-05 -1.0920001364031213 -0.9948678937766698
-2.441962 -6.132679e-05 -1.1006796823961 -1.0027754034491638
-2.412382 -6.088249e-05 -1.0927054841233943 -0.9955105015726354
-2.382378 -6.160384e-05 -1.1056521146073386 -1.0073055431405713
-2.352165 -6.05844e-05 -1.0873554306390127 -0.9906363296159073
-2.3220419999999997 -6.141786e-05 -1.102314186642545 -1.0042645202934033
-2.29235 -6.045774e-05 -1.0850821649329112 -0.9885652684597491
-2.262128 -6.125675e-05 -1.099422619945008 -1.0016301553568119
-2.232108 -6.195158e-05 -1.111893275326111 -1.012991559297546
-2.202063 -6.15227e-05 -1.104195831807772 -1.0059787951363814
-2.172278 -6.04815e-05 -1.0855086041653206 -0.9889537763791422
-2.142202 -6.081191e-05 -1.0914387298715655 -0.9943564237548427
-2.112221 -6.105912e-05 -1.0958756003532122 -0.9983986393589313
-2.082462 -6.109728e-05 -1.0965604876052635 -0.9990226066234109
-2.0522310000000004 -6.080832e-05 -1.0913742973444465 -0.994297722432005
-2.022378 -6.099551e-05 -1.0947339421220017 -0.9973585304046978
-1.992128 -6.078135e-05 -1.0908902457409917 -0.9938567267002697
-1.961841 -6.165103e-05 -1.1064990703050404 -1.0080771630360321
-1.9319760000000001 -6.048529e-05 -1.085576626248268 -0.9890157479706615
-1.9021279999999998 -6.00524e-05 -1.0778072121355704 -0.9819374149224276
-1.871749 -6.07945e-05 -1.0911262590367066 -0.9940717468660955
-1.841901 -6.00484e-05 -1.077735421019003 -0.9818720095487923
-1.812008 -6.053357e-05 -1.0864431450252343 -0.989805190830438
-1.781832 -6.142077e-05 -1.1023664146798473 -1.0043121027027226
-1.75186 -6.096121e-05 -1.0941183332974376 -0.996797679325776
-1.7219200000000001 -6.032972e-05 -1.0827844902471768 -0.986471969476555
-1.691878 -5.988772e-05 -1.074851571866497 -0.9792446756898667
-1.661665 -6.064825e-05 -1.0885013963372172 -0.991680362892559
-1.632108 -6.055781e-05 -1.0868781991916319 -0.9902015473946674
-1.601971 -6.025528e-05 -1.0814484575678605 -0.9852547754732042
-1.5718779999999999 -6.054511e-05 -1.0866502623965308 -0.9899938853333756
-1.541489 -6.081737e-05 -1.09153672474568 -0.9944457020898548
-1.511542 -6.128909e-05 -1.100003051122454 -1.0021589578026522
-1.481813 -6.010884e-05 -1.078820184790334 -0.98286028474442
-1.451804 -5.996969e-05 -1.0763227513227511 -0.9805849953090858
-1.4218250000000001 -6.007875e-05 -1.078280136115957 -0.9823682728212493
-1.3919890000000001 -6.014797e-05 -1.079522481388153 -0.9835001128120062
-1.361721 -5.972309e-05 -1.071896828986381 -0.9765527540244765
-1.331758 -5.970725e-05 -1.0716125361647748 -0.9762937487448812
-1.301863 -5.989924e-05 -1.0750583302822108 -0.9794330431659362
-1.271999 -6.055873e-05 -1.0868947111484424 -0.9902165906306035
-1.2420229999999999 -6.054533e-05 -1.086654210907942 -0.9899974826289256
-1.211897 -5.91274e-05 -1.061205516429397 -0.9668124222692904
-1.181915 -5.944838e-05 -1.0669663945783348 -0.972060876476646
-1.151989 -6.016508e-05 -1.0798295678892693 -0.9837798842977307
-1.12174 -5.986754e-05 -1.0744893856834152 -0.9789147055798771
-1.091825 -6.042065e-05 -1.0844164818045412 -0.9879587971327167
-1.061721 -6.007898e-05 -1.0782842641051595 -0.9823720336302333
-1.031957 -5.928562e-05 -1.064045214045214 -0.9693995318234302
-1.002119 -6.056761e-05 -1.0870540874272216 -0.9903617905600737
-0.9719894 -5.983921e-05 -1.073980925100328 -0.978451472021106
-0.9419153 -5.981028e-05 -1.0734616958497554 -0.9779784276562895
-0.9116930999999999 -5.961809e-05 -1.070012312176491 -0.9748358629665529
-0.8813783 -5.99381e-05 -1.0757557809796614 -0.980068456370802
-0.8518065 -5.983485e-05 -1.0739026727832697 -0.9783801801638438
-0.8217949 -5.919173e-05 -1.0623600970615894 -0.9678643041907782
-0.7919197 -5.95478e-05 -1.0687507627806132 -0.9736865270383485
-0.7617208000000001 -5.974174e-05 -1.072231555067376 -0.9768577065790507
-0.7317027 -6.030966e-05 -1.0824244577975919 -0.9861439615277744
-0.7018411999999999 -5.992591e-05 -1.075536997551923 -0.9798691334946488
-0.6717856000000001 -5.941446e-05 -1.0663576059098445 -0.9715062389082195
-0.641582 -5.945413e-05 -1.0670695943084 -0.9721548967012466
-0.6116367 -5.949696e-05 -1.067838297689044 -0.9728552247394454
-0.5818135 -6.087655e-05 -1.0925988743152921 -0.9954133745927872
-0.5513875 -5.949737e-05 -1.067845656278492 -0.972861928790243
-0.5216375000000001 -5.935973e-05 -1.0653753239574135 -0.9706113298834562
-0.4916932 -5.983402e-05 -1.073887776126582 -0.9783666085488143
-0.4616931 -5.83962e-05 -1.0480821003209062 -0.9548563199687782
-0.4314709 -5.884688e-05 -1.0561708054245367 -0.9622255434162548
-0.4015357 -5.982881e-05 -1.0737942681972532 -0.9782814180496545
-0.37135050000000003 -5.910938e-05 -1.0608820974492614 -0.9665177710610638
-0.34182530000000005 -5.914306e-05 -1.0614865786507575 -0.967068484307072
-0.3117393 -5.7557e-05 -1.0330203240651001 -0.941134272580116
-0.28133199999999997 -5.631214e-05 -1.0106778517226278 -0.9207791392242413
-0.25167429999999996 -5.372462e-05 -0.9642376142376141 -0.8784697111271114
-0.22149860000000002 -4.808645e-05 -0.8630449843136409 -0.7862780572599356
-0.1916743 -4.032049e-05 -0.723663249409518 -0.6592941784009563
-0.1618782 -3.217918e-05 -0.577544815604517 -0.526172822793485
-0.131369 -2.420573e-05 -0.43443909600626013 -0.3957962036906143
-0.10142910000000001 -1.872269e-05 -0.33603070506055577 -0.30614113372644525
-0.07163749 -1.514041e-05 -0.2717367347964363 -0.2475660432599808
-0.04169304 -1.159374e-05 -0.20808188494755658 -0.18957322413230351
-0.01169303 -8.714605e-06 -0.15640780584810435 -0.1424954990270174
0.01880697 -6.610614e-06 -0.1186458400637505 -0.10809241965699969
0.048561509999999995 -3.479963e-06 -0.06245760734566704 -0.05690207006290665
0.0787435 -5.863214e-07 -0.010523166993316247 -0.009587142559326498
0.10879770000000001 9.602605e-07 0.017234543372603075 0.015701549197402898
0.1384861 2.928227e-06 0.05255517147308191 0.04788044525591075
0.1687977 3.841853e-06 0.0689527291392963 0.06281945772911611
0.19882550000000002 6.261223e-06 0.1123750475616147 0.10237940743205676
0.2285615 7.476984e-06 0.13419525747883956 0.12225873304607894
0.2582792 9.633447e-06 0.1728989791303224 0.15751980010744307
0.28841809999999996 1.122221e-05 0.20141374656300026 0.18349820951563325
0.31883510000000004 1.197362e-05 0.21489988728794696 0.19578477246643725
0.3487051 1.396453e-05 0.2506323002591659 0.2283388255724448
0.3788533 1.52131e-05 0.27304135886225434 0.2487546224123662
0.408557 1.71849e-05 0.3084307897740733 0.28099620134583164
0.4385427 1.823175e-05 0.32721942236867607 0.2981136051933306
0.4684551 1.969825e-05 0.3535398404801389 0.32209285030233104
0.4988347 2.157695e-05 0.3872583331538555 0.35281211916443755
0.5290199999999999 2.24432e-05 0.40280559683544753 0.3669764703923078
0.5588257 2.448671e-05 0.4394820629895257 0.4003906041616181
0.5885292 2.534808e-05 0.45494174150890565 0.4144751608336533
0.6187422 2.770439e-05 0.4972322729785416 0.4530039948212353
0.6487219 2.941903e-05 0.5280062530062529 0.4810406622836945
0.6786959 3.014889e-05 0.5411056190906938 0.49297485378403905
0.7088718 3.207005e-05 0.5755861744667715 0.524388400687283
0.738788 3.447516e-05 0.6187525575585276 0.5637151802332142
0.7686959000000001 3.654926e-05 0.6559780462765538 0.5976295015973997
0.7992792 3.765129e-05 0.6757570373242016 0.6156491725741959
0.8288445 4.063215e-05 0.7292568542568542 0.6643902380877418
0.8588718 4.266673e-05 0.7657730467431959 0.6976583543604116
0.8889578 4.505989e-05 0.8087249538742075 0.7367897353526076
0.9186403000000001 4.809737e-05 0.8632409740618696 0.7864566139299598
0.9489295 5.039995e-05 0.9045671713582161 0.8241068902361871
0.97902 5.351544e-05 0.9604832977967306 0.8750493371128593
1.0091459999999999 5.507471e-05 0.988468731379179 0.9005454963498938
1.038992 5.628049e-05 1.0101098045127894 0.9202616192053528
1.069076 5.717811e-05 1.02622009002606 0.9349389120759569
1.099233 5.741118e-05 1.0304031789106416 0.9387499196842453
1.1290429999999998 5.875729e-05 1.054562863891222 0.9607606265602606
1.1589639999999999 5.961104e-05 1.0698857803335413 0.9747205859955208
1.1891500000000002 5.899681e-05 1.058861715951268 0.9646771003335356
1.2189770000000002 5.924439e-05 1.0633052271111971 0.9687253659346855
1.248872 6.031361e-05 1.082495351525202 0.9862085493342392
1.279085 6.017234e-05 1.0799598687658387 0.9838985950508785
1.308882 5.936165e-05 1.0654097836933656 0.970642724462801
1.338816 6.001603e-05 1.0771544514081828 0.9813427165626495
1.3691220000000002 5.961615e-05 1.0699774934849562 0.9748041413603399
1.3989200000000002 6.050743e-05 1.0859739900784675 0.9893777667137321
1.428964 6.083393e-05 1.0918339399682682 0.9947164803367043
1.45877 6.064384e-05 1.0884222466312017 0.9916082534681261
1.4892239999999999 6.025175e-05 1.0813851019074898 0.985197055230971
1.519099 6.023389e-05 1.0810645545720172 0.98490502023769
1.548659 6.070111e-05 1.089450115942653 0.992544694905148
1.5790899999999999 6.090345e-05 1.0930816695742067 0.9958532257304838
1.6089179999999998 6.028236e-05 1.0819344834270208 0.9856975698527144
1.639103 6.098695e-05 1.094580309132548 0.9972185629051185
1.669168 6.159757e-05 1.1055395820321192 1.0072030202173978
1.699242 6.062558e-05 1.0880945201840724 0.9913096779374815
1.729109 6.093958e-05 1.0937301228346004 0.9964439997678437
1.759261 6.080444e-05 1.0913046599613763 0.994234279219579
1.7893350000000001 6.017159e-05 1.0799464079314822 0.9838863315433218
1.8192139999999999 6.07072e-05 1.0895594179176267 0.9926442745865075
1.849214 6.1308e-05 1.1003424436260256 1.0024681617065128
1.87942 6.049301e-05 1.0857151831032428 0.9891419803417774
1.909224 6.033462e-05 1.0828724343649714 0.986552091059258
1.9393070000000001 6.101145e-05 1.0950200297215222 0.997619170818634
1.969373 6.135409e-05 1.1011696567666716 1.0032217951242242
1.999001 6.114766e-05 1.0974646967184278 0.999846387304346
2.029335 6.076494e-05 1.0905957226852747 0.9935884011549314
2.05902 6.185378e-05 1.1101379825260422 1.0113923979121657
2.0892890000000004 6.083195e-05 1.0917984033655672 0.9946841046767548
2.1191869999999997 6.057723e-05 1.087226745062566 0.9905190904836663
2.1494 6.154165e-05 1.1045359422225094 1.006288653093978
2.17925 6.095249e-05 1.093961828663321 0.9966550956112513
2.209242 6.154059e-05 1.104516917576619 1.0062713206699647
2.2395479999999997 6.032347e-05 1.0826723166275403 0.9863697735802499
2.269409 6.179766e-05 1.1091307531606036 1.010474760520064
2.299335 6.068254e-05 1.0891168256839898 0.9922410504580468
2.329326 6.142449e-05 1.1024331804182548 1.0043729297002033
2.359641 6.13369e-05 1.100861134443224 1.002940715531027
2.389628 6.077095e-05 1.090703588837917 0.9936866727288184
2.4194 6.162653e-05 1.1060593497160662 1.0076765551225169
2.4492890000000003 6.099828e-05 1.0947836574702245 0.9974038236259402
2.479194 6.136428e-05 1.1013525446361265 1.0033884153135597
2.5091959999999998 6.110713e-05 1.0967372732298106 0.9991836673559878
2.539455 6.070353e-05 1.0894935495681763 0.9925842651561974
2.569505 6.214751e-05 1.1154097836933656 1.0161952780116317
2.599483 6.061992e-05 1.0879929357541296 0.9912171293337877
2.629252 6.263e-05 1.1240694076514972 1.024084637692942
2.659427 6.161103e-05 1.105781159139368 1.0074231092996804
2.689326 6.078152e-05 1.090893296863446 0.9938595064286494
2.7193159999999996 6.139856e-05 1.1019677945051078 1.0039489393656134
2.7490900000000003 6.202455e-05 1.113202924770089 1.014184716826086
2.779205 6.138562e-05 1.1017355502430128 1.0037373529819034
2.809335 6.076629e-05 1.0906199521871163 0.9936104754685333
2.839622 6.110669e-05 1.096729376206988 0.9991764727648877
2.869543 6.190547e-05 1.1110657032298823 1.0122375988529666
2.899474 6.159663e-05 1.1055227111197259 1.0071876499545938
2.929502 6.093537e-05 1.0936545626844134 0.9963751606120927
2.959548 6.135765e-05 1.1012335508604163 1.0032800059067593
2.989789 6.147321e-05 1.1033075962180439 1.00516956715108
3.019656 6.064373e-05 1.088420272375496 0.9916064548203511
3.049604 6.165579e-05 1.1065845017337554 1.0081549954306581
3.079533 6.229889e-05 1.118126718499853 1.0186705443768553
3.109261 6.008784e-05 1.078443281428356 0.9825169065328352
3.139687 6.052235e-05 1.0862417709432635 0.9896217287573915
3.169872 6.157262e-05 1.1050917849425312 1.0067950541993484
3.1999920000000004 6.110083e-05 1.0966242022212171 0.9990806538925122
3.229571 6.058847e-05 1.0874284781001198 0.990702879583581
3.259455 6.074276e-05 1.0901976409439094 0.9932257283581243
3.289666 6.175482e-05 1.1083618703021687 1.0097742689684313
3.319742 6.146727e-05 1.1032009864099417 1.0050724401712319
3.349659 6.093398e-05 1.0936296152714062 0.9963524322447546
3.379909 6.178967e-05 1.1089873504052608 1.0103441132862279
3.4097220000000004 6.174156e-05 1.1081238827507485 1.0095574501548308
3.439437 6.188785e-05 1.1107494633614035 1.0119494881821034
3.4697240000000003 6.282327e-05 1.1275381749262345 1.0272448618335601
3.499731 6.038625e-05 1.0837990782020632 0.9873963109194542
3.529844 6.107243e-05 1.0961144852935898 0.9986162757397025
3.5596370000000004 6.103903e-05 1.0955150294702531 0.9980701408698486
3.589613 6.113514e-05 1.0972399905235726 0.999641668484868
3.619956 6.114184e-05 1.0973602406438223 0.9997512224857068
3.649571 6.033474e-05 1.0828745880984687 0.9865540532204672
3.679798 6.070564e-05 1.0895314193821655 0.9926187664907898
3.7100479999999996 6.153499e-05 1.1044164100134248 1.0061797531468755
3.7400390000000003 6.169162e-05 1.1072275706604064 1.0087408640649953
3.769949 6.168636e-05 1.1071331653421206 1.008654855998665
3.799687 6.108835e-05 1.0964002139375273 0.9988765891267705
3.8296680000000003 6.126076e-05 1.0994945905393665 1.001695724243881
3.859854 6.132139e-05 1.1005827643887345 1.0026871061947564
3.88975 6.117255e-05 1.0979114169412676 1.0002533722417912
3.9197979999999997 6.115268e-05 1.0975547945697197 0.9999284710482582
3.949873 6.052856e-05 1.0863532266517342 0.9897232705999601
3.9798069999999997 6.080577e-05 1.091328530507635 0.9942560265063127
4.009844 6.140581e-05 1.102097915903886 1.004067486605327
4.03976 6.17421e-05 1.1081335745514849 1.0095662798802711
4.069687 6.136976e-05 1.1014508984658238 1.00347802067544
4.100094 6.088415e-05 1.0927352774367698 0.9955376448026941
4.130271 6.069195e-05 1.0892857142857142 0.9923949165995234
4.160233 6.131754e-05 1.1005136654390386 1.0026241535226326
4.190233 6.019805e-05 1.0804213061675745 0.9843189880899186
4.220289 6.066732e-05 1.0888436604854514 0.9919921830113647
4.250418 5.989785e-05 1.0750333828692038 0.979410314798598
4.28009 6.125724e-05 1.0994314143567874 1.001638167515082
4.30978 6.128857e-05 1.0999937182773003 1.0021504551040799
4.339816 6.095144e-05 1.0939429834952223 0.9966379267006722
4.369807 6.118846e-05 1.0981969661074138 1.000513522115425
4.400297999999999 6.179576e-05 1.1090966523802344 1.0104436929675875
4.430409 6.133178e-05 1.1007692418140178 1.0028569966527738
4.460585 6.09199e-05 1.0933769105410895 0.9961222053295586
4.490119 6.100088e-05 1.0948303216959931 0.997446337118803
4.520251 6.07428e-05 1.0901983588550752 0.9932263824118608
4.550363 6.071938e-05 1.0897780218675739 0.9928434339492266
4.58042 6.119392e-05 1.0982949609815282 1.0006028004504373
4.610297999999999 6.149496e-05 1.1036979604143782 1.0055252088702213
4.640136999999999 6.109464e-05 1.0965131054683293 0.9989794390768119
4.670196 6.165103e-05 1.1064990703050404 1.0080771630360321
4.700604 6.12261e-05 1.0988725205143117 1.0011289866813324
4.730354 6.111614e-05 1.096898982719878 0.999330992960101
4.760242 6.101251e-05 1.0950390543674124 0.9976365032426473
4.790271 6.183072e-05 1.109724106739032 1.011015335933159
4.8205659999999995 6.091825e-05 1.0933472967055053 0.996095225612934
4.850372999999999 6.146692e-05 1.1031947046872417 1.0050667172010386
4.880288999999999 6.102019e-05 1.0951768933112216 0.9977620815600269
4.910222 6.043924e-05 1.0847501310187877 0.9882627686066864
4.940307 6.20783e-05 1.1141676178989612 1.0150636015343089
4.970298 6.097092e-05 1.0942926062329046 0.9969564508702753
5.000279000000001 6.121265e-05 1.0986311228848542 1.000909061112484
5.02993 6.168764e-05 1.107156138499422 1.0086757857182282
5.059882 6.088257e-05 1.0927069199457258 0.9955118096801082
5.090122 6.095064e-05 1.0939286252719087 0.996624845625945
5.120024 6.178372e-05 1.108880561119367 1.0102468227929455
5.150094 6.139217e-05 1.1018531081963916 1.003844454281231
5.180326 6.109579e-05 1.0965337454143422 0.9989982431217319
5.21025 6.168468e-05 1.1071030130731623 1.0086273857417383
5.2399830000000005 6.130772e-05 1.1003374182478658 1.0024635833303581
5.270002000000001 6.139666e-05 1.1019336937247384 1.0039178718131365
5.299986 6.122937e-05 1.0989312097521051 1.001182455574279
5.330113 6.188889e-05 1.1107681290517109 1.0119664935792485
5.360297999999999 6.198795e-05 1.1125460360534987 1.013586257657324
5.390354 6.085087e-05 1.0921379753469305 0.9949934720940494
5.4202520000000005 6.164722e-05 1.1064306892665101 1.0080148644176448
5.450465 6.092168e-05 1.0934088575879621 0.9961513107208264
5.480411 6.101294e-05 1.0950467719124435 0.9976435343203132
5.510354 6.189926e-05 1.1109542475214116 1.0121360570103979
5.540511 6.131233e-05 1.1004201575097095 1.0025389630234727
5.570279 6.149423e-05 1.1036848585356045 1.0055132723895326
5.600345 6.126571e-05 1.0995834320461186 1.0017766633937546
5.630496 6.126935e-05 1.0996487619621946 1.0018361822837627
5.660576 6.091e-05 1.0931992275275857 0.9959603270298115
5.690675000000001 6.203879e-05 1.1134585011450684 1.0144175599562273
5.720298 6.167783e-05 1.1069800707860409 1.008515379039388
5.750381 6.143167e-05 1.1025620454724931 1.0044903323458785
5.780486 6.10323e-05 1.0953942409166288 0.9979600963287074
5.810678 6.282092e-05 1.1274959976452512 1.0272064361765494
5.840696 6.174383e-05 1.1081646242094003 1.0095945677043685
5.870733 6.12114e-05 1.0986086881609267 1.0008886219332227
5.900703999999999 6.207303e-05 1.1140730331028839 1.0149774299545444
5.930335 6.106801e-05 1.096035156109783 0.9985440028018356
5.960706 6.199708e-05 1.1127098992770634 1.0137355454226464
5.990965 6.198145e-05 1.112429375489077 1.013479973925167
6.020798 6.144463e-05 1.102794648690171 1.0047022457564565
6.050715 6.273328e-05 1.125923054281263 1.0257734044402025
6.080696 6.16718e-05 1.106871845677816 1.008416780438633
6.111149999999999 6.200971e-05 1.1129365797276243 1.0139420628898994
6.140864 6.144305e-05 1.102766291199127 1.0046764106338708
6.1704 6.199953e-05 1.1127538713359606 1.0137756062139978
6.200457999999999 6.226671e-05 1.1175491589670692 1.0181443581459602
6.230771 6.186026e-05 1.1102542841348808 1.0114983546174545
6.260713 6.168548e-05 1.1071173712964755 1.0086404668164652
6.290483 6.152225e-05 1.1041877553071582 1.0059714370318473
6.320558 6.090966e-05 1.0931931252826774 0.9959547675730525
6.350844 6.155144e-05 1.1047116509803074 1.00644873274595
6.380817 6.264457e-05 1.1243309067935934 1.0243228767664083
6.41076 6.213794e-05 1.1152380234469785 1.0160387956552095
6.440678 6.170083e-05 1.1073928697063025 1.0088914599377903
6.470704 6.215617e-05 1.1155652114607337 1.0163368806455517
6.500391 6.109951e-05 1.09660051115275 0.9990590701192127
6.530640999999999 6.201422e-05 1.1130175242115539 1.014015807448673
6.560713 6.18226e-05 1.1095783707724005 1.0108825630246796
6.590687 6.168459e-05 1.1071013977730395 1.0086259141208314
6.620522 6.204996e-05 1.113658977838082 1.0146002044621034
6.6508069999999995 6.189725e-05 1.1109181724853365 1.012103190810146
6.6808440000000004 6.144537e-05 1.102807930046736 1.0047143457505792
6.711011 6.207688e-05 1.1141421320525797 1.0150403826266683
6.74092 6.126017e-05 1.099484001349673 1.00168607695127
6.770854 6.20198e-05 1.1131176728191654 1.0141070479448944
6.800946 6.193813e-05 1.1116518776966535 1.0127716337286976
6.830779000000001 6.088809e-05 1.0928059916865887 0.9956020690957248
6.860817 6.218007e-05 1.115994163382223 1.016727677753022
6.891104 6.249666e-05 1.1216762507807283 1.021904349562813
6.921043 6.165477e-05 1.1065661949990309 1.0081383170603813
6.9508540000000005 6.130587e-05 1.1003042148564537 1.002433333345052
6.980835 6.108765e-05 1.096387650492128 0.9988651431863842
7.010733 6.157167e-05 1.1050747345523464 1.00677952042311
7.041215 6.233115e-05 1.1187057138549674 1.019198038715223
7.071011 6.108361e-05 1.096315141464395 0.9987990837590127
7.100939 6.064458e-05 1.0884355279877667 0.9916203534622486
7.130890999999999 6.111744e-05 1.0969223148327623 0.9993522497065322
7.160983 6.152195e-05 1.1041823709734155 1.0059665316288247
7.191094 6.112296e-05 1.0970213865736254 0.9994425091221489
7.221233 6.040626e-05 1.0841582132626908 0.9877235013010643
7.251474 6.151666e-05 1.1040874272217553 1.0058800330221922
7.281072 6.154181e-05 1.104538813867172 1.0062912693089234
7.3109459999999995 6.180472e-05 1.109257464481345 1.0105902010045302
7.340917999999999 6.09396e-05 1.0937304817901832 0.996444326794712
7.371131 6.093076e-05 1.0935718234225698 0.9962997809189782
7.401233 6.078416e-05 1.0909406790003802 0.9939026739752485
7.431271 6.188101e-05 1.1106267005520736 1.0118376449931872
7.461354 5.996914e-05 1.0763128800442232 0.980576002070211
7.491137 6.073832e-05 1.09011795280452 0.9931531283933894
7.520974 6.138561e-05 1.1017353707652213 1.0037371894684695
7.551076 6.110038e-05 1.096616125720603 0.9990732957879782
7.580986 6.112843e-05 1.097119560925531 0.9995319509705951
7.610743 6.071391e-05 1.0896798475156684 0.9927539921007806
7.6407240000000005 6.153615e-05 1.1044372294372293 1.0061987207052296
7.6710389999999995 6.07364e-05 1.0900834930685677 0.9931217338140444
7.701465 6.113192e-05 1.0971821986747359 0.9995890171590918
7.731298 6.094832e-05 1.0938869864242997 0.9965869105092366
7.761175000000001 6.105145e-05 1.0957379408871946 0.9982732245549859
7.7907150000000005 6.180769e-05 1.109310769385396 1.0106387644944543
7.82077 6.098273e-05 1.0945045695045694 0.9971495602359334
7.850863 6.06795e-05 1.0890622644353987 0.9921913423740839
7.881048 6.191468e-05 1.1112310022757783 1.0123881947257616
7.910678 6.086783e-05 1.0924423696811756 0.9952707908782625
7.941029 6.140041e-05 1.1020009978965202 1.0039791893509196
7.971095 6.103556e-05 1.0954527506766312 0.9980134017082202
8.001252000000001 6.124406e-05 1.0991948626276984 1.0014226568089541
8.031158999999999 6.050531e-05 1.0859359407866869 0.9893431018657055
8.061271 6.168987e-05 1.1071961620469082 1.00871224921403
8.090909 6.139477e-05 1.1018997724221604 1.003886967774094
8.121109 6.13298e-05 1.1007337052113169 1.0028246209928242
8.151071 6.106455e-05 1.095973056793952 0.9984874271536409
8.181206 6.003092e-05 1.0774216938396042 0.9815861880660064
8.211307000000001 6.172954e-05 1.107908150445464 1.009360907007057
8.241298 6.100003e-05 1.0948150660837228 0.9974324384769055
8.271334999999999 6.115728e-05 1.0976373543537723 1.000003687227939
8.301539 6.196231e-05 1.1120858549963024 1.0131670092123224
8.331496 6.140305e-05 1.1020483800334546 1.0040223568975188
8.361501 6.08932e-05 1.092897704838003 0.9956856244605437
8.391335 6.163734e-05 1.106253365208589 1.0078533131447658
8.421149 6.095371e-05 1.0939837249538742 0.99667504425021
8.451511 6.117488e-05 1.097953235266668 1.0002914708719337
8.481532999999999 6.179916e-05 1.1091576748293164 1.0104992875351773
8.511261000000001 6.132827e-05 1.10070624510923 1.002799603437409
8.541298000000001 6.181802e-05 1.109496169943931 1.010807673871867
8.571612 6.156557e-05 1.1049652530995813 1.0066797772283165
8.601612 6.108527e-05 1.0963449347777703 0.9988262269890712
8.631611999999999 6.200639e-05 1.1128769931008737 1.0138877764297825
8.661354 6.19191e-05 1.1113103314595851 1.0124604676636284
8.691649 6.202261e-05 1.1131681060785537 1.014152995219873
8.721566000000001 6.09657e-05 1.0941989188257844 0.9968710968576815
8.751288 6.087523e-05 1.092575183246825 0.9953917908194877
8.781362 6.24402e-05 1.1206629191703819 1.0209811527139525
8.811575000000001 6.079398e-05 1.091116926191553 0.9940632441675229
8.841307 6.236825e-05 1.1193715764611285 1.0198046735556894
8.871186999999999 6.216687e-05 1.115757252697551 1.0165118400200257
8.901483 6.149268e-05 1.1036570394779348 1.0054879278072493
8.931495 6.203951e-05 1.1134714235460503 1.0144293329234817
8.961242 6.129423e-05 1.100095302707243 1.0022430037077736
8.991446 6.213989e-05 1.1152730216163051 1.0160706807748567
9.021261 6.250658e-05 1.121854292749815 1.022066554889428
9.051345 6.173738e-05 1.1080488610339354 1.0094891015393819
9.081418 6.160366e-05 1.1056488840070928 1.0073025998987575
9.111655 6.113577e-05 1.0972512976244317 0.9996519698312155
9.141492 6.235907e-05 1.1192068158486068 1.0196545682231968
9.171467 6.084824e-05 1.0920907726877873 0.9949504680608842
9.201261 6.204953e-05 1.113651260293051 1.0145931733844376
9.231492 6.125955e-05 1.099472873726605 1.0016759391183565
9.261732 6.176319e-05 1.1085120932135855 1.0099111297127628
9.291552 6.132837e-05 1.1007080398871445 1.00280123857175
9.321474 6.221957e-05 1.1167031006583243 1.0173735558176693
9.351408 6.115369e-05 1.0975729218266528 0.9999449859051011
9.381362999999999 6.04216e-05 1.084433532194726 0.9879743309089551
9.411363 6.161339e-05 1.1058235158981424 1.007461698470125
9.441408 6.070665e-05 1.0895495466390988 0.9926352813476327
9.471585 6.181201e-05 1.1093883037912888 1.0107094022979803
9.501622 6.083613e-05 1.0918734250823803 0.9947524532922037
9.531455 6.019314e-05 1.0803331825719884 0.9842387029937814
9.561658999999999 6.074307e-05 1.0902032047554435 0.9932307972745811
9.591628 6.156805e-05 1.105009763591853 1.0067203285599702
9.621289 6.077933e-05 1.0908539912271253 0.993823696986584
9.651408 6.117825e-05 1.098013719282376 1.0003465748992215
9.681492 6.103441e-05 1.095432110730618 0.9979945976632999
9.711677 6.037557e-05 1.0836073959208286 0.9872216785718483
9.741834999999998 6.113535e-05 1.0972437595571924 0.9996451022669839
9.771543 6.062375e-05 1.0880616757482429 0.9912797549790434
9.801566000000001 6.142935e-05 1.1025204066248842 1.0044523972291701
9.831620999999998 6.074334e-05 1.0902080506558118 0.9932352121373015
9.861771000000001 6.213353e-05 1.1151588737409635 1.0159666862307768
9.892005999999999 5.863736e-05 1.0524103867387449 0.9587996099452436
9.921659 6.170681e-05 1.1075001974255705 1.0089892409713748
9.951825000000001 6.074768e-05 1.0902859440172872 0.9933061769676956
9.981703 6.079756e-05 1.0911811792408805 0.9941217819769264
10.00379 6.101611e-05 1.095103666372323 0.997695368078919
