Keff(MJ/m3):0.04803280157023016 Ms(MA/m):1.2814896058064273
H(kOe) moment(emu) M(MA/m) M_norm()
9.967 8.244015e-05 1.0806023861693177 0.9970537170692703
9.93886 8.222758e-05 1.0778160781722068 0.9944828373627508
9.910278 8.262767e-05 1.0830603457855297 0.9993216352259551
9.881578 8.371053e-05 1.0972541712442085 1.0124180401702163
9.85273 8.214845e-05 1.0767788643047214 0.9935258175049304
9.823814 8.229472e-05 1.078696130479334 0.9952948468819479
9.794426 8.217155e-05 1.077081652632017 0.9938051952215441
9.765342 8.363706e-05 1.0962911470707706 1.011529473900103
9.736078 8.267239e-05 1.0836465230148224 0.9998624911344819
9.706713 8.340544e-05 1.0932551370115393 1.008728198284428
9.676842 8.314e-05 1.0897758238687951 1.0055178943407928
9.647257 8.339622e-05 1.0931342838350169 1.0086166890832515
9.617879 8.348642e-05 1.094316600160648 1.0097075925481245
9.588027 8.255396e-05 1.0820941757593405 0.9984301663302148
9.55824 8.236129e-05 1.079568711386177 0.9960999626652802
9.528379000000001 8.339535e-05 1.093122880118794 1.008606167065353
9.498702999999999 8.168283e-05 1.0706756478131436 0.987894481902778
9.468602 8.291988e-05 1.0868905525872221 1.0028557028697527
9.438435 8.291597e-05 1.0868393014028184 1.0028084142605769
9.408483 8.127257e-05 1.0652980746894918 0.982932685278623
9.378833 8.284192e-05 1.0858686747518984 1.0019128333118648
9.348805 8.290976e-05 1.0867579024628828 1.0027333088224741
9.318786 8.246949e-05 1.0809869666681426 0.9974085630521902
9.288675 8.257074e-05 1.0823141232975235 0.9986331082386468
9.258889 8.338578e-05 1.0929974392403432 1.0084904248684703
9.228833 8.198018e-05 1.074573228294589 0.9914907141120902
9.198768 8.18835e-05 1.0733059739446777 0.9903214397552842
9.168343 8.270278e-05 1.0840448666194338 1.0002300361045207
9.138693 8.276705e-05 1.0848872997707455 1.0010073350589264
9.108861000000001 8.246816e-05 1.0809695334008134 0.9973924776685062
9.078916999999999 8.395397e-05 1.100445114551433 1.0153622700980287
9.04899 8.202952e-05 1.0752199631893413 0.99208744556394
9.018730999999999 8.295716e-05 1.08737920838123 1.0033065773838374
8.988861 8.252284e-05 1.0816862635192779 0.99805379254056
8.9587 8.234312e-05 1.0793305441174774 0.9958802097167577
8.929009 8.303706e-05 1.0884265151929589 1.0042729098322118
8.898582000000001 8.305884e-05 1.0887120013301232 1.004536323107876
8.868555 8.338773e-05 1.093022999293946 1.0085140087016908
8.838644 8.237381e-05 1.0797328200380274 0.9962513829688303
8.809166 8.325842e-05 1.0913280400470795 1.0069500982023258
8.77899 8.284016e-05 1.085845605165057 1.001891547390599
8.748961999999999 8.226967e-05 1.0783677820984352 0.9949918853321134
8.718639 8.363925e-05 1.0963198529771245 1.0115559603589508
8.689105 8.372444e-05 1.097436499626576 1.012586271513857
8.659036 8.294634e-05 1.0872373828530337 1.0031757173451468
8.629102000000001 8.250238e-05 1.0814180795722446 0.997806343705845
8.597406000000001 8.187482e-05 1.0731921989368454 0.9902164614617687
8.568888999999999 8.397226e-05 1.1006848547465082 1.015583474359365
8.538999 8.317525e-05 1.090237870991617 1.0059442174797817
8.509120000000001 8.284677e-05 1.0859322471929105 1.0019714905380799
8.479102000000001 8.363029e-05 1.0962024078077495 1.0114475956688704
8.449194 8.291256e-05 1.0867946040783125 1.0027671727881242
8.418852000000001 8.181413e-05 1.0723966914224046 0.9894824600063015
8.38861 8.245322e-05 1.080773704067056 0.9972117892232158
8.358537 8.329062e-05 1.091750108624522 1.0073395338073026
8.328434999999999 8.303122e-05 1.0883499661093479 1.0042022792752843
8.298945 8.345911e-05 1.0939586283330094 1.0093772979403008
8.268889 8.299256e-05 1.087843221662021 1.0037347146638433
8.238537 8.297426e-05 1.0876033503897478 1.0035133894597725
8.208813 8.195173e-05 1.074200313666383 0.9911466320325378
8.178916000000001 8.250712e-05 1.0814802101640792 0.9978636705619812
8.148786 8.381853e-05 1.0986698049822148 1.0137242217024367
8.118257999999999 8.307088e-05 1.0888698182764713 1.004681938160172
8.088425 8.208991e-05 1.0760115383878428 0.9928178187373732
8.058417 8.274939e-05 1.0846558174391419 1.0007937501898614
8.028832 8.366679e-05 1.0966808395803163 1.0118890366496671
7.998583 8.465874e-05 1.1096830422323085 1.023885951194908
7.9686840000000005 8.386924e-05 1.0993344974530879 1.014337522308908
7.9383230000000005 8.242373e-05 1.0803871574102615 0.9968551290992789
7.9084449999999995 8.319146e-05 1.0904503471295155 1.006140265652349
7.878518 8.430118e-05 1.1049962459419247 1.019561522781383
7.848568 8.314511e-05 1.0898428043169546 1.0055796960781045
7.818416 8.209071e-05 1.07602202456368 0.9928274941561304
7.788351 8.351743e-05 1.0947230705515327 1.0100826359676998
7.758286 8.36602e-05 1.096594459706858 1.0118093353876545
7.72861 8.264925e-05 1.083343210378735 0.9995826296469303
7.6986099999999995 8.401104e-05 1.1011931721202106 1.0160524902836194
7.668425 8.307699e-05 1.088949906444427 1.00475583417093
7.638313 8.349983e-05 1.094492374683117 1.0098697767550417
7.608351 8.302906e-05 1.088321653434588 1.00417615564464
7.578333 8.286032e-05 1.0861098567961514 1.00213536794328
7.548258 8.295449e-05 1.0873442107693736 1.0032742856737353
7.518408 8.342697e-05 1.0935373462187548 1.0089885879917309
7.488592 8.375124e-05 1.0977877865171182 1.0129103980422227
7.458368999999999 8.328148e-05 1.0916303040655835 1.0072289921480018
7.428592 8.40478e-05 1.1016750118999246 1.0164970757755123
7.398478 8.281583e-05 1.0855266943424116 1.0015972937176458
7.368549 8.354814e-05 1.095125608626479 1.0104540511052416
7.338508 8.291058e-05 1.086768650793116 1.0027432261267004
7.308453 8.365391e-05 1.096512012149339 1.0117332624076762
7.278694000000001 8.348656e-05 1.0943184352414195 1.009709285746407
7.248685 8.244284e-05 1.0806376459355698 0.9970862506648412
7.2184989999999996 8.284828e-05 1.085952039849803 1.0019897528909842
7.188397 8.225604e-05 1.0781891238776111 0.9948270403850378
7.158181 8.323001e-05 1.090955649727665 1.006606499893711
7.1280079999999995 8.29593e-05 1.0874072589015944 1.0033324591290131
7.0980680000000005 8.273005e-05 1.0844023141382806 1.0005598469414065
7.068175 8.20861e-05 1.0759615979754187 0.992771739555542
7.038276 8.187364e-05 1.0731767318274856 0.9902021902191017
7.008323000000001 8.329066e-05 1.091750632933314 1.0073400175782405
6.9781189999999995 8.401825e-05 1.1012876787799424 1.0161396899951687
6.948275 8.261955e-05 1.0829539111007833 0.9992234297255697
6.918545 8.300154e-05 1.0879609289857923 1.0038433212393927
6.88824 8.365348e-05 1.0965063758298266 1.0117280618700941
6.857953 8.23736e-05 1.0797300674168704 0.9962488431714066
6.827927 8.215345e-05 1.0768444029037032 0.9935862888721629
6.798378 8.382487e-05 1.0987529079257237 1.0138008993960874
6.7680169999999995 8.325361e-05 1.0912649919148592 1.0068919247470483
6.737934 8.228714e-05 1.0785967739632778 0.9952031722892236
6.70803 8.348013e-05 1.0942341526031292 1.0096315195681462
6.67805 8.186497e-05 1.0730630878968512 0.9900973328683207
6.64774 8.374538e-05 1.0977109752791117 1.0128395255998264
6.617859999999999 8.296305e-05 1.0874564128508306 1.0033778126544375
6.587943 8.387278e-05 1.099380898781167 1.0143803360369086
6.557964 8.25826e-05 1.0824695808543081 0.9987765463217221
6.527971 8.303898e-05 1.088451682014968 1.0042961308372291
6.497851 8.364554e-05 1.0964023005346437 1.0116320333389293
6.467786 8.280714e-05 1.0854127882573812 1.001492194481396
6.437587000000001 8.181541e-05 1.0724134693037441 0.989497940676313
6.4077020000000005 8.287237e-05 1.0862678048196974 1.0022811039383102
6.377738 8.309941e-05 1.0892437815222613 1.0050269877816
6.3480360000000005 8.264721e-05 1.0833164706303504 0.9995579573290995
6.317897 8.067887e-05 1.0575160214463968 0.9757523151334444
6.287618999999999 8.266486e-05 1.083547821884756 0.99977142125543
6.257720999999999 8.30813e-05 1.0890064007167493 1.0048079604894842
6.227832 8.33292e-05 1.0922558044542652 1.007806130876868
6.197896 8.402571e-05 1.1013854623696233 1.0162299132750796
6.167879 8.406282e-05 1.1018718898512658 1.0166787317626786
6.1382579999999995 8.271245e-05 1.0841716182698644 1.000346987728748
6.1078410000000005 8.213552e-05 1.0766093814877546 0.9933694385492674
6.0777209999999995 8.44268e-05 1.1066428377027424 1.0210808054117304
6.047813 8.352265e-05 1.0947914928488698 1.0101457680750905
6.018314 8.258154e-05 1.082455686671324 0.9987637263918688
5.9879620000000005 8.140344e-05 1.0670134819792403 0.9845154628445644
5.958036 8.382161e-05 1.0987101767591876 1.013761472064652
5.927453000000001 8.264436e-05 1.0832791136289308 0.999523488649777
5.897823000000001 8.297248e-05 1.0875800186485103 1.0034918616530377
5.86773 8.256533e-05 1.0822432105334252 0.9985676782193014
5.837749 8.351421e-05 1.0946808636937886 1.0100436924072023
5.807591 8.372125e-05 1.0973946860004253 1.0125476907815625
5.777563 8.361096e-05 1.0959490355840857 1.0112138133631496
5.747389 8.383089e-05 1.0988318163988977 1.0138737069222352
5.717906 8.284274e-05 1.0858794230821314 1.0019227506160908
5.687795 8.225743e-05 1.078207343608128 0.9948438514251284
5.6577470000000005 8.312085e-05 1.089524811034695 1.0052862890042926
5.627573 8.246991e-05 1.080992471910457 0.9974136426470376
5.59736 8.271808e-05 1.084245414732318 1.0004150784882517
5.567563 8.38405e-05 1.0989577815861404 1.013989932890056
5.537680999999999 8.218381e-05 1.0772423532767204 0.9939534710139981
5.5079899999999995 8.283446e-05 1.0857708911622175 1.0018226100319538
5.477888 8.319323e-05 1.0904735477935554 1.0061616725163496
5.447943 8.2679e-05 1.0837331650426765 0.9999424342819633
5.417406 8.347086e-05 1.0941126440406168 1.0095194056532972
5.387675 8.22755e-05 1.078444200104848 0.9950623949463063
5.3575870000000005 8.147826e-05 1.0679942015744035 0.9854203563838303
5.32773 8.225051e-05 1.0781166381871372 0.9947601590528787
5.297573000000001 8.307205e-05 1.0888851543086329 1.0046960884601042
5.267656 8.247437e-05 1.0810509323407487 0.9974675831066089
5.237675 8.377319e-05 1.098075500966648 1.013175867344373
5.207221 8.35411e-05 1.0950333302791124 1.0103689074201783
5.177258 8.296167e-05 1.0874383241975116 1.0033611225570813
5.147171 8.397545e-05 1.1007266683726586 1.0156220550916593
5.117369 8.308177e-05 1.0890125613450536 1.004813644798004
5.0873230000000005 7.606764e-05 0.9970733106898597 0.9199828385888079
5.057277 8.12689e-05 1.065249969357839 0.9828882992950742
5.027127999999999 8.293481e-05 1.0870862508437817 1.0030362703723088
4.997249 8.326385e-05 1.0913992149655736 1.00701577010714
4.967841999999999 8.37711e-05 1.0980481058322737 1.01315059031287
4.937619 8.206777e-05 1.0757213334715516 0.9925500515232679
4.907989 8.266498e-05 1.0835493948111317 0.9997728725682434
4.877786 8.261229e-05 1.0828587490550619 0.9991356253003482
4.847434 8.225863e-05 1.0782230728718836 0.9948583645532643
4.817502 7.776141e-05 1.0192747732493286 0.9404677561242614
4.787638 8.336767e-05 1.092760058434831 1.0082713975763542
4.75761 8.237189e-05 1.0797076532160186 0.9962281619638131
4.727462 8.268203e-05 1.0837728814336594 0.999979079930506
4.697578 8.379224e-05 1.0983252030287687 1.0134062632535286
4.667536 8.306906e-05 1.0888459622264421 1.0046599265824994
4.637425 8.261914e-05 1.0829485369356668 0.9992184710734566
4.607175 8.341661e-05 1.0934015502416645 1.0088632913188254
4.577314 7.574445e-05 0.9928370267288764 0.9160740903536383
4.547502000000001 8.286308e-05 1.086146034102789 1.0021687481379922
4.517378 8.224921e-05 1.0780995981514019 0.9947444364973983
4.487248999999999 8.071989e-05 1.0580537001124433 0.9762484222302193
4.457426000000001 8.183574e-05 1.072679949247204 0.98974381725548
4.427600999999999 8.006852e-05 1.0495157246686928 0.9683705753353822
4.397517 8.289127e-05 1.0865155407238483 1.0025096857064486
4.367147 8.265611e-05 1.0834331293365378 0.9996655963627731
4.337209 8.191846e-05 1.0737642198287582 0.9907442555549733
4.307397 8.296523e-05 1.0874849876799866 1.0034041781705507
4.277241 8.266855e-05 1.0835961893708048 0.9998160491244475
4.247285 8.061339e-05 1.0566577279541316 0.9749603821081685
4.217211 8.248642e-05 1.0812088803642947 0.997613319101639
4.18736 8.22631e-05 1.0782816643793733 0.99491242595557
4.157350999999999 8.278181e-05 1.0850807697149396 1.0011858465349963
4.127432 8.391925e-05 1.0999900145201036 1.0149423569239668
4.097134 8.13857e-05 1.066780951030053 0.9843009104336237
4.066943 8.167553e-05 1.0705799614586302 0.9878061937066187
4.037021 8.266266e-05 1.0835189849012041 0.9997448138538476
4.007119 8.376922e-05 1.0980234633190564 1.0131278530787904
3.9769430000000003 8.408065e-05 1.1021056004952348 1.0168943726582294
3.946888 8.256998e-05 1.082304161430478 0.9986239165908274
3.9168890000000003 7.986815e-05 1.0468893308530975 0.9659472457649099
3.886842 8.263743e-05 1.0831882771307422 0.9994396753347928
3.856777 8.070862e-05 1.0579059761103384 0.9761121197684774
3.8264430000000003 8.215832e-05 1.0769082374991115 0.9936451879838473
3.796767 8.100006e-05 1.0617260899677874 0.979636874821721
3.766758 8.126506e-05 1.0651996357138211 0.9828418572850398
3.736973 8.258798e-05 1.0825401003868125 0.998841613512864
3.7069989999999997 7.989148e-05 1.0471951339559464 0.9662294051644164
3.676964 7.800631e-05 1.0224848538274554 0.9434296436913056
3.647156 8.167653e-05 1.0705930691784267 0.9878182879800652
3.6172020000000003 8.118655e-05 1.0641705486326094 0.9818923358767563
3.587119 8.046067e-05 1.0546559169868326 0.9731133446674214
3.556906 8.337943e-05 1.0929142052196363 1.008413626232085
3.5269250000000003 8.032858e-05 1.0529245182789322 0.9715158120878751
3.496804 7.849528e-05 1.0288941355762784 0.9493433805784336
3.4669250000000003 7.807719e-05 1.0234139290066209 0.9442868857931924
3.436728 7.670649e-05 1.00544717748176 0.927709265180095
3.406851 8.106515e-05 1.0625792714493318 0.9804240910803527
3.376906 7.964831e-05 1.0440077297330672 0.9632884406904346
3.347175 8.112572e-05 1.063373206037397 0.9811566412230064
3.31686 7.961113e-05 1.0435203847110388 0.9628387756036942
3.286934 8.145589e-05 1.0677009818825594 0.9851498074868327
3.256665 8.134192e-05 1.0662070950573688 0.9837714231421366
3.226681 8.144334e-05 1.0675364799991147 0.984998024355079
3.197054 8.174257e-05 1.0714587029937777 0.988616993798471
3.167026 8.129783e-05 1.0656291756915475 0.983238186625881
3.136795 7.886048e-05 1.0336810748459062 0.9537602092410898
3.106634 8.041666e-05 1.0540790462385952 0.9725810756930415
3.0767759999999997 7.646819e-05 1.0023236078542888 0.9248271998177974
3.046573 8.146996e-05 1.0678854075000939 0.9853199739142247
3.0162579999999997 8.070227e-05 1.0578227420896316 0.9760353211320923
2.986582 8.1618e-05 1.0698258743387459 0.9871104101552423
2.956417 8.129369e-05 1.0655749097315907 0.9831881163338126
2.926767 8.054003e-05 1.0556961456298712 0.9740731462081345
2.896628 7.481768e-05 0.9806891852532101 0.904865480551639
2.866469 8.113827e-05 1.0635377079208412 0.9813084243547597
2.836596 7.998679e-05 1.048444430729737 0.967382110366601
2.806462 8.045266e-05 1.0545509241512638 0.973016469537115
2.776184 7.98734e-05 1.0469581463820283 0.9660107407005039
2.746295 7.979105e-05 1.0458787256567987 0.9650147772821859
2.716277 7.818761e-05 1.0248612834265345 0.9456223354671535
2.6865210000000004 7.661464e-05 1.0042432334184648 0.9265984061640353
2.6565630000000002 8.097794e-05 1.0614361472058922 0.979369349493085
2.6263780000000003 7.598334e-05 0.995968329911027 0.9189632913372691
2.596304 8.034126e-05 1.05309072416595 0.9716691674751765
2.566455 7.394858e-05 0.9692972659781997 0.8943543474992985
2.536832 8.052489e-05 1.0554976947521544 0.9738900389081546
2.506545 8.002553e-05 1.0489522237946476 0.9678506425199177
2.47673 7.942904e-05 1.041133600013321 0.9606365293518238
2.44649 7.74392e-05 1.0150513348537458 0.9365708602770694
2.4163040000000002 7.847348e-05 1.0286083872847178 0.9490797254173001
2.38648 7.852721e-05 1.0293126650693758 0.9497295507295799
2.356286 7.822779e-05 1.0253879516079518 0.9461082833742331
2.326212 7.803571e-05 1.0228702207894684 0.9437852153306323
2.296388 7.83601e-05 1.0271222340142072 0.9477084766939375
2.2663510000000002 7.728053e-05 1.0129715329536584 0.9346518619093155
2.236675 7.807163e-05 1.023341050084553 0.9442196416328298
2.206499 7.653899e-05 1.0032516344158708 0.9256834743778087
2.176295 7.721035e-05 1.0120516331783502 0.933803085798841
2.14648 7.769072e-05 1.0183481885369245 0.9396128119343293
2.116313 7.774132e-05 1.0190114391586198 0.9402247821707214
2.086558 7.683875e-05 1.0071808045020254 0.929308853786127
2.056563 7.655103e-05 1.0034094513622187 0.9258290894301042
2.02674 7.701367e-05 1.0094736068488035 0.9314243840973863
1.996471 7.713972e-05 1.0111258349291339 0.9329488672653159
1.966388 7.52967e-05 0.9869680451900591 0.9106588794179743
1.936416 7.637358e-05 1.0010834864843559 0.9236829606070255
1.9063409999999998 7.416426e-05 0.972124338983877 0.8969628403962363
1.8763230000000002 7.437784e-05 0.9749238857779822 0.8995459353189368
1.846209 7.54037e-05 0.9883705712082691 0.9119529666767484
1.816008 7.334666e-05 0.9614074672783788 0.88707456242639
1.7860909999999999 7.279579e-05 0.9541868176741617 0.8804121900129246
1.7562950000000002 7.215387e-05 0.9457727101824868 0.8726486340021568
1.726138 7.20765e-05 0.9447585659018428 0.8717129000656021
1.696323 7.108662e-05 0.9317834962298289 0.8597410206663952
1.666693 6.825921e-05 0.8947225982004222 0.825545550981068
1.636591 7.120746e-05 0.9333674330900203 0.8612024926696686
1.606258 6.970893e-05 0.9137251217435913 0.8430788610819069
1.5760820000000002 6.931017e-05 0.9084982873975975 0.8382561486023863
1.545832 6.996423e-05 0.9170715226076003 0.8461665290927946
1.515758 6.866844e-05 0.900086670372684 0.8304948905035734
1.486105 6.777703e-05 0.8884023178690168 0.8197139342106418
1.4563510000000002 6.676731e-05 0.8751671910362432 0.8075021044262566
1.4261469999999998 6.583508e-05 0.862947781410489 0.7962274598912396
1.396193 6.501525e-05 0.8522016794898448 0.7863122116916075
1.366128 6.386202e-05 0.8370854637890964 0.772364732724917
1.336143 6.339827e-05 0.8310067587335377 0.7667560134141095
1.3060820000000002 6.419449e-05 0.84144338738979 0.77638571581767
1.2760820000000002 6.29496e-05 0.825125718092508 0.7613296757468749
1.245962 6.026396e-05 0.7899231014986303 0.728848811208056
1.2162190000000002 5.962881e-05 0.7815977332699766 0.7211671334285208
1.186425 5.873743e-05 0.7699137739979035 0.7103865399637928
1.156323 5.867789e-05 0.7691333403612287 0.709666446922789
1.126332 5.803387e-05 0.7606917066579812 0.7018774929377835
1.096369 5.700565e-05 0.7472140870089751 0.6894419190946383
1.066212 5.54783e-05 0.7271940111780152 0.6709697305461488
1.036341 5.478074e-05 0.7180505901568711 0.6625332491608185
1.0062119999999999 5.169835e-05 0.6776474857337904 0.6252539816321065
0.9762580000000001 5.207252e-05 0.6825520012499917 0.6297792959275779
0.9462302 5.134991e-05 0.6730802318479492 0.6210398529924132
0.916045 4.982833e-05 0.6531357875602142 0.60263744840171
0.8860635 4.87521e-05 0.6390288662837851 0.589621228490399
0.8561190000000001 4.782231e-05 0.626841439494334 0.5783760939825914
0.8262024 4.728268e-05 0.6197681206606279 0.5718496612026644
0.7961242999999999 4.495972e-05 0.5893194118824916 0.5437551477574168
0.7662024000000001 4.455241e-05 0.583980506532239 0.5388290292399288
0.735869 4.38914e-05 0.5753161726696516 0.5308345935490676
0.7060542000000001 4.180926e-05 0.548024064972873 0.5056526230352025
0.6760634999999999 4.023503e-05 0.5273894992378602 0.4866134549475419
0.6460635 4.014627e-05 0.5262260580287359 0.4855399672364319
0.6158043 3.749246e-05 0.4914406601559761 0.4534440634214146
0.5857657000000001 3.676546e-05 0.48191134786402745 0.44465152662581975
0.5559616 3.563229e-05 0.467058073022394 0.4309466587844659
0.5261283 3.339742e-05 0.43776402328111835 0.40391752988711915
0.4960357 3.302759e-05 0.43291639526883313 0.3994447047384055
0.46604500000000004 3.168845e-05 0.4153633233807449 0.3832487793952791
0.4356838 3.054193e-05 0.40033506047983014 0.3693824530034147
0.40577640000000004 2.866358e-05 0.3757141750003503 0.3466651744752089
0.3761746 2.739812e-05 0.35912687990685727 0.3313603551996195
0.34624869999999996 2.521043e-05 0.33045125238557366 0.304901834123478
0.316045 2.378223e-05 0.3117308069724222 0.2876287927872076
0.2857024 2.24844e-05 0.2947192149891213 0.2719324818801555
0.255832 2.156225e-05 0.2826319311789143 0.260779747621479
0.2257301 1.988064e-05 0.2605898584921689 0.24044189645113473
0.19569309999999998 1.618919e-05 0.21220336624992137 0.19579649073710637
0.1656005 1.640036e-05 0.21497132343931727 0.1983504384608007
0.1355771 1.414318e-05 0.185384840469385 0.17105148632286285
0.1059153 1.288586e-05 0.16890424221503433 0.15584511443312787
0.07579493999999999 1.100025e-05 0.144188194689833 0.1330400314797006
0.04586901 9.023894e-06 0.11828267402399181 0.10913744158809859
0.01568383 6.965031e-06 0.0912956747209129 0.08423698947724738
-0.01455692 5.888099e-06 0.07717955182518679 0.07121227938597702
-0.04436631 3.363934e-06 0.04409350428542521 0.04068433765192929
-0.07417728999999999 1.258988e-06 0.016502461930970977 0.015226545137843715
-0.1041032 -1.121562e-06 -0.014701120430237356 -0.013564477515187015
-0.134168 -1.949534e-06 -0.025553945405463407 -0.02357819728922039
-0.1640927 -4.526319e-06 -0.05932972116090908 -0.05474253969202217
-0.19415880000000002 -7.553291e-06 -0.09900642196831556 -0.09135156677487685
-0.22411250000000002 -9.487392e-06 -0.12435807593416187 -0.11474311314199766
-0.254168 -1.092429e-05 -0.143192532294102 -0.13212135046870557
-0.2840384 -1.162914e-05 -0.1524315085925615 -0.14064599910746078
-0.31427910000000003 -1.370182e-05 -0.1795996172600666 -0.16571355779452207
-0.3443347 -1.527238e-05 -0.20018607766342691 -0.18470833989863414
-0.3745847 -1.703639e-05 -0.22330822646139173 -0.2060427592009688
-0.4044644 -1.825163e-05 -0.23923725186671183 -0.22074020406407563
-0.43436630000000004 -2.13637e-05 -0.2800293934133483 -0.2583784296286793
-0.46470510000000004 -2.289344e-05 -0.3000807966946215 -0.2768795234907058
-0.4944701 -2.25715e-05 -0.2958608973833836 -0.27298589309734433
-0.5244459 -2.4672e-05 -0.32339366281562326 -0.29838991447168683
-0.5543946999999999 -2.62596e-05 -0.3442034787643134 -0.317590782995327
-0.5842143999999999 -2.944249e-05 -0.3859239090269277 -0.3560855250054108
-0.6143718 -3.038631e-05 -0.39829523712512166 -0.36750034216967264
-0.6445105999999999 -3.10317e-05 -0.40675482840449007 -0.3753058653092999
-0.6747143999999999 -3.38766e-05 -0.44404498045313484 -0.409712863837206
-0.7047236 -3.486916e-05 -0.45705517881420304 -0.4217171558892495
-0.7344041 -3.733635e-05 -0.4893944140185674 -0.45155602639368375
-0.7642236 -3.853356e-05 -0.5050871072359593 -0.4660354115065504
-0.7944366 -3.893579e-05 -0.5103594253696464 -0.47090009111493025
-0.8248718 -4.280104e-05 -0.5610240393125001 -0.5176474815539578
-0.8545172999999999 -4.447855e-05 -0.5830123703480804 -0.5379357462031715
-0.8843162 -4.547548e-05 -0.5960798494446587 -0.5499928902301762
-0.9145477 -4.675072e-05 -0.61279533803776 -0.5654159915000722
-0.9445739 -4.966771e-05 -0.651030425606524 -0.6006948662007355
-0.9744828999999999 -4.981933e-05 -0.6530178180820471 -0.6025285999406916
-1.004474 -5.133447e-05 -0.6728778486542935 -0.6208531174103994
-1.034538 -5.384245e-05 -0.7057517477491511 -0.6511853133287158
-1.0645660000000001 -5.539331e-05 -0.7260799860725231 -0.669941838245932
-1.09464 -5.584973e-05 -0.7320626115419747 -0.6754619065323769
-1.12477 -5.713651e-05 -0.7489293632215259 -0.6910245757178454
-1.1549459999999998 -5.681774e-05 -0.7447510153820424 -0.6871692841713092
-1.1846679999999998 -5.844058e-05 -0.766022747376356 -0.7067963548912035
-1.214751 -5.908598e-05 -0.7744824697329223 -0.7146019989735651
-1.244853 -6.057197e-05 -0.793960410273105 -0.7325739683723079
-1.27464 -6.23189e-05 -0.8168586792169481 -0.7537018174841766
-1.304678 -6.309649e-05 -0.8270511110533943 -0.7631062035734292
-1.334288 -6.279874e-05 -0.8231482874840302 -0.7595051336547382
-1.3644090000000002 -6.388744e-05 -0.8374186620263198 -0.7726721691559267
-1.394437 -6.558721e-05 -0.8596987709045668 -0.7932296523320591
-1.424918 -6.580056e-05 -0.8624953029231187 -0.7958099655718668
-1.454895 -6.611185e-05 -0.8665756050185256 -0.7995747919530233
-1.4847329999999999 -6.85839e-05 -0.8989785437411001 -0.8294724406264073
-1.514593 -6.808546e-05 -0.892445131885806 -0.8234441709697413
-1.544381 -6.918501e-05 -0.9068577251878858 -0.8367424293378241
-1.574881 -6.988621e-05 -0.9160488583090888 -0.8452229338784998
-1.60464 -7.00279e-05 -0.917906091127034 -0.8469365714831323
-1.634538 -7.10568e-05 -0.9313926240255017 -0.8593803694322211
-1.664585 -7.197998e-05 -0.943493408787099 -0.8705455607925474
-1.694461 -7.22128e-05 -0.9465451481100859 -0.8733613495363581
-1.724696 -7.139648e-05 -0.9358450542859269 -0.8634885522365232
-1.754594 -7.284647e-05 -0.954851116913441 -0.8810251277911926
-1.784474 -7.316371e-05 -0.9590094099416359 -0.8848619150993554
-1.814733 -7.381204e-05 -0.9675075379172057 -0.8927029954029154
-1.844677 -7.319365e-05 -0.9594018550723387 -0.8852240176463432
-1.8749829999999998 -7.493878e-05 -0.9822765301205484 -0.9063300970660082
-1.905076 -7.609049e-05 -0.9973728220872065 -0.9202591927370601
-1.934964 -7.402989e-05 -0.9703630546748412 -0.8953377328732323
-1.964876 -7.567822e-05 -0.991968902446764 -0.9152730866232776
-1.994724 -7.599124e-05 -0.996071880897418 -0.9190588360974962
-2.024927 -7.606126e-05 -0.9969896834375589 -0.9199056771242192
-2.05489 -7.698912e-05 -1.009151812327803 -0.931127469684275
-2.08477 -7.689448e-05 -1.0079112977262763 -0.9299828676452998
-2.114942 -7.700862e-05 -1.009407412863832 -0.9313633080164815
-2.144955 -7.763172e-05 -1.0175748330689396 -0.9388992498009866
-2.174779 -7.775833e-05 -1.019234401472356 -0.9404305057620462
-2.2050479999999997 -7.943047e-05 -1.0411523440526296 -0.960653824162852
-2.2349609999999998 -7.731665e-05 -1.0134449837927026 -0.9350887070662025
-2.2652609999999997 -7.812075e-05 -1.02398490128095 -0.9448137123445214
-2.295224 -7.761379e-05 -1.0173398116529908 -0.9386823994780911
-2.325074 -7.831026e-05 -1.026468945259557 -0.9471056981053648
-2.354779 -7.898592e-05 -1.0353253072171609 -0.9552773149022171
-2.3850390000000004 -7.750334e-05 -1.0158920640014837 -0.9373465869759268
-2.414909 -7.792136e-05 -1.0213713530307553 -0.9424022351620266
-2.44515 -7.866856e-05 -1.0311654412625904 -0.9514390762812405
-2.4748099999999997 -7.948108e-05 -1.041815725751523 -0.9612659153419788
-2.504955 -7.81205e-05 -1.0239816243510012 -0.9448106887761598
-2.53465 -7.919972e-05 -1.0381277377096212 -0.9578630705650756
-2.564826 -7.937005e-05 -1.040360375622534 -0.9599230881612155
-2.594621 -7.905598e-05 -1.0362436340660934 -0.9561246396998778
-2.6246869999999998 -7.983019e-05 -1.046391761809628 -0.9654881471448813
-2.654974 -7.916079e-05 -1.037617454177949 -0.9573922404998039
-2.685029 -8.033162e-05 -1.0529643657471133 -0.9715525786791525
-2.714819 -7.938693e-05 -1.0405816339326965 -0.9601272394969922
-2.744761 -8.012459e-05 -1.0502506745176743 -0.9690487012475265
-2.774909 -7.959038e-05 -1.0432483995252646 -0.9625878194296796
-2.8050390000000003 -8.027862e-05 -1.0522696565979064 -0.9709115821864885
-2.834951 -7.981408e-05 -1.0461805964437085 -0.9652933083996583
-2.865113 -8.046618e-05 -1.0547281405229105 -0.9731799841141116
-2.894923 -8.056376e-05 -1.0560071918206386 -0.9743601433170196
-2.924859 -8.120897e-05 -1.0644644237104437 -0.9821634894874264
-2.955076 -8.078233e-05 -1.0588721461365274 -0.9770035886642178
-2.9849609999999998 -8.100718e-05 -1.0618194169327375 -0.9797229860486601
-3.0147890000000004 -8.104556e-05 -1.0623224912185214 -0.9801871642635361
-3.04502 -8.044908e-05 -1.0545039985143927 -0.9729731720381765
-3.074772 -8.044543e-05 -1.054456155337136 -0.972929027940097
-3.104714 -7.956349e-05 -1.0428959329399405 -0.9622626044167036
-3.1349650000000002 -8.056729e-05 -1.0560534620715198 -0.9744028361022856
-3.165001 -8.125693e-05 -1.0650930699518768 -0.9827435308419199
-3.195177 -8.121259e-05 -1.0645118736561063 -0.9822072707573026
-3.224961 -8.237136e-05 -1.0797007061245263 -0.9962217519988864
-3.254844 -8.141009e-05 -1.0671006483158862 -0.9845958897629836
-3.285002 -8.129988e-05 -1.06565604651713 -0.9832629798864463
-3.314961 -8.161469e-05 -1.06978248778622 -0.9870703781101344
-3.344909 -8.205429e-05 -1.0755446414086969 -0.9923870207172094
-3.374965 -8.158964e-05 -1.0694541394053212 -0.9867674165602999
-3.4050390000000004 -8.127175e-05 -1.0652873263592586 -0.9829227679743967
-3.435083 -8.144163e-05 -1.0675140657982631 -0.9849773431474858
-3.4650390000000004 -8.188673e-05 -1.07334831187962 -0.9903605042585164
-3.4950390000000002 -8.072744e-05 -1.0581526633969058 -0.9763397339947404
-3.525076 -8.166594e-05 -1.070454258425783 -0.9876902096242668
-3.555141 -8.255884e-05 -1.0821581414319468 -0.9984891863846336
-3.5851129999999998 -8.063341e-05 -1.0569201445044547 -0.9752025094625673
-3.6151500000000003 -8.113818e-05 -1.0635365282260596 -0.9813073358701495
-3.645001 -8.173211e-05 -1.0713215962447078 -0.9884904876982207
-3.675409 -8.213997e-05 -1.0766677108408482 -0.9934232580661041
-3.705011 -8.203521e-05 -1.0752945461149823 -0.9921562619798504
-3.735112 -8.240131e-05 -1.080093282332427 -0.9965839754886086
-3.7647890000000004 -8.271814e-05 -1.0842462011955059 -1.0004158041446587
-3.7946590000000002 -8.203909e-05 -1.075345404067792 -0.9922031877608227
-3.824835 -8.138565e-05 -1.0667802956440633 -0.9843003057199514
-3.85452 -8.206417e-05 -1.0756741456802847 -0.9925065121388607
-3.884696 -8.162298e-05 -1.0698911507833317 -0.9871706396370057
-3.9149830000000003 -8.142732e-05 -1.0673264943279772 -0.9848042740944664
-3.945011 -8.158488e-05 -1.0693917466590908 -0.9867098478186946
-3.974904 -8.218743e-05 -1.0772898032223832 -0.9939972522838744
-4.004761 -8.235399e-05 -1.079473025031664 -0.9960116744691211
-4.034734 -8.181823e-05 -1.0724504330735698 -0.9895320465274321
-4.064955 -8.172049e-05 -1.0711692845406742 -0.9883499522407725
-4.09515 -8.289679e-05 -1.0865878953371242 -1.0025764460958733
-4.125363 -8.310088e-05 -1.089263049870362 -1.0050447663635664
-4.155381 -8.286301e-05 -1.0861451165624034 -1.002167901538851
-4.185113 -8.269343e-05 -1.083922309439338 -1.0001169546477962
-4.2154 -8.251691e-05 -1.0816085347408857 -0.9979820734990225
-4.245539 -8.355136e-05 -1.095167815484223 -1.010492994665739
-4.275354 -8.277521e-05 -1.0849942587642838 -1.0011060243302496
-4.305178 -8.140877e-05 -1.067083346125755 -0.9845799253220341
-4.334928 -8.272297e-05 -1.0843095114821222 -1.0004742194854053
-4.3650389999999994 -8.230691e-05 -1.0788559135836515 -0.9954422760752606
-4.395464 -8.211314e-05 -1.0763160307187123 -0.9930987687095351
-4.425604 -8.255787e-05 -1.082145426943744 -0.9984774549393903
-4.455188 -8.270159e-05 -1.084029268432876 -1.0002156439191192
-4.4850200000000005 -8.272145e-05 -1.0842895877480319 -1.0004558361897666
-4.515149999999999 -8.227328e-05 -1.0784151009669003 -0.9950355456592552
-4.5450479999999995 -8.277388e-05 -1.0849768254969545 -1.0010899389465657
-4.5753260000000004 -8.151917e-05 -1.0685304383912722 -0.985915133110526
-4.6052979999999994 -8.100941e-05 -1.0618486471478834 -0.9797499562784457
-4.635437 -8.286728e-05 -1.0862010865259337 -1.0022195440864674
-4.665529 -8.261813e-05 -1.0829352981386726 -0.9992062558572757
-4.695511000000001 -8.33317e-05 -1.0922885737537564 -1.0078363665604844
-4.725409 -8.361316e-05 -1.095977872567638 -1.011240420764732
-4.755483 -8.299972e-05 -1.087937072935763 -1.0038213096617201
-4.785253 -8.379469e-05 -1.0983573169422696 -1.0134358942234725
-4.8151779999999995 -8.3473e-05 -1.094140694560981 -1.0095452873984727
-4.845279000000001 -8.272794e-05 -1.0843746568495098 -1.000534328024434
-4.875381 -8.359151e-05 -1.0956940904340466 -1.0109785797446156
-4.905287 -8.322881e-05 -1.0909399204639094 -1.0065919867655753
-4.935235 -8.18154e-05 -1.0724133382265462 -0.9894978197335785
-4.9652330000000005 -8.278857e-05 -1.0851693779007627 -1.0012676038234944
-4.995178 -8.214312e-05 -1.0767090001582067 -0.9934613550274606
-5.024687 -8.276301e-05 -1.084834344582768 -1.0009584741942024
-5.054826 -8.391987e-05 -1.099998141306377 -1.0149498553735035
-5.084733 -8.315861e-05 -1.0900197585342053 -1.005742968769632
-5.114761000000001 -8.174562e-05 -1.0714986815391565 -0.9886538813324827
-5.1449229999999995 -8.262431e-05 -1.083016303847014 -0.9992809984671749
-5.175122 -8.265954e-05 -1.0834780888154394 -0.9997070797206946
-5.205253 -8.209726e-05 -1.0761078801283461 -0.9929067116472049
-5.234714 -8.337418e-05 -1.092845389690705 -1.0083501312964909
-5.264687 -8.391352e-05 -1.0999149072856704 -1.0148730567371185
-5.294779 -8.17534e-05 -1.071600659599172 -0.9887479747798964
-5.325261 -8.383469e-05 -1.0988816257341236 -1.0139196651613318
-5.355001000000001 -8.33601e-05 -1.0926608329959724 -1.0081798439263643
-5.385159 -8.232253e-05 -1.0790606561668705 -0.9956311886264946
-5.41481 -8.339233e-05 -1.093083294805009 -1.0085696423595447
-5.444548 -8.150325e-05 -1.0683217634921145 -0.9857225922772581
-5.474558 -8.17574e-05 -1.0716530904783574 -0.9887963518736822
-5.504724 -8.283587e-05 -1.0857893730471302 -1.0018396629575133
-5.534705 -8.37213e-05 -1.0973953413864155 -1.012548295495235
-5.5647709999999995 -8.305571e-05 -1.0886709741671607 -1.0044984680319888
-5.594574 -8.282371e-05 -1.0856299831744065 -1.001692596592404
-5.6247430000000005 -8.27749e-05 -1.084990195371147 -1.0011022751054812
-5.655168 -8.34399e-05 -1.0937068290357217 -1.009144966947394
-5.685113 -8.279983e-05 -1.0853169708256698 -1.001403785342502
-5.714956 -8.358422e-05 -1.0955985351567314 -1.0108904124911908
-5.745038999999999 -8.311564e-05 -1.089456519814556 -1.0052232778396366
-5.774933 -8.285923e-05 -1.0860955693815733 -1.0021221851852233
-5.804576 -8.219623e-05 -1.0774051511565912 -0.9941036818902035
-5.8347240000000005 -8.29765e-05 -1.0876327116820914 -1.0035404806322925
-5.864678 -8.287034e-05 -1.0862411961485106 -1.0022565525632137
-5.894667999999999 -8.347994e-05 -1.0942316621363677 -1.0096292216561913
-5.92453 -8.334073e-05 -1.0924069364635172 -1.007945577849706
-5.955085 -8.288975e-05 -1.086495616989758 -1.00249130241081
-5.985076 -8.206931e-05 -1.075741519360038 -0.9925686767043755
-6.014937 -8.347212e-05 -1.09412915976756 -1.0095346444378397
-6.044872000000001 -8.204241e-05 -1.075388921697516 -0.9922433407486652
-6.074631 -8.292617e-05 -1.086973000144741 -1.002931775849731
-6.104813 -8.353571e-05 -1.09496267966941 -1.0103037192863016
-6.1349 -8.339401e-05 -1.0931053157742667 -1.0085899607389346
-6.164779 -8.216593e-05 -1.0770079872467615 -0.9937372254047749
-6.194310000000001 -8.308835e-05 -1.0890988101413137 -1.004893225117282
-6.224326 -8.25512e-05 -1.0820579984527026 -0.9983967861355024
-6.254289 -8.290265e-05 -1.0866647065751311 -1.0026473185382698
-6.284687 -8.294263e-05 -1.0871887532125888 -1.00313084759066
-6.314743999999999 -8.350071e-05 -1.0945039094765379 -1.0098804197156748
-6.344178 -8.305983e-05 -1.0887249779727215 -1.0045482964385881
-6.374159 -8.330803e-05 -1.0919783140261765 -1.0075500951080059
-6.404308 -8.308809e-05 -1.0890954021341666 -1.0048900806061858
-6.4343069999999996 -8.341077e-05 -1.0933250011580538 -1.0087926607618978
-6.464270000000001 -8.328093e-05 -1.0916230948196952 -1.0072223402976062
-6.494381000000001 -8.302664e-05 -1.088289932752681 -1.0041468875028996
-6.524306999999999 -8.218818e-05 -1.0772996340122307 -0.9940063229889594
-6.554622 -8.351473e-05 -1.0946876797080827 -1.0100499814293944
-6.584404999999999 -8.245779e-05 -1.0808336063465251 -0.9972670600528661
-6.6143540000000005 -8.257778e-05 -1.0824064016448898 -0.99871825192371
-6.644242 -8.482727e-05 -1.111892086249588 -1.0259241990988444
-6.674187 -8.334577e-05 -1.0924729993712907 -1.0080065329878762
-6.704585 -8.225942e-05 -1.0782334279705228 -0.994867919029287
-6.734357 -8.351349e-05 -1.0946714261355353 -1.010034984530321
-6.764279 -8.367958e-05 -1.0968484873165114 -1.0120437224070475
-6.794395000000001 -8.278726e-05 -1.0851522067878296 -1.0012517603252797
-6.823956 -8.220323e-05 -1.0774969051951657 -0.9941883418043289
-6.854252000000001 -8.287866e-05 -1.0863502523772164 -1.0023571769182884
-6.8843760000000005 -8.213169e-05 -1.0765591789209343 -0.9933231174819672
-6.914076 -8.298218e-05 -1.0877071635305349 -1.0036091761054686
-6.944251 -8.366581e-05 -1.0966679940149155 -1.0118771842616894
-6.974085 -8.367684e-05 -1.0968125721642694 -1.0120105840978042
-7.004001000000001 -8.250171e-05 -1.081409297399981 -0.9977982405426358
-7.034224 -8.293659e-05 -1.0871095825850192 -1.0030577981790434
-7.064178 -8.327146e-05 -1.0914989647132238 -1.007107807528068
-7.094027 -8.225872e-05 -1.0782242525666652 -0.9948594530378743
-7.123826 -8.240745e-05 -1.0801737637319768 -0.9966582343275701
-7.153742 -8.285839e-05 -1.086084558896944 -1.002112025995528
-7.1842060000000005 -8.203514e-05 -1.0752936285745966 -0.9921554153807093
-7.2141779999999995 -8.271827e-05 -1.0842479051990792 -1.0004173764002067
-7.2441130000000005 -8.209141e-05 -1.0760311999675374 -0.9928359601475428
-7.274039 -8.301924e-05 -1.0881929356261877 -1.0040573898793954
-7.304067 -8.220331e-05 -1.0774979538127492 -0.9941893093462045
-7.333918 -8.30947e-05 -1.0891820441620206 -1.0049700237536672
-7.364363 -8.293961e-05 -1.0871491678988043 -1.003094322884852
-7.3939520000000005 -8.370313e-05 -1.0971571741177157 -1.0123285425467123
-7.423946 -8.277214e-05 -1.084954018064509 -1.001068894910769
-7.453835 -8.267458e-05 -1.0836752289211766 -0.9998889775933298
-7.484113000000001 -8.267204e-05 -1.0836419353128939 -0.9998582581387757
-7.513782 -8.241783e-05 -1.0803098218634628 -0.9967837728859446
-7.543604 -8.147729e-05 -1.067981487086201 -0.9854086249385873
-7.5734889999999995 -8.17859e-05 -1.0720266604925537 -0.9891410386669072
-7.603326 -8.216693e-05 -1.077021094966558 -0.9937493196782213
-7.633335 -8.316603e-05 -1.0901170178150943 -1.005832708278605
-7.663493000000001 -8.311399e-05 -1.0894348920768924 -1.00520332228845
-7.693493 -8.30793e-05 -1.0889801852771568 -1.0047837719425914
-7.723483 -8.360889e-05 -1.0959219026041074 -1.0111887782171156
-7.753418 -8.230803e-05 -1.0788705942298233 -0.9954558216615206
-7.783428 -8.441038e-05 -1.1064276089436864 -1.0208822174417391
-7.813604000000001 -8.337672e-05 -1.092878683298988 -1.008380850751045
-7.843558 -8.108138e-05 -1.062792009741627 -0.9806203811383893
-7.873557 -8.280735e-05 -1.0854155408785386 -1.0014947342788199
-7.903658999999999 -8.313169e-05 -1.0896668987172877 -1.0054173909284527
-7.933363 -8.311805e-05 -1.0894881094192652 -1.0052524250386425
-7.963018 -8.313327e-05 -1.0896876089145657 -1.005436499880498
-7.99315 -8.256745e-05 -1.0822709988993935 -0.9985933180790079
-8.023021 -8.24451e-05 -1.0806672693823094 -0.9971135837228302
-8.053234 -8.401001e-05 -1.1011796711688207 -1.01604003318197
-8.083159 -8.267316e-05 -1.0836566159590657 -0.9998718037250357
-8.113178 -8.311692e-05 -1.0894732976958956 -1.0052387585096483
-8.143344 -8.338022e-05 -1.0929245603182753 -1.0084231807081079
-8.173233 -8.367745e-05 -1.0968205678733454 -1.0120179616046066
-8.203288 -8.263822e-05 -1.0831986322293814 -0.9994492298108156
-8.233242 -8.340368e-05 -1.0932320674246976 -1.0087069123631622
-8.262982 -8.294549e-05 -1.0872262412912068 -1.0031654372127172
-8.292983 -8.264222e-05 -1.0832510631085666 -0.9994976069046014
-8.322944999999999 -8.309566e-05 -1.0891946275730249 -1.0049816342561757
-8.353002 -8.487447e-05 -1.1125107706239759 -1.0264950488055185
-8.382834999999998 -8.285099e-05 -1.085987561770451 -1.002022528372024
-8.412688 -8.29316e-05 -1.0870441750632354 -1.0029974477545456
-8.442771 -8.297928e-05 -1.0876691511431253 -1.0035741027124738
-8.472843999999998 -8.18703e-05 -1.0731329520433657 -0.9901617953457904
-8.502880999999999 -8.28945e-05 -1.0865578786587906 -1.0025487502096808
-8.532620999999999 -8.14354e-05 -1.0674324047039319 -0.984901995823914
-8.562556 -8.372053e-05 -1.0973852484421722 -1.0125389829046811
-8.592232 -8.335795e-05 -1.0926326513984104 -1.0081538412384543
-8.62239 -8.19203e-05 -1.0737883380331834 -0.9907665090181148
-8.652391 -8.33404e-05 -1.0924026109159843 -1.0079415867394685
-8.682253000000001 -8.30834e-05 -1.0890339269283218 -1.004833358463722
-8.712149 -8.236361e-05 -1.0795991212961047 -0.9961280213796763
-8.742159 -8.23997e-05 -1.0800721789035552 -0.9965645037083599
-8.772029 -8.335462e-05 -1.0925890026914886 -1.0081135673078776
-8.802178 -8.300043e-05 -1.0879463794168183 -1.003829896595867
-8.831992 -8.3402e-05 -1.0932100464554397 -1.0086865939837721
-8.861923 -8.288021e-05 -1.0863705693429007 -1.0023759230421305
-8.891807 -8.256006e-05 -1.0821741328500982 -0.9985039413982382
-8.922038 -8.295255e-05 -1.0873187817929688 -1.0032508227832493
-8.952066 -8.142977e-05 -1.0673586082414783 -0.9848339050644103
-8.981725 -8.187314e-05 -1.0731701779675873 -0.9901961430823785
-9.011344 -8.352914e-05 -1.094876561950348 -1.0102242599097582
-9.041594 -8.273855e-05 -1.0845137297565495 -1.0006626482657015
-9.071982 -8.341545e-05 -1.093386345286701 -1.0088492619616276
-9.101545 -8.19842e-05 -1.0746259213281704 -0.9915393330913451
-9.131159 -8.385532e-05 -1.0991520379935225 -1.0141691700225328
-9.161102999999999 -8.325835e-05 -1.0913271225066938 -1.0069492516031846
-9.1909 -8.296742e-05 -1.0875136935863405 -1.0034306646293984
-9.221011 -8.318605e-05 -1.0903794343654176 -1.0060748356330038
-9.250742 -8.212247e-05 -1.0764383257444121 -0.9932116082807908
-9.280816000000002 -8.208143e-05 -1.0759003849239699 -0.992715259298547
-9.310743 -8.248814e-05 -1.0812314256423445 -0.997634121251967
-9.340492 -8.307351e-05 -1.088904291579536 -1.0047137460993363
-9.370409 -8.230808e-05 -1.0788712496158133 -0.9954564263751928
-9.400557000000001 -8.323083e-05 -1.090966398057898 -1.0066164171979373
-9.430724 -8.076779e-05 -1.0586815598906885 -0.9768277379283059
-9.460404 -8.284073e-05 -1.0858530765653407 -1.0018984411264633
-9.490112 -8.308433e-05 -1.0890461171077324 -1.0048446061380272
-9.520066 -8.205253e-05 -1.0755215718218551 -0.9923657347959436
-9.550261 -8.18952e-05 -1.073459334266295 -0.990462942754608
-9.580093000000002 -8.346506e-05 -1.094036619265798 -1.0094492588673076
-9.609752 -8.331896e-05 -1.0921215814035508 -1.0076822855167762
-9.639955 -8.287338e-05 -1.0862810436166916 -1.0022933191544912
-9.669816 -8.166216e-05 -1.0704047112449528 -0.9876444932706391
-9.700474 -8.271063e-05 -1.0841477622198352 -1.0003249761510755
-9.729876 -8.360064e-05 -1.0958137639157874 -1.011089000461182
-9.760057000000002 -8.140617e-05 -1.0670492660542843 -0.9845484802110732
-9.789751 -8.444086e-05 -1.1068271322430792 -1.021250850896388
-9.820167999999999 -8.248546e-05 -1.0811962969532904 -0.9976017085991304
-9.850261 -8.349548e-05 -1.0944353561020028 -1.0098171666655495
-9.880111000000001 -8.183662e-05 -1.0726914840406245 -0.9897544602161128
-9.910011 -8.167604e-05 -1.070586646395726 -0.9878123617860762
-9.939992 -8.296739e-05 -1.0875133003547466 -1.003430301801195
-9.969854 -8.214751e-05 -1.076766543048113 -0.9935144488878909
-9.992014999999999 -8.305085e-05 -1.0886072706489507 -1.004439689863039
-9.99367 -8.255488e-05 -1.082106234861553 -0.9984412930617854
-9.965189 -8.20133e-05 -1.0750073559742443 -0.991891276448638
-9.935829 -8.204892e-05 -1.0754742529533903 -0.9923220744688016
-9.906113999999999 -8.271198e-05 -1.0841654576415605 -1.0003413034202284
-9.876586999999999 -8.31679e-05 -1.0901415292511136 -1.00585532456995
-9.846911 -8.280599e-05 -1.0853977143796154 -1.0014782860669325
-9.817226 -8.367886e-05 -1.0968390497582583 -1.0120350145301662
-9.787040999999999 -8.292495e-05 -1.0869570087265894 -1.0029170208361262
-9.757281 -8.312175e-05 -1.089536607982512 -1.0052971738503946
-9.727499 -8.273814e-05 -1.0845083555914328 -1.0006576896135884
-9.698058999999999 -8.198881e-05 -1.0746863479164317 -0.9915950876919336
-9.668003 -8.309526e-05 -1.0891893844851066 -1.0049767965467973
-9.637643 -8.237613e-05 -1.079763229947955 -0.9962794416832261
-9.607884 -8.170431e-05 -1.070957201634369 -0.9881542668964083
-9.577838999999999 -8.287079e-05 -1.0862470946224192 -1.0022619949862648
-9.548197 -8.35335e-05 -1.0949337116086602 -1.0102769909419849
-9.518133 -8.12613e-05 -1.0651503506873867 -0.982796382816881
-9.488217 -8.37165e-05 -1.0973324243313929 -1.0124902429826919
-9.4583 -8.275305e-05 -1.0847037916935964 -1.0008380152306755
-9.428235 -8.325334e-05 -1.0912614528305138 -1.0068886592932176
-9.398087 -8.261739e-05 -1.0829255984260233 -0.9991973060949253
-9.368339 -8.318297e-05 -1.0903390625884448 -1.0060375852707886
-9.338401 -8.43712e-05 -1.1059140484820653 -1.0204083638081058
-9.308461 -8.332119e-05 -1.0921508116186964 -1.0077092557465617
-9.27868 -8.322574e-05 -1.0908996797641348 -1.0065548573460947
-9.249093 -8.386097e-05 -1.099226096610372 -1.0142375026675055
-9.219004 -8.282602e-05 -1.0856602620071363 -1.0017205343640654
-9.188883 -8.182314e-05 -1.0725147919777698 -0.9895914294100543
-9.159179 -8.345478e-05 -1.0939018719062914 -1.0093249297362776
-9.129485 -8.309462e-05 -1.089180995544437 -1.0049690562117917
-9.099383 -8.268492e-05 -1.0838107627438713 -1.0000140323807667
-9.069217 -8.273541e-05 -1.0844725715163888 -1.0006246722470795
-9.039133 -8.376376e-05 -1.0979518951689684 -1.0130618183457727
-9.009216 -8.238031e-05 -1.0798180202167038 -0.9963299957462325
-8.979669 -8.214426e-05 -1.0767239429587745 -0.9934751424991896
-8.94968 -8.299624e-05 -1.0878914580708718 -1.0037792215901264
-8.919744000000001 -8.441653e-05 -1.1065082214204338 -1.020956597223435
-8.889504 -8.341051e-05 -1.0933215931509068 -1.0087895162508018
-8.859587 -8.299777e-05 -1.08791151288216 -1.0037977258284994
-8.829744 -8.331915e-05 -1.092124071870312 -1.007684583428731
-8.799845999999999 -8.266688e-05 -1.083574299478745 -0.999795851687792
-8.769836 -8.338782e-05 -1.0930241789887276 -1.008515097186301
-8.740077999999999 -8.408865e-05 -1.1022104622536057 -1.0169911268458014
-8.710169 -8.386526e-05 -1.0992823287282982 -1.014289387100591
-8.680382999999999 -8.240002e-05 -1.0800763733738898 -0.9965683738758627
-8.65029 -8.245252e-05 -1.0807645286631984 -0.9972033232318032
-8.620466 -8.40417e-05 -1.1015950548091669 -1.0164233007074888
-8.590234 -8.387741e-05 -1.099441587523824 -1.0144363325229657
-8.560263 -8.317675e-05 -1.0902575325713113 -1.0059623588899513
-8.530291 -8.312969e-05 -1.0896406832776948 -1.0053932023815597
-8.500613999999999 -8.276977e-05 -1.0849229527685915 -1.0010402314827007
-8.470754000000001 -8.33354e-05 -1.0923370723170027 -1.0078811153722362
-8.440447 -8.409977e-05 -1.102356220097741 -1.0171256151665262
-8.410537 -8.217641e-05 -1.0771453561502273 -0.993863973390494
-8.380771000000001 -8.29738e-05 -1.0875973208386411 -1.003507826093987
-8.350597 -8.28192e-05 -1.085570867358125 -1.0016380514191603
-8.320503 -8.143825e-05 -1.0674697617053517 -0.9849364645032367
-8.290659999999999 -8.318527e-05 -1.0903692103439764 -1.0060654020997155
-8.260717000000001 -8.251558e-05 -1.0815911014735566 -0.9979659881153388
-8.230633 -8.30545e-05 -1.088655113826207 -1.0044838339611184
-8.200633 -8.390148e-05 -1.0997570903393223 -1.0147274416848227
-8.170819999999999 -8.269207e-05 -1.0839044829404147 -1.0001005064359088
-8.141114 -8.281541e-05 -1.0855211891000969 -1.0015922141227982
-8.110771 -8.372879e-05 -1.09749351820769 -1.012638881603349
-8.080855 -8.336722e-05 -1.0927541599609227 -1.0082659551533035
-8.050975000000001 -8.311664e-05 -1.0894696275343525 -1.0052353721130831
-8.021124 -8.162303e-05 -1.0698918061693214 -0.987171244350678
-7.991133 -8.334342e-05 -1.0924421962297695 -1.007978111445277
-7.960947 -8.252984e-05 -1.0817780175578526 -0.9981384524546856
-7.931058 -8.203975e-05 -1.075354055162858 -0.9922111699812975
-7.900836 -8.292278e-05 -1.0869285649746314 -1.0028907762627475
-7.870863999999999 -8.277375e-05 -1.084975121493381 -1.0010883666910178
-7.841131000000001 -8.226738e-05 -1.0783377654201016 -0.9949641894459209
-7.810943 -8.352981e-05 -1.0948853441226114 -1.0102323630729673
-7.781027 -8.234986e-05 -1.0794188901489048 -0.995961725119787
-7.751062 -8.361059e-05 -1.095944185727761 -1.0112093384819745
-7.720885 -8.268948e-05 -1.0838705339461423 -1.0000691822676824
-7.691216000000001 -8.306497e-05 -1.088792351652475 -1.0046104610041031
-7.661059 -8.325344e-05 -1.0912627636024936 -1.0068898687205623
-7.6308180000000005 -8.434182e-05 -1.1055289436744482 -1.020053034054248
-7.601122 -8.253734e-05 -1.081876325456325 -0.998229159505534
-7.571309 -8.236872e-05 -1.0796661017442641 -0.9961898231169878
-7.541207 -8.249137e-05 -1.081273763577287 -0.9976731857551994
-7.511447 -8.331323e-05 -1.0920464741691176 -1.0076129853299276
-7.481457000000001 -8.402513e-05 -1.1013778598921413 -1.0162228985964805
-7.451207 -8.375629e-05 -1.0978539805020897 -1.0129714741231275
-7.421309 -8.281444e-05 -1.0855084746118946 -1.0015804826775552
-7.391337999999999 -8.249412e-05 -1.0813098098067266 -0.997706445007177
-7.3619840000000005 -8.148159e-05 -1.0680378502813255 -0.9854606303144072
-7.331475 -8.223075e-05 -1.0778576296439613 -0.9945211762095763
-7.301521 -8.282669e-05 -1.0856690441794 -1.0017286375272747
-7.271623 -8.177412e-05 -1.0718722515533525 -0.9889985681257075
-7.241744 -8.379245e-05 -1.098327955649926 -1.0134088030509525
-7.211951 -8.341764e-05 -1.0934150511930547 -1.0088757484204751
-7.181688 -8.165586e-05 -1.070322132610236 -0.9875682993479262
-7.151752999999999 -8.310703e-05 -1.0893436623471096 -1.0051191461452624
-7.121613999999999 -8.297654e-05 -1.0876332359908834 -1.0035409644032305
-7.091753 -8.316826e-05 -1.0901462480302404 -1.0058596785083909
-7.0616509999999995 -8.356949e-05 -1.0954054584441308 -1.010712263843324
-7.0316030000000005 -8.289215e-05 -1.0865270755172691 -1.0025203286670816
-7.00191 -8.341114e-05 -1.0933298510143783 -1.008797135643073
-6.97166 -8.316468e-05 -1.0900993223933693 -1.0058163810094523
-6.941763 -8.325613e-05 -1.091298023368746 -1.0069224023161334
-6.912122999999999 -8.334374e-05 -1.0924463907001043 -1.00798198161278
-6.881734000000001 -8.271553e-05 -1.0842119900468372 -1.0003842380909633
-6.851577 -8.152694e-05 -1.0686322853740902 -0.9860091056152054
-6.821355 -8.331394e-05 -1.092055780650173 -1.0076215722640747
-6.7914840000000005 -8.451442e-05 -1.107791336111299 -1.0221405056511115
-6.761762 -8.429193e-05 -1.1048749995338083 -1.0194496507520028
-6.731457000000001 -8.354954e-05 -1.0951439594341936 -1.0104709830880665
-6.701429 -8.239198e-05 -1.0799709873067274 -0.996471135917353
-6.671810000000001 -8.446926e-05 -1.1071993914852956 -1.0215943282622681
-6.64157 -8.308199e-05 -1.089015445043409 -1.0048163055381625
-6.611631999999999 -8.30745e-05 -1.0889172682221342 -1.0047257194300483
-6.581848 -8.021383e-05 -1.0514204074323008 -0.9701279942098908
-6.5514660000000005 -8.333178e-05 -1.09228962237134 -1.00783733410236
-6.521715 -8.388902e-05 -1.0995937681506596 -1.0145767470376794
-6.491779999999999 -8.282484e-05 -1.0856447948977768 -1.0017062631213987
-6.461697 -8.49133e-05 -1.1130197433836682 -1.0269646694434453
-6.43196 -8.225026e-05 -1.0781133612571883 -0.9947571354845172
-6.401707 -8.196028e-05 -1.0743123846706415 -0.9912500380705052
-6.3718639999999995 -8.24969e-05 -1.0813462492677606 -0.9977400670873583
-6.341632 -8.305885e-05 -1.0887121324073212 -1.0045364440506106
-6.31196 -8.419107e-05 -1.1035529549151482 -1.0182298223321904
-6.282077 -8.343028e-05 -1.0935807327712808 -1.0090286200368388
-6.251938 -8.284421e-05 -1.085898691430232 -1.001940529198057
-6.2219750000000005 -8.323759e-05 -1.0910550062437214 -1.0066981744864356
-6.192031 -8.177625e-05 -1.0719001709965188 -0.9890243289281486
-6.162404 -8.125384e-05 -1.0650525670977058 -0.98270615953697
-6.13229 -8.298871e-05 -1.087792756940805 -1.0036881517110743
-6.102188 -8.291139e-05 -1.086779268046151 -1.002753022488192
-6.072197 -8.400764e-05 -1.101148605872903 -1.0160113697539015
-6.0418639999999995 -8.186752e-05 -1.073096512582332 -0.9901281732656093
-6.012536 -8.410693e-05 -1.1024500713714829 -1.017212210164403
-5.982354 -8.356833e-05 -1.0953902534891673 -1.0106982344861262
-5.952031 -8.218447e-05 -1.0772510043717862 -0.9939614532344729
-5.922026 -8.367439e-05 -1.0967804582507685 -1.0119809531278603
-5.892216 -8.417107e-05 -1.1032908005192212 -1.0179879368632607
-5.862077 -8.223898e-05 -1.0779655061778852 -0.9946207120800407
-5.832122999999999 -8.242923e-05 -1.0804592498691412 -0.9969216476032344
-5.802151 -8.295058e-05 -1.08729295958497 -1.0032269970645598
-5.772132 -7.991322e-05 -1.0474800957843189 -0.9664923346691427
-5.742197 -8.175596e-05 -1.0716342153618508 -0.9887789361199194
-5.712429 -8.395557e-05 -1.100466086903107 -1.015381620935543
-5.682354999999999 -8.306018e-05 -1.0887295656746503 -1.0045525294342945
-5.652067 -8.241097e-05 -1.08021990290566 -0.9967008061701018
-5.622045 -8.23501e-05 -1.079422036001656 -0.9959646277454142
-5.592345 -8.537987e-05 -1.1191354122090529 -1.0326074946053723
-5.562113999999999 -8.22281e-05 -1.077822894186501 -0.994489126384943
-5.532058 -8.311038e-05 -1.0893875732084273 -1.0051596619613081
-5.502112 -8.434246e-05 -1.105537332615118 -1.0200607743892538
-5.472151 -8.327336e-05 -1.091523869380837 -1.0071307866476162
-5.442329 -8.285161e-05 -1.0859956885567248 -1.002030026821561
-5.412475000000001 -8.246771e-05 -1.0809636349269052 -0.9973870352454555
-5.38266 -8.189015e-05 -1.0733931402813235 -0.9904018666737033
-5.352447 -8.433325e-05 -1.1054166105157934 -1.0199493861308115
-5.322299 -8.208051e-05 -1.075888325821757 -0.9927041325669761
-5.292345 -8.283147e-05 -1.0857316990800265 -1.0017864481543488
-5.262215 -8.299446e-05 -1.0878681263296341 -1.0037576937833916
-5.232354 -8.381016e-05 -1.0985600933675193 -1.0136229926336895
-5.202151 -8.284099e-05 -1.0858564845724876 -1.0019015856375593
-5.172404 -8.31459e-05 -1.0898531594155936 -1.005589250554127
-5.1425860000000005 -8.451845e-05 -1.1078441602220783 -1.0221892455731008
-5.11229 -8.271707e-05 -1.0842321759353237 -1.000402863272071
-5.082188 -8.18255e-05 -1.0725457261964892 -0.989619971895388
-5.052225 -8.239895e-05 -1.080062348113708 -0.9965554330032751
-5.0226880000000005 -8.321959e-05 -1.0908190672873872 -1.006480477564399
-4.992299 -8.219781e-05 -1.0774258613538696 -0.9941227908422491
-4.962447 -8.311056e-05 -1.0893899325979906 -1.0051618389305284
-4.932536 -8.310207e-05 -1.0892786480569194 -1.0050591585489677
-4.9025680000000005 -8.14945e-05 -1.0682070709438962 -0.9856167673846012
-4.87266 -8.291155e-05 -1.0867813652813185 -1.0027549575719434
-4.842734 -8.280291e-05 -1.0853573426026426 -1.0014410357047172
-4.812752000000001 -8.180114e-05 -1.07222642214225 -0.9893253553942316
-4.782614 -8.291125e-05 -1.0867774329653797 -1.0027513292899095
-4.752827 -8.216832e-05 -1.077039314697075 -0.993766130718312
-4.722836 -8.197132e-05 -1.0744570938971936 -0.9913835588493546
-4.6925680000000005 -8.275674e-05 -1.0847521591796452 -1.000882643099693
-4.662475000000001 -8.307404e-05 -1.088911238671028 -1.004720156064263
-4.63246 -8.25707e-05 -1.0823135989887316 -0.998632624467709
-4.602809000000001 -8.348702e-05 -1.0943244647925257 -1.0097148491121923
-4.5730770000000005 -8.308834e-05 -1.0890986790641155 -1.0048931041745475
-4.542809 -8.347414e-05 -1.0941556373615489 -1.0095590748702017
-4.5124189999999995 -8.38257e-05 -1.0987637873331546 -1.013810937643048
-4.482622999999999 -8.33466e-05 -1.0924838787787217 -1.0080165712348368
-4.452668 -8.204463e-05 -1.075418020835464 -0.9922701900357164
-4.422734 -8.230457e-05 -1.078825241519328 -0.9954139754753957
-4.392669 -8.139433e-05 -1.0668940706518955 -0.9844052840134668
-4.3625929999999995 -8.238893e-05 -1.0799310087613485 -0.9964342483833413
-4.332419 -8.170598e-05 -1.0709790915264292 -0.9881744643330641
-4.302484000000001 -8.23453e-05 -1.0793591189466336 -0.9959065752328712
-4.272428 -8.302025e-05 -1.0882061744231821 -1.0040696050955764
-4.242564000000001 -8.270388e-05 -1.0840592851112099 -1.0002433398053119
-4.212466 -8.348068e-05 -1.0942413618490168 -1.0096381714185416
-4.1826300000000005 -8.255426e-05 -1.0820981080752794 -0.9984337946122487
-4.152614 -8.188007e-05 -1.0732610144657762 -0.9902799563973627
-4.122577000000001 -8.251901e-05 -1.081636060952458 -0.9980074714732601
-4.092432 -8.313755e-05 -1.0897437099552942 -1.005488263370849
-4.062207 -8.179813e-05 -1.072186967905663 -0.9892889516311577
-4.03204 -8.316033e-05 -1.090042303812255 -1.00576377091996
-4.002003 -8.256753e-05 -1.082272047516977 -0.9985942856208835
-3.9722530000000003 -8.019133e-05 -1.0511254837368826 -0.9698558730573449
-3.942132 -8.271551e-05 -1.0842117278924415 -1.0003839962054946
-3.9119569999999997 -8.278773e-05 -1.085158367416134 -1.0012574446337996
-3.881966 -8.224011e-05 -1.0779803179012553 -0.9946343786090354
-3.852272 -7.936173e-05 -1.0402513193938283 -0.9598224638061408
-3.822188 -8.139301e-05 -1.0668767684617644 -0.9843893195725175
-3.7923 -8.10513e-05 -1.0623977295301528 -0.9802565853931191
-3.762159 -8.229441e-05 -1.078692067086197 -0.9952910976571794
-3.732281 -8.274362e-05 -1.0845801858959168 -1.000723966232075
-3.7020210000000002 -8.223734e-05 -1.0779440095174193 -0.9946008774715885
-3.6724609999999998 -8.134843e-05 -1.066292426313243 -0.9838501568622731
-3.6423449999999997 -8.146773e-05 -1.0678561772849477 -0.9852930036844388
-3.612466 -8.207648e-05 -1.0758355017109777 -0.9926553926449868
-3.582102 -8.281232e-05 -1.0854806862459263 -1.0015548428178487
-3.552095 -8.093005e-05 -1.0608084185048448 -0.9787901547377327
-3.522234 -8.271079e-05 -1.0841498594550025 -1.000326911234827
-3.492067 -7.962017e-05 -1.0436388784979977 -0.9629481078356503
-3.4623760000000003 -8.106738e-05 -1.062608501664478 -0.9804510613101385
-3.432479 -8.148146e-05 -1.068036146277752 -0.9854590580588592
-3.4023820000000002 -8.112507e-05 -1.0633646860195296 -0.9811487799452662
-3.37229 -8.132156e-05 -1.065940221882315 -0.9835251837347663
-3.3420859999999997 -8.221665e-05 -1.0776728107948328 -0.9943506469539809
-3.312366 -8.257935e-05 -1.0824269807649698 -0.9987372399330209
-3.282382 -8.028439e-05 -1.0523452881411315 -0.970981366144275
-3.2519560000000003 -8.202358e-05 -1.075142103333751 -0.9920156055796678
-3.222187 -8.191048e-05 -1.0736596202247832 -0.9906477432528703
-3.192225 -8.174071e-05 -1.0714343226349563 -0.9885944984498604
-3.1623919999999996 -8.217551e-05 -1.0771335592024107 -0.9938530885443924
-3.132234 -8.14402e-05 -1.0674953217589545 -0.9849600483364573
-3.102216 -8.013374e-05 -1.0503706101538108 -0.9691593638495618
-3.072159 -8.023003e-05 -1.0516327524930016 -0.9703239214397239
-3.04229 -8.170147e-05 -1.0709199757101475 -0.9881199191598204
-3.0123919999999997 -8.180034e-05 -1.072215935966413 -0.9893156799754744
-2.9822159999999998 -8.125082e-05 -1.065012981783921 -0.9826696348311617
-2.952456 -8.155972e-05 -1.0690619564290145 -0.9864055558987812
-2.922114 -8.182762e-05 -1.0725735145624573 -0.9896456117550945
-2.8921509999999997 -8.105442e-05 -1.0624386256159173 -0.9802943195262721
-2.86216 -8.042638e-05 -1.0542064532750157 -0.9726986320309414
-2.832187 -8.026482e-05 -1.052088770064717 -0.9707446812129273
-2.802271 -8.063987e-05 -1.0570048203743392 -0.9752806384690316
-2.772178 -7.927165e-05 -1.0390705759945729 -0.9587330116540813
-2.742188 -7.790498e-05 -1.021156648580491 -0.9422041309629733
-2.712169 -8.000068e-05 -1.048626496957708 -0.9675500998247725
-2.6821770000000003 -7.953743e-05 -1.0425543457620476 -0.9619474276506883
-2.6521689999999998 -8.030985e-05 -1.0526790106871466 -0.9712892863462224
-2.621956 -8.007776e-05 -1.049636839999611 -0.9684823264220277
-2.591891 -8.137335e-05 -1.066619070690568 -0.9841515461565596
-2.562045 -7.929334e-05 -1.0393548824369558 -0.9589953364451357
-2.532188 -7.930202e-05 -1.039468657444788 -0.9591003147386511
-2.5022159999999998 -7.958921e-05 -1.0432330634931029 -0.9625736691297473
-2.472058 -7.884502e-05 -1.0334784294978547 -0.9535732317736073
-2.44213 -7.850455e-05 -1.0290156441387905 -0.9494554944932825
-2.412493 -7.967417e-05 -1.0443466953670009 -0.9636011986017605
-2.382484 -8.057386e-05 -1.0561395797905817 -0.974482295478829
-2.352401 -7.896926e-05 -1.0351069326053535 -0.9550758243065985
-2.322012 -7.864023e-05 -1.0307940995607596 -0.9510964455145016
-2.2917530000000004 -7.73453e-05 -1.0138205199648682 -0.9354352080004443
-2.262234 -7.787907e-05 -1.0208170275605672 -0.9418907683379746
-2.2325120000000003 -7.613856e-05 -0.998002910177817 -0.9208405644616325
-2.202272 -7.806778e-05 -1.0232905853633372 -0.944173078680061
-2.172114 -7.782935e-05 -1.0201653117322929 -0.9412894410622155
-2.141947 -7.713294e-05 -1.0110369645889148 -0.9328668680913488
-2.112112 -7.804583e-05 -1.0230028709138075 -0.9439076093779107
-2.082178 -7.601824e-05 -0.9964257893319197 -0.9193853814805514
-2.052178 -7.611534e-05 -0.9976985489241457 -0.9205597354322052
-2.021558 -7.422156e-05 -0.9728754113282081 -0.8976558422647201
-1.991895 -7.732619e-05 -1.0135700314395597 -0.9352040864348818
-1.9618820000000001 -7.588493e-05 -0.994678399205868 -0.9177730938874005
-1.9319380000000002 -7.431344e-05 -0.9740797486230969 -0.898767064108983
-1.9021590000000002 -7.492552e-05 -0.9821027217560488 -0.9061697270001079
-1.8720519999999998 -7.414609e-05 -0.9718861717151772 -0.8967430874477137
-1.8417439999999998 -7.41605e-05 -0.9720750539574428 -0.8969173659280777
-1.8117619999999999 -7.459311e-05 -0.9777455846185432 -0.9021494695637619
-1.781838 -7.263815e-05 -0.9521205167254647 -0.8785056487468207
-1.751845 -7.347804e-05 -0.9631295595052238 -0.8886635080717894
-1.7216969999999998 -7.379128e-05 -0.9672354216542333 -0.8924519182861663
-1.69181 -7.154754e-05 -0.937825106438364 -0.8653155131833493
-1.662086 -7.112539e-05 -0.9322916825263335 -0.8602099156479155
-1.6318949999999999 -7.037674e-05 -0.922478588100794 -0.8511555378322043
-1.602058 -7.120938e-05 -0.9333925999120293 -0.8612257136746858
-1.571818 -7.105087e-05 -0.9313148952471094 -0.8593086503906835
-1.541623 -6.857891e-05 -0.8989131362193165 -0.8294120902019095
-1.511951 -6.912121e-05 -0.9060214526648787 -0.8359708146919385
-1.4818820000000001 -6.940967e-05 -0.9098025055173347 -0.8394595288103116
-1.451651 -6.758969e-05 -0.885946717642368 -0.8174481930231772
-1.421614 -6.626835e-05 -0.8686269631666547 -0.8014675457473981
-1.3915170000000001 -6.606725e-05 -0.8659910007156081 -0.79903538735731
-1.361855 -6.46404e-05 -0.8472882507241819 -0.7817786732901925
-1.331614 -6.346113e-05 -0.8318307099999365 -0.7675162594429555
-1.3017809999999999 -6.387758e-05 -0.8372894199091278 -0.7725529196197444
-1.2718450000000001 -6.321689e-05 -0.8286292805168751 -0.764562354096386
-1.241857 -6.136545e-05 -0.8043611237771152 -0.7421705324666251
-1.212021 -6.024166e-05 -0.7896307993471717 -0.7285791089101994
-1.182083 -5.978769e-05 -0.7836802877912212 -0.7230886715936984
-1.1521880000000002 -5.713385e-05 -0.7488944966868675 -0.6909924049504776
-1.1221690000000002 -5.737355e-05 -0.7520364171220534 -0.6938914022956002
-1.091827 -5.746855e-05 -0.753281650502707 -0.6950403582730164
-1.0619839999999998 -5.607712e-05 -0.7350431759464674 -0.6782120233713732
-1.0320930000000001 -5.48751e-05 -0.7192874345968551 -0.6636744648032289
-1.002299 -5.378346e-05 -0.7049785233583642 -0.6504718721381076
-0.9722527 -5.22903e-05 -0.6854066004672417 -0.6324131867987536
-0.9419656 -5.194766e-05 -0.6809153713562192 -0.6282692049450498
-0.9120925999999999 -5.066943e-05 -0.6641606906809268 -0.6128099417975488
-0.8819749 -4.89982e-05 -0.6422546761256677 -0.5925976291855791
-0.8516323 -4.895805e-05 -0.6417284011758441 -0.5921120441067027
-0.8218473000000001 -4.804021e-05 -0.6296976116379593 -0.5810114361665806
-0.7918082000000001 -4.605304e-05 -0.6036503440902403 -0.5569780588019282
-0.7615674 -4.410013e-05 -0.5780521470227443 -0.5333590312455524
-0.7318082 -4.430956e-05 -0.5807972967796946 -0.5358919349334499
-0.7016878000000001 -4.286635e-05 -0.5618801044924 -0.5184373585527479
-0.6718267 -4.143095e-05 -0.5430652834967148 -0.5010772384476627
-0.6418002 -3.974064e-05 -0.5209091736477413 -0.48063416709833406
-0.611799 -3.884034e-05 -0.5091082935150845 -0.4697456927144632
-0.5819563000000001 -3.850741e-05 -0.5047443403632846 -0.46571914625592487
-0.5513544 -3.730732e-05 -0.4890138969128793 -0.45120492963553227
-0.5216964000000001 -3.388178e-05 -0.4441128784416799 -0.40977551217365876
-0.49166000000000004 -3.2945e-05 -0.4318338286908523 -0.3984458386944602
-0.4614656 -3.22563e-05 -0.4228065420671039 -0.39011651257186575
-0.43155489999999996 -3.036935e-05 -0.3980729301973755 -0.36729522329202025
-0.4017156 -2.870955e-05 -0.3763167368793886 -0.3472211482255438
-0.3715489 -2.767571e-05 -0.36276545184512704 -0.33471760456562943
-0.3415582 -2.618949e-05 -0.3432844965293911 -0.3167428534839939
-0.31158319999999995 -2.409752e-05 -0.31586353994701427 -0.2914419962621499
-0.2816693 -2.307096e-05 -0.3024076791128701 -0.2790264989129259
-0.2516323 -2.18243e-05 -0.28606680915154853 -0.26394905197813046
-0.22173410000000002 -2.028929e-05 -0.26594632818694863 -0.24538422129504098
-0.1915549 -1.689116e-05 -0.2214045923153673 -0.20428630786833565
-0.1615026 -1.604383e-05 -0.21029802810032347 -0.19403846714892523
-0.1314605 -1.450255e-05 -0.19009536173260042 -0.1753978053713263
-0.1012907 -1.309204e-05 -0.1716067918826464 -0.15833871173232422
-0.07143221 -1.117164e-05 -0.14643472678572994 -0.13511286900569372
-0.041319 -8.247622e-06 -0.10810751816223721 -0.0997489957512485
-0.011507680000000001 -6.884564e-06 -0.09024093583205976 -0.08326379957582905
0.01831399 -6.285678e-06 -0.08239090595410105 -0.07602070852855722
0.04834138 -4.087628e-06 -0.05357948245572716 -0.04943689077951007
0.07843573000000001 -1.305657e-06 -0.017114186106146977 -0.015790972785317738
0.10833069999999999 1.272673e-07 0.0016681841076384067 0.0015392055269958865
0.1384263 1.635486e-06 0.02143749221885832 0.01978001490189856
0.1681698 3.781162e-06 0.04956241200061801 0.045730407173459484
0.1985206 5.133794e-06 0.06729233324419867 0.06208950845392587
0.2283414 7.482231e-06 0.09807498739958671 0.09049214770376961
0.2583225 9.342491e-06 0.1224587542279505 0.11299064082532846
0.2883036 1.055515e-05 0.13835394860847625 0.12765687036866996
0.3185301 1.267433e-05 0.16613156624651176 0.15328681277099282
0.34876589999999996 1.418186e-05 0.18589184707110792 0.17151929281977288
0.3787948 1.527486e-05 0.20021858480852184 0.1847383336967814
0.4085867 1.777442e-05 0.23298211690269413 0.21496869583267833
0.4386716 2.05499e-05 0.2693623310430763 0.24853610989792957
0.4685772 2.134037e-05 0.2797235903104995 0.25809627022917286
0.49869189999999997 2.164141e-05 0.2836695382779935 0.26173713030750273
0.5288864 2.489423e-05 0.32630659138596674 0.30107762485969924
0.5587659 2.66775e-05 0.34968119486720933 0.32264497986861324
0.5887659 2.678321e-05 0.3510668119268818 0.3239234655146412
0.6187197 2.881922e-05 0.3777542605094547 0.3485475271944199
0.6487752 3.026599e-05 0.39671811627922443 0.3660451591885915
0.6785344999999999 3.328703e-05 0.43631706209279897 0.40258244304136165
0.7087382 3.452375e-05 0.45252764131934475 0.417539672898099
0.7386526999999999 3.609477e-05 0.47312013127381136 0.43654001836799644
0.7688603 3.684088e-05 0.4828999320910683 0.4455636767291536
0.7992282 3.985463e-05 0.5224033226273275 0.4820127933284989
0.8289198 4.110072e-05 0.5387367211883651 0.49708334652742986
0.8587377 4.318148e-05 0.5660107402318247 0.5222486269439387
0.8885961 4.452968e-05 0.583682568061268 0.5385541264044903
0.9186409999999999 4.782846e-05 0.6269220519710815 0.5784504737642873
0.9489511 4.7706e-05 0.6253168806048203 0.5769694090380307
0.9789604000000001 4.833417e-05 0.6335507569492953 0.5845666687889094
1.008936 5.046292e-05 0.661453815465782 0.6103123533881152
1.038905 5.294058e-05 0.6939302884964141 0.640277850935534
1.0690250000000001 5.405073e-05 0.7084818236283356 0.6537043086021498
1.099368 5.480107e-05 0.718317070100331 0.6627791257399855
1.129053 5.567968e-05 0.7298336437906048 0.673405275332802
1.1590019999999999 5.806266e-05 0.7610690779109183 0.7022256870703077
1.188951 5.913868e-05 0.7751732465661902 0.715239367184195
1.218562 5.955107e-05 0.7805787391330081 0.720226924610791
1.248886 6.132582e-05 0.8038416648415859 0.7416912364099411
1.279007 6.166245e-05 0.8082541165566322 0.7457625316802313
1.3089359999999999 6.31925e-05 0.8283095832310421 0.7642673747670261
1.3388030000000002 6.243637e-05 0.8183984430614257 0.7551225317859352
1.368886 6.378925e-05 0.8361316150195158 0.7714846324462163
1.398868 6.432349e-05 0.8431342832435195 0.7779458770922666
1.4292660000000001 6.590181e-05 0.8638224595524995 0.7970345107583234
1.4587750000000002 6.690568e-05 0.8769809062244646 0.8091755890430468
1.4890709999999998 6.789443e-05 0.8899411641731086 0.8211338019132591
1.5190160000000001 6.842325e-05 0.896872788555816 0.8275294955972294
1.549044 6.905924e-05 0.9052091672690985 0.8352213325664596
1.579349 7.027913e-05 0.9211991435714719 0.8499750158010929
1.6092090000000001 6.869393e-05 0.900420786150293 0.8308031735337242
1.6390619999999998 7.069128e-05 0.9266014902855388 0.8549596706020618
1.6693959999999999 7.223526e-05 0.9468395474967121 0.8736329869179663
1.6992470000000002 7.213812e-05 0.9455662635956943 0.8724581491953747
1.729077 7.24437e-05 0.949571720611064 0.8761539172751518
1.7590530000000002 7.375986e-05 0.9668235770982319 0.8920719162144778
1.788905 7.362555e-05 0.9650630792523838 0.8904475343478804
1.818945 7.457424e-05 0.9774982419459859 0.9019212506238266
1.849183 7.469168e-05 0.9790376125588698 0.9033416020973819
1.8792010000000001 7.523274e-05 0.9861296754318845 0.9098853296883371
1.909423 7.413309e-05 0.9717157713578247 0.8965858618929095
1.939118 7.548858e-05 0.9894831544645835 0.912979528606886
1.969294 7.503087e-05 0.9834836200365945 0.9074438587076951
1.999396 7.639617e-05 1.0013795898745554 0.9239561702441816
2.029349 7.645923e-05 1.0022061626849135 0.9247188351277169
2.0592379999999997 7.700869e-05 1.0094083304042176 0.9313641546156228
2.089044 7.744766e-05 1.0151622261632227 0.9366731778304265
2.1190900000000004 7.570025e-05 0.9922576655138774 0.9155395234673035
2.149035 7.670554e-05 1.0054347251479534 0.9276977756203209
2.179034 7.836932e-05 1.0272430871907297 0.9478199858951142
2.2091060000000002 7.871968e-05 1.03183550789858 0.9520573355398249
2.239136 7.845923e-05 1.0284216022776198 0.9489073820206878
2.2692379999999996 7.863591e-05 1.0307374742112394 0.9510441982532127
2.299162 7.839676e-05 1.0276027630219413 0.9481518527584857
2.329053 7.842993e-05 1.0280375460875866 0.9485530198087057
2.359488 7.776009e-05 1.0192574710591973 0.9404517916833118
2.3892849999999997 7.89149e-05 1.0343943969572238 0.9544183796020477
2.419174 7.899776e-05 1.0354805026195497 0.9554205110998235
2.449229 7.849639e-05 1.0289086851452522 0.9493568052219592
2.479377 7.89187e-05 1.0344442062924502 0.9544643378411444
2.509087 7.860406e-05 1.0303199933357254 0.9506589956439421
2.53897 7.948832e-05 1.0419106256428488 0.9613534778817313
2.569127 7.953369e-05 1.0425053228900094 0.9619021950679985
2.599211 7.931522e-05 1.0396416793460999 0.9592599591481447
2.629239 8.026706e-05 1.0521181313570607 0.9707717723854473
2.65935 8.001472e-05 1.048810529343649 0.9677199034239613
2.689553 7.975019e-05 1.0453431442259198 0.9645206052691625
2.719125 8.077708e-05 1.0588033306075966 0.9769400937286237
2.749099 8.017135e-05 1.0508635914953517 0.9696142294738842
2.779068 8.135531e-05 1.0663826074254419 0.983933365463585
2.809118 8.130494e-05 1.0657223715792996 0.9833241769100856
2.8393960000000003 8.074378e-05 1.058366843538378 0.9765373544228557
2.869192 8.09816e-05 1.061484121460347 0.9794136145338991
2.8995439999999997 8.127183e-05 1.0652883749768425 0.9829237355162725
2.929507 8.114095e-05 1.0635728366098958 0.9813408370075964
2.9593510000000003 8.027464e-05 1.052217487873117 0.9708634469781716
2.9893400000000003 8.085823e-05 1.059867022069071 0.9779215440188062
3.019424 8.035902e-05 1.0533235172695332 0.9718839617715861
3.049377 8.028211e-05 1.052315402539996 0.9709537912008169
3.079313 8.086972e-05 1.0600176297695307 0.9780605072207061
3.109488 8.189364e-05 1.0734388862234128 0.9904440756880315
3.1397939999999998 8.123436e-05 1.064797228716073 0.9824705630902326
3.169455 8.147029e-05 1.0678897330476265 0.9853239650244618
3.199386 8.109861e-05 1.0630178557537182 0.9808287654698724
3.2295529999999997 8.134505e-05 1.0662481222203313 0.9838092782180241
3.2597199999999997 8.039955e-05 1.0538547731528796 0.9723741426743722
3.289776 8.273377e-05 1.0844510748559226 1.0006048376386272
3.3195810000000003 8.102306e-05 1.0620275675231037 0.9799150431109904
3.349729 8.232145e-05 1.0790464998294906 0.9956181268111725
3.379664 8.166641e-05 1.0704604190540874 0.9876958939327867
3.409627 8.185792e-05 1.0729706784722868 0.9900120682405229
3.439672 8.209163e-05 1.0760340836658928 0.9928386208877013
3.469489 8.275989e-05 1.0847934484970037 1.0009207400610496
3.499664 8.203819e-05 1.0753336071199757 0.992192302914721
3.529544 8.078224e-05 1.058870966441746 0.9770025001796078
3.55972 8.248525e-05 1.081193544332133 0.9975991688017066
3.5897289999999997 8.150698e-05 1.0683706552869547 0.9857677039172135
3.61985 8.256618e-05 1.082254352095252 0.9985779583517307
3.6500529999999998 8.239652e-05 1.0800304963546026 0.9965260439188
3.679596 8.255892e-05 1.0821591900495304 0.9984901539265093
3.709442 8.278558e-05 1.0851301858185718 1.0012314419458896
3.7392849999999997 8.18668e-05 1.0730870750240784 0.9901194653887277
3.769609 8.32463e-05 1.0911691744831475 1.0068035156081543
3.7995349999999997 8.205322e-05 1.0755306161485145 0.9923740798446216
3.829396 8.229024e-05 1.0786374078946461 0.9952406645369075
3.859498 8.128152e-05 1.065415388781669 0.9830409290259688
3.889692 8.401611e-05 1.1012596282595781 1.0161138082499932
3.9199050000000004 8.16929e-05 1.0708076425514927 0.988016271236384
3.949804 8.187352e-05 1.07317515890111 0.9902007389062882
3.979451 8.277917e-05 1.0850461653346772 1.0011539176530977
4.00972 8.352875e-05 1.0948714499396275 1.010219543143114
4.039424 8.271372e-05 1.084188265074006 1.0003623474560253
4.069757 8.270424e-05 1.0840640038903364 1.0002476937437526
4.100081 8.320375e-05 1.0906114410058128 1.0062889042730063
4.1302200000000004 8.265617e-05 1.083433915799726 0.99966632201918
4.1599260000000005 8.344723e-05 1.093802908621829 1.009233617971757
4.189748 8.323841e-05 1.0910657545739544 1.0067080917906617
4.219905 8.279868e-05 1.085301896947904 1.0013898769280385
4.250211 8.263034e-05 1.083095343397386 0.9993539269360572
4.279974 8.307502e-05 1.0889240842364283 1.0047320084522404
4.309831 8.232602e-05 1.0791064021089598 0.9956733976408229
4.339858 8.213951e-05 1.076661681289742 0.9934176947003189
4.370220000000001 8.316441e-05 1.0900957833090241 1.0058131155556216
4.400275 8.341017e-05 1.093317136526176 1.00878540419783
4.430144 8.29687e-05 1.0875304714676801 1.0034461452994101
4.459988 8.298548e-05 1.087750419005863 1.003649087207842
4.490257 8.245775e-05 1.0808330820377334 0.9972665762819284
4.520134 8.151773e-05 1.0685115632747655 0.985897717356763
4.550035 8.226241e-05 1.0782726200527137 0.9949040809068919
4.580423 8.296764e-05 1.0875165772846958 1.0034333253695567
4.610322 8.322673e-05 1.090912656406733 1.0065668306768067
4.640238 8.187605e-05 1.0732083214321948 0.9902313374181078
4.6701809999999995 8.343246e-05 1.093609307600437 1.0090549855529523
4.700146 8.213517e-05 1.0766047937858259 0.9933652055535611
4.7303310000000005 8.130006e-05 1.0656584059066934 0.9832651568556667
4.760125 8.311223e-05 1.0894118224900506 1.0051820363671842
4.7902569999999995 8.247887e-05 1.0811099170798324 0.9975220073371182
4.820525 8.336475e-05 1.0927217838930257 1.0082360822978906
4.850498 8.313929e-05 1.0897665173877398 1.005509307406646
4.880673 8.261239e-05 1.0828600598270415 0.9991368347276928
4.91053 8.301203e-05 1.088098428966456 1.0039701901678462
4.940516 8.313768e-05 1.0897454139588676 1.005489835626397
4.970507 8.339904e-05 1.0931712476048427 1.0086507949343706
5.000144000000001 8.266887e-05 1.0836003838411394 0.9998199192919504
5.029803 8.464873e-05 1.109551833957147 1.0237648875177088
5.059859 8.219809e-05 1.0774295315154123 0.9941261772388139
5.09009 8.230066e-05 1.0787739903349243 0.99536668686622
5.119993 8.298715e-05 1.0877723088979225 1.0036692846444975
5.149997999999999 8.388858e-05 1.0995880007539494 1.014571425557363
5.180256999999999 8.23792e-05 1.07980347064773 0.996316571102707
5.210025 8.280518e-05 1.0853870971265802 1.0014684897054407
5.2397290000000005 8.255726e-05 1.0821374312346683 0.998470077432588
5.270035 8.353519e-05 1.0949558636551162 1.0102974302641097
5.30009 8.267976e-05 1.0837431269097217 0.9999516259297825
5.3305169999999995 8.398106e-05 1.100800202680716 1.015689903965694
5.360341999999999 8.316569e-05 1.0901125611903637 1.0058285962256333
5.389988000000001 8.318084e-05 1.0903111431452785 1.0060118244683476
5.420266 8.308641e-05 1.089073381164909 1.004869762226796
5.450137 8.381742e-05 1.098655255413241 1.0137107970589112
5.480506999999999 8.204216e-05 1.075385644767567 0.9922403171803034
5.510516 8.430111e-05 1.1049953284015388 1.0195606761822416
5.540483 8.386715e-05 1.0993071023187133 1.0143122452774047
5.570127 8.308439e-05 1.08904690357092 1.004845331794434
5.600544 8.249336e-05 1.0812998479396816 0.9976972533593577
5.6304359999999996 8.325346e-05 1.0912630257568896 1.0068901106060313
5.660257 8.269739e-05 1.0839742160097317 1.0001648479706442
5.690257 8.388206e-05 1.099502538420877 1.0144925708944919
5.720572 8.311235e-05 1.0894133954164262 1.0051834876799977
5.7502569999999995 8.307141e-05 1.0888767653679634 1.0046883481250986
5.780024999999999 8.2854e-05 1.0860270160070382 1.0020589321350981
5.8103869999999995 8.415059e-05 1.1030223544177915 1.0177402461430765
5.84035 8.38825e-05 1.0995083058175876 1.0144978923748085
5.8703590000000005 8.181358e-05 1.0723894821765165 0.9894758081559059
5.900359000000001 8.255355e-05 1.082088801594224 0.9984252076781017
5.93046 8.420532e-05 1.1037397399222464 1.018402165728803
5.960785 8.251509e-05 1.0815846786908563 0.9979600619213498
5.990979 8.338574e-05 1.092996914931551 1.0084899410975323
6.020559 8.423907e-05 1.104182125465373 1.0188103474576216
6.050405 8.369156e-05 1.0970055177996718 1.0121886118029364
6.080303 8.228968e-05 1.0786300675715603 0.9952338917437775
6.11059 8.357083e-05 1.095423022788658 1.0107284701697423
6.140553 8.30735e-05 1.0889041605023377 1.0047136251566016
6.170877000000001 8.262236e-05 1.082990743793411 0.9992574146339542
6.200521 8.281735e-05 1.0855466180765019 1.0016156770132845
6.230285 8.300766e-05 1.088041148230946 1.0039173381928852
6.260497999999999 8.351074e-05 1.094635379906095 1.0100017252783429
6.2905169999999995 8.257967e-05 1.0824311752353049 0.9987411101005239
6.320377000000001 8.326392e-05 1.0914001325059595 1.0070166167062815
6.350618000000001 8.248221e-05 1.0811536968639524 0.9975624022104295
6.380535 8.361764e-05 1.0960365951523254 1.0112946031097723
6.410709 8.211476e-05 1.0763372652247822 0.9931183614325183
6.44085 8.349451e-05 1.0944226416138005 1.0098054352203065
6.470578000000001 8.330791e-05 1.091976741099801 1.0075486437951924
6.500692 8.337088e-05 1.092802134215377 1.0083102201941174
6.530572 8.295316e-05 1.0873267775020448 1.0032582002900516
6.560597 8.22595e-05 1.0782344765881064 0.9948688865711626
6.590127000000001 8.33425e-05 1.0924301371275569 1.0079669847137063
6.620729 8.414035e-05 1.102888131367077 1.0176164007829847
6.65047 8.25656e-05 1.0822467496177701 0.9985709436731318
6.680785 8.400217e-05 1.101076906645617 1.0159452140781493
6.71071 8.094918e-05 1.061059169184549 0.9790215181887638
6.740942 8.380725e-05 1.0985219499029117 1.0135877982979602
6.770757 8.370605e-05 1.097195448659521 1.0123638578251761
6.800424 8.199254e-05 1.0747352397112717 0.9916401993318887
6.83072 8.357423e-05 1.0954675890359655 1.0107695906994603
6.860474 8.293673e-05 1.0871114176657906 1.0030594913773259
6.890785 8.256944e-05 1.0822970832617882 0.9986173856831664
6.92109 8.281104e-05 1.0854639083645872 1.0015393621478372
6.950889 8.204253e-05 1.0753904946238917 0.9922447920614786
6.980702 8.329577e-05 1.0918176133814732 1.007401819315552
7.010553 8.228274e-05 1.0785390999961735 0.9951499574860588
7.041016 8.384152e-05 1.0989711514603329 1.0140022690489714
7.070502 8.314537e-05 1.0898462123241017 1.0055828405892007
7.100729 8.219104e-05 1.0773371220908483 0.9940409126110163
7.1307849999999995 8.436635e-05 1.1058504760410528 1.0203497065818903
7.16097 8.262234e-05 1.0829904816390152 0.9992571727484854
7.190879 8.245042e-05 1.080737002451626 0.9971779252575655
7.220923 8.285092e-05 1.0859866442300656 1.002021681772883
7.251173 8.360931e-05 1.0959274078464218 1.011193857811963
7.2809740000000005 8.299946e-05 1.0879336649286158 1.003818165150624
7.310886 8.266741e-05 1.0835812465702368 0.9998022616527185
7.340998 8.242561e-05 1.0804117999234786 0.9968778663333582
7.370955 8.452412e-05 1.1079184809933234 1.0222578201035422
7.40085 8.28741e-05 1.086290481174945 1.0023020270313725
7.430979000000001 8.286638e-05 1.0861892895781171 1.0022086592403656
7.460785 8.427614e-05 1.1046680286382238 1.0192586821742828
7.490721 8.283835e-05 1.0858218801922253 1.0018696567556606
7.521002 8.384611e-05 1.0990313158941982 1.0140577817640908
7.550813 8.387786e-05 1.0994474859977323 1.0144417749460166
7.581016 7.846569e-05 1.028506278147504 0.9489855110271519
7.610868 8.215445e-05 1.0768575106234997 0.9935983831456094
7.6408130000000005 8.23208e-05 1.079037979811623 0.9956102655334322
7.670702 8.281826e-05 1.0855585461015167 1.0016266828021207
7.700813 8.311994e-05 1.0895128830096805 1.0052752832154566
7.7309790000000005 8.398341e-05 1.1008310058222377 1.0157183255082933
7.760803 8.376033e-05 1.0979069356900668 1.013020334987851
7.790597 8.352771e-05 1.0948578179110393 1.0102069650987298
7.82085 8.277124e-05 1.0849422211166921 1.001058010064667
7.850988 8.321735e-05 1.090789705995043 1.0064533863918785
7.881257 8.397851e-05 1.1007667779952355 1.0156590635684055
7.910889 8.377353e-05 1.0980799575913789 1.0131799793973448
7.940618000000001 8.204615e-05 1.0754379445695545 0.9922885733313551
7.971100000000001 8.084763e-05 1.0597280802392295 0.9777933447202733
8.001100000000001 8.119614e-05 1.0642962516654564 0.9820083199591079
8.031332 8.26274e-05 1.0830568067011845 0.9993183697721245
8.060804000000001 8.476724e-05 1.1111052298302129 1.0251981798638519
8.09097 8.356667e-05 1.0953684946743052 1.0106781579922048
8.120961 8.234078e-05 1.079299872053154 0.9958519091168929
8.151035 8.365344e-05 1.0965058515210349 1.0117275780991564
8.181044 8.360332e-05 1.0958488926048418 1.0111214131140187
8.211155000000002 8.257299e-05 1.0823436156670652 0.9986603203539013
8.241424 8.242732e-05 1.0804342141243302 0.9968985475409516
8.271105 8.431386e-05 1.1051624518289422 1.0197148781686842
8.301219999999999 8.342874e-05 1.0935605468827942 1.0090099948557312
8.331322 8.254268e-05 1.0819463206800377 0.9982937429257384
8.361627 8.223137e-05 1.077865756430235 0.994528674659113
8.391137 8.252497e-05 1.0817141829624441 0.998079553343001
8.421516 8.306274e-05 1.088763121437329 1.0045834907743174
8.451502 8.30389e-05 1.088450633397384 1.0042951632953534
8.481238 8.324641e-05 1.0911706163323251 1.0068048459782335
8.51134 8.191106e-05 1.0736672227022652 0.9906547579314693
8.541433000000001 8.246341e-05 1.080907271731781 0.9973350298696355
8.571369 8.34527e-05 1.0938746078491148 1.009299773647509
8.601146 8.270243e-05 1.084040278917505 1.0002258031088143
8.631229 8.288196e-05 1.0863935078525444 1.0023970880206619
8.66147 8.252259e-05 1.081682986589329 0.9980507689721985
8.691455 8.32615e-05 1.091368411824052 1.0069873485645409
8.721266 8.278503e-05 1.0851229765726838 1.001224790095494
8.751183000000001 8.349871e-05 1.0944776940369452 1.0098562311687818
8.781554 8.406648e-05 1.1019198641057202 1.0167229968034925
8.811236999999998 8.332598e-05 1.092213597596521 1.0077671873163703
8.840841000000001 8.310284e-05 1.0892887410011627 1.0050684711395215
8.87097 8.376926e-05 1.0980239876278484 1.0131283368497284
8.90097 8.472412e-05 1.110540024952594 1.0246766747928393
8.931191 8.157492e-05 1.0692611937699188 0.9865893888551676
8.961322000000001 8.367275e-05 1.0967589615903026 1.0119611185194082
8.991105 8.29324e-05 1.0870546612390724 1.0030071231733027
9.021154000000001 8.325958e-05 1.091343245002043 1.0069641275595236
9.051173 8.176874e-05 1.0718017320208482 0.9889335009345656
9.081146 8.25544e-05 1.0820999431560507 0.998435487810531
9.111059 8.21858e-05 1.077268437639115 0.9939775386181566
9.141007 8.327039e-05 1.0914849394530415 1.00709486665548
9.171228999999999 8.365318e-05 1.096502443513888 1.0117244335880604
9.201274999999999 8.338637e-05 1.0930051727950227 1.0084975604898034
9.231571 8.260243e-05 1.0827295069378695 0.9990163757641657
9.261567999999999 8.350791e-05 1.0945982850590714 1.0099674984844893
9.291469999999999 8.302784e-05 1.0883056620164362 1.004161400631035
9.321387000000001 8.28364e-05 1.0857963201386225 1.00184607292244
9.351386 8.306122e-05 1.0887431977032385 1.0045651074786788
9.381516 8.327229e-05 1.0915098441206548 1.0071178457750285
9.411379 8.234649e-05 1.079374717133191 0.9959209674182723
9.441229 8.264292e-05 1.0832602385124241 0.999506072896014
9.471248 8.190059e-05 1.0735299848759974 0.9905281308884846
9.50122 8.214414e-05 1.0767223700323991 0.9934736911863761
9.53135 8.127651e-05 1.0653497191054893 0.9829803367160019
9.561283999999999 8.303276e-05 1.0883701519978344 1.004220904456392
9.591608 8.260467e-05 1.0827588682302138 0.9990434669366861
9.621134 8.209657e-05 1.0760988358016865 0.9928983665985267
9.651127 8.224961e-05 1.0781048412393204 0.9947492742067767
9.681108 8.242313e-05 1.0803792927783837 0.996847872535211
9.711571 8.363038e-05 1.0962035875025309 1.0114486841534804
9.741710999999999 8.276902e-05 1.084913121978744 1.0010311607776157
9.77153 8.350846e-05 1.0946054943049597 1.0099741503348851
9.801442 8.332563e-05 1.092209009894592 1.0077629543206639
9.831479 8.452674e-05 1.10795282321919 1.022289507099972
9.861507 8.286547e-05 1.0861773615531025 1.0021976534515293
9.891636 8.158194e-05 1.0693532099628895 0.9866742906547621
9.921803 8.349634e-05 1.0944466287410277 1.0098275677407136
9.951229 8.150003e-05 1.0682795566343704 0.9856836487167605
9.981228999999999 8.22332e-05 1.0778897435574621 0.9945508071795199
10.00359 8.308225e-05 1.0890188530505558 1.0048194500492584
