Keff(MJ/m3):0.05783256710723117 Ms(MA/m):1.286232842588446
H(kOe) moment(emu) M(MA/m) M_norm()
9.967096999999999 6.818512e-05 1.1231943262483506 0.9891679804835478
9.938837 6.825101e-05 1.124279713707616 0.9901238529412638
9.910067999999999 6.866057e-05 1.1310262805283282 0.9960653785715896
9.881694 6.862819e-05 1.1304928938849677 0.9955956388511334
9.852791 6.906273e-05 1.137650949227951 1.0018995517024905
9.823782 6.908359e-05 1.1379945701476701 1.0022021696941126
9.794604999999999 6.993871e-05 1.1520807216754738 1.0146074763573711
9.765619000000001 6.808251e-05 1.121504060544978 0.9876794075151726
9.736144 6.851477e-05 1.1286245580884906 0.9939502441910312
9.706485 6.946285e-05 1.1442420135806792 1.0077041303605774
9.676597 6.909278e-05 1.1381459544358872 1.0023354898927221
9.647147 6.911103e-05 1.1384465815588438 1.0026002443676552
9.617614 6.850844e-05 1.1285202857768024 0.9938584142827396
9.587763 6.931721e-05 1.1418429267758923 1.0055913171151416
9.558198 6.910827e-05 1.1384011168542214 1.0025602047867885
9.527688 6.881128e-05 1.13350888401878 0.9982517427862256
9.497968 6.931061e-05 1.1417342068300562 1.0054955702913304
9.468563 7.009621e-05 1.1546751749283846 1.0168923437437767
9.438827 6.86827e-05 1.131390821801261 0.9963864205732478
9.408921 6.913641e-05 1.1388646591687415 1.002968434426493
9.378688 6.888717e-05 1.1347589986687066 0.9993526861891104
9.348734 6.894999e-05 1.135793814880439 1.0002640218666596
9.318788 6.851555e-05 1.1286374068093623 0.9939615597247544
9.289282 6.853322e-05 1.1289284797552603 0.9942179000848673
9.258901 6.90687e-05 1.1377492913607756 1.0019861590567563
9.229023999999999 6.947931e-05 1.1445131545365073 1.0079429171363248
9.198772000000002 6.956294e-05 1.145890768032005 1.0091561454507698
9.168808 7.008211e-05 1.1544429095895528 1.0166877937110892
9.139031000000001 6.858914e-05 1.1298496342054365 0.9950291368102502
9.109022000000001 6.909804e-05 1.1382326009381751 1.0024117972098812
9.07892 7.032181e-05 1.1583914203496968 1.0201651442667805
9.049143 6.878793e-05 1.1331242460285866 0.9979130021292572
9.018727 6.89917e-05 1.1364808919926859 1.000869112778958
8.988643 6.930571e-05 1.1416534905066322 1.0054244855281977
8.958968 6.92681e-05 1.141033951542556 1.0048788737034184
8.928893 6.996563e-05 1.1525241672727333 1.014998007341765
8.898845999999999 6.918212e-05 1.139617627157253 1.0036315537168587
8.868967000000001 6.903351e-05 1.1371696163768397 1.001475654400708
8.83868 6.931004e-05 1.1417248173801884 1.0054873012474557
8.808995999999999 6.940595e-05 1.143304715865818 1.006878676682568
8.778846999999999 6.870556e-05 1.131767388159112 0.9967180527539032
8.748967 6.843304e-05 1.1272782427592185 0.9927645793561682
8.718619 6.863951e-05 1.130679365064796 0.9957598591610645
8.688873 6.849225e-05 1.1282535924551218 0.9936235444225113
8.658911 6.931924e-05 1.1418763663955964 1.0056207665170107
8.628770000000001 6.806632e-05 1.121237367223298 0.9874445376549447
8.598874 6.991815e-05 1.1517420425714746 1.0143092104941043
8.569013 6.888256e-05 1.1346830594338115 0.9992858084833875
8.538818 6.932608e-05 1.1419890397940085 1.005719995043506
8.508799000000002 6.924719e-05 1.1406895069868839 1.004575530357071
8.479263999999999 6.972789e-05 1.1486079430419585 1.0115490906913263
8.448985 6.897745e-05 1.136246155745994 1.0006623866820927
8.418708 6.858717e-05 1.1298171829488763 0.995000557834052
8.388731 6.832056e-05 1.1254253913186634 0.9911328213649115
8.359086999999999 6.910534e-05 1.1383528517873576 1.002517698999854
8.328865 6.873236e-05 1.1322088570300834 0.9971068428869552
8.298836 6.928453e-05 1.1413045983168122 1.0051172252663305
8.268723 6.867082e-05 1.1311951258987556 0.9962140762903874
8.239105 6.926204e-05 1.1409341268650157 1.0047909607106464
8.208846 6.880633e-05 1.133427344059403 0.9981799326683674
8.178781 6.955105e-05 1.1456949074023093 1.0089836560969645
8.148578 7.012213e-05 1.155102147806578 1.0172683676336538
8.118438 6.90216e-05 1.1369734262927624 1.0013028749050121
8.088661 6.937698e-05 1.1428275011944729 1.0064584061544142
8.058516 6.934e-05 1.142218340043409 1.005921933799181
8.028689 6.888886e-05 1.1347868375639283 0.9993772031788439
7.998763 6.908064e-05 1.137945975626425 1.0021593737652876
7.968504 6.898124e-05 1.1363085873512544 1.0007173685703115
7.93842 6.994287e-05 1.1521492481867885 1.014667825870561
7.908213 6.904945e-05 1.1374321915187533 1.0017068974873067
7.8786059999999996 6.97691e-05 1.1492867837946723 1.012146928056366
7.848375 6.865611e-05 1.1309528122012933 0.9960006769300443
7.818524 6.892628e-05 1.1354032467113817 0.9999200586556649
7.788457999999999 6.91969e-05 1.13986109394505 1.0038459685738181
7.758661 6.898667e-05 1.1363980342157836 1.0007961420935383
7.728504 6.997256e-05 1.1526383232158612 1.0150985415067668
7.698448 6.917906e-05 1.1395672206369105 1.003587162007637
7.668374 6.887932e-05 1.1346296878240376 0.999238805497153
7.638587 6.911141e-05 1.138452841192089 1.0026057570635716
7.608115 6.928689e-05 1.141343473933808 1.0051514620093902
7.578291 7.006185e-05 1.1541091723012733 1.0163938799761774
7.548223 6.898226e-05 1.136325389524702 1.000732165806719
7.518495 6.920064e-05 1.139922701914357 1.003900225107311
7.488578 6.899954e-05 1.1366100381101643 1.0009828483999703
7.458522 6.918158e-05 1.1396087318889572 1.0036237198858198
7.428754 7.005649e-05 1.1540208785270791 1.016316121949567
7.398808 6.966074e-05 1.14750179995667 1.0105749392945191
7.368689000000001 6.853819e-05 1.1290103491690187 0.9942900003446161
7.338467 6.911952e-05 1.138586434943715 1.0027234096001032
7.308513 6.857544e-05 1.129623957954231 0.9948303896153693
7.278235 7.090405e-05 1.167982496298743 1.028611754978278
7.248581 6.984948e-05 1.1506108609532055 1.0133130083136315
7.218532 6.96288e-05 1.1469756613096986 1.0101115826956506
7.188263 6.940997e-05 1.143370936196464 1.0069369952025258
7.158194000000001 6.922896e-05 1.1403892093183088 1.0043110660240284
7.127938 6.942623e-05 1.1436387826084786 1.0071728805593698
7.098204 6.894355e-05 1.1356877305696533 1.0001705961779712
7.068328 6.890325e-05 1.1350238799912895 0.9995859602689416
7.038365 6.879715e-05 1.133276124498376 0.9980467575407025
7.00817 6.899008e-05 1.136454206187799 1.0008456112858406
6.978124 6.894176e-05 1.1356582444025252 1.000144628478786
6.9478 6.918624e-05 1.1396854947598052 1.0036913229462683
6.918261 6.891031e-05 1.135140177387896 0.9996883803562305
6.888143 6.884076e-05 1.1339944997768487 0.9986794119325828
6.857911 6.903747e-05 1.1372348483443413 1.0015331024949947
6.828062 7.020224e-05 1.1564217773309635 1.0184305309753998
6.798198 6.92349e-05 1.1404870572695618 1.004397238165459
6.768041 6.902318e-05 1.136999453188887 1.001325796114349
6.737958 6.851176e-05 1.1285749752041017 0.9939065778365354
6.7080969999999995 6.980725e-05 1.1499152180270442 1.0127003737121845
6.678069000000001 6.873745e-05 1.13229270317013 0.9971806839980459
6.6478280000000005 6.923682e-05 1.1405186848901687 1.0044250917869313
6.6178360000000005 6.929484e-05 1.1414744320503836 1.0052667934107993
6.587716 6.945153e-05 1.1440555424008512 1.0075399100506466
6.557716999999999 6.993793e-05 1.1520678729546023 1.014596160823648
6.527863999999999 6.868069e-05 1.131357711635938 0.9963572613132687
6.49781 6.845155e-05 1.1275831527891318 0.9930331056756752
6.4677169999999995 6.86684e-05 1.1311552619186158 0.9961789691216567
6.438072 6.899147e-05 1.1364771032673007 1.000865776147219
6.407874 6.960068e-05 1.14651244844956 1.0097036431978363
6.378095999999999 6.948765e-05 1.1446505370135183 1.0080639063045953
6.347957999999999 6.944066e-05 1.1438764839446025 1.0073822179332481
6.3179110000000005 6.879539e-05 1.1332471325128197 0.9980212250543529
6.287791 6.911463e-05 1.138505883347482 1.002652469907916
6.2578000000000005 6.967682e-05 1.1477666812792529 1.0108082133743503
6.227874 6.927537e-05 1.1411537082101666 1.004984340280556
6.197893 6.911159e-05 1.1384558062815209 1.0026083683405846
6.167883 6.908934e-05 1.1380892882823 1.0022855854875843
6.137837 6.881496e-05 1.1335695036249434 0.9983051288940479
6.108003 6.910251e-05 1.1383062339924008 1.0024766439223716
6.077996 6.924386e-05 1.1406346528323938 1.0045272217323298
6.048235 6.936781e-05 1.1426764463606371 1.006325376097695
6.0178 6.835318e-05 1.1259627314145995 0.9916060427880515
5.9879679999999995 6.976444e-05 1.1492100209238243 1.0120793249959175
5.958013 6.914741e-05 1.1390458590784682 1.0031280124661783
5.927957999999999 6.874617e-05 1.1324363452803863 0.9973071858622329
5.897716 6.981224e-05 1.1499974168951843 1.0127727641138238
5.867707 6.995793e-05 1.1523973273359245 1.0148863027139854
5.837754 6.885325e-05 1.1342002440379844 0.9988606055430985
5.807716999999999 6.911274e-05 1.1384747499084469 1.002625051499279
5.777467 6.938456e-05 1.1429523644049941 1.006568369930852
5.747864 6.95031e-05 1.1449050405230896 1.008288040914881
5.718041 6.904713e-05 1.13739397481052 1.0016732410280276
5.687837 6.894658e-05 1.1357376429084234 1.000214552674357
5.6577910000000005 6.799235e-05 1.1200188801939785 0.9863714478735325
5.6275129999999995 6.916912e-05 1.1394034818093934 1.0034429614881395
5.597524 6.944536e-05 1.1439539057242132 1.0074504012774774
5.567578 6.895541e-05 1.1358830970177771 1.000342650318941
5.5375309999999995 6.939711e-05 1.1431590970292738 1.0067504339670388
5.507532 6.945875e-05 1.144174475432508 1.0076446512730581
5.477467 6.829681e-05 1.1250341642408435 0.9907882778701361
5.447732 6.881326e-05 1.1335415000025308 0.9982804668333691
5.417624 6.964005e-05 1.1471609793991921 1.010274787508965
5.387614999999999 6.87115e-05 1.1318652361103647 0.9968042248953334
5.357515 6.934226e-05 1.142255568388498 1.005954719832789
5.327578000000001 6.881863e-05 1.133629958503916 0.9983583699309247
5.297337000000001 6.898717e-05 1.1364062705753166 1.0008033956407967
5.2674579999999995 6.863262e-05 1.1305658680304307 0.9956599052798435
5.237550000000001 6.941846e-05 1.143510789581335 1.0070601604349738
5.207458 6.963438e-05 1.1470675790820877 1.0101925322830547
5.1774949999999995 6.915287e-05 1.1391358001245693 1.0032072212022405
5.147105 6.980875e-05 1.1499399271056436 1.0127221343539599
5.117439999999999 6.942329e-05 1.1435903528144244 1.0071302297014904
5.0873 6.863441e-05 1.1305953541975586 0.9956858729790283
5.0574200000000005 6.797322e-05 1.119703757078244 0.9860939271554249
5.027189 6.932323e-05 1.1419420925446702 1.005678649824133
4.997291000000001 6.835895e-05 1.1260577790036108 0.9916897487234139
4.967337000000001 6.830358e-05 1.125145684548921 0.9908864909000152
4.937309 6.872986e-05 1.1321676752324183 0.9970705751506631
4.9075500000000005 6.924717e-05 1.1406891775325028 1.0045752402151806
4.877675 6.796418e-05 1.1195548436978864 0.9859627830209924
4.847763 6.922929e-05 1.1403946453156009 1.0043158533652192
4.8176890000000006 6.907322e-05 1.1378237480509545 1.0020517311239725
4.787476 6.827738e-05 1.1247140993093891 0.9905064050236735
4.757402 6.883115e-05 1.1338361969466235 0.9985399987542759
4.727627999999999 6.819163e-05 1.1233015636494708 0.9892624216688525
4.697707 6.856585e-05 1.129465984578387 0.9946912665789523
4.667317 6.856981e-05 1.1295312165458888 0.9947487146732393
4.637633 6.905032e-05 1.1374465227843409 1.0017195186595365
4.607689000000001 6.983536e-05 1.1503782661599922 1.0131081681390532
4.5776 6.962533e-05 1.146918500974539 1.0100612430776768
4.547772 6.889334e-05 1.1348606353453443 0.9994421949622795
4.5173000000000005 6.81279e-05 1.1222517572633883 0.988337884535293
4.487095999999999 6.917852e-05 1.139558325368615 1.0035793281765981
4.457392 6.837164e-05 1.1262668178085598 0.9918738437528329
4.427707000000001 6.927906e-05 1.1412144925435208 1.0050378714593236
4.397309 6.928568e-05 1.1413235419437382 1.005133908425025
4.367133 6.867564e-05 1.1312745244046543 0.9962840004859588
4.337298 6.974416e-05 1.148875954181164 1.0117851211191156
4.307147 6.917617e-05 1.1395196144788096 1.0035452365044835
4.277095999999999 6.828833e-05 1.1248944755831631 0.9906652577086332
4.247288999999999 6.809895e-05 1.1217748720464247 0.9879179041490298
4.217143 6.877055e-05 1.132837950171218 0.9976608688265541
4.187180000000001 6.876726e-05 1.1327837549254904 0.9976131404855937
4.157032 6.773618e-05 1.1157990637508155 0.982655165471148
4.127235 6.77943e-05 1.1167564581829375 0.9834983178044681
4.097161 6.841679e-05 1.1270105610743943 0.9925288390702692
4.067081 6.957963e-05 1.1461656977132184 1.0093982688582563
4.037013 6.852026e-05 1.1287149933161638 0.9940298881399289
4.006985 6.8532e-05 1.1289083830379996 0.9942002014295567
3.977059 6.829769e-05 1.1250486602336214 0.9908010441133108
3.9467510000000003 6.892238e-05 1.1353390031070238 0.9998634809870491
3.917207 6.812251e-05 1.122162969307622 0.9882596912958471
3.886791 6.797913e-05 1.1198011108479247 0.9861796640840196
3.856958 6.873768e-05 1.132296491895515 0.9971840206297847
3.827179 6.844708e-05 1.1275095197349063 0.9929682589631847
3.7967910000000002 6.868006e-05 1.1313473338229263 0.9963481218437232
3.766789 6.77506e-05 1.1160366003597486 0.982864357774081
3.7371149999999997 6.824506e-05 1.1241817010291726 0.9900375357288884
3.707189 6.855636e-05 1.1293096584744498 0.9945535942519874
3.677226 6.751703e-05 1.1121890673674797 0.9794759357077778
3.647078 6.796851e-05 1.1196261705714428 0.9860255987402505
3.617251 6.769895e-05 1.1151857844199846 0.9821150663422852
3.587272 6.839001e-05 1.126569421657804 0.9921403390791076
3.5571610000000002 6.824289e-05 1.1241459552287991 0.9900060553337868
3.526884 6.812797e-05 1.1222529103537229 0.988338900031909
3.496753 6.804962e-05 1.120962272814894 0.9872022691765131
3.4668829999999997 6.824463e-05 1.1241746177599743 0.9900312976782462
3.436744 6.744006e-05 1.1109211621809618 0.9783593246428149
3.407013 6.792993e-05 1.1189906530698726 0.98546591503379
3.376763 6.896638e-05 1.1360638027459324 1.0005017931457911
3.346643 6.868815e-05 1.1314805981201712 0.9964654842383647
3.316949 6.768329e-05 1.1149278216394094 0.9818878852421511
3.287059 6.743333e-05 1.1108103007816468 0.9782616918967163
3.256707 6.731074e-05 1.1087909101513338 0.9764832671798944
3.226817 6.756806e-05 1.1130296702214226 0.9802162327409732
3.196698 6.811354e-05 1.1220152090175992 0.9881295626580309
3.166957 6.796795e-05 1.1196169458487655 0.9860174747673209
3.136892 6.809011e-05 1.1216292532098804 0.9877896614335007
3.106642 6.711034e-05 1.1054897772504872 0.9735760454387153
3.0764389999999997 6.737022e-05 1.1097707074813854 0.9773461491617573
3.0463180000000003 6.656707e-05 1.0965406431634468 0.96569477620054
3.016864 6.745299e-05 1.1111341544384867 0.9785469013749181
2.9868919999999997 6.646272e-05 1.0948217149288992 0.9641809608877054
2.956735 6.768645e-05 1.1149798754316584 0.9819337276608245
2.92692 6.797357e-05 1.119709522529917 0.9860990046385056
2.896818 6.688599e-05 1.1017941227280075 0.9703213787838575
2.8669290000000003 6.657468e-05 1.0966660005555398 0.9658051751898132
2.8365650000000002 6.734009e-05 1.1092743844559236 0.9769090504039643
2.8062069999999997 6.627566e-05 1.0917403281003943 0.9614672637873813
2.776411 6.657442e-05 1.0966617176485827 0.965801403345239
2.746541 6.621095e-05 1.090674378449627 0.9605285097011952
2.716504 6.621057e-05 1.090668118816382 0.9605229970052789
2.686503 6.625561e-05 1.091410050083119 0.9611763965423182
2.6563000000000003 6.588725e-05 1.0853421592879304 0.9558325632060872
2.6263449999999997 6.656136e-05 1.0964465839375794 0.9656119406908488
2.596744 6.604177e-05 1.0878875238380241 0.9580741994508326
2.566642 6.639932e-05 1.0937773445401082 0.9632612110953364
2.536476 6.592026e-05 1.0858859237443024 0.9563114423960888
2.5062260000000003 6.590329e-05 1.0856063817017505 0.9560652570021376
2.476263 6.562659e-05 1.0810483803361604 0.9520511439493219
2.446383 6.5082e-05 1.0720775022599527 0.9441507253463842
2.4165520000000003 6.550851e-05 1.0791032816688355 0.950338146228771
2.386837 6.497234e-05 1.0702711038871642 0.9425598773616652
2.35692 6.546304e-05 1.0783542671328996 0.9496785086410892
2.326661 6.52822e-05 1.0753753406169864 0.9470550456686602
2.2965410000000004 6.547025e-05 1.0784730354373664 0.9497831047925558
2.266365 6.349279e-05 1.0458988923929151 0.9210959056692427
2.23659 6.37319e-05 1.0498376842488104 0.9245646970391694
2.206902 6.451739e-05 1.062776840348042 0.9359598747112192
2.17655 6.396062e-05 1.053605324553609 0.9278827596970661
2.1465500000000004 6.417772e-05 1.0571815518628596 0.9310322499166768
2.116615 6.439332e-05 1.0607330700935107 0.9341599794945121
2.0866239999999996 6.369238e-05 1.0491866823913183 0.9239913766638631
2.056661 6.327454e-05 1.0423037214567388 0.9179297322909378
2.0264290000000003 6.252767e-05 1.0300007417678405 0.9070948186091294
1.996553 6.170022e-05 1.0163703903765955 0.8950909232511521
1.966513 6.204173e-05 1.0219959886648595 0.9000452410996056
1.93642 6.19158e-05 1.0199215791528653 0.8982183626870971
1.9067129999999999 6.158568e-05 1.014483605134764 0.8934292806451908
1.876328 6.024931e-05 0.9924699575563997 0.8740424347456927
1.846328 6.058103e-05 0.9979342879250064 0.8788547281388258
1.816411 6.070761e-05 1.0000194047043933 0.8806910361627702
1.786513 6.070002e-05 0.9998943767666818 0.8805809273153873
1.7564849999999999 5.969761e-05 0.983381958447632 0.8660388707007401
1.7264300000000001 5.744527e-05 0.9462797943862911 0.833363961436632
1.696504 5.823973e-05 0.9593667107755453 0.8448892677464979
1.666346 5.835978e-05 0.9613442606994307 0.8466308444432471
1.6362070000000002 5.722423e-05 0.9426386645639203 0.830157313264625
1.606317 5.766559e-05 0.9499090638509343 0.836560164500587
1.576578 5.708903e-05 0.9404115529461835 0.8281959540859454
1.545837 5.614313e-05 0.9248300079815591 0.814473693382446
1.516119 5.440029e-05 0.8961206942843964 0.789190148774679
1.486263 5.524097e-05 0.9099689797488859 0.8013859729931142
1.4563540000000001 5.394232e-05 0.8885766831336945 0.782546334698792
1.426457 5.374282e-05 0.8852903756800073 0.779652169342678
1.396336 5.251737e-05 0.8651038821004544 0.76187445036699
1.366392 5.291751e-05 0.8716952759075639 0.767679319166967
1.3362290000000001 5.152709e-05 0.8487912778636765 0.7475083648088323
1.30605 5.095698e-05 0.8394000159969021 0.7392377251538245
1.2759580000000001 5.028339e-05 0.8283041571611673 0.7294658913582116
1.246503 4.860837e-05 0.8007120232710676 0.7051662179005781
1.216439 4.893389e-05 0.8060742227814648 0.709888567307707
1.1864290000000002 4.762581e-05 0.78452658842548 0.6909121271120907
1.1562070000000002 4.617036e-05 0.7605513694607239 0.6697977763975245
1.12604 4.545796e-05 0.7488162043980341 0.6594629222637124
1.096269 4.521573e-05 0.7448260176586524 0.6559488687588929
1.066124 4.43598e-05 0.730726523228405 0.6435318113490757
1.036251 4.431276e-05 0.7299516465235356 0.6428493976230024
1.006207 4.217322e-05 0.694707605172851 0.6118108886203965
0.9763166 4.243821e-05 0.6990727109981768 0.6156551235964195
0.9462349 4.09498e-05 0.6745545512130022 0.5940626190465776
0.9160589 4.117879e-05 0.6783266391519487 0.5973845986199938
0.8857626000000001 3.951546e-05 0.6509270713477318 0.5732545130972625
0.8559108 3.884845e-05 0.6399396030034521 0.5635781359835706
0.8258922 3.721704e-05 0.6130658443918251 0.5399111169178176
0.7960241 3.661679e-05 0.6031780947723983 0.5312032334340714
0.7659478000000001 3.509132e-05 0.5780494560186339 0.5090730959614346
0.73617 3.453364e-05 0.5688629500498509 0.5009827794912711
0.7059663 3.303889e-05 0.5442403532257972 0.4792982999621924
0.67592 3.258318e-05 0.5367335704201847 0.47268727191991344
0.6460589 3.182684e-05 0.5242745940817302 0.46171497605303036
0.6158182000000001 3.203199e-05 0.5276539723981406 0.4646911064931645
0.586175 3.01403e-05 0.49649269446798894 0.4372481808665626
0.5560866 2.91703e-05 0.48051415697387145 0.4231762991852069
0.5260496 2.702103e-05 0.44510983606667365 0.3919966361529518
0.49620339999999996 2.721468e-05 0.448299778113824 0.3948059350061421
0.46609589999999995 2.553254e-05 0.42059035846397375 0.3704029710355486
0.4355497 2.305544e-05 0.3797857860653361 0.3344674472078307
0.4059675 2.331487e-05 0.38405930357265466 0.3382310227383402
0.3760496 2.129156e-05 0.35072988635902275 0.308878673331429
0.34617000000000003 2.14243e-05 0.352916475087857 0.31080434505759724
0.3157441 1.912496e-05 0.31504009323040943 0.27744760235119675
0.285957 1.758425e-05 0.28966041023807776 0.25509637675812297
0.2556237 1.659035e-05 0.27328817475828043 0.24067777551781422
0.2258354 1.496541e-05 0.24652099463901114 0.21710461735358524
0.1959107 1.311404e-05 0.2160238967416046 0.19024661777790322
0.1656515 1.297538e-05 0.21373978951589911 0.1882350640521952
0.13580889999999998 1.069561e-05 0.1761857787705752 0.15516222518548972
0.1056751 9.184071e-06 0.1512866214661207 0.1332341860465673
0.07574406 6.926027e-06 0.11409049701522685 0.10047652831533514
0.0458274 5.569251e-06 0.09174070713159928 0.08079365064512578
0.01563295 4.671503e-06 0.07695235653544569 0.06776993555680234
-0.01439483 3.63208e-06 0.0598302334656023 0.05269092785280254
-0.04457076 9.193218e-07 0.015143729742741831 0.013336688244011304
-0.07431149000000001 -4.501376e-07 -0.007414990225888721 -0.006530188708793224
-0.1041268 -1.085356e-06 -0.017878764474706578 -0.015745362076442802
-0.1341171 -3.315027e-06 -0.05460750846753795 -0.048091410014948044
-0.1640505 -5.076061e-06 -0.08361652681538918 -0.07363889670035484
-0.194226 -5.603437e-06 -0.09230384350559298 -0.0812895901782792
-0.22383930000000002 -7.952965e-06 -0.13100695818752997 -0.11537441494429192
-0.2542097 -8.851294e-06 -0.14580487943346096 -0.12840655865452966
-0.2842745 -1.036238e-05 -0.17069657459617849 -0.1503280260796359
-0.31439100000000003 -1.197165e-05 -0.1972056272076821 -0.17367385807278576
-0.3442837 -1.383782e-05 -0.2279465213472668 -0.20074656264731727
-0.3744133 -1.605817e-05 -0.2645217231256831 -0.23295738995783088
-0.4044319 -1.598046e-05 -0.2632416281270564 -0.23183004364292556
-0.43432499999999996 -1.714987e-05 -0.28250499053014505 -0.24879478504188865
-0.46423739999999997 -1.91742e-05 -0.3158512099172242 -0.278161931685207
-0.494293 -1.976195e-05 -0.3255330505483248 -0.2866884764874924
-0.52458 -2.104081e-05 -0.3465993520531981 -0.305241019381326
-0.5545986 -2.382949e-05 -0.3925364942584512 -0.34569666371860747
-0.5847097 -2.38482e-05 -0.392844698832178 -0.34596809145701796
-0.6146458 -2.698968e-05 -0.4445934163239514 -0.3915418387398482
-0.6444504 -2.661961e-05 -0.43849735717915955 -0.38617319827199326
-0.6747467 -2.76328e-05 -0.4551873514097419 -0.4008716413655322
-0.7047190000000001 -2.935973e-05 -0.4836345841465629 -0.425924378099536
-0.734756 -3.161233e-05 -0.5207410311148608 -0.4586030592082183
-0.7643627000000001 -3.263894e-05 -0.5376520892353103 -0.4734961875101736
-0.7945892999999999 -3.413897e-05 -0.562361662016033 -0.49525726449830143
-0.8247097 -3.526195e-05 -0.5808601960728825 -0.5115484414988466
-0.8545522999999999 -3.638272e-05 -0.599322325420596 -0.5278075578205096
-0.8845244999999999 -3.797182e-05 -0.6254991232885363 -0.5508607817172543
-0.9146911999999999 -3.916537e-05 -0.6451601371298806 -0.5681757243778545
-0.9447213000000001 -3.903541e-05 -0.6430193425600502 -0.5662903823744431
-0.9744875 -4.297378e-05 -0.7078950051484084 -0.6234246882068152
-1.004395 -4.205932e-05 -0.6928313624712222 -0.610158530554926
-1.034876 -4.193126e-05 -0.6907218660676173 -0.6083007520310967
-1.064617 -4.390138e-05 -0.7231750993541232 -0.6368814690806559
-1.0947470000000001 -4.605898e-05 -0.7587166380111416 -0.6681819762102365
-1.124655 -4.62871e-05 -0.7624743946845005 -0.6714913346114229
-1.154487 -4.706569e-05 -0.7752998890221756 -0.6827864133313061
-1.184589 -4.847497e-05 -0.7985145625476499 -0.7032309714920288
-1.2145709999999998 -4.799935e-05 -0.7906798079054312 -0.6963311071979192
-1.244654 -4.973101e-05 -0.8192049566034347 -0.7214524624889876
-1.274645 -4.978274e-05 -0.820057090360724 -0.7222029144883448
-1.304691 -5.087864e-05 -0.8381095431852637 -0.7381012393693734
-1.33457 -5.111693e-05 -0.8420348274115248 -0.7415581349217965
-1.3642750000000001 -5.181707e-05 -0.8535680369384644 -0.7517151320768319
-1.394487 -5.248358e-05 -0.8645472689232109 -0.7613842556432652
-1.4245340000000002 -5.391735e-05 -0.888165359338614 -0.7821840925487059
-1.454645 -5.417683e-05 -0.8924397004818856 -0.7859483934339411
-1.484673 -5.44848e-05 -0.8975128037726726 -0.7904161433322989
-1.51458 -5.604391e-05 -0.9231955847958204 -0.8130342994644829
-1.544413 -5.565838e-05 -0.9168448574142668 -0.8074413793153973
-1.574895 -5.623206e-05 -0.9262949268881073 -0.8157638092978304
-1.604997 -5.789815e-05 -0.9537399593969468 -0.8399339344014284
-1.634844 -5.777475e-05 -0.9517072258641899 -0.8381437589380476
-1.664839 -5.819837e-05 -0.9586853991149714 -0.8442892543172805
-1.694719 -5.886673e-05 -0.9696951056299904 -0.8539852160085701
-1.725173 -5.947806e-05 -0.9797653729766697 -0.8628538380995632
-1.754863 -5.950314e-05 -0.9801785087708474 -0.8632176760300461
-1.7845060000000001 -6.077128e-05 -1.0010682227273322 -0.8816147028706589
-1.8148119999999999 -6.013006e-05 -0.9905055858077673 -0.872312463724557
-1.844913 -6.009486e-05 -0.9899257460966403 -0.8718018139975633
-1.874985 -6.152851e-05 -1.0135418597857555 -0.892599910051662
-1.904849 -6.277927e-05 -1.0341452778848712 -0.9107448035895717
-1.93508 -6.206414e-05 -1.022365142299131 -0.9003703450877286
-1.9645039999999998 -6.180644e-05 -1.0181201225957968 -0.8966318668307334
-1.9943579999999999 -6.228613e-05 -1.0260219212046144 -0.9035907749995266
-2.02458 -6.256281e-05 -1.030579593115823 -0.9076045979104518
-2.05508 -6.383303e-05 -1.0515035703279654 -0.9260317995076598
-2.0851819999999996 -6.405386e-05 -1.0551412408793321 -0.9292354011898182
-2.115098 -6.282002e-05 -1.0348165411868149 -0.9113359676911339
-2.145034 -6.188078e-05 -1.0193447045311705 -0.8977103242371166
-2.175155 -6.405724e-05 -1.0551969186697758 -0.9292844351692854
-2.2049879999999997 -6.502069e-05 -1.0710675598540103 -0.9432612953815556
-2.235367 -6.503957e-05 -1.071378564789978 -0.9435351893260338
-2.2649760000000003 -6.474313e-05 -1.0664953919500235 -0.9392347062274555
-2.2949409999999997 -6.46156e-05 -1.0643946260875237 -0.9373846164637202
-2.324844 -6.381103e-05 -1.0511411705085112 -0.9257126434282889
-2.3549409999999997 -6.522537e-05 -1.0744391959924595 -0.9462306074872667
-2.38496 -6.583879e-05 -1.0845438913219871 -0.9551295494058001
-2.414774 -6.554783e-05 -1.0797509889825145 -0.950908565185174
-2.444774 -6.618064e-05 -1.0901750903347336 -0.9600887996663892
-2.4750430000000003 -6.681296e-05 -1.1005911200546101 -0.969261925671291
-2.504923 -6.628742e-05 -1.0919340472766117 -0.9616378672188995
-2.53521 -6.574413e-05 -1.0829845837351897 -0.9537563078388337
-2.564923 -6.587524e-05 -1.0851443219319465 -0.9556583330009397
-2.594849 -6.580378e-05 -1.0839671814274827 -0.9546216560267645
-2.624691 -6.661267e-05 -1.0972917991528608 -0.9663562997105087
-2.654738 -6.621143e-05 -1.0906822853547786 -0.9605354731065633
-2.684923 -6.680137e-05 -1.100400201240634 -0.9690937884458405
-2.715024 -6.638997e-05 -1.0936233246168405 -0.9631255697616039
-2.744599 -6.633127e-05 -1.0926563760076602 -0.962274003313464
-2.7745990000000003 -6.70174e-05 -1.1039588027404839 -0.9722277560743182
-2.804719 -6.641469e-05 -1.0940305302321542 -0.9634841851380606
-2.8349140000000004 -6.763624e-05 -1.1141527802073494 -0.9812053264451329
-2.864976 -6.788201e-05 -1.1182012803722248 -0.9847707350645418
-2.8945990000000004 -6.705396e-05 -1.1045610453495402 -0.9727581354498546
-2.9248119999999997 -6.620753e-05 -1.0906180417504208 -0.9604788954379474
-2.954802 -6.696963e-05 -1.1031719009506962 -0.9715347521692478
-2.984797 -6.661352e-05 -1.0973058009640673 -0.9663686307408482
-3.015006 -6.679616e-05 -1.1003143783742997 -0.9690182064834078
-3.04475 -6.645095e-05 -1.094627831025491 -0.964010212385242
-3.0747739999999997 -6.882671e-05 -1.1337630580739702 -0.9984755872546212
-3.105043 -6.659595e-05 -1.0970163752900755 -0.9661137410901868
-3.1354130000000002 -6.830454e-05 -1.1251614983592242 -0.9909004177107513
-3.165136 -6.743932e-05 -1.110908972368853 -0.9783485893928725
-3.195117 -6.71262e-05 -1.1057510345748753 -0.9738061279577527
-3.225089 -6.767874e-05 -1.1148528707676586 -0.9818218779620993
-3.255089 -6.746721e-05 -1.1113683965036063 -0.9787531922589476
-3.284891 -6.698404e-05 -1.1034092728324387 -0.9717437994012357
-3.314988 -6.844176e-05 -1.1274218848694748 -0.9928910812203552
-3.345145 -6.803875e-05 -1.1207832143586456 -0.9870445770591147
-3.375052 -6.816338e-05 -1.1228362093358537 -0.9888525962487512
-3.404995 -6.763799e-05 -1.1141816074657152 -0.9812307138605374
-3.434858 -6.815709e-05 -1.1227325959329277 -0.9887613466242401
-3.4651170000000002 -6.734276e-05 -1.1093183666158304 -0.9769477843463245
-3.495228 -6.77605e-05 -1.1161996802785028 -0.9830079780097979
-3.5253490000000003 -6.903763e-05 -1.137237483979392 -1.0015354236301175
-3.554834 -6.707501e-05 -1.104907796085882 -0.9730635097894347
-3.584969 -6.747493e-05 -1.1114955658947967 -0.9788651870286178
-3.615256 -6.65724e-05 -1.096628442756069 -0.9657720990143148
-3.645165 -6.882865e-05 -1.1337950151489584 -0.9985037310179838
-3.674895 -6.875453e-05 -1.1325740572117788 -0.9974284651723938
-3.704904 -6.82179e-05 -1.1237343019793375 -0.9896435230418106
-3.735136 -6.810291e-05 -1.1218401040139265 -0.9879753522433166
-3.765117 -6.717286e-05 -1.1065196516465 -0.9744830289879096
-3.794839 -6.802296e-05 -1.1205231101245918 -0.9868155100366935
-3.8249969999999998 -6.838723e-05 -1.1265236274988 -0.9921000093563506
-3.854932 -6.749654e-05 -1.1118515413538153 -0.9791786853411274
-3.884919 -6.808396e-05 -1.1215279459876242 -0.9877004428022222
-3.914682 -6.858819e-05 -1.1298339851223238 -0.9950153550704592
-3.94496 -6.787504e-05 -1.118086465520334 -0.9846696206157592
-3.974867 -6.831114e-05 -1.1252702183050605 -0.9909961645345626
-4.0049850000000005 -6.832561e-05 -1.125508578549947 -0.9912060821922216
-4.034712 -6.831274e-05 -1.1252965746555663 -0.9910193758857897
-4.064737 -6.808055e-05 -1.1214717740156086 -0.9876509736099196
-4.094951 -6.730192e-05 -1.1086456207691706 -0.9763553146062556
-4.125479 -6.909787e-05 -1.1382298005759337 -1.0024093310038131
-4.155203 -6.877111e-05 -1.132847174893895 -0.9976689927994836
-4.1852290000000005 -6.836114e-05 -1.1260938542583656 -0.9917215192604057
-4.215043 -6.813027e-05 -1.122290797607575 -0.988372266349298
-4.245108 -6.813771e-05 -1.1224133546374269 -0.9884801991325034
-4.275053 -6.853277e-05 -1.1289210670316805 -0.9942113718923348
-4.305136 -6.79943e-05 -1.1200510019961571 -0.9863997367078401
-4.334988 -6.769745e-05 -1.1151610753413854 -0.98209330570051
-4.365034 -6.872237e-05 -1.132044294566613 -0.9969619170127315
-4.395201 -6.757271e-05 -1.11310626836508 -0.9802836907304767
-4.425173 -6.862934e-05 -1.1305118375118939 -0.9956123220098281
-4.455071 -6.891097e-05 -1.1351510493824797 -0.9996979550386118
-4.485265 -6.890215e-05 -1.1350057600003165 -0.999570002464973
-4.514940999999999 -6.819004e-05 -1.123275372026156 -0.9892393553885708
-4.545293 -6.840165e-05 -1.1267611641077333 -0.9923092016592838
-4.575451 -6.75886e-05 -1.1133680198710405 -0.9805142084623496
-4.605376000000001 -6.817166e-05 -1.122972603449721 -0.9889727149913508
-4.635099 -6.825638e-05 -1.124368172209001 -0.9902017560388194
-4.665247 -6.923493e-05 -1.1404875514511337 -1.0043976733782942
-4.6955420000000005 -6.812179e-05 -1.1221511089498946 -0.988249246187795
-4.725423 -6.854541e-05 -1.129129282200676 -0.9943947415670279
-4.75534 -6.811944e-05 -1.1221123980600893 -0.9882151545156804
-4.785321 -6.806367e-05 -1.1211937145177726 -0.9874060938544748
-4.815238 -6.82251e-05 -1.1238529055566133 -0.9897479741223318
-4.845376 -6.809194e-05 -1.1216593982857712 -0.9878162094164665
-4.875691 -6.942626e-05 -1.1436392767900507 -1.0071733157722054
-4.9052690000000005 -6.906276e-05 -1.137651443409523 -1.0018999869153262
-4.934969 -6.918303e-05 -1.139632617331603 -1.003644755172869
-4.965033999999999 -6.963845e-05 -1.1471346230486865 -1.0102515761577382
-4.995006 -6.871215e-05 -1.1318759433777574 -0.9968136545067693
-5.024719 -6.860169e-05 -1.130056366829716 -0.9952112008464369
-5.054774999999999 -6.805074e-05 -1.1209807222602481 -0.987218517122372
-5.0847560000000005 -6.810428e-05 -1.1218626716390472 -0.9879952269628047
-5.114783999999999 -6.886804e-05 -1.134443875552972 -0.9990751654710028
-5.14495 -6.750414e-05 -1.1119767340187177 -0.9792889392594556
-5.175247000000001 -6.940838e-05 -1.1433447445731486 -1.0069139289222437
-5.205259 -6.841428e-05 -1.1269692145495382 -0.9924924262630318
-5.235016 -6.90989e-05 -1.1382467674765722 -1.0024242733111657
-5.264867000000001 -6.847784e-05 -1.1280162205733797 -0.9934144971905237
-5.29496 -6.929237e-05 -1.1414337444342904 -1.0052309608873427
-5.324987 -6.841374e-05 -1.1269603192812423 -0.9924845924319925
-5.355053 -7.039296e-05 -1.1595634543112499 -1.0211973240416554
-5.384703 -6.83704e-05 -1.1262463916369176 -0.9918558549556319
-5.414784 -6.81562e-05 -1.122717935212959 -0.9887484353101202
-5.444636 -6.941326e-05 -1.1434251314421913 -1.0069847235434861
-5.475145 -6.881588e-05 -1.1335846585264842 -0.9983184754210034
-5.504969 -6.817556e-05 -1.1230368470540788 -0.9890292926599666
-5.535062 -6.931192e-05 -1.1417557860920329 -1.0055145745851475
-5.564895000000001 -6.865851e-05 -1.130992346727052 -0.996035493956885
-5.594769 -6.833715e-05 -1.12569867372797 -0.9913734940629463
-5.6249139999999995 -6.887017e-05 -1.1344789624445828 -0.9991060655823237
-5.6552560000000005 -6.859926e-05 -1.1300163381223856 -0.9951759486067608
-5.685126 -6.983984e-05 -1.1504520639414084 -1.013173159922489
-5.715053 -6.921653e-05 -1.1401844534203174 -1.004130742839184
-5.744783999999999 -6.927226e-05 -1.141102478053871 -1.0049392232166086
-5.774932 -6.858413e-05 -1.1297671058829153 -0.9949564562667207
-5.805089 -6.940791e-05 -1.1433370023951879 -1.0069071105878211
-5.8347690000000005 -6.803012e-05 -1.1206410547931052 -0.9869193808334343
-5.8648620000000005 -6.810958e-05 -1.1219499770500971 -0.9880721145637439
-5.894895 -6.876878e-05 -1.1328087934584707 -0.9976351912692591
-5.924654 -6.977779e-05 -1.1494299317233567 -1.0122729947077176
-5.955089 -6.920889e-05 -1.1400586018466523 -1.0040199086370751
-5.984812 -6.876436e-05 -1.1327359840401987 -0.9975710699114947
-6.01471 -6.919682e-05 -1.1398597761275246 -1.0038448080062568
-6.044664 -7.007956e-05 -1.1544009041559342 -1.0166508006200712
-6.074469 -6.938833e-05 -1.1430144665558737 -1.006623061677181
-6.104701 -6.836159e-05 -1.1261012669819455 -0.9917280474529384
-6.134774999999999 -6.896286e-05 -1.1360058187748197 -1.0004507281730917
-6.1647929999999995 -6.918547e-05 -1.1396728107661243 -1.0036801524834902
-6.194608000000001 -6.852759e-05 -1.128835738346918 -0.9941362251427374
-6.224399999999999 -6.873867e-05 -1.1323127998873903 -0.9971983826533564
-6.254414 -6.911891e-05 -1.1385763865850846 -1.0027145602724479
-6.284608 -6.880445e-05 -1.1333963753475589 -0.9981526593306758
-6.31446 -6.970069e-05 -1.1481598850833605 -1.0111544977204676
-6.3444139999999996 -6.770045e-05 -1.1152104934985836 -0.9821368269840605
-6.37433 -6.986072e-05 -1.1507960143155085 -1.0134760680560009
-6.404212 -6.986054e-05 -1.1507930492260765 -1.0134734567789878
-6.43409 -6.900611e-05 -1.1367182638744284 -1.001078160010946
-6.464034 -6.886696e-05 -1.1344260850163805 -0.9990594978089246
-6.494164 -6.911421e-05 -1.138498964805474 -1.0026463769282188
-6.524219 -6.845965e-05 -1.127716581813567 -0.9931506131412616
-6.554274 -6.925448e-05 -1.1408095931088758 -1.0046812870760988
-6.584645999999999 -6.950174e-05 -1.1448826376251597 -1.008268311266338
-6.614344 -6.916459e-05 -1.1393288603920244 -1.0033772443499784
-6.6440529999999995 -6.815515e-05 -1.1227006388579395 -0.9887332028608774
-6.674034 -6.819728e-05 -1.1233946345121943 -0.9893443867528728
-6.7042839999999995 -6.926196e-05 -1.1409328090474904 -1.004789800143085
-6.734645 -6.9879e-05 -1.151097135620037 -1.0137412577437692
-6.764344 -6.918827e-05 -1.1397189343795093 -1.0037207723481374
-6.79396 -6.884403e-05 -1.1340483655681948 -0.998726850131653
-6.823932 -6.916495e-05 -1.139334790570888 -1.0033824669040043
-6.854247 -6.838197e-05 -1.1264369809965125 -0.992023702039192
-6.884247 -6.898388e-05 -1.136352075329589 -1.0007556672998361
-6.914599 -6.79029e-05 -1.1185453954735156 -0.985073788268999
-6.9441180000000005 -7.021519e-05 -1.1566350990428693 -1.018618397849393
-6.974043 -6.901287e-05 -1.1368296194553154 -1.00117622796988
-7.0038670000000005 -6.955118e-05 -1.1456970488557876 -1.0089855420192515
-7.034219 -6.804823e-05 -1.120939375735392 -0.9871821043151345
-7.06421 -6.862926e-05 -1.1305105196943686 -0.9956111614422668
-7.094136000000001 -6.892538e-05 -1.135388421264222 -0.9999070022705996
-7.1241270000000005 -6.894682e-05 -1.1357415963609994 -1.0002180343770413
-7.153802 -6.874374e-05 -1.1323963165730557 -0.9972719336225571
-7.183969 -6.804219e-05 -1.1208398805122328 -0.9870944814642527
-7.2139880000000005 -6.950844e-05 -1.144993004842903 -1.008365508799601
-7.244006000000001 -6.8907e-05 -1.1350856526877873 -0.9996403618733798
-7.2739970000000005 -6.76034e-05 -1.1136118161132187 -0.9807289134611991
-7.303834 -6.995337e-05 -1.1523222117369827 -1.0148201503629881
-7.3338209999999995 -6.902379e-05 -1.137009501547517 -1.001334645442004
-7.364052 -6.834355e-05 -1.125804099129993 -0.9914663394678542
-7.394219 -6.870509e-05 -1.1317596459811512 -0.9967112344194805
-7.423985 -6.946456e-05 -1.1442701819302823 -1.0077289374922012
-7.453774999999999 -6.898314e-05 -1.13633988551748 -1.0007449320498936
-7.483969 -6.88942e-05 -1.1348748018837411 -0.9994546710635639
-7.513793 -6.806724e-05 -1.1212525221248388 -0.9874578841819002
-7.543876 -6.778055e-05 -1.1165299582957784 -0.9832988452548612
-7.573759 -6.898514e-05 -1.1363728309556123 -1.0007739462389273
-7.603534 -6.875336e-05 -1.1325547841304715 -0.9974114918718091
-7.633571 -6.90704e-05 -1.1377772949831881 -1.002010821117435
-7.663626 -6.874151e-05 -1.1323595824095385 -0.9972395828017845
-7.693457 -6.859166e-05 -1.1298911454574831 -0.9950656946884326
-7.723312 -6.935431e-05 -1.1424540646532446 -1.006129530321717
-7.753395 -6.842916e-05 -1.1272143286092418 -0.9927082918294426
-7.783396 -6.943102e-05 -1.1437176869328052 -1.0072423695421056
-7.813673 -6.9554e-05 -1.1457435019235545 -1.0090264520257894
-7.84358 -6.866008e-05 -1.1310182088959857 -0.9960582700952764
-7.873404000000001 -6.953868e-05 -1.1454911398674619 -1.008804203337791
-7.903231 -6.953789e-05 -1.1454781264193996 -1.0087927427331227
-7.933006000000001 -6.928067e-05 -1.141241013621217 -1.0050612278814954
-7.963515 -6.874179e-05 -1.1323641947708767 -0.997243644788249
-7.993335 -6.897178e-05 -1.136152755428889 -1.000580131456182
-8.023208 -7.049673e-05 -1.1612728283687392 -1.02270272523967
-8.053321 -7.001183e-05 -1.1532852068935868 -1.0156682351084438
-8.083275 -6.92864e-05 -1.1413354023014657 -1.005144353533077
-8.113414 -6.895042e-05 -1.1358008981496373 -1.000270259917302
-8.143433 -6.96157e-05 -1.1467598686899327 -1.0099215397574797
-8.173089 -6.966164e-05 -1.1475166254038294 -1.0105879956795842
-8.203043 -6.940086e-05 -1.1432208697257715 -1.006804835571477
-8.233154 -6.950009e-05 -1.144855457638701 -1.0082443745603853
-8.263016 -6.96108e-05 -1.1466791523665087 -1.009850454994347
-8.293071 -6.825224e-05 -1.1242999751520675 -0.9901416966675196
-8.323107 -6.977909e-05 -1.1494513462581428 -1.0122918539305896
-8.352872999999999 -6.85807e-05 -1.1297106044565188 -0.994906696932528
-8.382599 -6.895389e-05 -1.1358580584847968 -1.0003205995352755
-8.412469 -7.007243e-05 -1.1542834536689928 -1.0165473650361658
-8.442737 -6.994225e-05 -1.152139035100968 -1.014658831471961
-8.47271 -6.91429e-05 -1.1389715671154805 -1.0030625854699076
-8.502863 -6.904075e-05 -1.137288878862878 -1.00158068576501
-8.532608 -6.833033e-05 -1.1255863297839392 -0.9912745556783413
-8.5626 -6.988557e-05 -1.151205361384301 -1.0138365693547449
-8.592458 -6.905445e-05 -1.1375145551140837 -1.001779432959891
-8.622145 -6.843243e-05 -1.127268194400588 -0.9927557300285128
-8.652349000000001 -6.854027e-05 -1.129044612424676 -0.9943201751012111
-8.682163000000001 -6.825382e-05 -1.1243260020481918 -0.9901646178768562
-8.712367 -6.902254e-05 -1.1369889106486846 -1.001316511573858
-8.742488 -6.880532e-05 -1.1334107066131462 -0.9981652805029053
-8.772590000000001 -6.920642e-05 -1.140017914230559 -1.0039840761136185
-8.802127 -6.963289e-05 -1.1470430347306788 -1.0101709167122244
-8.832006999999999 -6.838824e-05 -1.126540264945057 -0.9921146615218128
-8.861825000000001 -6.956458e-05 -1.1459177832912737 -1.0091799370857777
-8.891683 -6.918579e-05 -1.1396780820362253 -1.0036847947537355
-8.92184 -6.88877e-05 -1.1347677292098117 -0.9993603749492045
-8.951794 -6.873309e-05 -1.1322208821150017 -0.9971174330659525
-8.981684 -6.8851e-05 -1.1341631804200856 -0.9988279645804355
-9.01146 -6.750786e-05 -1.1120380125336433 -0.979342905651058
-9.041287 -6.925765e-05 -1.1408618116283153 -1.0047272745657172
-9.071209999999999 -7.028435e-05 -1.157774352293481 -1.0196217085061792
-9.101505999999999 -6.886201e-05 -1.1343445450570036 -0.9989876876910663
-9.131173 -6.956009e-05 -1.1458438207826669 -1.009114800231397
-9.161496999999999 -6.915205e-05 -1.1391222924949351 -1.0031953253847368
-9.190967 -6.81722e-05 -1.1229814987180167 -0.98898054882239
-9.220867 -6.914452e-05 -1.1389982529203673 -1.0030860869630247
-9.250988 -6.924978e-05 -1.1407321713292653 -1.0046131037318697
-9.281025 -6.918119e-05 -1.1396023075285213 -1.003618062118958
-9.310773999999999 -7.011797e-05 -1.155033621295263 -1.0172080181204637
-9.340798000000001 -6.999457e-05 -1.153000887762506 -1.0154178426570828
-9.370747 -6.89564e-05 -1.1358994050096525 -1.0003570123425127
-9.400636 -6.873722e-05 -1.1322889144447448 -0.9971773473663071
-9.4306 -6.884625e-05 -1.134084935004522 -0.9987590558814806
-9.460479 -6.855113e-05 -1.1292235061537341 -0.9944777221476643
-9.490312 -6.976961e-05 -1.1492951848813964 -1.0121543266745698
-9.520164000000001 -6.899847e-05 -1.1365924123007634 -1.000967325808837
-9.549978999999999 -6.921058e-05 -1.140086440741874 -1.0040444256268086
-9.580005 -6.849806e-05 -1.128349298952896 -0.9937078306416545
-9.610053 -6.834565e-05 -1.1258386918400318 -0.9914968043663396
-9.640016 -6.949455e-05 -1.1447641987750745 -1.0081640052567618
-9.670236999999998 -6.869486e-05 -1.1315911300651045 -0.9965628268425727
-9.70023 -6.880844e-05 -1.1334621014966324 -0.998210542637798
-9.729923000000001 -6.885055e-05 -1.134155767696506 -0.9988214363879031
-9.759787000000001 -6.938053e-05 -1.142885979347158 -1.0065099063399494
-9.789784 -6.885929e-05 -1.1342997392611438 -0.9989482283939805
-9.820071 -6.812524e-05 -1.1222079398306726 -0.9882992956638782
-9.850173 -6.889207e-05 -1.1348397149921303 -0.999423770952243
-9.880325000000001 -6.877941e-05 -1.1329838984621434 -0.9977894016839735
-9.909895 -6.916641e-05 -1.1393588407407245 -1.003403647261999
-9.940089 -6.934676e-05 -1.1423296956242956 -1.006020001758115
-9.970229 -6.934586e-05 -1.142314870177136 -1.0060069453730496
-9.992006 -6.919646e-05 -1.1398538459486607 -1.0038395854522306
-9.993934 -6.913166e-05 -1.1387864137531774 -1.002899525727538
-9.965194 -6.851618e-05 -1.128647784622374 -0.9939706991943
-9.93573 -6.926689e-05 -1.1410140195524863 -1.0048613201190533
-9.905907 -6.973252e-05 -1.1486842117312344 -1.0116162585389392
-9.876665000000001 -6.917651e-05 -1.139525215203292 -1.003550168916619
-9.84711 -6.930839e-05 -1.1416976373937293 -1.0054633645415028
-9.817176 -6.951896e-05 -1.1451662978474781 -1.0085181234339184
-9.787055 -6.914666e-05 -1.1390335045391689 -1.0031171321452907
-9.757504999999998 -6.916373e-05 -1.1393146938536272 -1.0033647682486937
-9.727704 -6.968624e-05 -1.1479218542928555 -1.010944870204699
-9.6975 -6.894723e-05 -1.1357483501758165 -1.0002239822857932
-9.66737 -6.887482e-05 -1.1345555605882403 -0.9991735235718272
-9.637608 -6.827792e-05 -1.1247229945776847 -0.9905142388547125
-9.608 -6.931095e-05 -1.1417398075545386 -1.005500502703466
-9.577898 -6.9192e-05 -1.1397803776216258 -1.0037748838106852
-9.548186 -6.867103e-05 -1.1311985851697595 -0.9962171227802359
-9.518203999999999 -6.932798e-05 -1.1420203379602343 -1.0057475585230882
-9.488102000000001 -6.964785e-05 -1.1472894666079076 -1.0103879428461966
-9.45824 -6.971609e-05 -1.1484135649569784 -1.0113779069760274
-9.428231 -6.99049e-05 -1.1515237790438488 -1.0141169914917558
-9.398373 -6.906591e-05 -1.1377033324745813 -1.0019456842630543
-9.368639 -6.788089e-05 -1.1181828309268709 -0.9847544871186831
-9.33851 -6.832027e-05 -1.1254206142301342 -0.9911286143075017
-9.308731 -6.869189e-05 -1.1315422060894784 -0.9965197407718577
-9.279009 -6.972352e-05 -1.1485359572596399 -1.0114856946882878
-9.249 -6.98115e-05 -1.149985227083075 -1.012762028863881
-9.218806 -6.872327e-05 -1.1320591200137728 -0.996974973397797
-9.188759 -6.94617e-05 -1.1442230699537532 -1.0076874472018829
-9.158935 -6.94369e-05 -1.143814546520914 -1.0073276712578647
-9.12924 -6.970931e-05 -1.1483018799217102 -1.0112795488752029
-9.099407 -6.82791e-05 -1.1247424323861825 -0.9905313572262423
-9.069556 -6.851587e-05 -1.1286426780794634 -0.9939662019949997
-9.039344 -6.939779e-05 -1.1431702984782386 -1.0067602987913102
-9.009414000000001 -6.898221e-05 -1.1363245658887486 -1.000731440451993
-8.979599 -6.925201e-05 -1.1407689054927825 -1.0046454545526422
-8.949824000000001 -7.016049e-05 -1.1557340413099535 -1.0178248597793205
-8.919647999999999 -6.826594e-05 -1.1245256514032729 -0.9903404438624005
-8.889505 -6.878274e-05 -1.1330387526166337 -0.9978377103087147
-8.859593 -6.927769e-05 -1.1411919249184 -1.0050179967398352
-8.829527 -6.82301e-05 -1.1239352691519437 -0.9898205095949162
-8.799843000000001 -6.837494e-05 -1.126321177781478 -0.9919217171647385
-8.770155 -6.831965e-05 -1.1254104011443131 -0.9911196199089012
-8.740037000000001 -6.959647e-05 -1.1464430983022913 -1.0096425683299202
-8.710022 -6.900833e-05 -1.1367548333107553 -1.0011103657607734
-8.680352000000001 -6.957146e-05 -1.1460311155984482 -1.0092797458960534
-8.650092 -6.832221e-05 -1.1254525713051224 -0.9911567580708643
-8.620102000000001 -6.976908e-05 -1.149286454340291 -1.0121466379144757
-8.590073 -6.81607e-05 -1.1227920624487566 -0.9888137172354461
-8.560148 -6.930747e-05 -1.1416824824921885 -1.0054500180145474
-8.530221 -6.916524e-05 -1.1393395676594171 -1.0033866739614141
-8.500519 -6.806434e-05 -1.1212047512395469 -0.9874158136078012
-8.4705 -6.946687e-05 -1.1443082339113249 -1.007762448880535
-8.440676 -6.952192e-05 -1.1452150570959136 -1.0085610644336882
-8.410397000000001 -7.046853e-05 -1.1608082976910752 -1.0222936251742947
-8.380370000000001 -6.960143e-05 -1.1465248029888593 -1.009714523518724
-8.350607 -7.038229e-05 -1.1593876903988147 -1.0210425333431605
-8.320694 -6.955843e-05 -1.1458164760690173 -1.009090718454499
-8.290564 -6.899679e-05 -1.1365647381327324 -1.0009429538900487
-8.260599000000001 -6.931408e-05 -1.1417913671652153 -1.0055459099093038
-8.230963 -6.948947e-05 -1.144680517362219 -1.0080903092166162
-8.201028 -6.899034e-05 -1.136458489094756 -1.000849383130415
-8.170917000000001 -6.863401e-05 -1.1305887651099324 -0.9956800701412217
-8.140722 -6.946502e-05 -1.1442777593810527 -1.007735610755679
-8.110514 -6.881767e-05 -1.1336141446936123 -0.9983444431201884
-8.080759 -6.903957e-05 -1.1372694410543802 -1.0015635673934802
-8.050602 -6.896316e-05 -1.1360107605905394 -1.0004550803014467
-8.020823 -6.979238e-05 -1.1496702686945313 -1.0124846532167187
-7.990805 -6.909247e-05 -1.1381408478929769 -1.002330992693422
-7.960583 -6.931351e-05 -1.1417819777153477 -1.005537640865429
-7.930938 -6.943686e-05 -1.1438138876121513 -1.0073270909740841
-7.901491 -6.982561e-05 -1.150217657149098 -1.0129667239675142
-7.871278 -6.969463e-05 -1.14806006040582 -1.0110665847276954
-7.841064 -6.962415e-05 -1.1468990631660412 -1.0100441247061471
-7.810823999999999 -6.882457e-05 -1.1337278064551686 -0.9984445420723549
-7.780722 -6.906167e-05 -1.137633488145741 -1.0018841741823028
-7.750825 -6.861673e-05 -1.1303041165244703 -0.9954293875479704
-7.721389 -6.86717e-05 -1.1312096218915337 -0.9962268425335623
-7.690898 -6.949867e-05 -1.1448320663776266 -1.008223774486171
-7.660976 -6.926186e-05 -1.1409311617755837 -1.0047883494336334
-7.631046 -6.937775e-05 -1.142840185188154 -1.0064695766171923
-7.600944 -7.016151e-05 -1.1557508434834012 -1.017839657015728
-7.571305000000001 -6.833005e-05 -1.1255817174226006 -0.9912704936918765
-7.541220999999999 -6.889476e-05 -1.134884026606418 -0.9994627950364933
-7.511639 -6.848091e-05 -1.1280667918209126 -0.9934590339706904
-7.481583 -6.977274e-05 -1.1493467444920733 -1.0121997338804076
-7.451703999999999 -6.926106e-05 -1.140917983600331 -1.00477674375802
-7.421481 -6.867104e-05 -1.13119874989695 -0.996217267851181
-7.391528 -6.939806e-05 -1.1431747461123867 -1.00676421570683
-7.361844 -6.962778e-05 -1.1469588591362512 -1.0100967854592433
-7.331694000000001 -6.998695e-05 -1.1528753656432227 -1.0153072985968645
-7.301629 -6.942832e-05 -1.1436732105913268 -1.00720320038691
-7.271463 -6.938091e-05 -1.142892238980403 -1.0065154190358658
-7.241454 -6.963658e-05 -1.1471038190640328 -1.0102244478909916
-7.211629 -6.961389e-05 -1.146730053068423 -1.009895281916404
-7.181551000000001 -6.861134e-05 -1.130215328568704 -0.9953511943085245
-7.151611 -6.907855e-05 -1.137911547643577 -1.0021290539377476
-7.121453000000001 -6.93497e-05 -1.1423781254183498 -1.0060626526159944
-7.091648 -6.901233e-05 -1.1368207241870198 -1.001168394138841
-7.061532000000001 -6.853823e-05 -1.1290110080777815 -0.9942905806283969
-7.031684 -7.030868e-05 -1.158175133548359 -1.0199746661157743
-7.00175 -6.963131e-05 -1.1470170078345547 -1.010147995502888
-6.971527 -6.940703e-05 -1.1433225064024095 -1.006894344344646
-6.941694 -6.914552e-05 -1.1390147256394336 -1.0031005940575417
-6.911694000000001 -6.999976e-05 -1.1530863811744592 -1.0154931344776255
-6.881583 -6.953878e-05 -1.145492787139368 -1.0088056540472425
-6.851564000000001 -6.966836e-05 -1.1476273220759534 -1.0106854833547374
-6.821342 -6.883559e-05 -1.133909335819277 -0.9986044102539308
-6.791676000000001 -6.96255e-05 -1.1469213013367807 -1.010063709283745
-6.761527 -6.900738e-05 -1.1367391842276424 -1.0010965840209824
-6.7314620000000005 -6.900485e-05 -1.1366975082484052 -1.0010598810718547
-6.7015 -6.855995e-05 -1.1293687955358973 -0.9946056747213031
-6.671556 -6.906814e-05 -1.1377400666380988 -1.001978035083827
-6.641648 -6.83999e-05 -1.1267323368493678 -0.9922838142438793
-6.611683 -6.962754e-05 -1.1469549056836754 -1.0100933037565594
-6.581861 -6.984386e-05 -1.1505182842720543 -1.0132314784424468
-6.551647 -6.952385e-05 -1.1452468494437114 -1.0085890631261059
-6.521648 -6.877245e-05 -1.1328692483374434 -0.997688432306136
-6.491629 -6.911812e-05 -1.1385633731370224 -1.0027030996677797
-6.461592 -6.941369e-05 -1.14343221471139 -1.0069909615941286
-6.431667 -6.898955e-05 -1.1364454756466937 -1.0008379225257467
-6.401342 -6.907631e-05 -1.1378746487528686 -1.0020965580460295
-6.371796000000001 -6.885204e-05 -1.1341803120479144 -0.9988430519587331
-6.341805999999999 -6.874649e-05 -1.1324416165504876 -0.9973118281324784
-6.3120140000000005 -6.952741e-05 -1.1453054923235866 -1.008640708382586
-6.282082999999999 -6.930455e-05 -1.1416343821525152 -1.005407657298558
-6.252361 -6.923163e-05 -1.1404331914782155 -1.0043497999663886
-6.222037 -6.963742e-05 -1.1471176561480485 -1.0102366338503859
-6.192157 -6.920692e-05 -1.1400261505900922 -1.003991329660877
-6.162361 -6.909007e-05 -1.1381013133672182 -1.0022961756665816
-6.132041 -6.930975e-05 -1.1417200402916594 -1.005483094190046
-6.102202 -6.817427e-05 -1.1230155972464833 -0.9890105785080398
-6.0722309999999995 -6.817732e-05 -1.123065839039635 -0.9890548251463163
-6.042091999999999 -6.88996e-05 -1.134963754566698 -0.999533009373955
-6.011991 -6.900749e-05 -1.1367409962267396 -1.0010981798013792
-5.982352 -6.870488e-05 -1.131756186710147 -0.9967081879296318
-5.952056 -6.82617e-05 -1.1244558070744326 -0.9902789337816491
-5.921787 -6.898007e-05 -1.1362893142699473 -1.0007003952697269
-5.8920140000000005 -7.012716e-05 -1.1551850055834805 -1.0173413383190737
-5.862269 -6.813712e-05 -1.1224036357331777 -0.9884716399467384
-5.832324 -7.017614e-05 -1.155991839363338 -1.0180518958085094
-5.802417 -6.902874e-05 -1.1370910415068942 -1.0014064555598625
-5.772074 -6.93831e-05 -1.1429283142351578 -1.0065471895728577
-5.742269 -6.896079e-05 -1.135971720246353 -1.000420698487442
-5.712231 -6.865573e-05 -1.130946552568048 -0.9959951642341279
-5.682213 -6.89368e-05 -1.135576539715957 -1.0000726732899823
-5.652491 -6.96492e-05 -1.147311704778647 -1.0104075274237945
-5.622083 -6.964515e-05 -1.1472449902664292 -1.010348773691001
-5.592028 -6.824899e-05 -1.1242464388151026 -0.9900945486103397
-5.56187 -6.940933e-05 -1.1433603936562613 -1.0069277106620347
-5.53208 -6.955046e-05 -1.1456851884980603 -1.0089750969111997
-5.502407 -6.891834e-05 -1.1352724533219969 -0.999804872325201
-5.472574 -6.899364e-05 -1.1365128490676741 -1.0008972565423206
-5.442426 -6.863672e-05 -1.1306334061786016 -0.9957193843673625
-5.412185 -6.984964e-05 -1.1506134965882562 -1.0133153294487542
-5.382435 -6.840797e-05 -1.1268652716922312 -0.9924008864966304
-5.352074 -6.986086e-05 -1.1507983204961778 -1.0134780990492334
-5.322129 -6.909571e-05 -1.1381942195027508 -1.0023779956796566
-5.29199 -6.849767e-05 -1.1283428745924604 -0.9937021728747929
-5.262212000000001 -6.882683e-05 -1.133765034800258 -0.9984773281059629
-5.232314000000001 -6.931931e-05 -1.141877519485931 -1.0056217820136268
-5.2022129999999995 -6.962261e-05 -1.1468736951786795 -1.0100217837805912
-5.172102 -6.857039e-05 -1.1295407707229472 -0.994757128788059
-5.141935 -6.820818e-05 -1.123574187150015 -0.9895025140831065
-5.112032 -6.92817e-05 -1.141257980521855 -1.0050761701888478
-5.082305 -6.900913e-05 -1.136768011486008 -1.0011219714363868
-5.052519 -6.930887e-05 -1.1417055442988813 -1.005470327946871
-5.022472 -6.884996e-05 -1.134146048792257 -0.9988128772021381
-4.992741 -6.871823e-05 -1.1319760975096795 -0.9969018576414319
-4.962546000000001 -6.958014e-05 -1.146174098799942 -1.00940566747646
-4.932805 -6.922324e-05 -1.1402949853652509 -1.004228085443392
-4.9024350000000005 -6.933667e-05 -1.1421634858889185 -1.0058736251744396
-4.872759 -6.832864e-05 -1.1255584908887175 -0.991250038688608
-4.842777 -6.92809e-05 -1.1412448023466022 -1.0050645645132343
-4.812787 -6.949169e-05 -1.1447170867985454 -1.0081225149664435
-4.7824539999999995 -6.887705e-05 -1.1345922947517577 -0.9992058743925999
-4.752629 -6.858335e-05 -1.129754257162044 -0.9949451407329977
-4.72274 -6.845745e-05 -1.1276803418316217 -0.9931186975333247
-4.693 -6.921516e-05 -1.140161885795197 -1.004110868119696
-4.662759 -6.898282e-05 -1.136334614247379 -1.0007402897796482
-4.632666 -6.851902e-05 -1.1286945671445217 -0.9940118993427279
-4.6027309999999995 -6.785327e-05 -1.117727854426265 -0.9843538011681271
-4.572805000000001 -6.847471e-05 -1.1279646609627028 -0.9933690899846859
-4.542537 -6.759645e-05 -1.1134973307157092 -0.9806280891543068
-4.5124189999999995 -6.874351e-05 -1.1323925278476703 -0.997268596990818
-4.482730999999999 -6.808587e-05 -1.12155940888104 -0.9877281513527493
-4.452759 -6.869977e-05 -1.1316720111157192 -0.9966340566766506
-4.422629 -6.96626e-05 -1.1475324392141326 -1.0106019224903202
-4.392537 -6.83912e-05 -1.1265890241934926 -0.9921576025215827
-4.362185 -6.83872e-05 -1.126523133317228 -0.9920995741435151
-4.332296 -6.835606e-05 -1.1260101728455099 -0.99164782322026
-4.30225 -6.804759e-05 -1.1209288331951899 -0.9871728197746438
-4.272419 -6.845003e-05 -1.1275581142561513 -0.9930110548920096
-4.242972 -6.824081e-05 -1.1241116919731418 -0.9899758805771919
-4.212435 -6.839165e-05 -1.1265964369170722 -0.992164130714115
-4.182509 -6.80101e-05 -1.1203112709574017 -0.9866289488012067
-4.152381 -6.837194e-05 -1.1262717596242795 -0.9918781958811879
-4.122759 -6.898402e-05 -1.1363543815102584 -1.0007576982930686
-4.092601 -6.943291e-05 -1.14374882037184 -1.0072697879507424
-4.062277 -6.796629e-05 -1.1195896011351159 -0.9859933929904229
-4.032296 -6.808466e-05 -1.12153947689097 -0.9877105977683839
-4.002416 -6.871792e-05 -1.131970990966769 -0.9968973604421316
-3.972083 -6.906848e-05 -1.1377456673625814 -1.0019829674959628
-3.942183 -6.815914e-05 -1.1227663650070134 -0.9887910861679998
-3.912629 -6.82276e-05 -1.1238940873542784 -0.9897842418586239
-3.882259 -6.824459e-05 -1.1241739588512119 -0.9900307173944657
-3.852287 -6.893875e-05 -1.1356086615181358 -1.00010096212429
-3.8222959999999997 -6.712548e-05 -1.1057391742171478 -0.9737956828497005
-3.792592 -6.766991e-05 -1.114707416658305 -0.9816937803175155
-3.762352 -6.748665e-05 -1.1116886261622516 -0.9790352101763556
-3.732472 -6.774156e-05 -1.1158876869793912 -0.9827332136396487
-3.702344 -6.830825e-05 -1.1252226121469597 -0.990954239031409
-3.672333 -6.759159e-05 -1.113417273301048 -0.9805575846749549
-3.6424160000000003 -6.743069e-05 -1.1107668128033126 -0.978223393167192
-3.6122310000000004 -6.83765e-05 -1.126346875223221 -0.9919443482321848
-3.5824290000000003 -6.792945e-05 -1.1189827461647208 -0.9854589516284218
-3.552648 -6.825946e-05 -1.1244189081837246 -0.9902464378899314
-3.5222399999999996 -6.814929e-05 -1.1226041087242122 -0.9886481912870086
-3.4922310000000003 -6.803152e-05 -1.1206641165997975 -0.9869396907657578
-3.462268 -6.866259e-05 -1.1310595554208416 -0.9960946829025136
-3.4323249999999996 -6.838987e-05 -1.1265671154771348 -0.9921383080858753
-3.4022959999999998 -6.709505e-05 -1.1052379093759663 -0.9733542319635524
-3.372426 -6.850014e-05 -1.1283835622085534 -0.9937380053982494
-3.34212 -6.680969e-05 -1.1005372542632639 -0.9692144874722208
-3.312222 -6.807388e-05 -1.1213619009794378 -0.9875542112894923
-3.282074 -6.764386e-05 -1.114278302326633 -0.9813158705053512
-3.251916 -6.796622e-05 -1.119588448044781 -0.9859923774938067
-3.222098 -6.841857e-05 -1.1270398825143317 -0.992554661698509
-3.19237 -6.794742e-05 -1.1192787609263384 -0.9857196441168897
-3.162426 -6.707932e-05 -1.1049787935050566 -0.9731260353668022
-3.132259 -6.7222e-05 -1.107329121061408 -0.9751959076124682
-3.102042 -6.737157e-05 -1.1097929456521245 -0.9773657337393551
-3.0722959999999997 -6.823704e-05 -1.1240495898222624 -0.9899211888308631
-3.042333 -6.704822e-05 -1.104466491942101 -0.9726748647273279
-3.0120270000000002 -6.629538e-05 -1.0920651701203778 -0.9617533436912538
-2.982092 -6.721458e-05 -1.1072068934859374 -0.9750882649711529
-2.9520549999999997 -6.693337e-05 -1.1025746001573593 -0.9710087249220664
-2.921953 -6.748684e-05 -1.111691755978874 -0.9790379665243137
-2.892334 -6.626108e-05 -1.0915001558564108 -0.9612557503493255
-2.86212 -6.769116e-05 -1.1150574619384597 -0.9820020560759989
-2.8322220000000002 -6.526343e-05 -1.0750661476801155 -0.9467827475045786
-2.801834 -6.60454e-05 -1.087947319808234 -0.9581268602039287
-2.771842 -6.549363e-05 -1.0788581676091318 -0.95012228066236
-2.7421170000000004 -6.612901e-05 -1.089324603849351 -0.9593397983764836
-2.712138 -6.5999e-05 -1.087182985643567 -0.9574537310183464
-2.6821550000000003 -6.643061e-05 -1.0942927759196868 -0.9637151380827691
-2.651944 -6.664357e-05 -1.0978008061720035 -0.9668045689310799
-2.6221080000000003 -6.653278e-05 -1.0959757936266703 -0.9651973279295568
-2.592314 -6.66019e-05 -1.097114387968519 -0.9662000583025623
-2.562435 -6.608675e-05 -1.0886284667416175 -0.9587267285622011
-2.532092 -6.555193e-05 -1.0798185271306853 -0.950968044272693
-2.502315 -6.517909e-05 -1.0736768385540805 -0.9455592191530264
-2.472509 -6.531841e-05 -1.0759718177743698 -0.9475803475611156
-2.442222 -6.493392e-05 -1.0696382220206446 -0.9420025147903275
-2.412138 -6.64202e-05 -1.0941212949142087 -0.9635641192288487
-2.38224 -6.529421e-05 -1.0755731779729703 -0.9472292758738077
-2.352342 -6.524684e-05 -1.0747928652708088 -0.9465420748065437
-2.322315 -6.564603e-05 -1.0813686099948057 -0.9523331618667299
-2.292296 -6.476587e-05 -1.0668699815815865 -0.9395645975567689
-2.2621759999999997 -6.411832e-05 -1.0562030723503328 -0.930170528502375
-2.232296 -6.35465e-05 -1.0467836421339556 -0.9218750817157434
-2.202157 -6.398454e-05 -1.0539993519936701 -0.9282297693979095
-2.172193 -6.384798e-05 -1.0517498374780037 -0.9262486805706869
-2.14225 -6.325138e-05 -1.0419222132831678 -0.917593747981927
-2.112325 -6.432771e-05 -1.059652294995584 -0.9332081690232609
-2.08249 -6.305907e-05 -1.0387543446795662 -0.9148038886353895
-2.052361 -6.264415e-05 -1.03191948408466 -0.9087846049784535
-2.022129 -6.289909e-05 -1.0361190390833714 -0.9124830436545821
-1.992073 -6.360711e-05 -1.0477820536365519 -0.9227543567144103
-1.9618879999999999 -6.375805e-05 -1.050268445852389 -0.9249440575607853
-1.931898 -6.204892e-05 -1.0221144275149447 -0.9001495471091818
-1.9019380000000001 -6.131367e-05 -1.0100028608215943 -0.8894832058656593
-1.871972 -6.166653e-05 -1.0158154244712587 -0.8946021792368792
-1.842079 -6.015654e-05 -0.9909417834086376 -0.8726966115873634
-1.8120640000000001 -6.086438e-05 -1.002601832872386 -0.8829653133701787
-1.782259 -6.048854e-05 -0.9964107261385827 -0.8775129669669613
-1.752117 -5.945446e-05 -0.9793766168067097 -0.8625114706689653
-1.721898 -5.951858e-05 -0.9804328475532279 -0.8634416655693863
-1.691759 -5.939292e-05 -0.9783628856753818 -0.8616187040723975
-1.6619000000000002 -5.881623e-05 -0.9688632333171523 -0.8532526077354686
-1.632268 -5.772846e-05 -0.95094470369862 -0.837472225532862
-1.602277 -5.814579e-05 -0.9578192635464758 -0.843526471287584
-1.5720640000000001 -5.68054e-05 -0.9357393956374656 -0.824081306868128
-1.541759 -5.591314e-05 -0.9210414473235465 -0.811137206714513
-1.5113789999999998 -5.561727e-05 -0.9161676639334595 -0.8068449926598092
-1.481702 -5.437341e-05 -0.8956779075958997 -0.7888001980740658
-1.4521199999999999 -5.480203e-05 -0.9027384444420117 -0.7950182289258829
-1.422083 -5.347668e-05 -0.8809063262277553 -0.7757912512079604
-1.391777 -5.461655e-05 -0.8996830845096312 -0.7923274530348954
-1.361844 -5.177239e-05 -0.852832035850591 -0.7510669550938185
-1.332018 -5.173799e-05 -0.852265374314717 -0.7505679110424384
-1.301777 -5.142658e-05 -0.8471356048703427 -0.7460502567389425
-1.271703 -4.947464e-05 -0.8149818456164586 -0.7177332786676999
-1.241638 -4.955766e-05 -0.8163494107533262 -0.7189376576544897
-1.2118879999999999 -4.95216e-05 -0.8157554045038026 -0.7184145318262116
-1.181805 -4.8168e-05 -0.7934579319759288 -0.6987777286881878
-1.1517680000000001 -4.677991e-05 -0.7705923153674655 -0.6786405758602775
-1.121796 -4.685669e-05 -0.7718570907373608 -0.6797544305772821
-1.0918420000000002 -4.687799e-05 -0.7722079596534687 -0.6800634316904912
-1.061862 -4.395465e-05 -0.7240526010987743 -0.6376542620055691
-1.032018 -4.440817e-05 -0.7315233086496322 -0.6442335195108562
-1.002083 -4.268106e-05 -0.7030731108233793 -0.6191781714998393
-0.9718882 -4.268178e-05 -0.7030849711811071 -0.6191886166078916
-0.9417030999999999 -4.196516e-05 -0.6912802912439582 -0.6087925425352183
-0.9117775 -4.165349e-05 -0.6861462388926266 -0.604271116387148
-0.8816105 -4.049698e-05 -0.6670953745654906 -0.5874935165074524
-0.8516548 -4.024148e-05 -0.6628865948441022 -0.5837869538583944
-0.8219901 -3.842587e-05 -0.6329785613804993 -0.5574477279826353
-0.7916938 -3.692676e-05 -0.6082841435013173 -0.5356999975214629
-0.7615272 -3.629686e-05 -0.5979079777615807 -0.5265619786852919
-0.7318341 -3.467329e-05 -0.5711633652674318 -0.5030086952405509
-0.7017957 -3.484264e-05 -0.573953020241276 -0.5054654716969814
-0.6715457 -3.386724e-05 -0.5578855300642016 -0.49131525170523466
-0.6417031 -3.227489e-05 -0.5316551958592964 -0.46821487975131015
-0.6113624 -3.309673e-05 -0.5451931352965804 -0.4801373903090476
-0.5819756 -3.060796e-05 -0.5041963262664416 -0.44403256868831814
-0.5517586 -2.970061e-05 -0.48924980462181517 -0.4308695564784437
-0.5216381999999999 -2.764361e-05 -0.4553654215028466 -0.4010284630572596
-0.49180579999999996 -2.765813e-05 -0.45560460538368625 -0.4012391060696443
-0.4615364 -2.668093e-05 -0.4395074643122929 -0.3870627733077672
-0.43157 -2.600721e-05 -0.4284094640230796 -0.37728905358986725
-0.4015364 -2.414288e-05 -0.39769887968657647 -0.3502430420692467
-0.371879 -2.254983e-05 -0.3714570145783251 -0.3271325151491604
-0.34158269999999996 -2.236745e-05 -0.36845272007504964 -0.3244867112511752
-0.31174919999999995 -2.021181e-05 -0.33294346794740076 -0.2932146380268477
-0.28149939999999996 -1.902929e-05 -0.31346414819735563 -0.2760597086187686
-0.251629 -1.711549e-05 -0.28193865844865246 -0.2482960311323989
-0.2212964 -1.597141e-05 -0.2630925500195082 -0.23169875443754795
-0.1915642 -1.420273e-05 -0.2339575812616776 -0.20604034650746525
-0.16124940000000001 -1.403099e-05 -0.2311285564892655 -0.20354889809513946
-0.1313907 -1.201707e-05 -0.19795381810766435 -0.1743327703057416
-0.1013882 -1.023469e-05 -0.16859317309862812 -0.14847561518077787
-0.07125862 -9.081014e-06 -0.14958899245732557 -0.1317391284069431
-0.04144379 -7.173094e-06 -0.11816036229673112 -0.10406075263633259
-0.01171144 -4.462711e-06 -0.07351298457619643 -0.06474097027843778
0.018204360000000003 -4.580626e-06 -0.07545536524487567 -0.06645157432839352
0.048658059999999996 -2.020331e-06 -0.0332803449835339 -0.029309132772345446
0.07853769 -5.40525e-07 -0.008903916473203974 -0.007841447263726598
0.1087044 1.288436e-06 0.021224044262650264 0.018691462830927045
0.1386396 2.798134e-06 0.04609287529130406 0.04059279440884392
0.168797 2.799063e-06 0.04610817844731646 0.04060627149965008
0.1988546 5.554042e-06 0.09149017354732299 0.08057301224461885
0.2286303 6.875245e-06 0.11325397939561213 0.09973982904157988
0.2584489 7.599161e-06 0.12517884429106735 0.11024174687584824
0.2884543 1.103787e-05 0.18182373159813872 0.16012742335483074
0.3185932 1.193663e-05 0.19662875258598725 0.17316581962280528
0.3488735 1.306299e-05 0.21518296443328017 0.18950603060281743
0.3786025 1.539788e-05 0.2536449514535276 0.22337850051929234
0.40854700000000005 1.474828e-05 0.2429442731481887 0.21395469192113906
0.4386766 1.687762e-05 0.2780202927643992 0.2448452285596731
0.4687784 1.813461e-05 0.29872633590329684 0.2630805012964229
0.4986376 1.960617e-05 0.32296693037220764 0.2844285613036557
0.5285933 2.036653e-05 0.3354921270413079 0.29545917569049657
0.5585562 2.229225e-05 0.3672139716012789 0.3233957777435072
0.588834 2.387497e-05 0.39328567352157745 0.3463564463772343
0.6187785 2.366153e-05 0.38976973636410894 0.34326005212355537
0.6489543999999999 2.615355e-05 0.4308200817312128 0.37941202180146477
0.6791118 2.772498e-05 0.45670580665325505 0.4022089053380965
0.7088248 2.852878e-05 0.46994657823858665 0.41386970791074984
0.7390007000000001 3.014594e-05 0.4965856006035218 0.43733000087963775
0.7691674000000001 3.192383e-05 0.5258722831039513 0.4631220191502208
0.7988547 3.34492e-05 0.5509992745858089 0.4852507059134058
0.8286951 3.426013e-05 0.5643574966580819 0.49701494406996444
0.8587043999999999 3.520898e-05 0.5799876361439512 0.5107800007022885
0.8886304 3.663413e-05 0.6034637317210043 0.5314547864529937
0.9188248 3.732042e-05 0.6147687940888785 0.5414108603489707
0.9488804 3.903375e-05 0.6429919978464005 0.5662663005975451
0.9792322 4.023456e-05 0.6627726036281647 0.5836865647643377
1.008977 4.233086e-05 0.6973043646064311 0.6140977870000345
1.038908 4.319544e-05 0.7115463480566003 0.6266403307774228
1.0690840000000001 4.360995e-05 0.7183744548366895 0.632653666525607
1.0990060000000001 4.433151e-05 0.730260510006025 0.6431214056451936
1.128797 4.571064e-05 0.7529785310516562 0.6631285749062329
1.158806 4.655575e-05 0.7668997906616085 0.6753886655533778
1.188843 4.776343e-05 0.7867935640233568 0.6929085934595012
1.218853 4.819625e-05 0.7939232862895462 0.6991875541082891
1.249112 4.906995e-05 0.8083155009375983 0.7118624025876711
1.279278 4.981008e-05 0.8205074544999913 0.7225995384524359
1.308921 5.086811e-05 0.8379360854534976 0.7379484796641109
1.33876 5.14225e-05 0.847068396176553 0.7459910677933138
1.368936 5.154862e-05 0.8491459355051696 0.7478207025537803
1.398982 5.17633e-05 0.8526822988342802 0.7509350856046603
1.429204 5.326808e-05 0.8774701170305668 0.7727650712917431
1.4587970000000001 5.470744e-05 0.9011802899455492 0.793646002855533
1.489297 5.473986e-05 0.9017143354976721 0.7941163228597696
1.5191 5.627788e-05 0.927049706875716 0.816428524368593
1.549075 5.529773e-05 0.9109039712830778 0.8022093956778913
1.579053 5.698964e-05 0.9387743293982037 0.8267540939619145
1.6091030000000002 5.665398e-05 0.9332450965164766 0.8218846426163848
1.639278 5.804616e-05 0.9561780865459203 0.8420811294608691
1.669194 5.777031e-05 0.9516340869915365 0.8380793474383929
1.6989269999999999 5.842701e-05 0.9624517216022447 0.8476061564076158
1.729167 5.908054e-05 0.9732171376935134 0.8570869778872203
1.7592139999999998 5.85485e-05 0.964452992241585 0.8493686233204691
1.789269 6.025069e-05 0.9924926899087108 0.8740624545361259
1.8191279999999999 6.124662e-05 1.0088983650082124 0.8885105051783039
1.849093 5.984429e-05 0.9857981768802475 0.8681667713244733
1.879269 6.1131e-05 1.0069937892297898 0.8868331949102642
1.909482 6.161643e-05 1.014990141246047 0.8938753738015844
1.93943 6.142256e-05 1.0117965752007019 0.8910628833876003
1.9691400000000001 6.172433e-05 1.0167675476332791 0.8954406892999538
1.999075 6.233609e-05 1.0268448982491567 0.904315549441589
2.0293900000000002 6.360064e-05 1.0476754751441943 0.9226604958128863
2.059362 6.398417e-05 1.0539932570876158 0.9282244017729382
2.089186 6.347238e-05 1.0455626841967762 0.9207998158701537
2.119491 6.340264e-05 1.0444138767691065 0.9197880910985478
2.149251 6.380686e-05 1.0510724792700055 0.9256521488441535
2.1791300000000002 6.263544e-05 1.031776006701594 0.9086582481852116
2.209482 6.352333e-05 1.046401969233194 0.9215389523357879
2.2393449999999997 6.397e-05 1.053759838658449 0.9280188362436342
2.2691860000000004 6.540932e-05 1.077469352664669 0.9488991875236436
2.299334 6.454383e-05 1.0632123790401495 0.9363434422902449
2.329477 6.521528e-05 1.0742729862570828 0.9460842309035916
2.3593919999999997 6.511602e-05 1.0726379041625815 0.9446442567018479
2.38926 6.592849e-05 1.0860214942222164 0.9564308357839626
2.419362 6.569881e-05 1.0822380401071143 0.9530988463153297
2.449038 6.541092e-05 1.0774957090151744 0.9489223988748703
2.479288 6.61027e-05 1.0888912066107217 0.958958116719745
2.509038 6.539126e-05 1.0771718553583352 0.9486371893966691
2.538945 6.562653e-05 1.0810473919730166 0.9520502735236509
2.569204 6.530938e-05 1.0758230691212027 0.9474493484976282
2.599223 6.567063e-05 1.0817738388838316 0.9526900363918446
2.6293249999999997 6.657316e-05 1.0966409620225592 0.9657831244061476
2.65944 6.797641e-05 1.119756305052065 0.9861402047869336
2.689177 6.604938e-05 1.0880128812301173 0.958184598440106
2.719371 6.695934e-05 1.1030023966715061 0.9713854741666693
2.749167 6.724531e-05 1.1077131001428386 0.9755340679856561
2.779297 6.706753e-05 1.1047845801472673 0.9729549967224485
2.809232 6.70513e-05 1.1045172279168245 0.9727195465784398
2.8396399999999997 6.71234e-05 1.1057049109614905 0.9737655080931056
2.8697049999999997 6.746155e-05 1.1112751609136922 0.9786710821039822
2.899289 6.805928e-05 1.1211213992810727 0.987342407709546
2.9291579999999997 6.683222e-05 1.1009083846238232 0.9695413323116857
2.959167 6.78913e-05 1.118354311932349 0.9849055059726035
2.989241 6.602743e-05 1.0876513050466161 0.9578661677154607
3.0195100000000004 6.717605e-05 1.1065721996203206 0.9745293066194183
3.049538 6.677656e-05 1.0999915130806042 0.9687338674308773
3.079581 6.665706e-05 1.098023023152205 0.9670002696361123
3.109269 6.774381e-05 1.1159247505972896 0.9827658546023115
3.139917 6.783476e-05 1.1174229443963517 0.9840852748486202
3.169534 6.747601e-05 1.1115133564313882 0.9788808546906962
3.199532 6.77214e-05 1.1155555969630186 0.9824407506141888
3.2295059999999998 6.782322e-05 1.117232849218329 0.9839178629778957
3.2592689999999997 6.89369e-05 1.1355781869878636 1.000074123999434
3.289695 6.73098e-05 1.1087754257954117 0.9764696305110486
3.3195189999999997 6.756144e-05 1.1129206208212052 0.9801201957752717
3.349501 6.857965e-05 1.1296933081014993 0.9948914644832851
3.379399 6.830347e-05 1.1251438725498237 0.9908848951196184
3.409658 6.791868e-05 1.1188053349803788 0.9853027102204752
3.439917 6.794246e-05 1.1191970562397706 0.9856476889280861
3.469751 6.796614e-05 1.119587130227256 0.9859912169262455
3.4997040000000004 6.765311e-05 1.1144306749779946 0.9814500611296323
3.529575 6.902794e-05 1.1370778633316414 1.001394849884249
3.559676 6.779774e-05 1.1168131243365247 0.9835482222096059
3.58976 6.648064e-05 1.0951169060545638 0.9644409280214477
3.619982 6.804647e-05 1.1209103837498358 0.9871565718287849
3.650047 6.83821e-05 1.1264391224499912 0.9920255879614792
3.679982 6.840858e-05 1.1268753200508614 0.9924097358242857
3.7099729999999997 6.776946e-05 1.116347275841335 0.983137961576669
3.739864 6.692558e-05 1.1024462776758344 0.97089571465578
3.769519 6.837976e-05 1.1264005762873763 0.9919916413603097
3.799575 6.834497e-05 1.1258274903910668 0.991486939542068
3.829797 6.862111e-05 1.1303762670339799 0.9954929286219543
3.859581 6.818491e-05 1.123190866977347 0.9891649339936993
3.889297 6.823135e-05 1.1239558600507766 0.9898386434630624
3.919551 6.890781e-05 1.1350989955902309 0.9996521126199385
3.950093 6.881585e-05 1.1335841643449123 0.998318040208168
3.9800619999999998 6.915398e-05 1.1391540848427326 1.0032233240771542
4.009853 6.833175e-05 1.1256097210450131 0.9912951557525553
4.03976 6.886668e-05 1.1344214726550421 0.9990554358224599
4.0698989999999995 6.977937e-05 1.1494559586194812 1.0122959159170541
4.100278 6.847926e-05 1.1280396118344533 0.9934350972647374
4.130043 6.862288e-05 1.130405423746727 0.9955186061792491
4.1600600000000005 6.852719e-05 1.1288291492592917 0.9941304223049306
4.190223 6.911059e-05 1.1384393335624543 1.0025938612460674
4.220038 6.863824e-05 1.1306584447115822 0.9957414351510282
4.25039 6.912855e-05 1.1387351835968818 1.0028544086635904
4.280336 6.871401e-05 1.1319065826352204 0.9968406377025706
4.310055999999999 6.818084e-05 1.1231238230107479 0.9891058901190157
4.34026 6.935045e-05 1.1423904799576494 1.006073532936882
4.370177 6.815429e-05 1.1226864723195429 0.988720726759593
4.40013 6.848492e-05 1.1281328474243677 0.993517207419703
4.430325 6.883096e-05 1.133833067130001 0.9985372424063177
4.460100000000001 6.843809e-05 1.1273614299905022 0.9928378401834783
4.490232 6.834198e-05 1.1257782369610592 0.9914435633294627
4.520081 6.867872e-05 1.131325260379378 0.9963286823370707
4.549945 6.821472e-05 1.1236819187327072 0.9895973904812468
4.580334 6.929316e-05 1.1414467578823526 1.005242421492011
4.610455 6.794479e-05 1.1192354376751947 0.9856814904583105
4.6400429999999995 6.819453e-05 1.1233493345347627 0.9893044922429515
4.669964 6.856152e-05 1.1293946577048308 0.9946284508596945
4.700288 6.757471e-05 1.1131392138032121 0.9803127049195103
4.730408000000001 6.86705e-05 1.1311898546286547 0.9962094340201422
4.760353 6.87603e-05 1.1326691048007904 0.9975121711077563
4.790423 6.920376e-05 1.1399740967978431 1.0039454872422036
4.820213 7.031519e-05 1.1582823709494794 1.0200691073010792
4.8505 6.941659e-05 1.1434799855966813 1.0070330321682273
4.880421 6.881462e-05 1.1335639029004607 0.998300196481912
4.910353 6.859037e-05 1.129869895649888 0.9950469805365061
4.94038 6.832685e-05 1.1255290047215891 0.9912240709894227
4.970289 6.834274e-05 1.1257907562275493 0.9914545887212954
4.999944999999999 6.843251e-05 1.1272695122181133 0.9927568905960742
5.029973 6.897673e-05 1.1362342953882663 1.0006519415740405
5.059982 6.90108e-05 1.136795520926848 1.0011461982842298
5.089944999999999 6.901091e-05 1.1367973329259458 1.001147794064627
5.12002 6.876569e-05 1.1327578927565567 0.9975903643472023
5.150167000000001 6.805143e-05 1.1209920884364037 0.9872285270175887
5.180185000000001 6.890906e-05 1.1351195864890635 0.9996702464880846
5.209992000000001 6.827713e-05 1.1247099811296228 0.9905027782500444
5.240103 6.974801e-05 1.1489393741495681 1.0118409734330054
5.270232 6.885283e-05 1.1341933254959766 0.9988545125634014
5.300177 6.956214e-05 1.1458775898567524 1.0091445397751566
5.330232 6.901207e-05 1.1368164412800625 1.0011646222942665
5.360075 6.85011e-05 1.128399376018857 0.9937519322089857
5.390232 6.887731e-05 1.1345965776587148 0.9992096462371743
5.420279000000001 6.948783e-05 1.1446535021029502 1.0080665175816084
5.450127999999999 6.92402e-05 1.140574362680612 1.004474125766398
5.480232 6.944867e-05 1.144008430424322 1.0074984197603283
5.510297 6.991802e-05 1.1517399011179963 1.0143073245718173
5.540306999999999 6.794263e-05 1.1191998566020118 0.985650155134154
5.570593 7.00133e-05 1.1533094217906144 1.015689560537384
5.600435999999999 6.895919e-05 1.1359453638958472 1.000397487136215
5.630308 6.839461e-05 1.126645196165508 0.9922070717138851
5.660297 6.830811e-05 1.1252203059662904 0.9909522080381767
5.6904449999999995 6.893419e-05 1.1355335459191944 1.0000348097732932
5.720308 7.024629e-05 1.1571474006058249 1.0190695684888673
5.750103 6.877015e-05 1.1328313610835914 0.9976550659887473
5.780075 6.907223e-05 1.137807440059079 1.0020373691004008
5.810278 6.964542e-05 1.1472494379005773 1.0103526906065208
5.8405569999999996 6.921231e-05 1.1401149385458584 1.004069522900323
5.870399 6.864611e-05 1.1307880850106324 0.9958556059848759
5.900557 6.798656e-05 1.1199235031505856 0.9862874517962796
5.930524999999999 6.882555e-05 1.1337439497198534 0.9984587590249815
5.960363999999999 6.936691e-05 1.1426616209134774 1.0063123197126296
5.990501 6.94001e-05 1.1432083504592816 1.0067938101796443
6.020723 6.999382e-05 1.1529885332232066 1.0154069623361952
6.0506400000000005 6.964068e-05 1.1471713572122038 1.0102839269785107
6.080628 6.842163e-05 1.1270902890346741 0.9925990534077307
6.1105469999999995 6.888772e-05 1.1347680586641928 0.9993606650910948
6.14038 6.883338e-05 1.133872931110141 0.9985723495750485
6.170603 6.830591e-05 1.1251840659843448 0.9909202924302395
6.200473 6.953243e-05 1.1453881853732986 1.0087135339970605
6.23076 6.886736e-05 1.1344326741040072 0.9990653006467315
6.260572 6.838729e-05 1.1265246158619442 0.9921008797820217
6.290538 6.952896e-05 1.145331025038139 1.008663194379087
6.320242 6.849318e-05 1.1282689120838534 0.9936370360204121
6.350353 6.793618e-05 1.1190936075640354 0.9855565843745202
6.380355 6.905811e-05 1.1375748452658656 1.0018325289258228
6.410317 6.998657e-05 1.1528691060099774 1.015301785900948
6.44026 6.942711e-05 1.1436532786012568 1.0071856468025446
6.470344 6.97667e-05 1.1492472492689139 1.0121121110295257
6.500242 6.926754e-05 1.141024726819879 1.004870749730489
6.530473 6.97256e-05 1.1485702205152972 1.0115158694448827
6.560242000000001 6.836585e-05 1.126171440765167 0.9917898476755803
6.5905439999999995 6.892594e-05 1.1353976459868993 0.9999151262435293
6.620667 6.94098e-05 1.1433681358342225 1.0069345289964577
6.650742 6.925441e-05 1.1408084400185412 1.0046802715794827
6.680334 6.976262e-05 1.1491800405751242 1.012052922083897
6.710594 6.903771e-05 1.1372388017969173 1.0015365841976789
6.740732 6.857702e-05 1.1296499848503556 0.994853310824706
6.770789 6.832913e-05 1.1255665625210598 0.991257147164921
6.80051 6.942103e-05 1.143553124469335 1.0070974436678823
6.830612 6.988541e-05 1.1512027257492505 1.0138342482196223
6.86075 6.935641e-05 1.1424886573632838 1.0061599952202027
6.890843 6.956565e-05 1.1459354091006744 1.0091954596769106
6.921024999999999 6.918021e-05 1.1395861642638367 1.0036038451663316
6.95077 6.912492e-05 1.1386753876266718 1.0028017479104943
6.9806490000000005 7.00753e-05 1.1543307303727124 1.0165890003974292
7.010638 6.882424e-05 1.1337223704578767 0.9984397547311643
7.040844 6.987074e-05 1.1509610709605511 1.01362142914306
7.070732 6.965517e-05 1.1474100469114716 1.01049413477806
7.100723 6.945152e-05 1.1440553776736604 1.0075397649797013
7.1306769999999995 6.944135e-05 1.143887850120758 1.0073922278284648
7.160902 6.920999e-05 1.1400767218376249 1.0040358664410436
7.190936 6.900793e-05 1.1367482442231285 1.0011045629229665
7.2210529999999995 6.941737e-05 1.1434928343175532 1.0070443477019506
7.250982 7.027182e-05 1.1575679491235824 1.0194399346118828
7.280987 6.864728e-05 1.1308073580919396 0.9958725792854605
7.310992000000001 6.986619e-05 1.1508861200888003 1.0135554218630083
7.341037999999999 6.854393e-05 1.1291049025764581 0.9943732710671428
7.371186 6.95864e-05 1.146277218021296 1.0094964818881356
7.401038 6.884198e-05 1.1340145964941093 0.9986971105878935
7.431159 6.943195e-05 1.143733006561537 1.0072558611400064
7.46094 6.825983e-05 1.124425003089779 0.9902518055149027
7.490902 6.85567e-05 1.1293152591989322 0.994558526664123
7.520992000000001 6.982755e-05 1.1502496142240863 1.0129948677308769
7.551091 6.971553e-05 1.1484043402343014 1.0113697830030979
7.580659 6.876297e-05 1.132713086960697 0.9975509050501163
7.610806999999999 6.956295e-05 1.1458909327591957 1.009156290521715
7.640936 7.056898e-05 1.1624629823212649 1.0237508628185132
7.671053 6.90651e-05 1.1376899895721377 1.0019339335164956
7.700816 6.921082e-05 1.14009039419445 1.0040479073294928
7.730862 6.83323e-05 1.1256187810404992 0.9913031346545395
7.761223 6.871208e-05 1.1318747902874229 0.996812639010153
7.790862 6.946501e-05 1.144277594653862 1.0077354656847337
7.821025 6.832214e-05 1.1254514182147877 0.9911557425742481
7.851103 6.873618e-05 1.132271782816916 0.9971622599880094
7.881001 6.900536e-05 1.136705909335129 1.0010672796900584
7.910945 6.905511e-05 1.1375254271086674 1.0017890076422722
7.941091 6.908104e-05 1.1379525647140516 1.0021651766030946
7.97114 6.984294e-05 1.1505031293705132 1.0132181319154911
8.001122 6.942237e-05 1.1435751979128834 1.0071168831745347
8.031214 6.876457e-05 1.1327394433112026 0.9975741164013432
8.0611 6.956525e-05 1.1459288200130482 1.009189656839104
8.090945 6.846377e-05 1.1277844494161195 0.9932103823706713
8.120964 6.887582e-05 1.1345720333073064 0.9991880306663441
8.151289 6.958443e-05 1.1462447667647357 1.0094679029119373
8.181047 6.922036e-05 1.1402475439343407 1.0041863050111837
8.211187 6.868367e-05 1.131406800338755 0.996400492454929
8.241474 6.930588e-05 1.1416562908688734 1.0054269517342656
8.271016 6.924355e-05 1.1406295462894835 1.0045227245330297
8.301482 6.911726e-05 1.1385492065986256 1.0026906235664952
8.331223 6.942354e-05 1.143594470994191 1.0071338564751195
8.361011000000001 6.903223e-05 1.1371485312964351 1.0014570853197264
8.391361999999999 6.971635e-05 1.1484178478639357 1.0113816788206018
8.421166 6.934931e-05 1.1423717010579142 1.006056994849133
8.451426999999999 6.899901e-05 1.136601307569059 1.0009751596398762
8.481723 6.835455e-05 1.1259852990397201 0.9916259175075397
8.511156999999999 6.931373e-05 1.1417856017135424 1.005540832426223
8.54101 6.938008e-05 1.1428785666235781 1.0065033781474166
8.571261 6.881734e-05 1.1336087086963207 0.998339655778998
8.601186 6.841e-05 1.1268987113119353 0.9924303358984996
8.631538 6.873556e-05 1.132261569731095 0.997153265589409
8.661534 6.925044e-05 1.140743043323849 1.004622678414251
8.691723 6.894854e-05 1.1357699294377932 1.0002429865796103
8.721279000000001 6.95038e-05 1.1449165714264362 1.0082981958810429
8.751029 7.028565e-05 1.1577957668282668 1.019640567729051
8.781231 6.927364e-05 1.1411252104061824 1.004959243007042
8.811315 6.832857e-05 1.1255573377983827 0.9912490231919915
8.841271 7.001616e-05 1.1533565337671432 1.015731050827702
8.871131 6.864946e-05 1.1308432686195038 0.9959042047515073
8.901186 6.953697e-05 1.1454629715178586 1.008779396206167
8.931168 6.827662e-05 1.1247015800428988 0.9904953796318405
8.961223 6.881518e-05 1.1335731276231378 0.9983083204548415
8.990964 6.898608e-05 1.1363883153115346 1.0007875829077733
9.021147999999998 6.930261e-05 1.1416024250775272 1.0053795135351953
9.051362 6.941435e-05 1.143443086705973 1.0070005362765093
9.081384 6.829061e-05 1.1249320333826334 0.9906983338841314
9.111343999999999 6.976456e-05 1.1492119976501125 1.0120810658472597
9.141252 6.877213e-05 1.132863977067342 0.9976837900358906
9.171084 6.963573e-05 1.1470898172528268 1.0102121168606524
9.201233 6.9589e-05 1.1463200470908679 1.0095342003338794
9.231344 6.962959e-05 1.1469886747577607 1.0101230433003188
9.261547 6.885395e-05 1.1342117749413305 0.9988707605092603
9.291788 6.947789e-05 1.1444897632754332 1.0079223170621108
9.321506 6.862531e-05 1.1304454524540573 0.995553858418925
9.351085 6.961562e-05 1.1467585508724074 1.0099203791899183
9.381020000000001 6.969516e-05 1.1480687909469252 1.0110742734877896
9.411603 6.954618e-05 1.1456146852604574 1.0089130065466674
9.441548000000001 6.915526e-05 1.1391751699231374 1.003241893158136
9.471416999999999 6.880662e-05 1.1334321211479321 0.9981841397257772
9.501483 6.925966e-05 1.1408949217936384 1.0047564338256962
9.531336 6.946698e-05 1.1443100459104223 1.007764044660932
9.561557 6.917647e-05 1.139524556294529 1.0035495886328383
9.591431 6.857534e-05 1.1296223106823244 0.9948289389059175
9.621316 6.937142e-05 1.1427359128764656 1.0063777467089006
9.651421000000001 6.837432e-05 1.1263109646956568 0.9919127227661381
9.68126 6.832218e-05 1.1254520771235506 0.9911563228580289
9.71177 6.909978e-05 1.1382612634693503 1.0024370395543405
9.741581 6.898696e-05 1.1364028113043128 1.000800349150948
9.771593999999999 6.910898e-05 1.1384128124847583 1.0025705048238955
9.801345999999999 6.811591e-05 1.1220542493617858 0.9881639444720358
9.831121 6.935014e-05 1.1423853734147391 1.0060690357375819
9.861505999999999 6.850053e-05 1.1283899865689893 0.993743663165111
9.891705 6.87328e-05 1.1322161050264725 0.9971132260085425
9.921524999999999 6.914278e-05 1.1389695903891923 1.0030608446185654
9.951362 6.860112e-05 1.1300469773798483 0.9952029318025621
9.981418 6.912043e-05 1.1386014251180654 1.0027366110561138
10.00349 6.895895e-05 1.1359414104432712 1.0003940054335307
