Keff(MJ/m3):0.05817754207563307 Ms(MA/m):1.1047893488455984
H(kOe) moment(emu) M(MA/m) M_norm()
9.967388000000001 6.091168e-05 1.0986955266955263 0.9944841773172056
9.938728 6.11472e-05 1.1029437229437227 0.9983294318470718
9.910403 6.112675e-05 1.1025748556998554 0.9979955516876977
9.881765 6.179905e-05 1.1147014790764789 1.008971963968731
9.852765 6.068548e-05 1.0946154401154398 0.9907910872413918
9.823856 6.094964e-05 1.0993802308802305 0.995103937260963
9.794598 6.117176e-05 1.103386724386724 0.9987304145714836
9.765711 6.205866e-05 1.1193841991341988 1.0132105276936736
9.736412 6.110364e-05 1.1021580086580083 0.997618242617618
9.706819 6.183644e-05 1.1153759018759015 1.009582417717337
9.676801 6.160133e-05 1.1111351010101007 1.0057438571173165
9.647504000000001 6.172858e-05 1.1134303751803747 1.0078214243681887
9.617958 6.127758e-05 1.1052954545454543 1.0004581015379852
9.58819 6.140579e-05 1.1076080447330443 1.002551342380691
9.558541 6.029671e-05 1.087602994227994 0.9844437723484909
9.528644 6.066517e-05 1.0942490981240978 0.9904594928141603
9.498773 6.181509e-05 1.1149908008658003 1.0092338435656187
9.468681 6.101814e-05 1.1006158008658005 0.9962223133449297
9.43894 6.19999e-05 1.118324314574314 1.0122511732601862
9.408995999999998 6.147203e-05 1.1088028499278495 1.003632820217216
9.378755 6.133624e-05 1.106353535353535 1.0014158233056563
9.348880999999999 6.143172e-05 1.1080757575757574 1.0029746926267826
9.319272999999999 6.097999e-05 1.0999276695526692 0.9955994513361219
9.289458 6.209898e-05 1.1201114718614715 1.0138688185506888
9.259356 6.116503e-05 1.1032653318903314 0.9986205361620663
9.228968 6.06344e-05 1.0936940836940832 0.989957121542574
9.198856 6.127036e-05 1.1051652236652232 1.0003402230660692
9.168718 6.126174e-05 1.10500974025974 1.0001994872727293
9.139088 6.139609e-05 1.1074330808080803 1.0023929737965382
9.10894 6.137548e-05 1.107061327561327 1.0020564813718584
9.078764 6.085583e-05 1.097688131313131 0.9935723334589643
9.048782 6.107285e-05 1.1016026334776332 0.9971155448128686
9.018958000000001 6.12066e-05 1.104015151515151 0.9992992353417813
8.98907 6.115831e-05 1.1031441197691192 0.9985108210192303
8.959236 6.166011e-05 1.1121953463203458 1.0067035380839668
8.929041999999999 6.140186e-05 1.1075371572871568 1.0024871786141218
8.898885 6.118747e-05 1.1036700937950934 0.9989869063711788
8.869106 6.144698e-05 1.1083510101010097 1.0032238374303055
8.839172000000001 6.127489e-05 1.1052469336219333 1.0004141828275346
8.809135 6.106231e-05 1.1014125180375176 0.9969434618358611
8.779033 6.092588e-05 1.098951659451659 0.994716015863079
8.749096999999999 6.112642e-05 1.102568903318903 0.997990163890505
8.719403 6.129057e-05 1.1055297619047617 1.000670184827485
8.689152 6.125377e-05 1.104865981240981 1.0000693638071934
8.659338 6.045598e-05 1.0904758297258292 0.9870441191936495
8.629347 6.038637e-05 1.0892202380952376 0.9859076205191252
8.599199 6.120359e-05 1.1039608585858582 0.9992500921007196
8.569272999999999 6.084207e-05 1.0974399350649349 0.9933476786426815
8.539218 6.151084e-05 1.1095028860028855 1.0042664578204092
8.509329 6.139023e-05 1.1073273809523805 1.00229729957972
8.479385 6.137224e-05 1.1070028860028855 1.0020035829994198
8.449394 6.145392e-05 1.1084761904761902 1.0033371444379366
8.419089 6.134748e-05 1.1065562770562767 1.0015993349433758
8.389078 6.081735e-05 1.0969940476190472 0.9929440836529638
8.359078 6.122423e-05 1.1043331529581526 0.999587074325144
8.328996 6.153061e-05 1.1098594877344874 1.0045892358522346
8.299199 6.123482e-05 1.10452417027417 0.9997599736350595
8.269208 6.128992e-05 1.1055180375180371 1.0006595724996807
8.239263999999999 6.112442e-05 1.1025328282828277 0.9979575105741846
8.208879000000001 6.131706e-05 1.1060075757575754 1.0011026780021457
8.178811 6.118505e-05 1.1036264430014426 0.9989473958584313
8.148848 6.074162e-05 1.095628066378066 0.9917076658304996
8.118682 6.135443e-05 1.1066816378066373 1.0017128052175885
8.088765 6.097561e-05 1.099848665223665 0.9955279405733808
8.059023 6.152273e-05 1.1097173520923516 1.0044605817859327
8.029283 6.126105e-05 1.1049972943722939 1.0001882218785987
7.999301 6.116991e-05 1.1033533549783547 0.9987002102538876
7.968894000000001 6.126273e-05 1.105027597402597 1.0002156506643076
7.93895 6.128113e-05 1.1053594877344872 1.0005160611744532
7.908949 6.102363e-05 1.1007148268398264 0.9963119466982285
7.878755 6.14936e-05 1.1091919191919188 1.0039849862337293
7.848765 6.171796e-05 1.1132388167388165 1.0076480352585286
7.818608 6.103382e-05 1.1008986291486287 0.99647831534488
7.788737 6.157981e-05 1.1107469336219333 1.0053925074337113
7.758357 6.082924e-05 1.0972085137085132 0.9931382076184873
7.728551 6.10232e-05 1.1007070707070705 0.9963049262352198
7.698834 6.087368e-05 1.0980101010101007 0.9938637643071221
7.668866 6.161268e-05 1.1113398268398265 1.0059291646874335
7.638496 6.089086e-05 1.0983199855699852 0.9941442562943125
7.608681 6.144199e-05 1.1082610028860025 1.0031423674060866
7.578653 6.078647e-05 1.0964370490620488 0.9924399164489801
7.548718 6.146248e-05 1.1086305916305912 1.003476900631787
7.5187 6.137488e-05 1.1070505050505048 1.0020466853769627
7.48895 6.132579e-05 1.1061650432900427 1.0012452097278834
7.45895 6.173173e-05 1.113487193362193 1.0078728533413932
7.428709 6.070904e-05 1.0950404040404036 0.9911757433076437
7.398912999999999 6.148693e-05 1.1090716089466084 1.0038760874238013
7.368792 6.11627e-05 1.1032233044733042 0.9985824950485532
7.338431 6.163268e-05 1.1117005772005768 1.0062556978506356
7.308635000000001 6.081584e-05 1.0969668109668105 0.992919430399142
7.27832 6.111775e-05 1.1024125180375177 0.9978486117642569
7.248524000000001 6.090637e-05 1.098599747474747 0.9943974827623756
7.218588 6.130426e-05 1.1057766955266952 1.0008936967776967
7.188385 6.13292e-05 1.1062265512265508 1.0013008836322093
7.15832 6.096198e-05 1.0996028138528136 0.9953054082226587
7.128375 6.105437e-05 1.1012693001442997 0.9968138281700698
7.098319999999999 6.156098e-05 1.110407287157287 1.0050850764605566
7.068485 6.143111e-05 1.1080647546897542 1.0029647333653047
7.038765000000001 6.092283e-05 1.0988966450216446 0.9946662195556908
7.008811 6.131003e-05 1.1058807720057717 1.0009879015952803
6.9785699999999995 6.174648e-05 1.1137532467532463 1.0081136715492545
6.9487179999999995 6.063381e-05 1.0936834415584413 0.9899474888142596
6.918635 6.118147e-05 1.1035618686868685 0.9988889464222183
6.888607 6.156504e-05 1.1104805194805192 1.0051513626926867
6.858412 6.121091e-05 1.1040928932178928 0.9993696032384515
6.82845 6.0931e-05 1.0990440115440112 0.9947996083528589
6.79819 6.11863e-05 1.1036489898989896 0.9989678041811316
6.768348 6.194925e-05 1.117410714285714 1.0114242280243775
6.7382089999999994 6.128519e-05 1.1054327200577196 1.0005823474065836
6.708023 6.126918e-05 1.105143939393939 1.0003209576094403
6.678255 6.123084e-05 1.1044523809523805 0.9996949935355821
6.648524 6.125193e-05 1.1048327922077916 1.0000393227561786
6.618237 6.117263e-05 1.1034024170274168 0.998744618764083
6.5882 6.123937e-05 1.1046062409812407 0.999834259929688
6.558052 6.119566e-05 1.103817821067821 0.9991206217015102
6.528174 6.112171e-05 1.102483946608946 0.9979132653305707
6.498384 6.129665e-05 1.1056394300144294 1.000769450909098
6.468107 6.093732e-05 1.0991580086580082 0.9949027928324304
6.437838 6.093785e-05 1.0991675685425681 0.9949114459612555
6.40808 6.094373e-05 1.0992736291486287 0.9950074467112368
6.37845 6.110188e-05 1.1021262626262625 0.9975895076992563
6.348163 6.145712e-05 1.10853391053391 1.003389389744049
6.3182 6.118506e-05 1.103626623376623 0.998947559125013
6.288005 6.134367e-05 1.1064875541125538 1.001537130375786
6.258098 6.11931e-05 1.1037716450216446 0.9990788254566202
6.228088 6.102549e-05 1.1007483766233763 0.9963423142824064
6.198127 6.090652e-05 1.0986024531024527 0.9943999317610996
6.168385 6.178486e-05 1.1144455266955262 1.008740288689439
6.138348 6.093692e-05 1.0991507936507934 0.9948962621691666
6.108228 6.125424e-05 1.1048744588744586 1.0000770373365284
6.078165 6.105241e-05 1.1012339466089462 0.9967818279200762
6.048088 6.137057e-05 1.106972763347763 1.0019763174802927
6.017977 6.141933e-05 1.1078522727272724 1.0027724053321787
5.988259 6.135735e-05 1.106734307359307 1.0017604790594161
5.958273 6.128351e-05 1.1054024170274166 1.0005549186208744
5.928051 6.131205e-05 1.1059172077922073 1.0010208814447636
5.898226999999999 6.121741e-05 1.1042101370851367 0.9994757265164921
5.868125 6.163707e-05 1.1117797619047616 1.0063273718799584
5.838301 6.119751e-05 1.10385119047619 0.9991508260191062
5.808051000000001 6.123666e-05 1.1045573593073588 0.9997900146860739
5.777894 6.009355e-05 1.0839384920634916 0.9811268484766856
5.748023 6.134122e-05 1.1064433621933618 1.0014971300632936
5.718236 6.126692e-05 1.1051031746031743 1.0002840593619986
5.688135 6.13153e-05 1.1059758297258293 1.0010739430837838
5.658098 6.150056e-05 1.10931746031746 1.0040986197745236
5.627764 6.073081e-05 1.0954330808080803 0.991531174655789
5.597403 6.115655e-05 1.1031123737373734 0.9984820861008687
5.567853 6.087908e-05 1.0981075036075032 0.9939519282611866
5.538227 6.125969e-05 1.104972763347763 1.000166017623501
5.508033 6.107693e-05 1.101676226551226 0.9971821575781616
5.477801 6.119063e-05 1.103727092352092 0.9990384986109648
5.44757 6.105175e-05 1.1012220418470413 0.9967710523256903
5.417672 6.120117e-05 1.1039172077922073 0.999210581587972
5.387644 6.133939e-05 1.106410353535353 1.0014672522788608
5.357635 6.105723e-05 1.101320887445887 0.9968605224124079
5.32769 6.137821e-05 1.1071105699855694 1.0021010531486356
5.2976350000000005 6.137855e-05 1.1071167027417026 1.0021066042124103
5.267683 6.108073e-05 1.1017447691197688 0.9972441988791702
5.237848 6.078909e-05 1.096484307359307 0.9924826922933594
5.207844 6.102679e-05 1.100771825396825 0.9963635389380145
5.1778010000000005 6.083956e-05 1.0973946608946605 0.9933066987306995
5.14757 6.094194e-05 1.0992413419913416 0.9949782219931302
5.117468 6.124745e-05 1.1047519841269837 0.9999661793276213
5.087515000000001 6.108113e-05 1.1017519841269838 0.9972507295424342
5.0573109999999994 6.111136e-05 1.1022972582972579 0.9977442844186138
5.027399999999999 6.086724e-05 1.097893939393939 0.993758620628571
4.997848 6.153719e-05 1.1099781746031743 1.004696665262928
4.967773 6.075576e-05 1.0958831168831167 0.9919385247768835
4.9377640000000005 6.161641e-05 1.1114071067821065 1.0059900631223708
4.907755 6.087842e-05 1.0980955988455985 0.9939411526668009
4.877866 6.081155e-05 1.0968894300144298 0.9928493890356354
4.847674 6.118597e-05 1.1036430375180373 0.9989624163839388
4.818153000000001 6.074693e-05 1.0957238455988452 0.9917943603853298
4.78796 6.152518e-05 1.1097615440115438 1.0045005820984252
4.757957 6.096595e-05 1.0996744227994224 0.9953702250555542
4.728079 6.156275e-05 1.1104392135642134 1.0051139746455
4.697523 6.044517e-05 1.0902808441558438 0.986867628018939
4.667561 6.138478e-05 1.107229076479076 1.0022083192927473
4.637653 6.087721e-05 1.098073773448773 0.9939213974104273
4.607533 6.092759e-05 1.0989825036075034 0.9947439344485329
4.577484999999999 6.127357e-05 1.1052231240981236 1.000392631638763
4.547599 6.117051e-05 1.1033641774891771 0.9987100062487836
4.517709 6.071893e-05 1.0952187950937948 0.9913372139568472
4.487814999999999 6.084587e-05 1.0975084776334771 0.9934097199436898
4.457681 6.118125e-05 1.1035579004329001 0.9988853545574231
4.4277359999999994 6.040033e-05 1.0894720418470416 0.9861355406670402
4.397561 6.079642e-05 1.096616522366522 0.992602366697673
4.367227 6.089242e-05 1.0983481240981237 0.9941697258810422
4.337636000000001 6.155122e-05 1.1102312409812405 1.004925728276914
4.307829 6.113294e-05 1.1026865079365076 0.9980966137017087
4.277718 6.031338e-05 1.0879036796536794 0.9847159377400199
4.2479499999999994 6.084518e-05 1.0974960317460314 0.9933984545495592
4.2177 6.072141e-05 1.095263528138528 0.9913777040690841
4.187598 6.120659e-05 1.1040149711399707 0.9992990720751997
4.1578289999999996 6.039867e-05 1.0894420995670993 0.9861084384144944
4.127644 6.138628e-05 1.1072561327561325 1.0022328092799877
4.097375 6.049372e-05 1.0911565656565654 0.9876602872726117
4.067278 6.107258e-05 1.101597763347763 0.9971111366151654
4.037394 6.027841e-05 1.0872729076479073 0.9841449945041612
4.007486 6.105665e-05 1.1013104256854254 0.996851052950675
3.9773110000000003 6.085075e-05 1.0975965007215005 0.9934893940355111
3.947422 6.068454e-05 1.0945984848484844 0.9907757401827214
3.917153 6.091654e-05 1.0987831890331885 0.9945635248758637
3.886987 6.043621e-05 1.0901192279942278 0.9867213411618245
3.857013 6.090083e-05 1.0984998196248192 0.9943070330761687
3.8272269999999997 6.149887e-05 1.1092869769119766 1.0040710277222331
3.797431 6.111143e-05 1.1022985209235205 0.9977454272846851
3.767292 6.09793e-05 1.0999152236652232 0.9955881859419914
3.73719 6.102933e-05 1.1008176406926402 0.996405008649741
3.707162 6.04638e-05 1.0906168831168828 0.9871717936604615
3.67707 6.150271e-05 1.1093562409812407 1.0041337220895679
3.647255 6.088792e-05 1.0982669552669548 0.9940962559193218
3.617174 6.107669e-05 1.1016718975468973 0.9971782391802034
3.58732 6.058849e-05 1.0928659812409807 0.989207564666444
3.55741 6.121322e-05 1.1041345598845596 0.9994073178188014
3.5274490000000003 6.125563e-05 1.1048995310245306 1.000099731391371
3.497255 6.099587e-05 1.1002141053391048 0.9958587186677043
3.467505 6.047011e-05 1.0907306998556996 0.9872748148734519
3.43732 6.109972e-05 1.1020873015873012 0.9975542421176303
3.407098 6.124896e-05 1.1047792207792206 0.9999908325814434
3.376996 6.079394e-05 1.0965717893217888 0.9925618765854358
3.347051 6.123041e-05 1.1044446248196242 0.9996879730725733
3.317153 6.033081e-05 1.0882180735930733 0.9850005113917504
3.286768 6.111157e-05 1.1023010461760459 0.9977477130168276
3.257079 6.087374e-05 1.0980111832611827 0.9938647439066116
3.227033 6.134737e-05 1.1065542929292926 1.0015975390109784
3.196958 6.13017e-05 1.105730519480519 1.0008519005328065
3.1669769999999997 6.089394e-05 1.098375541125541 0.9941945424014457
3.136672 6.050515e-05 1.0913627344877341 0.9878469009753815
3.1066439999999997 6.098913e-05 1.100092532467532 0.9957486769917051
3.0767399999999996 6.068268e-05 1.0945649350649347 0.9907453725985435
3.04707 6.085683e-05 1.0977061688311684 0.9935886601171244
3.017116 6.0628e-05 1.0935786435786434 0.9898526309303496
2.9869310000000002 6.089404e-05 1.0983773448773446 0.9941961750672617
2.956857 6.070115e-05 1.0948980880230876 0.9910469259747605
2.926727 6.096376e-05 1.0996349206349203 0.9953344696741836
2.8965880000000004 6.100193e-05 1.1003234126984123 0.9959576582161545
2.8668009999999997 6.0217e-05 1.0861652236652233 0.9831423744265496
2.8367080000000002 6.092691e-05 1.0989702380952378 0.9947328323209841
2.806375 6.054248e-05 1.0920360750360747 0.9884563751244979
2.776806 6.136546e-05 1.1068805916305913 1.0018928882570943
2.74682 6.042493e-05 1.0899157647907642 0.9865371764577785
2.716755 6.091306e-05 1.098720418470418 0.9945067081054666
2.686645 6.059256e-05 1.0929393939393934 0.9892740141651556
2.6564769999999998 6.093129e-05 1.099049242424242 0.9948043430837252
2.62644 6.123645e-05 1.104553571428571 0.9997865860878604
2.596662 6.061449e-05 1.0933349567099562 0.9896320577786065
2.566866 6.114928e-05 1.1029812409812405 0.9983633912960446
2.536801 6.061205e-05 1.0932909451659447 0.9895922207326959
2.506616 6.071321e-05 1.09511562049062 0.9912438254721713
2.4765230000000003 6.072117e-05 1.0952591991341987 0.9913737856711257
2.4465790000000003 6.073097e-05 1.0954359668109663 0.9915337869210946
2.416947 6.055462e-05 1.0922550505050501 0.9886545807545616
2.386857 6.048525e-05 1.0910037878787875 0.9875220004779957
2.356607 6.09301e-05 1.0990277777777773 0.9947849143605146
2.326644 6.034459e-05 1.0884666305916304 0.9852254927411965
2.29674 6.033624e-05 1.088316017316017 0.9850891651455597
2.266949 6.066163e-05 1.094185245310245 0.9904016964442734
2.236922 6.049787e-05 1.091231421356421 0.987728042903976
2.2066619999999997 6.048442e-05 1.0909888167388164 0.9875084493517229
2.176496 6.095486e-05 1.0994743867243864 0.9951891624165586
2.1464380000000003 6.021888e-05 1.0861991341991337 0.9831730685438906
2.116468 6.02955e-05 1.0875811688311685 0.9844240170921174
2.0866439999999997 6.087828e-05 1.0980930735930734 0.9939388669346586
2.056626 6.036595e-05 1.0888519119769116 0.9855742301594961
2.026394 6.063593e-05 1.0937216810966808 0.9899821013295591
1.996664 6.027249e-05 1.0871661255411251 0.9840483406878535
1.96669 6.002403e-05 1.0826845238095233 0.9799918192013958
1.9368530000000002 6.062532e-05 1.0935303030303025 0.9898088754864803
1.906875 6.028748e-05 1.0874365079365076 0.9842930772936732
1.876644 6.081548e-05 1.096960317460317 0.9929135528022044
1.846542 5.991564e-05 1.080729437229437 0.9782221727234228
1.816496 6.029731e-05 1.0876138167388163 0.9844535683433869
1.786403 6.079462e-05 1.0965840548340544 0.9925729787129847
1.7565050000000002 6.091055e-05 1.098675144300144 0.9944657281934849
1.7264190000000001 6.029576e-05 1.0875858585858582 0.9844282620232389
1.696759 6.054931e-05 1.092159271284271 0.9885678861997315
1.6667919999999998 6.05466e-05 1.0921103896103894 0.9885236409561177
1.6367729999999998 6.002552e-05 1.0827113997113993 0.9800161459220543
1.606746 6.050694e-05 1.0913950216450212 0.987876125693488
1.576551 6.043968e-05 1.0901818181818177 0.98677799466564
1.5463099999999999 6.005099e-05 1.0831708152958148 0.9804319859053919
1.516292 6.014276e-05 1.0848261183261179 0.9819302833247441
1.486162 6.033486e-05 1.0882911255411252 0.9850666343572987
1.456181 6.054856e-05 1.0921457431457429 0.9885556412061115
1.4262270000000001 6.015576e-05 1.0850606060606058 0.9821425298808254
1.396264 5.974901e-05 1.0777238455988452 0.9755016616742059
1.3663530000000002 6.011821e-05 1.0843832972582967 0.9815294638669136
1.336672 6.034662e-05 1.0885032467532463 0.9852586358572613
1.306653 6.04174e-05 1.089779942279942 0.986414236721833
1.276431 6.023221e-05 1.086439574314574 0.9833907028971648
1.246514 6.020126e-05 1.0858813131313128 0.9828853928271097
1.216236 6.007309e-05 1.0835694444444441 0.9807928050507302
1.186283 5.99649e-05 1.0816179653679652 0.9790264239043893
1.1565329999999998 5.927427e-05 1.069160714285714 0.9677507439792816
1.126357 5.995784e-05 1.08149062049062 0.978911157697779
1.09632 5.972729e-05 1.0773320707070704 0.9751470466589688
1.0664120000000001 5.958723e-05 1.0748057359307357 0.9728603349170656
1.036447 5.980991e-05 1.0788223304473301 0.976495955156156
1.006662 5.938166e-05 1.071097763347763 0.9695040637990945
0.9766992 5.934801e-05 1.0704908008658005 0.9689546717520072
0.9466158 6.018314e-05 1.0855544733044729 0.9825895537812487
0.916551 5.947032e-05 1.0726969696969693 0.9709515853115686
0.8865048000000001 6.001684e-05 1.0825548340548337 0.9798744305292247
0.8564398999999999 5.95767e-05 1.0746158008658007 0.9726884152066397
0.8263196 5.870529e-05 1.0588977272727271 0.9584612020193498
0.7961436 6.030929e-05 1.087829906204906 0.9846491617081451
0.7660604 5.969086e-05 1.0766749639249635 0.9745522665021963
0.7361344000000001 5.973203e-05 1.0774175685425682 0.9752244350186475
0.7060792 5.895815e-05 1.0634586940836936 0.9625895608017118
0.6764677 5.883862e-05 1.061302669552669 0.9606380353518353
0.6461251 5.919608e-05 1.0677503607503604 0.9664741625777437
0.6162395 5.85523e-05 1.056138167388167 0.9559633865874364
0.5863844 5.87067e-05 1.05892316017316 0.9584842226073556
0.5563843 5.988993e-05 1.0802656926406924 0.9778024143421269
0.5263103 5.917146e-05 1.0673062770562767 0.9660722002538421
0.49628669999999997 5.957435e-05 1.0745734126984123 0.9726500475599634
0.466227 5.919452e-05 1.067722222222222 0.966448692991014
0.4360037 5.907046e-05 1.0654844877344873 0.9644232077796723
0.40622699999999995 5.898951e-05 1.0640243506493503 0.9631015648016124
0.37587509999999996 5.810005e-05 1.0479806998556993 0.9485796554345326
0.3460414 5.74847e-05 1.0368813131313126 0.9385330463357171
0.3162918 5.697252e-05 1.0276428571428566 0.9301708585592786
0.28616410000000003 5.483223e-05 0.9890373376623374 0.8952270753658051
0.2557177 5.12476e-05 0.9243795093795091 0.8367020467253773
0.2260037 4.649912e-05 0.8387287157287154 0.7591752369853209
0.1961344 3.685565e-05 0.6647844516594514 0.601729598818172
0.1660414 2.951133e-05 0.5323111471861469 0.4818213967598098
0.13619 2.194507e-05 0.3958345959595958 0.3582896561893957
0.1058751 1.676659e-05 0.3024276695526694 0.27374238344049756
0.07573624 1.342868e-05 0.24222005772005764 0.21924546790132884
0.04583809 1.044754e-05 0.18844769119769114 0.17057341419393784
0.0159188 6.862943e-06 0.12379045815295811 0.11204892433322929
-0.01422673 5.270248e-06 0.09506219336219332 0.08604553751493389
-0.044069319999999995 2.467171e-06 0.0445016414141414 0.04028065753950421
-0.07421747000000001 1.070154e-06 0.019302922077922068 0.01747203853666024
-0.1039675 -6.126233e-07 -0.01105020382395382 -0.010002091200010436
-0.1339767 -3.348491e-06 -0.06039846681096679 -0.05466966790916074
-0.1639304 -4.37453e-06 -0.07890566378066374 -0.0714214559210883
-0.1940601 -5.532116e-06 -0.0997856421356421 -0.09032096683400213
-0.2242082 -7.48507e-06 -0.1350120851370851 -0.12220617919439586
-0.2538934 -9.385017e-06 -0.16928241341991337 -0.1532259643856973
-0.2840786 -1.128143e-05 -0.20348899711399704 -0.18418805116706097
-0.3146619 -1.153093e-05 -0.2079893578643578 -0.18826155237800513
-0.3441189 -1.246801e-05 -0.22489195526695518 -0.20356093720666865
-0.37418049999999997 -1.51575e-05 -0.27340367965367957 -0.2474713210616674
-0.4040601 -1.689997e-05 -0.3048335137085136 -0.2759200331058913
-0.4338934 -1.818994e-05 -0.32810137085137075 -0.29698093233267137
-0.4642916 -1.919716e-05 -0.3462691197691196 -0.3134254689646841
-0.494236 -2.129756e-05 -0.3841551226551226 -0.3477179817641515
-0.5241898 -2.241284e-05 -0.4042720057720056 -0.3659267770769442
-0.5542453 -2.335163e-05 -0.42120544733044724 -0.3812540804910615
-0.5843657 -2.460912e-05 -0.4438874458874457 -0.4017846898608016
-0.6144583 -2.634566e-05 -0.4752103174603173 -0.4301365848221361
-0.6447083 -2.767205e-05 -0.49913510101010083 -0.45179210093910693
-0.6745416 -2.962652e-05 -0.5343888888888887 -0.48370206451327136
-0.7043008 -3.0316e-05 -0.5468253968253967 -0.4949589687814949
-0.7341473 -3.272661e-05 -0.5903068181818181 -0.534316174208806
-0.7640786 -3.381615e-05 -0.6099594155844155 -0.5521047213405578
-0.7944943 -3.657826e-05 -0.6597810245310243 -0.5972007471111428
-0.8246342 -3.852572e-05 -0.6949083694083691 -0.6289962608116049
-0.8546897999999999 -3.981058e-05 -0.7180840548340546 -0.6499737308151868
-0.8843643 -4.250008e-05 -0.7665959595959594 -0.6938842779367673
-0.9140509 -4.442213e-05 -0.8012649711399709 -0.7252649312533813
-0.9442823 -4.790918e-05 -0.8641626984126981 -0.7821968045905469
-0.9744305000000001 -4.989294e-05 -0.8999448051948049 -0.8145849759822206
-1.004301 -5.126558e-05 -0.9247038239538237 -0.8369956000390959
-1.034375 -5.391473e-05 -0.9724879148629146 -0.8802473665039164
-1.0645419999999999 -5.572527e-05 -1.0051455627705623 -0.9098074341690979
-1.094792 -5.783694e-05 -1.0432348484848482 -0.9442839484060296
-1.124525 -5.701099e-05 -1.0283367604617601 -0.9307989450986978
-1.154301 -5.781484e-05 -1.0428362193362188 -0.9439231292606914
-1.184393 -5.786394e-05 -1.043721861471861 -0.9447247681763522
-1.214468 -5.903356e-05 -1.064818903318903 -0.9638207540935648
-1.244634 -5.931444e-05 -1.0698852813852808 -0.9684065858375726
-1.27456 -5.967928e-05 -1.0764660894660891 -0.9743632038007025
-1.3046 -5.846648e-05 -1.0545901875901873 -0.954562232784137
-1.334171 -5.946968e-05 -1.0726854256854252 -0.9709411362503462
-1.364412 -5.97024e-05 -1.0768831168831166 -0.9747406761373639
-1.394403 -5.916625e-05 -1.0672123015873012 -0.965987138364828
-1.424736 -5.886204e-05 -1.061725108225108 -0.961020405685945
-1.454666 -5.963123e-05 -1.0755993867243865 -0.9735787078761099
-1.484393 -5.95348e-05 -1.0738600288600284 -0.9720043282297316
-1.514412 -6.029505e-05 -1.0875730519480518 -0.9844166700959454
-1.544355 -6.059102e-05 -1.0929116161616157 -0.989248871111589
-1.574606 -6.02449e-05 -1.0866684704184701 -0.9835978881892165
-1.604606 -6.08868e-05 -1.0982467532467528 -0.9940779700621825
-1.634782 -5.958962e-05 -1.0748488455988452 -0.9728993556300681
-1.664708 -6.0312e-05 -1.0878787878787874 -0.9846934069517589
-1.694468 -6.057306e-05 -1.092587662337662 -0.9889556443310339
-1.724542 -6.064432e-05 -1.0938730158730154 -0.9901190819915222
-1.754458 -6.081237e-05 -1.0969042207792203 -0.9928627768953265
-1.7847449999999998 -6.07819e-05 -1.0963546176046173 -0.9923653036211884
-1.814634 -6.058273e-05 -1.0927620851370847 -0.9891135231154419
-1.844412 -5.940295e-05 -1.0714817821067817 -0.9698516583513229
-1.8748289999999999 -6.014861e-05 -1.0849316378066376 -0.9820257942749808
-1.904893 -6.025205e-05 -1.0867974386724384 -0.9837146237950611
-1.934875 -6.035135e-05 -1.0885885642135638 -0.9853358609503586
-1.964496 -6.075951e-05 -1.0959507575757572 -0.9919997497449838
-1.9941900000000001 -6.040474e-05 -1.0895515873015869 -0.9862075412295261
-2.024375 -6.063621e-05 -1.0937267316017312 -0.9899866727938439
-2.054856 -6.080022e-05 -1.0966850649350648 -0.9926644079986815
-2.084893 -6.091602e-05 -1.098773809523809 -0.9945550350136205
-2.114782 -6.021617e-05 -1.0861502525252522 -0.9831288233002768
-2.144662 -6.0111e-05 -1.0842532467532464 -0.9814117486615794
-2.1746529999999997 -5.957017e-05 -1.0744980158730155 -0.9725818021288541
-2.204884 -5.959975e-05 -1.0750315656565654 -0.9730647446772299
-2.234995 -6.085476e-05 -1.0976688311688307 -0.993554863934733
-2.2647269999999997 -6.001698e-05 -1.082557359307359 -0.9798767162613671
-2.294588 -6.057378e-05 -1.0926006493506488 -0.9889673995249089
-2.32469 -6.023158e-05 -1.0864282106782102 -0.9833804171025238
-2.354875 -6.054142e-05 -1.092016955266955 -0.9884390688668483
-2.384921 -5.981129e-05 -1.0788472222222218 -0.9765184859444169
-2.414838 -6.063447e-05 -1.093695346320346 -0.9899582644086454
-2.444866 -6.055967e-05 -1.0923461399711396 -0.98873703037827
-2.4747510000000004 -6.052667e-05 -1.0917509018759015 -0.9881982506589868
-2.504782 -5.984797e-05 -1.0795088383838378 -0.977117347765729
-2.534542 -6.09569e-05 -1.0995111832611828 -0.9952224687992053
-2.564644 -5.944772e-05 -1.0722893217893212 -0.9705826028371503
-2.5945970000000003 -6.039404e-05 -1.0893585858585855 -0.9860328459872132
-2.624727 -6.019228e-05 -1.0857193362193358 -0.9827387794368321
-2.654874 -6.061162e-05 -1.0932831890331889 -0.9895852002696872
-2.684468 -6.002622e-05 -1.0827240259740256 -0.9800275745827663
-2.714449 -6.042689e-05 -1.089951118326118 -0.9865691767077723
-2.744634 -6.050797e-05 -1.0914136002886001 -0.9878929421513931
-2.77481 -6.089188e-05 -1.0983383838383833 -0.9941609094856357
-2.804903 -6.12795e-05 -1.1053300865800864 -1.0004894487216527
-2.8349029999999997 -6.103059e-05 -1.1008403679653675 -0.9964255802390227
-2.8649400000000003 -6.107557e-05 -1.1016516955266953 -0.9971599533230641
-2.895023 -6.100534e-05 -1.1003849206349203 -0.9960133321204804
-2.92468 -6.13673e-05 -1.1069137806637805 -1.0019229293081091
-2.954634 -6.131408e-05 -1.1059538239538236 -1.0010540245608286
-2.9850320000000004 -6.037053e-05 -1.0889345238095234 -0.9856490062538693
-3.01494 -6.06267e-05 -1.0935551948051943 -0.9898314062747412
-3.044572 -6.072681e-05 -1.0953609307359302 -0.9914658680231485
-3.07469 -6.118045e-05 -1.10354347041847 -0.9988722932308949
-3.1049949999999997 -6.069442e-05 -1.0947766955266953 -0.9909370475653432
-3.135162 -6.155615e-05 -1.1103201659451656 -1.0050062187016433
-3.165079 -6.044442e-05 -1.0902673160173155 -0.9868553830253188
-3.1951709999999998 -6.010579e-05 -1.084159271284271 -0.9813266867725654
-3.224694 -6.124819e-05 -1.1047653318903314 -0.9999782610546598
-3.2545970000000004 -6.13486e-05 -1.1065764790764785 -1.0016176208005152
-3.284958 -6.132313e-05 -1.1061170634920632 -1.0012017808171776
-3.31482 -6.132082e-05 -1.1060753968253967 -1.001164066236828
-3.344931 -6.107471e-05 -1.101636183261183 -0.9971459123970463
-3.3749029999999998 -6.063115e-05 -1.0936354617604613 -0.9899040599035537
-3.404792 -6.136703e-05 -1.10690891053391 -1.0019185211104058
-3.435218 -6.09731e-05 -1.0998033910533906 -0.9954869606613989
-3.4652640000000003 -6.038309e-05 -1.0891610750360747 -0.9858540690803601
-3.4949209999999997 -6.142617e-05 -1.107975649350649 -1.002884079673994
-3.524713 -6.057087e-05 -1.0925481601731597 -0.988919888949663
-3.554634 -6.134931e-05 -1.1065892857142856 -1.001629212727809
-3.584736 -6.075179e-05 -1.0958115079365078 -0.991873707943988
-3.614866 -6.038123e-05 -1.089127525252525 -0.9858237014961824
-3.644977 -6.060666e-05 -1.0931937229437225 -0.989504220045213
-3.67493 -6.04351e-05 -1.090099206349206 -0.9867032185712669
-3.704792 -6.051761e-05 -1.0915874819624816 -0.9880503311360564
-3.7349580000000002 -6.058559e-05 -1.0928136724386721 -0.9891602173577797
-3.765005 -6.141124e-05 -1.107706349206349 -1.0026403226676637
-3.795097 -6.05964e-05 -1.0930086580086578 -0.9893367085324904
-3.824875 -6.119692e-05 -1.103840548340548 -0.9991411932907917
-3.854628 -6.085647e-05 -1.0976996753246748 -0.9935827825201867
-3.88432 -6.084027e-05 -1.097407467532467 -0.9933182906579932
-3.914588 -6.133135e-05 -1.1062653318903315 -1.0013359859472535
-3.944681 -6.143331e-05 -1.1081044372294369 -1.003000652013257
-3.975032 -6.099332e-05 -1.1001681096681093 -0.9958170856893961
-4.004647 -6.120621e-05 -1.1040081168831164 -0.9992928679450989
-4.034421 -6.129977e-05 -1.1056957070707067 -1.0008203900825576
-4.064792 -6.041856e-05 -1.0898008658008655 -0.9864331756452989
-4.0952269999999995 -6.068918e-05 -1.0946821789321786 -0.9908514958765843
-4.125227 -6.189428e-05 -1.1164191919191917 -1.010526751625317
-4.154997000000001 -6.141878e-05 -1.1078423520923517 -1.002763425670191
-4.184875 -6.019873e-05 -1.0858356782106777 -0.9828440863819646
-4.215198999999999 -6.10554e-05 -1.1012878787878786 -0.9968306446279749
-4.245449 -6.131067e-05 -1.1058923160173155 -1.0009983506565028
-4.275042999999999 -6.047561e-05 -1.0908299062049058 -0.9873646114933323
-4.304847 -6.037788e-05 -1.0890670995670992 -0.985769007191346
-4.3348379999999995 -6.072652e-05 -1.0953556998556995 -0.9914611332922821
-4.3651159999999996 -6.175502e-05 -1.1139072871572866 -1.0082531012099416
-4.395207999999999 -6.024443e-05 -1.0866599927849925 -0.9835902146598812
-4.4251949999999995 -6.064142e-05 -1.0938207070707067 -0.9900717346828579
-4.454930999999999 -6.113743e-05 -1.102767496392496 -0.9981699203968476
-4.485051 -6.069841e-05 -1.0948486652236649 -0.991002190931402
-4.515032 -6.061169e-05 -1.0932844516594513 -0.9895863431357584
-4.545514 -6.078522e-05 -1.0964145021645018 -0.9924195081262799
-4.575185 -6.022949e-05 -1.086390512265512 -0.9833462943869693
-4.604977 -6.099082e-05 -1.1001230158730155 -0.9957762690439957
-4.635125 -6.104691e-05 -1.1011347402597398 -0.9966920313001956
-4.665347 -6.12152e-05 -1.104170274170274 -0.9994396446019583
-4.695232 -6.116529e-05 -1.103270021645021 -0.9986247810931878
-4.725283 -6.1434e-05 -1.1081168831168826 -1.0030119174073875
-4.755255 -6.151875e-05 -1.1096455627705626 -1.0043956016864557
-4.785319 -6.080761e-05 -1.0968183621933618 -0.9927850620024844
-4.815082 -6.131083e-05 -1.1058952020202015 -1.0010009629218084
-4.845014 -6.008593e-05 -1.083801046176046 -0.9810024393415059
-4.875236 -6.131369e-05 -1.105946789321789 -1.0010476571641462
-4.90531 -6.117833e-05 -1.1035052308802304 -0.9988376807155955
-4.935289 -6.130784e-05 -1.1058412698412696 -1.00095214621391
-4.965208 -6.051951e-05 -1.091621753246753 -0.9880813517865605
-4.995063 -6.124244e-05 -1.1046616161616156 -0.9998843827702393
-5.024625 -6.092021e-05 -1.0988493867243865 -0.9946234437113115
-5.054977 -6.06084e-05 -1.0932251082251077 -0.9895326284304115
-5.084761 -6.109621e-05 -1.1020239898989896 -0.9974969355474884
-5.114477 -6.168075e-05 -1.1125676406926404 -1.0070405203083914
-5.145005 -6.072759e-05 -1.0953749999999995 -0.9914786028165135
-5.1751059999999995 -6.132378e-05 -1.1061287878787875 -1.0012123931449817
-5.204893 -6.120196e-05 -1.103931457431457 -0.9992234796479185
-5.234560999999999 -6.127355e-05 -1.105222763347763 -1.0003923051056
-5.264695 -6.10843e-05 -1.1018091630591624 -0.9973024850488015
-5.294634 -6.120589e-05 -1.1040023448773446 -0.9992876434144878
-5.324866 -6.146362e-05 -1.108651154401154 -1.0034955130220895
-5.355079 -6.133773e-05 -1.1063804112554108 -1.0014401500263148
-5.384708 -6.072806e-05 -1.0953834776334772 -0.9914862763458487
-5.414707999999999 -6.071182e-05 -1.095090548340548 -0.9912211314173287
-5.444921 -6.151402e-05 -1.1095602453102449 -1.0043183765933583
-5.474671 -6.108345e-05 -1.101793831168831 -0.9972886073893655
-5.504856 -6.168076e-05 -1.112567821067821 -1.0070406835749732
-5.534587999999999 -6.08981e-05 -1.0984505772005768 -0.9942624612993917
-5.564533 -6.062377e-05 -1.0935023448773444 -0.9897835691663323
-5.594792 -6.120886e-05 -1.104055916305916 -0.9993361335892235
-5.625044 -6.115546e-05 -1.1030927128427124 -0.9984642900434741
-5.6549309999999995 -6.159079e-05 -1.110944985569985 -1.005571774140309
-5.684838 -6.077827e-05 -1.0962891414141411 -0.9923060378520673
-5.714949 -6.183775e-05 -1.1153995310245306 -1.0096038056395267
-5.744628 -6.020557e-05 -1.0859590548340545 -0.9829557607237799
-5.774403 -6.045067e-05 -1.09038005050505 -0.9869574246388195
-5.804486 -6.081363e-05 -1.0969269480519477 -0.9928833484846082
-5.834375 -6.076378e-05 -1.0960277777777774 -0.9920694645753274
-5.864458 -6.072963e-05 -1.0954117965367962 -0.9915119091991601
-5.894319 -6.028145e-05 -1.0873277417027414 -0.9841946275449679
-5.924588 -6.138947e-05 -1.107313672438672 -1.0022848913195184
-5.954782 -6.153811e-05 -1.1099947691197687 -1.0047116857884353
-5.984811 -6.143356e-05 -1.1081089466089464 -1.0030047336777972
-6.014811 -6.090562e-05 -1.098586219336219 -0.9943852377687556
-6.044606 -6.117739e-05 -1.1034882756132751 -0.998822333656925
-6.0745510000000005 -6.194624e-05 -1.1173564213564209 -1.0113750847833154
-6.104866 -6.158061e-05 -1.1107613636363634 -1.0054055687602392
-6.134837999999999 -6.207861e-05 -1.1197440476190472 -1.0135362445239675
-6.164572 -6.135231e-05 -1.1066433982683979 -1.0016781927022893
-6.194283 -6.153973e-05 -1.1100239898989896 -1.0047381349746547
-6.2243379999999995 -6.129282e-05 -1.105570346320346 -1.000706919808345
-6.254542000000001 -6.106344e-05 -1.1014329004329 -0.9969619109595819
-6.2844679999999995 -6.077828e-05 -1.0962893217893213 -0.9923062011186488
-6.314560999999999 -6.106745e-05 -1.1015052308802302 -0.9970273808588038
-6.344402 -6.164527e-05 -1.1119276695526692 -1.006461250476871
-6.374301 -6.081125e-05 -1.0968840187590183 -0.9928444910381872
-6.404308 -6.058168e-05 -1.0927431457431453 -0.9890963801243737
-6.434079 -6.081664e-05 -1.0969812409812405 -0.99293249172567
-6.4639679999999995 -6.12196e-05 -1.1042496392496388 -0.9995114818978628
-6.494199 -6.160083e-05 -1.111126082251082 -1.0057356937882365
-6.5241620000000005 -6.148486e-05 -1.109034271284271 -1.00384229124141
-6.554329 -6.108237e-05 -1.1017743506493503 -0.9972709745985526
-6.584533 -6.10834e-05 -1.101792929292929 -0.9972877910564575
-6.614128 -6.094804e-05 -1.0993513708513705 -0.9950778146079069
-6.644107 -6.127142e-05 -1.1051843434343431 -1.000357529323719
-6.6739489999999995 -6.13392e-05 -1.106406926406926 -1.0014641502138102
-6.703921 -6.148555e-05 -1.1090467171717167 -1.0038535566355404
-6.734255 -6.096195e-05 -1.0996022727272723 -0.9953049184229137
-6.764005 -6.097737e-05 -1.099880411255411 -0.9955566754917425
-6.793875 -6.112233e-05 -1.1024951298701293 -0.99792338785863
-6.824125 -6.071447e-05 -1.0951383477633474 -0.991264397061453
-6.854033 -6.080349e-05 -1.0967440476190473 -0.9927177961708649
-6.884394 -6.145641e-05 -1.1085211038961036 -1.0033777978167553
-6.914338 -6.102339e-05 -1.1007104978354976 -0.9963080283002702
-6.94412 -6.165132e-05 -1.112036796536796 -1.0065600267587398
-6.973885 -6.09372e-05 -1.0991558441558438 -0.9949008336334515
-7.003764 -6.10499e-05 -1.1011886724386721 -0.9967408480080943
-7.033857 -6.06077e-05 -1.0932124819624816 -0.9895211997696995
-7.063986 -6.133784e-05 -1.106382395382395 -1.0014419459587127
-7.094098 -6.196127e-05 -1.117627525252525 -1.0116204744554618
-7.1240879999999995 -6.119818e-05 -1.1038632756132754 -0.9991617648800736
-7.153977 -6.097499e-05 -1.0998374819624814 -0.9955178180453214
-7.184061 -6.162059e-05 -1.1114825036075031 -1.0060583085534798
-7.214505 -6.126059e-05 -1.1049889971139968 -1.000180711615845
-7.243978 -6.107161e-05 -1.1015802669552666 -0.9970952997567499
-7.273949 -6.1247e-05 -1.104743867243867 -0.9999588323314496
-7.304033 -6.098471e-05 -1.1000128066378063 -0.9956765131626376
-7.333921 -6.090285e-05 -1.098536255411255 -0.9943400129256521
-7.364069000000001 -6.190051e-05 -1.116531565656565 -1.0106284667056542
-7.39393 -6.149078e-05 -1.109141053391053 -1.0039389450577179
-7.423736 -6.118711e-05 -1.1036636002886 -0.9989810287742413
-7.453486 -6.114877e-05 -1.1029720418470415 -0.9983550647003832
-7.483930999999999 -6.13657e-05 -1.1068849206349203 -1.0018968066550529
-7.513680999999999 -6.150146e-05 -1.1093336940836938 -1.0041133137668676
-7.543497 -6.166171e-05 -1.112224206349206 -1.0067296607370233
-7.573375 -6.122896e-05 -1.10441847041847 -0.9996642994182413
-7.603551 -6.128704e-05 -1.1054660894660893 -1.0006125517241797
-7.6332830000000005 -6.174957e-05 -1.113808982683982 -1.008164120922969
-7.663347 -6.143386e-05 -1.1081143578643575 -1.003009631675245
-7.693412 -6.098062e-05 -1.0999390331890329 -0.9956097371307628
-7.723533000000001 -6.127857e-05 -1.1053133116883114 -1.0004742649295637
-7.753153 -6.135931e-05 -1.1067696608946604 -1.00179247930941
-7.782958 -6.063313e-05 -1.0936711760461757 -0.9899363866867108
-7.813358 -6.11071e-05 -1.102220418470418 -0.9976747328548518
-7.843394 -6.160756e-05 -1.111247474747474 -1.0058455721976536
-7.873496 -6.137075e-05 -1.1069760101010098 -1.0019792562787613
-7.903053 -6.085615e-05 -1.0976939033189028 -0.9935775579895755
-7.932755 -6.063957e-05 -1.0937873376623373 -0.9900415303652618
-7.963167 -6.096248e-05 -1.0996118326118323 -0.9953135715517387
-7.993271 -6.129019e-05 -1.1055229076479074 -1.000663980697384
-8.023059 -6.132509e-05 -1.1061524170274166 -1.0012337810671714
-8.0531 -6.096362e-05 -1.099632395382395 -0.9953321839420413
-8.082764000000001 -6.074096e-05 -1.0956161616161613 -0.991696890236114
-8.112894 -6.073578e-05 -1.095522727272727 -0.9916123181468448
-8.143274 -6.129128e-05 -1.1055425685425682 -1.0006817767547784
-8.172968 -6.124773e-05 -1.1047570346320341 -0.9999707507919062
-8.202978 -6.122539e-05 -1.104354076479076 -0.9996060132486095
-8.233023 -6.092558e-05 -1.0989462481962478 -0.994711117865631
-8.262675999999999 -6.178459e-05 -1.1144406565656564 -1.008735880491736
-8.292848 -6.117057e-05 -1.1033652597402592 -0.9987109858482731
-8.322783 -6.113792e-05 -1.1027763347763346 -0.9981779204593462
-8.352572 -6.128453e-05 -1.105420815295815 -1.000571571812198
-8.382376 -6.14624e-05 -1.1086291486291484 -1.0034755944991345
-8.412542 -6.188611e-05 -1.1162718253968251 -1.010393362828149
-8.442699000000001 -6.149111e-05 -1.1091470057720054 -1.0039443328549107
-8.472857 -6.175064e-05 -1.1138282828282824 -1.0081815904472005
-8.502583000000001 -6.126179e-05 -1.1050106421356418 -1.0002003036056373
-8.532357 -6.089292e-05 -1.0983571428571424 -0.9941778892101223
-8.562385 -6.118804e-05 -1.1036803751803748 -0.9989962125663301
-8.592317 -6.09964e-05 -1.1002236652236648 -0.9958673717965291
-8.622302 -6.129983e-05 -1.1056967893217888 -1.0008213696820472
-8.652366 -6.150307e-05 -1.1093627344877341 -1.0041395996865055
-8.682450000000001 -6.112301e-05 -1.1025073953823952 -0.9979344899861791
-8.712035 -6.186861e-05 -1.1159561688311685 -1.010107646310347
-8.742265 -6.139814e-05 -1.1074700577200571 -1.0024264434457664
-8.772403 -6.140934e-05 -1.1076720779220777 -1.0026093020171596
-8.802054 -6.11864e-05 -1.1036507936507933 -0.9989694368469475
-8.831626 -6.1308e-05 -1.1058441558441554 -1.0009547584792153
-8.861626 -6.085857e-05 -1.0977375541125536 -0.9936170685023229
-8.891718000000001 -6.087022e-05 -1.0979476911976909 -0.9938072740698881
-8.921704 -6.058844e-05 -1.0928650793650792 -0.9892067483335361
-8.951413 -6.130088e-05 -1.1057157287157287 -1.0008385126731156
-8.981395000000001 -6.13496e-05 -1.1065945165945161 -1.0016339474586753
-9.011422 -6.152619e-05 -1.1097797619047618 -1.0045170720231669
-9.041289 -6.158244e-05 -1.1107943722943718 -1.0054354465446722
-9.071228 -6.072562e-05 -1.0953394660894658 -0.9914464392999381
-9.101145 -6.082678e-05 -1.0971641414141409 -0.9930980440394134
-9.131098 -6.142839e-05 -1.108015692640692 -1.0029203248551093
-9.161135 -6.131952e-05 -1.1060519480519477 -1.0011428415812196
-9.191079 -6.049636e-05 -1.0912041847041845 -0.9877033896501544
-9.221153000000001 -6.151423e-05 -1.1095640331890326 -1.0043218051915719
-9.250808999999999 -6.091884e-05 -1.0988246753246749 -0.994601076189632
-9.280577 -6.152659e-05 -1.1097869769119764 -1.0045236026864306
-9.310801999999999 -6.091659e-05 -1.0987840909090905 -0.9945643412087718
-9.340793 -6.095661e-05 -1.099505952380952 -0.9952177340683389
-9.370524999999999 -6.073281e-05 -1.0954691558441554 -0.9915638279721092
-9.400153 -6.145283e-05 -1.1084565295815292 -1.003319348380542
-9.430116 -6.117077e-05 -1.1033688672438668 -0.9987142511799052
-9.459903 -6.153022e-05 -1.1098524531024527 -1.004582868455552
-9.489894 -6.153022e-05 -1.1098524531024527 -1.004582868455552
-9.519895 -6.155747e-05 -1.110343975468975 -1.0050277698904146
-9.549848 -6.118944e-05 -1.1037056277056274 -0.9990190698877542
-9.579912 -6.083188e-05 -1.0972561327561325 -0.99318130999603
-9.609866 -6.109153e-05 -1.101939574314574 -0.9974205267872992
-9.639912 -6.131489e-05 -1.105968434343434 -1.0010672491539383
-9.669894000000001 -6.075617e-05 -1.0958905122655118 -0.9919452187067291
-9.699913 -6.149545e-05 -1.1092252886002882 -1.0040151905513255
-9.730024 -6.156792e-05 -1.110532467532467 -1.0051983834681877
-9.759774 -6.104432e-05 -1.1010880230880227 -0.9966497452555609
-9.789626 -6.150805e-05 -1.109452561327561 -1.0042209064441427
-9.819839 -6.105828e-05 -1.1013398268398267 -0.9968776654034761
-9.849885 -6.133886e-05 -1.1064007936507934 -1.0014585991500358
-9.879792 -6.075191e-05 -1.095813672438672 -0.991875667142967
-9.909773 -6.149684e-05 -1.1092503607503603 -1.004037884606168
-9.939709 -6.098389e-05 -1.0999980158730156 -0.9956631253029464
-9.969876000000001 -6.076334e-05 -1.0960198412698408 -0.9920622808457368
-9.991982 -6.098307e-05 -1.0999832251082249 -0.9956497374432551
-9.993619 -6.131893e-05 -1.1060413059163055 -1.001133208852905
-9.965200000000001 -6.077821e-05 -1.0962880591630588 -0.9923050582525775
-9.935626000000001 -6.166603e-05 -1.1123021284271282 -1.0068001919002747
-9.905913 -6.128682e-05 -1.1054621212121207 -1.0006089598593844
-9.876628 -6.116872e-05 -1.10333189033189 -0.9986807815306771
-9.846598 -6.116157e-05 -1.1032029220779218 -0.9985640459248324
-9.816672 -6.124167e-05 -1.1046477272727269 -0.9998718112434559
-9.786895000000001 -6.137118e-05 -1.1069837662337658 -1.0019862767417702
-9.757284 -6.08629e-05 -1.0978156565656563 -0.9936877629321563
-9.727523999999999 -6.02335e-05 -1.0864628427128422 -0.9834117642861913
-9.69746 -6.100202e-05 -1.1003250360750358 -0.995959127615389
-9.667497 -6.112479e-05 -1.1025395021645017 -0.9979635514377039
-9.637922 -6.164556e-05 -1.1119329004329 -1.0064659852077376
-9.608006999999999 -6.077649e-05 -1.0962570346320342 -0.9922769764005422
-9.578006 -6.0957e-05 -1.0995129870129867 -0.9952241014650214
-9.548173 -6.095012e-05 -1.0993888888888885 -0.9951117740568798
-9.517808 -6.110784e-05 -1.1022337662337658 -0.9976868145818903
-9.48808 -6.048166e-05 -1.0909390331890327 -0.9874633877752007
-9.457858 -6.105608e-05 -1.101300144300144 -0.9968417467555237
-9.428099 -6.160243e-05 -1.1111549422799418 -1.0057618164412927
-9.398182 -6.192404e-05 -1.116955988455988 -1.0110126329721614
-9.368241 -6.058692e-05 -1.092837662337662 -0.9891819318131327
-9.338479 -6.140651e-05 -1.1076210317460313 -1.0025630975745663
-9.308646000000001 -6.09977e-05 -1.1002471139971137 -0.9958885964521373
-9.278661 -6.087872e-05 -1.0981010101010098 -0.9939460506642489
-9.248902 -6.010273e-05 -1.0841040764790761 -0.9812767271985955
-9.218654 -6.148526e-05 -1.1090414862914861 -1.0038488219046742
-9.188589 -6.120335e-05 -1.1039565295815292 -0.9992461737027611
-9.158599 -6.105085e-05 -1.1012058080808076 -0.9967563583333463
-9.128784 -6.134848e-05 -1.1065743145743143 -1.0016156616015361
-9.099043 -6.134791e-05 -1.106564033189033 -1.0016063554063848
-9.069118 -6.026603e-05 -1.0870496031746026 -0.9839428704761392
-9.039441 -6.13548e-05 -1.106688311688311 -1.0017188460811077
-9.00958 -6.118603e-05 -1.1036441197691191 -0.9989633959834281
-8.979377000000001 -6.176027e-05 -1.1140019841269837 -1.0083388161652822
-8.94957 -6.105887e-05 -1.1013504689754687 -0.9968872981317904
-8.919506 -6.049688e-05 -1.0912135642135639 -0.9877118795123976
-8.889377 -6.115085e-05 -1.1030095598845597 -0.9983890241493562
-8.85958 -6.137596e-05 -1.1070699855699853 -1.0020643181677755
-8.829825999999999 -6.137247e-05 -1.1070070346320342 -1.0020073381307968
-8.799867 -6.099276e-05 -1.1001580086580083 -0.9958079427608265
-8.769817 -6.133902e-05 -1.1064036796536794 -1.0014612114153416
-8.739977999999999 -6.071127e-05 -1.0950806277056275 -0.9912121517553408
-8.710227999999999 -6.105928e-05 -1.101357864357864 -0.9968939920616362
-8.679932 -6.069455e-05 -1.0947790404040403 -0.990939170030904
-8.650127000000001 -6.112405e-05 -1.102526154401154 -0.9979514697106654
-8.620251 -6.168743e-05 -1.112688131313131 -1.0071495823849008
-8.590395000000001 -6.091799e-05 -1.098809343434343 -0.9945871985301961
-8.560191000000001 -6.149434e-05 -1.1092052669552666 -1.0039970679607677
-8.530145000000001 -6.190981e-05 -1.116699314574314 -1.010780304626543
-8.500099 -6.062697e-05 -1.0935600649350645 -0.9898358144724445
-8.470308000000001 -6.11211e-05 -1.1024729437229435 -0.9979033060690933
-8.440432000000001 -6.109365e-05 -1.1019778138528133 -0.9974551393025984
-8.410191000000001 -6.118888e-05 -1.1036955266955264 -0.9990099269591847
-8.380090000000001 -6.167361e-05 -1.1124388528138525 -1.0069239479691283
-8.350117000000001 -6.154765e-05 -1.1101668470418466 -1.0048674421072825
-8.320294 -6.128853e-05 -1.1054929653679648 -1.000636878444838
-8.290496 -6.110593e-05 -1.1021993145743143 -0.9976556306648046
-8.260645 -6.127141e-05 -1.1051841630591628 -1.0003573660571374
-8.230646 -6.077868e-05 -1.0962965367965365 -0.9923127317819128
-8.200700999999999 -6.115069e-05 -1.1030066738816735 -0.9983864118840505
-8.170646 -6.161186e-05 -1.1113250360750355 -1.0059157768277422
-8.140664 -6.141728e-05 -1.1078152958152956 -1.0027389356829508
-8.110524999999999 -6.112238e-05 -1.1024960317460313 -0.997924204191538
-8.080812 -6.112712e-05 -1.102581529581529 -0.9980015925512169
-8.050756 -6.057213e-05 -1.092570887445887 -0.9889404605389449
-8.020821 -6.096082e-05 -1.09958189033189 -0.995286469299193
-7.991025 -6.077195e-05 -1.096175144300144 -0.9922028533724955
-7.960785 -6.151157e-05 -1.109516053391053 -1.0042783762808662
-7.930896 -6.111918e-05 -1.1024383116883112 -0.9978719588854257
-7.900951 -6.14933e-05 -1.1091865079365075 -1.0039800882362813
-7.870831 -6.112771e-05 -1.1025921717171712 -0.9980112252795312
-7.840997000000001 -6.117608e-05 -1.1034646464646463 -0.9988009457347354
-7.81072 -6.212205e-05 -1.1205275974025972 -1.0142454745544423
-7.780761 -6.080173e-05 -1.0967123015873013 -0.9926890612525031
-7.750969 -6.105493e-05 -1.101279401154401 -0.9968229710986396
-7.720923 -6.103027e-05 -1.1008345959595955 -0.9964203557084116
-7.690958999999999 -6.114053e-05 -1.1028234126984122 -0.9982205330371439
-7.661283999999999 -6.088458e-05 -1.0982067099567097 -0.9940417248810671
-7.630886 -6.072033e-05 -1.0952440476190473 -0.9913600712782712
-7.600821 -6.08701e-05 -1.0979455266955263 -0.9938053148709088
-7.571044 -6.078429e-05 -1.0963977272727268 -0.9924043243341909
-7.541238 -6.169832e-05 -1.1128845598845594 -1.0073273796922642
-7.510998 -6.087116e-05 -1.097964646464646 -0.9938226211285585
-7.481195 -6.152109e-05 -1.1096877705627703 -1.0044338060665505
-7.451562 -6.076009e-05 -1.0959612193362192 -0.9920092192067167
-7.421506 -6.156672e-05 -1.110510822510822 -1.0051787914783954
-7.391377 -6.085153e-05 -1.0976105699855696 -0.9935021288288759
-7.3611819999999994 -6.144273e-05 -1.1082743506493502 -1.003154449133125
-7.331354999999999 -6.119369e-05 -1.1037822871572869 -0.9990884581849347
-7.3015159999999995 -6.192285e-05 -1.1169345238095234 -1.0109932042489507
-7.2716080000000005 -6.143084e-05 -1.1080598845598844 -1.0029603251676016
-7.241683 -6.133838e-05 -1.1063921356421353 -1.0014507623541191
-7.2115339999999994 -6.131128e-05 -1.1059033189033187 -1.0010083099179805
-7.18146 -6.150628e-05 -1.1094206349206346 -1.0041920082591993
-7.151238 -6.132607e-05 -1.1061700937950933 -1.0012497811921681
-7.121469 -6.129735e-05 -1.1056520562770558 -1.0007808795698103
-7.091423 -6.139716e-05 -1.1074523809523806 -1.0024104433207697
-7.061617 -6.200059e-05 -1.1183367604617602 -1.0122624386543169
-7.031367 -6.15371e-05 -1.1099765512265507 -1.0046951958636934
-7.001638 -6.114147e-05 -1.1028403679653676 -0.9982358800958142
-6.971876 -6.119091e-05 -1.1037321428571425 -0.9990430700752495
-6.941784999999999 -6.114649e-05 -1.1029309163059158 -0.998317839919778
-6.911941 -6.172583e-05 -1.1133807720057716 -1.0077765260582485
-6.88171 -6.171829e-05 -1.1132447691197687 -1.0076534230557215
-6.851646 -6.133764e-05 -1.1063787878787876 -1.0014386806270805
-6.821664 -6.169342e-05 -1.1127961760461755 -1.0072473790672798
-6.791535 -6.157099e-05 -1.1105878427128424 -1.005248506308739
-6.76171 -6.168603e-05 -1.1126628787878783 -1.0071267250634766
-6.731914 -6.151375e-05 -1.1095553751803748 -1.0043139683956552
-6.701765999999999 -6.095336e-05 -1.0994473304473302 -0.9951646724293186
-6.671729 -6.113304e-05 -1.1026883116883115 -0.9980982463675249
-6.641479 -6.12587e-05 -1.1049549062049058 -1.0001498542319225
-6.611497 -6.165706e-05 -1.1121403318903316 -1.0066537417765786
-6.581581 -6.130194e-05 -1.1057348484848482 -1.000855818930765
-6.5514790000000005 -6.130985e-05 -1.1058775252525248 -1.0009849627968113
-6.521714 -6.137322e-05 -1.1070205627705623 -1.0020195831244167
-6.491895 -6.129103e-05 -1.1055380591630588 -1.0006776950902383
-6.461997 -6.126759e-05 -1.1051152597402594 -1.0002949982229656
-6.431853 -6.166098e-05 -1.1122110389610387 -1.0067177422765663
-6.401542999999999 -6.150894e-05 -1.1094686147186144 -1.0042354371699052
-6.371451 -6.15761e-05 -1.1106800144300142 -1.0053319355319372
-6.341817 -6.195364e-05 -1.1174898989898987 -1.0114959020537002
-6.312016 -6.062751e-05 -1.093569805194805 -0.9898446308678511
-6.281941 -6.158787e-05 -1.1108923160173156 -1.0055241002984816
-6.252034 -6.084839e-05 -1.0975539321789318 -0.9934508631222532
-6.2219880000000005 -6.12616e-05 -1.1050072150072145 -1.0001972015405869
-6.1918310000000005 -6.064543e-05 -1.0938930375180371 -0.9901372045820799
-6.1620159999999995 -6.145979e-05 -1.1085820707070702 -1.0034329819213363
-6.132339 -6.14937e-05 -1.1091937229437225 -1.0039866188995452
-6.102016 -6.152952e-05 -1.1098398268398264 -1.00457143979484
-6.072071 -6.127871e-05 -1.1053158369408365 -1.0004765506617062
-6.041932 -6.127053e-05 -1.1051682900432895 -1.0003429985979564
-6.011876 -6.041207e-05 -1.0896838023088018 -0.9863272156338397
-5.981921000000001 -6.16347e-05 -1.1117370129870126 -1.006288677700119
-5.952247000000001 -6.123335e-05 -1.1044976551226549 -0.9997359734475642
-5.921905 -6.112381e-05 -1.102521825396825 -0.9979475513127071
-5.892035 -6.16753e-05 -1.1124693362193359 -1.0069515400214188
-5.862423 -6.055511e-05 -1.0922638888888885 -0.9886625808170599
-5.83221 -6.154134e-05 -1.1100530303030298 -1.004764420894292
-5.801988000000001 -6.165751e-05 -1.1121484487734485 -1.006661088772751
-5.771979 -6.154369e-05 -1.1100954184704181 -1.0048027885409685
-5.741941 -6.148875e-05 -1.1091044372294367 -1.0039058019416527
-5.712109000000001 -6.142867e-05 -1.1080207431457427 -1.0029248963193942
-5.682367 -6.06711e-05 -1.0943560606060603 -0.9905563098970497
-5.652312 -6.101872e-05 -1.1006262626262624 -0.9962317828066626
-5.622321 -6.15434e-05 -1.1100901875901872 -1.0047980538101022
-5.591997 -6.097301e-05 -1.0998017676767675 -0.9954854912621646
-5.562219 -6.070662e-05 -1.0949967532467528 -0.9911362327948963
-5.5320339999999995 -6.177017e-05 -1.1141805555555553 -1.0085004500810673
-5.50234 -6.160396e-05 -1.1111825396825392 -1.0057867962282776
-5.472404 -6.118938e-05 -1.103704545454545 -0.9990180902882646
-5.442339 -6.087336e-05 -1.0980043290043286 -0.9938585397765108
-5.412134 -6.166555e-05 -1.11229347041847 -1.0067923551043578
-5.382034 -6.139677e-05 -1.107445346320346 -1.002404075924087
-5.351831 -6.108516e-05 -1.101824675324675 -0.9973165259748192
-5.321905 -6.080804e-05 -1.0968261183261179 -0.9927920824654932
-5.2918829999999994 -6.088506e-05 -1.0982153679653677 -0.994049561676984
-5.262256000000001 -6.063903e-05 -1.0937775974025972 -0.9900327139698555
-5.232433 -6.133401e-05 -1.1063133116883115 -1.0013794148579596
-5.202303 -6.087851e-05 -1.0980972222222216 -0.9939426220660352
-5.172358 -6.098916e-05 -1.1000930735930734 -0.9957491667914501
-5.142377000000001 -6.084473e-05 -1.0974879148629144 -0.9933911075533872
-5.112043 -6.080756e-05 -1.09681746031746 -0.9927842456695765
-5.0818959999999995 -6.080159e-05 -1.0967097763347757 -0.9926867755203606
-5.052016 -6.155405e-05 -1.1102822871572868 -1.0049719327195072
-5.022081 -6.125981e-05 -1.1049749278499275 -1.0001679768224803
-4.992312 -6.140629e-05 -1.107617063492063 -1.002559505709771
-4.96245 -6.118812e-05 -1.103681818181818 -0.9989975186989831
-4.932646 -6.153023e-05 -1.109852633477633 -1.0045830317221336
-4.902497 -6.158964e-05 -1.110924242424242 -1.005552998483425
-4.872663999999999 -6.098938e-05 -1.1000970418470415 -0.9957527586562452
-4.842339 -6.132506e-05 -1.1061518759018756 -1.0012332912674267
-4.8122929999999995 -6.124861e-05 -1.1047729076479071 -0.999985118251087
-4.782247 -6.161969e-05 -1.1114662698412694 -1.0060436145611358
-4.752515000000001 -6.088688e-05 -1.0982481962481958 -0.9940792761948353
-4.7226729999999995 -6.121455e-05 -1.1041585497835495 -0.9994290322741542
-4.692562 -6.114026e-05 -1.1028185425685424 -0.9982161248394409
-4.662312 -6.154586e-05 -1.1101345598845596 -1.0048382173891761
-4.632345999999999 -6.140747e-05 -1.1076383477633474 -1.0025787711664
-4.60271 -6.091633e-05 -1.0987794011544008 -0.9945600962776502
-4.57246 -6.08371e-05 -1.0973502886002882 -0.9932665351516257
-4.542422999999999 -6.1103e-05 -1.1021464646464643 -0.9976077935563954
-4.512283999999999 -6.133505e-05 -1.1063320707070703 -1.0013963945824458
-4.482533999999999 -6.074255e-05 -1.095644841269841 -0.9917228496225886
-4.452405 -6.118967e-05 -1.103709776334776 -0.9990228250191311
-4.422479 -6.130632e-05 -1.1058138528138521 -1.0009273296935062
-4.3924319999999994 -6.092685e-05 -1.0989691558441554 -0.9947318527214943
-4.362374 -6.189656e-05 -1.1164603174603172 -1.010563976405922
-4.332368000000001 -6.157013e-05 -1.11057233044733 -1.0052344653827217
-4.302155 -6.10975e-05 -1.102047258297258 -0.9975179969365149
-4.272136000000001 -6.135461e-05 -1.106684884559884 -1.0017157440160573
-4.242515999999999 -6.107608e-05 -1.1016608946608943 -0.9971682799187258
-4.212441 -6.145242e-05 -1.1084491341991338 -1.0033126544506965
-4.182358 -6.102047e-05 -1.1006578282828279 -0.9962603544584427
-4.152608 -6.127606e-05 -1.1052680375180373 -1.0004332850175819
-4.122654000000001 -6.10702e-05 -1.1015548340548338 -0.9970722791687443
-4.092553 -6.092138e-05 -1.0988704906204902 -0.9946425459013587
-4.061969 -6.11567e-05 -1.103115079365079 -0.9984845350995927
-4.0323020000000005 -6.120808e-05 -1.1040418470418467 -0.9993233987958585
-4.002201 -6.125464e-05 -1.1048816738816734 -1.0000835679997924
-3.9720340000000003 -6.130896e-05 -1.1058614718614714 -1.000970432071049
-3.9419229999999996 -6.12386e-05 -1.1045923520923517 -0.9998216884029046
-3.911904 -6.142957e-05 -1.1080369769119767 -1.0029395903117384
-3.881979 -6.14031e-05 -1.1075595238095235 -1.0025074236702405
-3.8519789999999996 -6.137601e-05 -1.1070708874458872 -1.0020651345006835
-3.82228 -6.090854e-05 -1.0986388888888885 -0.994432911610583
-3.7924140000000004 -6.107797e-05 -1.1016949855699851 -0.9971991373026482
-3.7622750000000003 -6.149663e-05 -1.1092465728715724 -1.0040344560079544
-3.732173 -6.079944e-05 -1.0966709956709955 -0.9926516732053166
-3.7023490000000003 -6.105971e-05 -1.1013656204906201 -0.9969010125246449
-3.6726080000000003 -6.109478e-05 -1.101998196248196 -0.9974735884263195
-3.642479 -6.079481e-05 -1.0965874819624815 -0.992576080778035
-3.612479 -6.124544e-05 -1.1047157287157283 -0.9999333627447197
-3.582016 -6.106509e-05 -1.101462662337662 -0.9969888499455463
-3.552129 -6.15299e-05 -1.1098466810966807 -1.0045776439249408
-3.522275 -6.163429e-05 -1.1117296176046172 -1.0062819837702732
-3.492377 -6.131537e-05 -1.1059770923520922 -1.0010750859498554
-3.461979 -6.129562e-05 -1.1056208513708512 -1.0007526344511934
-3.432006 -6.121806e-05 -1.104221861471861 -0.9994863388442962
-3.4019229999999996 -6.083781e-05 -1.097363095238095 -0.9932781270789195
-3.371949 -6.11357e-05 -1.102736291486291 -0.9981416752782306
-3.34234 -6.139153e-05 -1.1073508297258294 -1.0023185242353283
-3.3120160000000003 -6.113428e-05 -1.1027106782106777 -0.9981184914236432
-3.282232 -6.182655e-05 -1.1151975108225103 -1.0094209470681335
-3.252265 -6.077303e-05 -1.0961946248196244 -0.9922204861633082
-3.222229 -6.143905e-05 -1.108207972582972 -1.003094367031096
-3.191969 -6.127688e-05 -1.1052828282828278 -1.000446672877273
-3.162006 -6.106203e-05 -1.101407467532467 -0.9969388903715762
-3.1319690000000002 -6.045311e-05 -1.0904240620490615 -0.98699726168473
-3.102043 -6.075986e-05 -1.0959570707070703 -0.9920054640753397
-3.0718490000000003 -6.098462e-05 -1.1000111832611827 -0.9956750437634031
-3.041877 -6.112228e-05 -1.1024942279942274 -0.997922571525722
-3.011949 -6.13673e-05 -1.1069137806637805 -1.0019229293081091
-2.981756 -6.120188e-05 -1.1039300144300142 -0.9992221735152659
-2.951968 -6.059684e-05 -1.0930165945165942 -0.9893438922620807
-2.9220900000000003 -6.1313e-05 -1.105934343434343 -1.0010363917700156
-2.89209 -6.059181e-05 -1.0929258658008656 -0.9892617691715356
-2.861923 -6.118591e-05 -1.103641955266955 -0.9989614367844492
-2.832117 -6.127599e-05 -1.1052667748917746 -1.0004321421515106
-2.8017469999999998 -6.130019e-05 -1.1057032828282825 -1.000827247278985
-2.771902 -6.043764e-05 -1.0901450216450215 -0.9867446882829936
-2.741923 -6.052614e-05 -1.0917413419913415 -0.988189597530162
-2.7120990000000003 -6.089136e-05 -1.098329004329004 -0.9941524196233925
-2.6821260000000002 -6.12333e-05 -1.104496753246753 -0.999735157114656
-2.651867 -6.080177e-05 -1.0967130230880227 -0.9926897143188295
-2.62184 -6.083686e-05 -1.0973459595959592 -0.9932626167536672
-2.591747 -6.105606e-05 -1.101299783549783 -0.9968414202223604
-2.561883 -6.081799e-05 -1.0970055916305912 -0.9929545327141862
-2.532108 -6.112356e-05 -1.1025173160173158 -0.9979434696481672
-2.501914 -6.079811e-05 -1.0966470057720052 -0.9926299587499634
-2.4719879999999996 -6.087763e-05 -1.0980813492063488 -0.9939282546068543
-2.4420520000000003 -6.073605e-05 -1.0955275974025969 -0.9916167263445478
-2.412006 -6.093288e-05 -1.0990779220779217 -0.9948303024701997
-2.382136 -6.071802e-05 -1.0952023809523805 -0.9913223566979213
-2.3521170000000002 -6.071739e-05 -1.095191017316017 -0.9913120709032806
-2.322006 -6.059403e-05 -1.0929659090909087 -0.9892980143526511
-2.29196 -6.139331e-05 -1.107382936507936 -1.002347585686853
-2.262201 -6.053109e-05 -1.0918306277056273 -0.9882704144880545
-2.232136 -6.153288e-05 -1.1099004329004327 -1.0046262973662579
-2.2020619999999997 -5.99793e-05 -1.0818777056277051 -0.9792615277818946
-2.1718859999999998 -6.056896e-05 -1.092513708513708 -0.9888887050325772
-2.1419409999999997 -6.047699e-05 -1.0908547979797978 -0.9873871422815933
-2.112089 -6.136519e-05 -1.1068757215007212 -1.0018884800593915
-2.082016 -6.042734e-05 -1.0899592352092347 -0.9865765237039443
-2.0518400000000003 -6.087009e-05 -1.097945346320346 -0.9938051516043271
-2.021488 -6.082209e-05 -1.097079545454545 -0.9930214720126426
-1.99159 -6.056553e-05 -1.0924518398268395 -0.9888327045950882
-1.961793 -6.050528e-05 -1.0913650793650789 -0.9878490234409423
-1.9317929999999999 -6.07089e-05 -1.0950378787878783 -0.9911734575755011
-1.9024400000000001 -6.045858e-05 -1.090522727272727 -0.987086568504866
-1.8721079999999999 -6.035833e-05 -1.0887144660894656 -0.9854498210243162
-1.841719 -6.119745e-05 -1.1038501082251078 -0.9991498464196165
-1.811742 -6.080766e-05 -1.0968192640692638 -0.9927858783353924
-1.781888 -6.062401e-05 -1.0935066738816737 -0.9897874875642907
-1.7518399999999998 -6.073025e-05 -1.0954229797979795 -0.9915220317272194
-1.7217280000000001 -6.069024e-05 -1.0947012987012983 -0.9908688021342339
-1.691756 -6.010829e-05 -1.084204365079365 -0.9813675034179656
-1.661701 -6.085045e-05 -1.097591089466089 -0.9934844960380629
-1.631562 -6.0312e-05 -1.0878787878787874 -0.9846934069517589
-1.602091 -6.038389e-05 -1.0891755050505045 -0.9858671304068882
-1.572016 -6.064566e-05 -1.0938971861471858 -0.9901409597134567
-1.54167 -6.092471e-05 -1.0989305555555553 -0.9946969136730318
-1.511571 -6.080388e-05 -1.096751082251082 -0.9927241635675473
-1.481506 -6.023449e-05 -1.0864806998556995 -0.9834279276777697
-1.4515619999999998 -6.115656e-05 -1.1031125541125537 -0.9984822493674501
-1.421543 -6.093624e-05 -1.0991385281385277 -0.9948851600416178
-1.39171 -6.096333e-05 -1.099627164502164 -0.9953274492111747
-1.3617190000000001 -6.008322e-05 -1.0837521645021642 -0.9809581940978919
-1.331904 -6.058739e-05 -1.0928461399711396 -0.9891896053424679
-1.3017159999999999 -5.983566e-05 -1.079286796536796 -0.9769163666037783
-1.271676 -6.026703e-05 -1.0870676406926403 -0.9839591971342992
-1.242238 -6.038137e-05 -1.08913005050505 -0.9858259872283248
-1.211914 -6.097131e-05 -1.0997711038961036 -0.9954577359432923
-1.1817929999999999 -6.031642e-05 -1.0879585137085133 -0.9847655707808264
-1.151867 -6.027318e-05 -1.087178571428571 -0.984059606081984
-1.1216169999999999 -6.009884e-05 -1.08403391053391 -0.9812132164983526
-1.091544 -6.0426e-05 -1.0899350649350645 -0.9865546459820098
-1.0616079999999999 -5.988818e-05 -1.0802341269841265 -0.9777738426903465
-1.0315619999999999 -6.068338e-05 -1.094577561327561 -0.9907568012592556
-1.001645 -6.038942e-05 -1.0892752525252523 -0.9859574168265136
-0.9715153 -5.993317e-05 -1.0810456349206345 -0.9785083790409693
-0.9416661000000001 -5.982562e-05 -1.0791056998556994 -0.976752446955851
-0.9117282999999999 -6.011857e-05 -1.0843897907647904 -0.9815353414638514
-0.8815432 -5.991096e-05 -1.0806450216450212 -0.9781457639632336
-0.8515524 -5.974577e-05 -1.0776654040404037 -0.9754487633017672
-0.8215709000000001 -6.022868e-05 -1.0863759018759014 -0.9833330697938596
-0.7915339 -6.060178e-05 -1.0931056998556994 -0.9894245459533917
-0.7614135 -5.992982e-05 -1.080985209235209 -0.9784536847361331
-0.7313857 -5.962958e-05 -1.0755696248196245 -0.9735517688901457
-0.7013579999999999 -5.98596e-05 -1.0797186147186144 -0.977307226800131
-0.6715245 -6.012314e-05 -1.0844722222222218 -0.9816099542916431
-0.641432 -5.957456e-05 -1.0745772005772003 -0.9726534761581771
-0.6114774 -5.985754e-05 -1.0796814574314568 -0.9772735938843211
-0.5815987 -5.971227e-05 -1.0770611471861469 -0.974901820253404
-0.5517098 -5.97437e-05 -1.077628066378066 -0.9754149671193758
-0.5213672 -5.977563e-05 -1.078204004329004 -0.9759362773144278
-0.49125610000000003 -6.03666e-05 -1.088863636363636 -0.9855848424873002
-0.4613076 -5.992175e-05 -1.0808396464646461 -0.9783219286047812
-0.4316635 -5.986682e-05 -1.079848845598845 -0.977425105272047
-0.401645 -5.906792e-05 -1.065438672438672 -0.9643817380679456
-0.3714876 -5.853645e-05 -1.0558522727272723 -0.955704609055599
-0.3413116 -5.878881e-05 -1.0604042207792204 -0.959824804508881
-0.3114208 -5.769295e-05 -1.0406376262626258 -0.9419330728975572
-0.2814135 -5.623566e-05 -1.0143517316017312 -0.9181403972274298
-0.2513765 -5.36029e-05 -0.9668632756132752 -0.8751562246898533
-0.2212005 -4.906184e-05 -0.8849538239538236 -0.8010158903853641
-0.19139250000000002 -4.119055e-05 -0.7429752886002884 -0.6725040292763758
-0.1613579 -3.332161e-05 -0.6010391414141412 -0.5440305358140635
-0.131251 -2.559432e-05 -0.4616580086580085 -0.417869713480129
-0.1015061 -1.964292e-05 -0.3543095238095237 -0.32070324010612883
-0.07166349 -1.532407e-05 -0.2764081890331889 -0.2501908525113947
-0.04142274 -1.247307e-05 -0.22498322510822505 -0.20364355009695875
-0.011459780000000001 -8.530797e-06 -0.15387440476190473 -0.1392794064521794
0.01871126 -6.388869e-06 -0.1152393398268398 -0.10430888019263956
0.048568 -3.743582e-06 -0.06752492784992782 -0.06112018360829154
0.07862356 -1.807964e-06 -0.03261118326118325 -0.02951801019376127
0.1086606 -2.420308e-08 -0.00043656349206349195 -0.00039515541358147593
0.1388365 2.501469e-06 0.04512029220779219 0.04084062926107921
0.1689569 3.706861e-06 0.06686257215007213 0.06052065239399462
0.1991075 5.214601e-06 0.09405845959595957 0.085137007968299
0.2287396 6.108033e-06 0.11017375541125538 0.0997237668215906
0.2586328 8.54691e-06 0.15416504329004324 0.13954247789511304
0.28857920000000004 1.024402e-05 0.18477669552669548 0.16725061272519495
0.31865129999999997 1.108133e-05 0.1998796897546897 0.18092108686922562
0.349031 1.276198e-05 0.23019444444444434 0.20836048490599227
0.37905880000000003 1.44329e-05 0.260333694083694 0.23564102455886127
0.4089662 1.610397e-05 0.2904756493506493 0.2629240132104543
0.4390958 1.706089e-05 0.30773611111111104 0.2785473189370141
0.4687301 1.867662e-05 0.33687987012987003 0.3049267903260273
0.4985217 1.978021e-05 0.35678589466089455 0.32294472700492854
0.5289384 2.133834e-05 0.38489069264069253 0.3483837828839202
0.5588736 2.320874e-05 0.41862806637806627 0.37892116430656525
0.5889477000000001 2.421529e-05 0.43678373015873 0.3953547620776107
0.6189199 2.520234e-05 0.45458766233766223 0.41146999001453427
0.6489940000000001 2.767952e-05 0.4992698412698411 0.45191406107556287
0.6790218 2.918495e-05 0.5264240620490618 0.4764927020695174
0.7092162 3.003221e-05 0.5417065295815293 0.49032562646224104
0.7390496000000001 3.149566e-05 0.5681035353535352 0.5142188743466348
0.7691606000000001 3.389984e-05 0.6114689754689753 0.5534710993619762
0.7992069 3.548708e-05 0.6400988455988454 0.5793854242600084
0.8294385 3.718703e-05 0.6707617243867241 0.6071399267992649
0.8588717 3.951605e-05 0.7127714646464645 0.6451650401872936
0.8887532 4.164354e-05 0.7511461038961036 0.6798998421563179
0.9188273 4.415378e-05 0.796424603174603 0.7208836725361194
0.949207 4.653668e-05 0.8394062049062048 0.7597884662658142
0.9790588 4.850047e-05 0.8748281024531022 0.7918505942940306
1.009114 5.080767e-05 0.9164442640692638 0.829519460001006
1.039383 5.325525e-05 0.9605925324675322 0.8694802619804957
1.069281 5.534314e-05 0.9982528860028856 0.9035685282863801
1.0994659999999998 5.615276e-05 1.012856421356421 0.9167869172659578
1.128864 5.729204e-05 1.0334062049062045 0.9353875523745928
1.1593209999999998 5.79661e-05 1.045564574314574 0.9463926995739878
1.189614 5.809193e-05 1.047834235209235 0.9484470829702728
1.219337 5.894758e-05 1.0632680375180372 0.9624169880249597
1.249105 5.939539e-05 1.0713454184704183 0.9697282288156327
1.2791700000000001 5.893141e-05 1.0629763708513704 0.9621529859625106
1.309309 5.968396e-05 1.0765505050505046 0.9744396125608916
1.3394000000000001 5.969633e-05 1.0767736291486287 0.974641573322332
1.369096 5.968186e-05 1.076512626262626 0.9744053265787554
1.399244 6.054498e-05 1.0920811688311685 0.9884971917698983
1.42923 6.023211e-05 1.0864377705627704 0.9833890702313488
1.459068 6.043288e-05 1.0900591630591627 0.9866669733901514
1.489253 6.079058e-05 1.096511183261183 0.9925070190140179
1.519262 6.066795e-05 1.0942992424242421 0.9905048809238454
1.54929 6.06321e-05 1.093652597402597 0.9899195702288057
1.579372 6.008602e-05 1.0838026695526692 0.9810039087407402
1.609161 6.074224e-05 1.0956392496392493 0.991717788358559
1.639318 6.0157e-05 1.0850829725829723 0.9821627749369438
1.669281 6.036142e-05 1.0887702020202017 0.9855002703980308
1.699531 6.064674e-05 1.0939166666666662 0.9901585925042696
1.729504 6.071922e-05 1.0952240259740256 0.9913419486877135
1.759253 6.107183e-05 1.1015842352092349 0.9970988916215453
1.789457 6.055829e-05 1.0923212481962479 0.9887144995900091
1.819559 6.062195e-05 1.0934695165945163 0.989753854648481
1.8491739999999999 6.032752e-05 1.0881587301587299 0.9849467966864036
1.879207 6.10952e-05 1.1020057720057717 0.9974804456227467
1.909355 6.040436e-05 1.0895447330447325 0.9862013370994253
1.939429 6.024227e-05 1.0866210317460314 0.9835549490782552
1.969429 6.099969e-05 1.1002830086580082 0.9959210865018757
1.99955 6.066953e-05 1.0943277417027413 0.9905306770437383
2.029306 6.062036e-05 1.0934408369408366 0.9897278952620063
2.059568 6.083042e-05 1.0972297979797978 0.9931574730751164
2.0898000000000003 6.074692e-05 1.095723665223665 0.9917941971187483
2.1195410000000003 6.066248e-05 1.094200577200577 0.9904155741037096
2.149411 6.10001e-05 1.1002904040404038 0.9959277804317215
2.1794290000000003 6.105312e-05 1.101246753246753 0.9967934198473698
2.209651 6.109503e-05 1.102002705627705 0.9974776700908594
2.239827 6.098944e-05 1.1000981240981236 0.9957537382557348
2.26955 6.087831e-05 1.0980936147186144 0.9939393567344034
2.299531 6.086905e-05 1.097926587301587 0.9937881718798408
2.329598 6.035918e-05 1.0887297979797976 0.9854636986837523
2.3596239999999997 6.090961e-05 1.0986581890331886 0.9944503811348142
2.3896610000000003 6.115103e-05 1.1030128066378062 0.998391962947825
2.4196239999999998 6.104427e-05 1.1010871212121207 0.9966489289226529
2.449846 6.124622e-05 1.1047297979797976 0.9999460975380846
2.4795770000000004 6.079904e-05 1.0966637806637802 0.9926451425420524
2.5095859999999997 6.107774e-05 1.1016908369408365 0.9971953821712713
2.53967 6.113781e-05 1.1027743506493501 0.9981761245269484
2.5692869999999997 6.105294e-05 1.101243506493506 0.9967904810489009
2.599346 6.08353e-05 1.0973178210678207 0.9932371471669375
2.6295680000000003 6.084233e-05 1.0974446248196246 0.9933519235738031
2.65957 6.113771e-05 1.1027725468975467 0.9981744918611325
2.689087 6.115442e-05 1.1030739538239536 0.9984473103189878
2.719401 6.107159e-05 1.1015799062049059 0.9970949732235869
2.749438 6.099337e-05 1.1001690115440113 0.9958179020223041
2.7797069999999997 6.099918e-05 1.1002738095238092 0.9959127599062142
2.8093339999999998 6.104528e-05 1.1011053391053387 0.9966654188473947
2.8394850000000003 6.113986e-05 1.1028113275613274 0.9982095941761767
2.869624 6.108582e-05 1.1018365800865797 0.997327301569205
2.899683 6.01056e-05 1.0841558441558439 0.9813235847075149
2.9294569999999998 6.130898e-05 1.1058618326118324 1.0009707586042123
2.959762 6.140077e-05 1.107517496392496 1.0024693825567275
2.989818 6.093509e-05 1.0991177849927847 0.9948663843847336
3.0198739999999997 6.120546e-05 1.1039945887445883 0.9992806229514789
3.04979 6.142273e-05 1.1079136002886 1.0028279159699234
3.0798180000000004 6.083834e-05 1.0973726551226548 0.9932867802077443
3.109744 6.076954e-05 1.0961316738816735 0.9921635061263296
3.139881 6.155079e-05 1.1102234848484844 1.0049187078139052
3.169707 6.124792e-05 1.1047604617604614 0.9999738528569566
3.199503 6.099095e-05 1.1001253607503605 0.9957783915095566
3.229587 6.115731e-05 1.103126082251082 0.9984944943610703
3.259855 6.07704e-05 1.0961471861471856 0.9921775470523472
3.289806 6.138213e-05 1.1071812770562768 1.0021650536486233
3.31955 6.134691e-05 1.1065459956709953 1.0015900287482247
3.349685 6.102134e-05 1.1006735209235206 0.9962745586510419
3.379957 6.107719e-05 1.1016809163059158 0.9971864025092833
3.4097530000000003 6.153891e-05 1.1100091991341987 1.0047247471149632
3.439892 6.141739e-05 1.1078172799422796 1.0027407316153483
3.470013 6.07617e-05 1.0959902597402593 0.9920355051263543
3.4999290000000003 6.142876e-05 1.108022366522366 1.0029263657186285
3.529846 6.085485e-05 1.0976704545454543 0.9935563333339675
3.559948 6.06327e-05 1.0936634199134196 0.989929366223702
3.590105 6.123361e-05 1.1045023448773446 0.9997402183786857
3.620235 6.111127e-05 1.1022956349206345 0.9977428150193793
3.650096 6.085017e-05 1.0975860389610386 0.9934799245737782
3.680244 6.070425e-05 1.094954004329004 0.9910975386150569
3.710087 6.120174e-05 1.1039274891774886 0.9992198877831233
3.74017 6.148542e-05 1.109044372294372 1.0038514341699796
3.770179 6.141428e-05 1.107761183261183 1.0026899557084703
3.799881 6.063159e-05 1.093643398268398 0.9899112436331443
3.8298550000000002 6.103175e-05 1.100861291486291 0.9964445191624886
3.859883 6.12713e-05 1.1051821789321785 1.0003555701247395
3.889994 6.089171e-05 1.0983353174603172 0.9941581339537486
3.9200500000000003 6.120195e-05 1.1039312770562768 0.9992233163813371
3.950022 6.141533e-05 1.1077801226551223 1.0027070986995386
3.980013 6.121513e-05 1.104169011544011 0.999438501735887
4.009855 6.088159e-05 1.0981527777777773 0.9939929081731684
4.039837 6.168464e-05 1.1126378066378062 1.007104031008634
4.069911 6.194124e-05 1.1172662337662334 1.011293451492515
4.100124 6.065138e-05 1.0940003607503603 0.9902343481981325
4.130188 6.099866e-05 1.1002644300144295 0.9959042700439709
4.16005 6.114356e-05 1.102878066378066 0.998270002811369
4.189874 6.125955e-05 1.1049702380952378 1.0001637318913588
4.219938 6.084072e-05 1.0974155844155842 0.9933256376541654
4.250179 6.095265e-05 1.0994345238095233 0.9951530805020249
4.280105 6.131568e-05 1.1059826839826834 1.0010801472138848
4.31023 6.133432e-05 1.1063189033189031 1.0013844761219892
4.34024 6.130312e-05 1.1057561327561325 1.0008750843873941
4.370068 6.067198e-05 1.0943719336219333 0.9905706773562305
4.400263 6.067159e-05 1.0943648989898986 0.990564309959548
4.430448 6.121214e-05 1.1041150793650791 0.9993896850279884
4.460513 6.155021e-05 1.1102130230880227 1.0049092383521723
4.490381 6.126642e-05 1.1050941558441554 1.0002758960329186
4.520485 6.150003e-05 1.1093079004329 1.0040899666456988
4.550541 6.128997e-05 1.105518939393939 1.0006603888325887
4.580542 6.088107e-05 1.098143398268398 0.9939844183109252
4.610263 6.163956e-05 1.111824675324675 1.006368025258777
4.640541 6.189169e-05 1.1163724747474744 1.0104844655806822
4.670343 6.095807e-05 1.0995322871572868 0.9952415709892527
4.700753 6.09934e-05 1.1001695526695523 0.9958183918220489
4.730837 6.124342e-05 1.1046792929292926 0.9999003828952363
4.760809 6.115966e-05 1.1031684704184699 0.9985328620077465
4.790438 6.157927e-05 1.110737193362193 1.0053836910383047
4.820253 6.073266e-05 1.09546645021645 0.9915613789733853
4.850633 6.1227e-05 1.1043831168831166 0.9996322991682476
4.880698000000001 6.160901e-05 1.1112736291486287 1.005869245851986
4.910688 6.164375e-05 1.1119002525252522 1.0064364339564678
4.940615 6.108394e-05 1.1018026695526693 0.997296607451864
4.970504 6.114235e-05 1.1028562409812408 0.9982502475549954
5.0003280000000006 6.127947e-05 1.105329545454545 1.0004889589219077
5.030475999999999 6.100804e-05 1.1004336219336215 0.9960574140975126
5.060393 6.150014e-05 1.1093098845598843 1.0040917625780963
5.0904 6.130819e-05 1.1058475829725827 1.0009578605442657
5.120365 6.106358e-05 1.101435425685425 0.9969641966917242
5.150559 6.086027e-05 1.0977682178932175 0.9936448238211951
5.180362 6.133158e-05 1.1062694805194802 1.0013397410786304
5.210458 6.14151e-05 1.1077759740259736 1.0027033435681618
5.240383 6.168466e-05 1.1126381673881671 1.0071043575417975
5.270485 6.116747e-05 1.103309343434343 0.9986603732079768
5.300333999999999 6.109959e-05 1.1020849567099564 0.9975521196520697
5.330559 6.123449e-05 1.1045182178932176 0.9997545858378666
5.360772 6.155386e-05 1.1102788600288598 1.0049688306544569
5.390763 6.120931e-05 1.1040640331890326 0.9993434805853952
5.420692 6.111908e-05 1.1024365079365075 0.9978703262196097
5.45042 6.108802e-05 1.1018762626262621 0.9973632202171571
5.480911 6.108163e-05 1.1017610028860023 0.997258892871514
5.510523 6.152578e-05 1.1097723665223662 1.004510378093321
5.540374 6.199098e-05 1.1181634199134194 1.012105539469398
5.570429 6.122483e-05 1.104343975468975 0.99959687032004
5.60029 6.115638e-05 1.103109307359307 0.9984793105689814
5.630522 6.154109e-05 1.1100485209235207 1.0047603392297524
5.660596 6.182381e-05 1.1151480880230877 1.009376212024775
5.690624 6.145896e-05 1.1085670995670993 1.0034194307950637
5.720568 6.125651e-05 1.1049154040404037 1.000114098850552
5.750596 6.110394e-05 1.1021634199134196 0.997623140615066
5.78042 6.089515e-05 1.098397366522366 0.9942142976578193
5.810818 6.155222e-05 1.1102492784992781 1.004942054935074
5.840698000000001 6.116938e-05 1.1033437950937945 0.9986915571250625
5.870596 6.174559e-05 1.113737193362193 1.008099140823492
5.900735 6.099369e-05 1.100174783549783 0.9958231265529152
5.930893 6.159068e-05 1.110943001443001 1.0055699782079115
5.961113999999999 6.111983e-05 1.1024500360750358 0.99788257121323
5.991207 6.176972e-05 1.114172438672438 1.0084931030848951
6.020862 6.138423e-05 1.1072191558441555 1.0021993396307594
6.050707999999999 6.148273e-05 1.108995851370851 1.0038075154595292
6.080753 6.162319e-05 1.1115294011544008 1.0061007578646963
6.1108649999999995 6.141121e-05 1.1077058080808075 1.002639832867919
6.1410029999999995 6.111288e-05 1.102324675324675 0.9977691009390172
6.1710959999999995 6.151741e-05 1.1096213924963922 1.0043737239645212
6.2008909999999995 6.158628e-05 1.1108636363636357 1.005498140912007
6.230744 6.129188e-05 1.1055533910533906 1.0006915727496746
6.26093 6.096002e-05 1.09956746031746 0.9952734079726648
6.290787 6.156865e-05 1.1105456349206344 1.0052103019286445
6.320651 6.171638e-05 1.1132103174603172 1.0076222391386356
6.350587000000001 6.116644e-05 1.1032907647907644 0.9986435567500719
6.3807160000000005 6.175269e-05 1.1138652597402592 1.0082150600964286
6.410654999999999 6.144909e-05 1.1083890692640688 1.0032582866790232
6.440763 6.158581e-05 1.1108551587301583 1.0054904673826717
6.470781 6.137053e-05 1.1069720418470415 1.0019756644139661
6.501022 6.096382e-05 1.0996360028860026 0.9953354492736732
6.530702 6.122281e-05 1.1043075396825393 0.9995638904705566
6.560642 6.122158e-05 1.1042853535353532 0.9995438086810197
6.590892 6.176358e-05 1.1140616883116878 1.0083928574037921
6.620948 6.125999e-05 1.1049781746031742 1.000170915620949
6.650791 6.091256e-05 1.0987113997113993 0.9944985447763866
6.681013 6.166185e-05 1.1122267316017311 1.0067319464691655
6.7111790000000004 6.102653e-05 1.1007671356421351 0.9963592940068927
6.740957000000001 6.11379e-05 1.1027759740259737 0.9981775939261829
6.770985 6.12998e-05 1.1056962481962478 1.0008208798823024
6.800688 6.151498e-05 1.109577561327561 1.004334050185192
6.8306700000000005 6.119001e-05 1.1037159090909088 0.9990283760829055
6.860791 6.14407e-05 1.108237734487734 1.00312130601706
6.890929 6.129366e-05 1.1055854978354975 1.0007206342011996
6.9210590000000005 6.16951e-05 1.1128264790764788 1.007274807852989
6.951014 6.153389e-05 1.1099186507936505 1.0046427872909995
6.980874 6.122828e-05 1.1044062049062044 0.9996531972906924
7.01067 6.092736e-05 1.0989783549783547 0.9947401793171561
7.040966 6.13173e-05 1.1060119047619044 1.0011065964001042
7.070930000000001 6.176573e-05 1.1141004689754685 1.0084279597188364
7.100929 6.089187e-05 1.098338203463203 0.994160746219054
7.131041 6.16151e-05 1.1113834776334774 1.0059686752001813
7.161263 6.10366e-05 1.1009487734487733 0.9965237034545651
7.191355 6.1452e-05 1.108441558441558 1.003305797254269
7.221353 6.129568e-05 1.105621933621933 1.0007536140506827
7.251234999999999 6.133889e-05 1.1064013347763344 1.0014590889497805
7.281189 6.15878e-05 1.110891053391053 1.0055229574324103
7.311235 6.135125e-05 1.1066242784992784 1.0016608864446397
7.3415870000000005 6.198508e-05 1.1180569985569981 1.0120092121862536
7.371211000000001 6.070048e-05 1.0948860028860024 0.9910359871137931
7.401143 6.112846e-05 1.1026056998556997 0.9980234702731516
7.4312629999999995 6.10565e-05 1.1013077200577197 0.996848603951951
7.461087 6.151099e-05 1.1095055916305911 1.0042689068191333
7.491244 6.091744e-05 1.0987994227994224 0.994578218868208
7.521253 6.150732e-05 1.1094393939393936 1.0042089879836857
7.551226 6.138446e-05 1.1072233044733042 1.0022030947621363
7.581309 6.128554e-05 1.105439033189033 1.0005880617369396
7.61117 6.149582e-05 1.109231962481962 1.0040212314148447
7.640948000000001 6.173774e-05 1.1135955988455986 1.0079709765569353
7.671105 6.128642e-05 1.1054549062049057 1.0006024291961202
7.701115 6.130194e-05 1.1057348484848482 1.000855818930765
7.731151 6.141714e-05 1.10781277056277 1.0027366499508081
7.761272 6.164096e-05 1.1118499278499276 1.0063908825802013
7.791457 6.124507e-05 1.1047090548340546 0.9999273218812005
7.821448 6.1156e-05 1.1031024531024527 0.9984731064388805
7.851476 6.142424e-05 1.1079408369408366 1.0028525692237449
7.881661 6.109812e-05 1.1020584415584413 0.9975281194645742
7.911325 6.19186e-05 1.116857864357864 1.0109238159517704
7.940976 6.138418e-05 1.1072182539682538 1.0021985232978516
7.9713 6.120703e-05 1.1040229076479073 0.9993062558047903
8.001281 6.161132e-05 1.1113152958152954 1.0059069604323359
8.031328 6.161787e-05 1.111433441558441 1.0060139000432844
8.061143 6.131601e-05 1.1059886363636358 1.0010855350110774
8.091235 6.116158e-05 1.1032031024531022 0.9985642091914141
8.121336 6.133576e-05 1.1063448773448767 1.0014079865097394
8.151641999999999 6.077333e-05 1.0962000360750357 0.9922253841607563
8.181411 6.136625e-05 1.106894841269841 1.001905786317041
8.211477 6.18455e-05 1.1155393217893212 1.0097303372402673
8.241708000000001 6.083433e-05 1.0973003246753241 0.9932213103085221
8.271634 6.17243e-05 1.1133531746031742 1.0077515462712636
8.301736 6.104948e-05 1.1011810966810962 0.996733990811667
8.331712 6.144604e-05 1.1083340548340543 1.003208490371635
8.361291 6.154359e-05 1.1100936147186145 1.0048011558751526
8.391347 6.110583e-05 1.1021975108225104 0.9976539979989885
8.421439 6.134729e-05 1.1065528499278496 1.0015962328783254
8.451718000000001 6.137823e-05 1.1071109307359301 1.0021013796817988
8.481884 6.129764e-05 1.1056572871572867 1.0007856143006766
8.511874 6.131305e-05 1.105935245310245 1.0010372081029237
8.541769 6.130529e-05 1.105795274170274 1.0009105132356015
8.571124 6.127876e-05 1.1053167388167384 1.000477366994614
8.601291 6.077375e-05 1.0962076118326116 0.9922322413571836
8.631754 6.141749e-05 1.1078190836940836 1.0027423642811644
8.661637 6.13888e-05 1.107301587301587 1.002273952458551
8.691422000000001 6.16984e-05 1.1128860028860026 1.0073286858249173
8.721744000000001 6.142818e-05 1.1080119047619044 1.0029168962568957
8.751522999999999 6.070304e-05 1.0949321789321786 0.9910777833586832
8.781726 6.108636e-05 1.10184632034632 0.9973361179646114
8.811662 6.055334e-05 1.092231962481962 0.9886336826321165
8.841411 6.159275e-05 1.1109803391053388 1.0056037743903028
8.871448000000001 6.147029e-05 1.1087714646464641 1.0036044118320173
8.901448 6.111614e-05 1.1023834776334773 0.997822325844619
8.931643 6.138103e-05 1.1071614357864354 1.0021470943246473
8.961467 6.137577e-05 1.107066558441558 1.0020612161027251
8.991208 6.142059e-05 1.1078749999999997 1.0027929769214607
9.021218000000001 6.146902e-05 1.1087485569985567 1.0035836769761541
9.051004 6.143303e-05 1.1080993867243862 1.0029960805489722
9.081273 6.133466e-05 1.1063250360750359 1.0013900271857634
9.111625 6.153833e-05 1.109998737373737 1.0047152776532304
9.141549999999999 6.052736e-05 1.0917633477633475 0.9882095160531174
9.171486000000002 6.151796e-05 1.1096313131313127 1.0043827036265092
9.201652 6.168937e-05 1.1127231240981237 1.0071812561017313
9.231912 6.186469e-05 1.1158854617604614 1.0100436458103594
9.261856 6.115401e-05 1.103066558441558 0.9984406163891419
9.291652000000001 6.10918e-05 1.1019444444444442 0.9974249349850024
9.321541 6.086484e-05 1.097850649350649 0.9937194366489869
9.351419 6.044725e-05 1.0903183621933619 0.9869015874679121
9.381411 6.174744e-05 1.1137705627705623 1.0081293451410882
9.411522000000001 6.120207e-05 1.1039334415584412 0.9992252755803163
9.441588 6.113444e-05 1.1027135642135641 0.998121103688949
9.471624 6.163405e-05 1.1117252886002882 1.006278065372315
9.501652 6.123719e-05 1.1045669191919187 0.9997986678148988
9.531782 6.129106e-05 1.1055386002885998 1.000678184889983
9.561911 6.167799e-05 1.112517857142857 1.0069954587318697
9.591608 6.103782e-05 1.1009707792207788 0.9965436219775202
9.621421 6.122301e-05 1.1043111471861466 0.9995671558021885
9.65156 6.061516e-05 1.0933470418470415 0.9896429966395739
9.681542 6.106243e-05 1.1014146825396822 0.9969454210348403
9.711597 6.136773e-05 1.1069215367965362 1.0019299497711176
9.742013 6.038761e-05 1.0892426046176042 0.9859278655752438
9.771837 6.105621e-05 1.1013024891774887 0.9968438692210845
9.801958 6.123639e-05 1.1045524891774887 0.9997856064883707
9.831745000000002 6.11379e-05 1.1027759740259737 0.9981775939261829
9.861929 6.169036e-05 1.1127409812409808 1.0071974194933098
9.891801 6.119997e-05 1.1038955627705622 0.9991909895981799
9.9216 6.113514e-05 1.1027261904761902 0.998132532349661
9.951551 6.179359e-05 1.1146029942279938 1.0088828204151767
9.981729999999999 6.158212e-05 1.1107886002886 1.0054302220140612
10.003870000000001 6.041007e-05 1.0896477272727267 0.9862945623175194
