Keff(MJ/m3):0.05359813759425068 Ms(MA/m):1.2861226611351615
H(kOe) moment(emu) M(MA/m) M_norm()
9.958559 5.361626e-05 1.1632095835299836 1.0026044804577385
9.920364 5.362137e-05 1.1633204454396329 1.0027000355914824
9.881919 5.334261e-05 1.1572727221649242 0.9974873253992309
9.84327 5.362903e-05 1.1634866298286566 1.002843274793924
9.80467 5.346102e-05 1.1598416377660086 0.9997015491539465
9.765977999999999 5.323518e-05 1.1549420186515007 0.9954784236344384
9.72704 5.348073e-05 1.1602692479889405 1.0000701189555294
9.687401 5.36996e-05 1.1650176523264903 1.0041629080205963
9.648147000000002 5.332388e-05 1.1568663731301443 0.9971370812397358
9.608725 5.359324e-05 1.1627101625593144 1.0021740148650222
9.568949 5.364689e-05 1.1638741041351794 1.0031772502711576
9.529632 5.339755e-05 1.158464650406826 0.9985146833342371
9.489475 5.341019e-05 1.158738876343805 0.9987510467179005
9.449893 5.357786e-05 1.1623764920758697 1.0018864144820516
9.410103999999999 5.324012e-05 1.1550491923958581 0.995570799830269
9.370034 5.348385e-05 1.1603369366695873 1.000128461816054
9.330585999999998 5.351579e-05 1.1610298778426185 1.0007257281510393
9.290731 5.374226e-05 1.165943164863795 1.004960634440461
9.250827 5.343569e-05 1.1592921011375525 0.99922788740488
9.210977000000002 5.381568e-05 1.1675360183679888 1.006333561626266
9.170938 5.35297e-05 1.161331656543835 1.0009858400708778
9.130968000000001 5.329959e-05 1.1563393993952373 0.9966828671108443
9.091096 5.329316e-05 1.156199899966853 0.9965626284591863
9.050958000000001 5.35653e-05 1.1621040017460866 1.001651547069171
9.010726 5.343497e-05 1.1592764806727878 0.9992144236678359
8.970863999999999 5.358642e-05 1.1625622020458493 1.0020464833557985
8.931223 5.363999e-05 1.1637244080145182 1.0030482227911512
8.890863999999999 5.355867e-05 1.161960163299712 1.001527568490556
8.850987 5.322145e-05 1.1546441450664753 0.9952216776488608
8.810929 5.358158e-05 1.1624571978104872 1.0019559771234465
8.771034 5.34695e-05 1.160025612128792 0.9998601220569105
8.731309 5.334304e-05 1.157282051053603 0.9974953662421877
8.690978 5.36103e-05 1.1630802807938763 1.0024930306344286
8.651373 5.367156e-05 1.1644093220042675 1.0036385702612667
8.611031 5.362319e-05 1.1633599305033433 1.0027340689267883
8.5711 5.362019e-05 1.1632948452334906 1.0026779700224377
8.531281000000002 5.369574e-05 1.1649339092792799 1.004090727430332
8.491166 5.338536e-05 1.1582001872603245 0.998286734786226
8.451308999999998 5.33143e-05 1.1566585341684148 0.9969579387385098
8.410864 5.338568e-05 1.158207129689109 0.9982927186693568
8.370716 5.347679e-05 1.1601837693345338 0.9999964423944824
8.330931 5.344081e-05 1.159403179998101 0.9993236295349717
8.290816999999999 5.368558e-05 1.164713487165379 1.0039007391409316
8.250731 5.349036e-05 1.1604781717051675 1.0002501964384947
8.211030000000001 5.355308e-05 1.1618388877468866 1.0014230375321163
8.170698 5.347541e-05 1.1601538301104017 0.9999706368984811
8.130846 5.356705e-05 1.1621419681535008 1.001684271430042
8.090883 5.34092e-05 1.1587173982047534 0.9987325340794647
8.050661 5.352335e-05 1.161193892722647 1.0008670973900027
8.0106 5.35364e-05 1.161477013646506 1.0011111276239273
7.970562 5.354385e-05 1.16163864206664 1.0012504399030644
7.930771 5.351551e-05 1.1610238032174323 1.0007204922533
7.890949 5.366208e-05 1.1642036525515334 1.003461297723519
7.850818 5.343451e-05 1.1592665009314105 0.9992058218358355
7.810741 5.337768e-05 1.1580335689695018 0.9981431215910888
7.770438 5.330819e-05 1.1565259771688148 0.9968436839699825
7.730703999999999 5.348137e-05 1.1602831328465089 1.0000820867217908
7.690531 5.351706e-05 1.1610574306068562 1.0007494766872145
7.650188 5.337907e-05 1.1580637251445334 0.9981691140834377
7.610364 5.37293e-05 1.1656619964980317 1.0047182871736666
7.570553 5.333138e-05 1.1570290863047759 0.9972773285006121
7.530632 5.354879e-05 1.1617458158109975 1.001342816098895
7.490428 5.343667e-05 1.1593133623257044 0.9992462130469679
7.450345 5.35653e-05 1.1621040017460866 1.001651547069171
7.410521 5.336482e-05 1.1577545701127334 0.9979026442877728
7.3705810000000005 5.343033e-05 1.159175815455416 0.9991276573624405
7.330354000000001 5.354568e-05 1.1616783440812501 1.0012846602347183
7.289938 5.351119e-05 1.1609300804288443 1.0006397098310351
7.250581 5.368831e-05 1.1647727147609448 1.0039517891438905
7.2106509999999995 5.351929e-05 1.1611058106574463 1.0007911768727815
7.170086 5.341736e-05 1.1588944301387527 0.9988851230992982
7.129984 5.327528e-05 1.155811991758531 0.996228278989257
7.090326 5.34215e-05 1.1589842478111494 0.998962539587302
7.050318 5.331659e-05 1.1567082159244024 0.997000760902164
7.010095000000001 5.341048e-05 1.1587451679198908 0.9987564696119877
6.970317 5.347374e-05 1.1601175993101835 0.9999394085083926
6.930252 5.37153e-05 1.1653582652387193 1.0044564922866974
6.890213 5.354839e-05 1.1617371377750172 1.0013353362449817
6.850131999999999 5.365802e-05 1.1641155704863326 1.003385377206298
6.810175 5.336333e-05 1.1577222444287065 0.9978747818319452
6.770336 5.328326e-05 1.1559851185763395 0.9963775020748297
6.729938 5.339848e-05 1.1584848268404802 0.9985320739945857
6.689929 5.342343e-05 1.1590261193347549 0.9989986298824344
6.650053 5.341531e-05 1.1588499552043536 0.9988467888479922
6.61029 5.349986e-05 1.1606842750597008 1.000427842968938
6.569929 5.356122e-05 1.162015485779087 1.001575252559254
6.529845 5.355961e-05 1.161980556684266 1.0015451461472527
6.4899189999999995 5.335184e-05 1.1574729678451712 0.9976599230282829
6.450138 5.323388e-05 1.1549138150345646 0.9954541141092198
6.409984000000001 5.326063e-05 1.1554941586907508 0.9959543293396788
6.369613999999999 5.323841e-05 1.1550120937920423 0.9955388234547893
6.3295900000000005 5.330178e-05 1.1563869116422296 0.99672381931102
6.2900339999999995 5.353241e-05 1.161390450237602 1.0010365160811412
6.250020999999999 5.351522e-05 1.1610175116413464 1.0007150693592126
6.209734 5.34313e-05 1.159196859692668 0.9991457960081804
6.169902 5.333521e-05 1.1571121784992875 0.9973489481018328
6.130336000000001 5.324833e-05 1.1552273090843548 0.9957243238318415
6.090142 5.3277e-05 1.1558493073132465 0.9962604423610847
6.049987 5.324844e-05 1.1552296955442496 0.9957263807916678
6.010194 5.33096e-05 1.1565565672456457 0.9968700504550274
5.9702340000000005 5.338377e-05 1.1581656920673027 0.9982570023669202
5.929595 5.347914e-05 1.1602347527959183 1.0000403865362235
5.889562 5.346369e-05 1.1598995636561773 0.9997514771788183
5.84966 5.331336e-05 1.1566381407838608 0.9969403610818132
5.8095810000000006 5.32296e-05 1.1548209600495751 0.9953740796723466
5.769675 5.32224e-05 1.1546647554019285 0.9952394423019051
5.729642 5.313148e-05 1.1526922378235942 0.9935392715073885
5.68992 5.312642e-05 1.1525824606684427 0.9934446513553838
5.649827 5.320659e-05 1.154321756029805 0.9949438010759777
5.60925 5.342276e-05 1.1590115836244874 0.9989861011271292
5.569363999999999 5.32379e-05 1.155001029296167 0.9955292866410494
5.529637 5.340619e-05 1.1586520959840014 0.9986762481787665
5.489688 5.323421e-05 1.1549209744142486 0.9954602849886984
5.449817 5.331399e-05 1.1566518086905297 0.9969521418517268
5.4096139999999995 5.324105e-05 1.1550693688295124 0.9955881904906175
5.369466 5.325251e-05 1.1553179945603496 0.9958024883052365
5.329241 5.330916e-05 1.1565470214060671 0.9968618226157224
5.289401 5.324416e-05 1.1551368405592597 0.9956463463547943
5.249419 5.338894e-05 1.158277855682349 0.9983536794787511
5.209496 5.329088e-05 1.156150435161765 0.9965199932918799
5.169104 5.313e-05 1.152660129090467 0.9935115960479088
5.129157 5.324451e-05 1.1551444338407426 0.9956528912269685
5.089299 5.303184e-05 1.150530539060888 0.9916760398975594
5.0489939999999995 5.305954e-05 1.1511314930525274 0.9921940197810626
5.009104000000001 5.324832e-05 1.1552270921334553 0.9957241368354937
4.96943 5.317325e-05 1.1535984417308425 0.9943203552522955
4.929188 5.311973e-05 1.1524373205166714 0.9933195507986822
4.889524000000001 5.2965e-05 1.149080439248571 0.9904261563086296
4.849798 5.314481e-05 1.1529814333726394 0.9937885376390525
4.809327000000001 5.307087e-05 1.151377298421671 0.9924058866431598
4.769100000000001 5.301687e-05 1.1502057635643235 0.9913961063648503
4.72929 5.30218e-05 1.1503127203577812 0.9914882955643329
4.68892 5.300923e-05 1.1500400130770987 0.9912532411551043
4.649067 5.30329e-05 1.150553535856236 0.9916958615104299
4.609203000000001 5.309292e-05 1.1518556751550881 0.9928182135901362
4.56929 5.314209e-05 1.152922422727973 0.9937376746324414
4.52893 5.299776e-05 1.149791170395362 0.9910387563441374
4.489142 5.30001e-05 1.149841936905847 0.9910825134895308
4.449308 5.280405e-05 1.1455886145209762 0.9874164500902236
4.409345 5.286494e-05 1.1469096285480853 0.9885550708521914
4.3689279999999995 5.279247e-05 1.145337385379345 0.9871999083194305
4.328902 5.295757e-05 1.1489192447302359 0.9902872180221881
4.289031 5.303492e-05 1.1505973599379369 0.9917336347726926
4.248826 5.288947e-05 1.1474418091045806 0.989013772893431
4.20875 5.281806e-05 1.145892562731188 0.9876784319735405
4.168901 5.280889e-05 1.1456936187563385 0.9875069563225757
4.128807 5.27256e-05 1.1438866347143293 0.9859494637414572
4.088836 5.275537e-05 1.1445324975421671 0.9865061518689623
4.04859 5.271327e-05 1.1436191342552349 0.9857188972445764
4.008675 5.276006e-05 1.1446342475140368 0.9865938531560969
3.968919 5.275039e-05 1.1444244559942118 0.9864130276877404
3.9287710000000002 5.272179e-05 1.1438039764216164 0.9858782181329319
3.888567 5.274055e-05 1.144210976309095 0.9862290232814707
3.848449 5.270608e-05 1.143463146558488 0.985584446870483
3.808688 5.249387e-05 1.138859231520011 0.9816161973730744
3.7683359999999997 5.23707e-05 1.1361870472907607 0.9793129633567893
3.728675 5.246623e-05 1.1382595792337684 0.981099339467658
3.688753 5.242911e-05 1.1374542574947917 0.9804052090244941
3.649024 5.241013e-05 1.137042484687524 0.9800502899563032
3.608799 5.25519e-05 1.1401181975898609 0.9827013371795614
3.568651 5.256954e-05 1.1405008989765946 0.9830311987371426
3.528864 5.250897e-05 1.1391868273782695 0.9818985618583054
3.4885949999999997 5.23717e-05 1.1362087423807115 0.9793316629915728
3.4481509999999997 5.236541e-05 1.1360722802649204 0.9792140422887845
3.408241 5.221721e-05 1.1328570679341994 0.9764427564138682
3.3685430000000003 5.212227e-05 1.1307973360942623 0.9746674130875217
3.32841 5.21462e-05 1.131316499596787 0.9751148953478912
3.288354 5.229266e-05 1.1344939624709938 0.9778536438582842
3.248487 5.210816e-05 1.1304912183750555 0.9744035612407265
3.208725 5.215762e-05 1.1315642575240261 0.9753284451771188
3.168623 5.208103e-05 1.1299026305846882 0.97389624014905
3.1282979999999996 5.198193e-05 1.1277526471705555 0.972043106342004
3.088428 5.184367e-05 1.1247530840339461 0.9694576948368357
3.048354 5.172958e-05 1.1222778912214497 0.967324253504385
3.0083539999999998 5.176591e-05 1.1230660738393654 0.9680036112360699
2.968123 5.176727e-05 1.1230955791616988 0.9680290427393756
2.92825 5.17698e-05 1.1231504677392743 0.9680763528153778
2.888243 5.165752e-05 1.120714543039589 0.9659767578218853
2.847975 5.155157e-05 1.118415948259293 0.9639955315165725
2.8079110000000003 5.148136e-05 1.1168927359938414 0.9626826301584221
2.767817 5.132747e-05 1.1135540786012998 0.9598049433615877
2.728156 5.132339e-05 1.1134655626343002 0.959728648851671
2.6882710000000003 5.124074e-05 1.1116724634498596 0.9581831240368138
2.6478539999999997 5.131726e-05 1.1133325717329015 0.9596140200904482
2.607647 5.112119e-05 1.1090788154462314 0.9559475826984452
2.567882 5.126678e-05 1.1122374035921807 0.9586700625265764
2.528052 5.105598e-05 1.1076640786305343 0.9547281795142124
2.488114 5.09902e-05 1.1062369756135653 0.9534981175381532
2.4478910000000003 5.06428e-05 1.098700101364628 0.9470018644143616
2.4081 5.066731e-05 1.0992318480193244 0.9474601924629056
2.36825 5.051529e-05 1.095933760444991 0.9446174739831164
2.32804 5.042194e-05 1.093908523798076 0.9428718630760756
2.28777 5.025513e-05 1.090289565843369 0.9397525769978382
2.2481750000000003 5.029371e-05 1.0911265624136741 0.940474008907786
2.208058 5.000092e-05 1.0847744570269546 0.9349989428395219
2.167656 4.992076e-05 1.083035378616492 0.9334999801152758
2.128156 4.952301e-05 1.0744061565885277 0.9260622003801345
2.0880859999999997 4.910763e-05 1.0653944501247294 0.9182947460837598
2.04791 4.860842e-05 1.0545640442703488 0.9089597014034837
2.007873 4.896946e-05 1.062396839546216 0.9157110175457225
1.968005 4.882785e-05 1.059324597858271 0.9130629622640293
1.9279380000000002 4.850157e-05 1.0522459239090969 0.9069616454268656
1.887883 4.831615e-05 1.0482232203304038 0.9034943591453071
1.847854 4.796414e-05 1.0405863317167934 0.8969119007051637
1.807703 4.75733e-05 1.03210702276039 0.8896033354463765
1.768005 4.719027e-05 1.0237971524565026 0.8824408143352483
1.728043 4.68959e-05 1.017410768827661 0.8769362028440265
1.687808 4.657336e-05 1.0104132345149028 0.870904822640953
1.6478730000000001 4.611155e-05 1.000394225024685 0.86226914430158
1.608141 4.574599e-05 0.9924633679422398 0.8554333058101199
1.567345 4.531271e-05 0.9830633193683208 0.8473311280511205
1.527401 4.461782e-05 0.9679876183123509 0.8343369388364069
1.487419 4.399949e-05 0.9545728933430209 0.8227743936607189
1.447468 4.334506e-05 0.9403749756264639 0.8105367916693462
1.4076469999999999 4.275563e-05 0.9275872387567146 0.7995146659389019
1.367614 4.238162e-05 0.9194730581641843 0.792520815533521
1.32741 4.158848e-05 0.9022658145205401 0.7776893872013275
1.2871 4.09435e-05 0.888272915404019 0.765628496758659
1.247552 4.037021e-05 0.8758353372860768 0.7549081831336204
1.207539 3.959724e-05 0.8590656836067417 0.7404539264350102
1.167571 3.876476e-05 0.8410049551244301 0.7248868544704336
1.12766 3.792737e-05 0.8228377037504592 0.7092279672990697
1.0876089999999998 3.712795e-05 0.8054942149419235 0.6942791052604358
1.047401 3.62044e-05 0.7854577146177846 0.6770090575561247
1.0073830000000001 3.557725e-05 0.7718516389550877 0.6652815816016462
0.9675335 3.480197e-05 0.7550318696179664 0.6507841287466862
0.927543 3.401807e-05 0.7380250886054682 0.6361254850398923
0.8874561 3.313725e-05 0.7189156194749309 0.6196544727298808
0.8473635 3.2227e-05 0.6991676638471387 0.6026331301681904
0.8076467 3.133122e-05 0.6797336361709357 0.5858823713218174
0.7676598 3.034588e-05 0.6583565962387318 0.5674568731842333
0.7272708999999999 2.938585e-05 0.6375286590331846 0.5495046628030198
0.6873259 2.859786e-05 0.6204331451027875 0.5347695375899614
0.6476373 2.745288e-05 0.5955927010108243 0.5133588297555376
0.6074006000000001 2.653724e-05 0.5757278088481969 0.4962366961623641
0.5669283 2.543208e-05 0.5517512632380779 0.47557060778501975
0.5274014 2.444114e-05 0.5302527308021491 0.45704039169264804
0.4874283 2.325577e-05 0.5045360220270696 0.4348744056093182
0.4470712 2.197841e-05 0.4768235819274083 0.41098824012225327
0.4069561 2.08391e-05 0.45210614899546664 0.389683559217052
0.367024 1.942959e-05 0.4215267027587963 0.3633262369933463
0.32722460000000003 1.830967e-05 0.3972299376210022 0.3423841420065973
0.2867802 1.674813e-05 0.3633521868590988 0.3131839143067544
0.24683529999999998 1.539588e-05 0.33401500147301594 0.28789733317075245
0.2070579 1.379995e-05 0.2993911565677016 0.2580540250307046
0.1669674 1.211933e-05 0.262929954494447 0.2266270448208414
0.1269653 1.027255e-05 0.22286389627495343 0.19209293329535002
0.0867976 8.673076e-06 0.18816316397085317 0.16218335364962944
0.046946800000000004 6.645778e-06 0.14418075150360596 0.12427362145228833
0.006891936 4.413694e-06 0.095755488345677 0.08253446584617126
-0.03311802 2.502708e-06 0.054296475180796985 0.0467997255697698
-0.07307977 4.023541e-07 0.008729108391606977 0.007523874723648032
-0.1126643 -1.331248e-06 -0.028881545106934414 -0.02489385140627868
-0.1530717 -3.48027e-06 -0.07550477070336305 -0.06507977794800782
-0.1929383 -5.340314e-06 -0.11585859259596515 -0.0998619214292677
-0.2329792 -7.102902e-06 -0.15409809780231384 -0.13282167330306574
-0.2730043 -8.844973e-06 -0.1918924848481403 -0.16539776477001056
-0.3131921 -1.03981e-05 -0.22558771481828688 -0.19444067244241972
-0.35307029999999995 -1.209448e-05 -0.2623908315091675 -0.22616235889647113
-0.3929977 -1.367419e-05 -0.29666278205547847 -0.2557023589603304
-0.4330892 -1.601779e-05 -0.34750739486437016 -0.2995268230389654
-0.4732292 -1.813959e-05 -0.3935400367221559 -0.33920370812261785
-0.5130892 -2.027063e-05 -0.43977314121108774 -0.3790533778316699
-0.5530439 -2.165966e-05 -0.4699082720055641 -0.40502773153500937
-0.5932939 -2.336503e-05 -0.5069064275551032 -0.43691752770576453
-0.6336458 -2.461545e-05 -0.5340344019314875 -0.46029992503176165
-0.673476 -2.604287e-05 -0.5650024072291783 -0.48699215771444004
-0.7132014 -2.722097e-05 -0.5905613927003147 -0.5090221974528937
-0.7534977 -2.850681e-05 -0.6184578071627594 -0.5330669358429228
-0.7937968 -2.980108e-05 -0.6465371112334901 -0.5572693121541769
-0.8333251 -3.093549e-05 -0.6711482382246725 -0.5784823648489389
-0.8731643 -3.207773e-05 -0.6959292377701701 -0.5998418356840558
-0.9132385000000001 -3.315575e-05 -0.7193169786390221 -0.6200004159733757
-0.9534571999999999 -3.415153e-05 -0.7409205153103134 -0.6386211382980997
-0.9931551 -3.518012e-05 -0.7632358678828931 -0.6578553956400707
-1.0335530000000002 -3.612342e-05 -0.7837008462335621 -0.6754947611313561
-1.0734849999999998 -3.70174e-05 -0.8030958227478533 -0.6922118606351187
-1.113803 -3.793367e-05 -0.8229743828171499 -0.7093457749982058
-1.153859 -3.867608e-05 -0.8390810345475855 -0.7232285708578318
-1.19375 -3.938697e-05 -0.8545038570427695 -0.7365219542290815
-1.233868 -4.010377e-05 -0.8700548975195631 -0.7499258524419018
-1.27358 -4.063045e-05 -0.8814812674948949 -0.7597745760896811
-1.313396 -4.157062e-05 -0.9018783402140174 -0.7773554117240941
-1.3534190000000001 -4.217708e-05 -0.9150355444656304 -0.7886959922349017
-1.393563 -4.291871e-05 -0.9311252740259046 -0.8025642023793966
-1.433448 -4.344161e-05 -0.9424696365612217 -0.8123422414076942
-1.473306 -4.43191e-05 -0.9615068610422229 -0.8287509839338767
-1.513359 -4.476732e-05 -0.9712310342600081 -0.8371325342365418
-1.553476 -4.489988e-05 -0.9741069353838975 -0.839611357823444
-1.5938219999999998 -4.55203e-05 -0.9875670030912248 -0.8512129852358294
-1.633787 -4.587436e-05 -0.9952483666392349 -0.8578337779272792
-1.673461 -4.62893e-05 -1.0042505272634545 -0.8655930043843489
-1.713655 -4.696744e-05 -1.0189628355627471 -0.8782739747164389
-1.753523 -4.712536e-05 -1.0223889241677908 -0.8812270210414508
-1.7936459999999999 -4.750667e-05 -1.0306614789169624 -0.8883573787807512
-1.833844 -4.791734e-05 -1.039571001507092 -0.8960367577972954
-1.873729 -4.81948e-05 -1.045590521164864 -0.901225158464328
-1.9140229999999998 -4.839819e-05 -1.0500030855099742 -0.9050284771829462
-1.953467 -4.867739e-05 -1.0560603546242613 -0.9102494152145025
-1.993618 -4.889185e-05 -1.0607130836151277 -0.9142597388901741
-2.033693 -4.924587e-05 -1.0683935793595396 -0.9208797835962323
-2.073831 -4.954954e-05 -1.0749817273249247 -0.926558301690941
-2.113655 -4.973663e-05 -1.0790406617038355 -0.930056816362588
-2.153868 -4.982839e-05 -1.0810314031577286 -0.9317726948503229
-2.1941840000000004 -4.989712e-05 -1.082522506690053 -0.9330579207489936
-2.233674 -4.992599e-05 -1.083148843936935 -0.9335977792051936
-2.273748 -5.006843e-05 -1.0862390925495389 -0.9362613551837567
-2.313674 -5.019117e-05 -1.0889019478901105 -0.9385565483570849
-2.353822 -5.052796e-05 -1.0962086372346687 -0.9448543983558233
-2.3938539999999997 -5.068787e-05 -1.0996778990687144 -0.9478446569540544
-2.4338960000000003 -5.078132e-05 -1.1017053052246246 -0.9495921378245735
-2.474257 -5.089502e-05 -1.1041720369520402 -0.9517182862994588
-2.5138629999999997 -5.09503e-05 -1.1053713415245248 -0.952752002110291
-2.553553 -5.083678e-05 -1.1029085149133007 -0.9506292195696671
-2.593759 -5.101777e-05 -1.1068351092435111 -0.9540136664691345
-2.633563 -5.115959e-05 -1.1099119069003456 -0.9566656486741322
-2.674016 -5.117927e-05 -1.1103388662705789 -0.9570336574866715
-2.714334 -5.142203e-05 -1.1156055663070554 -0.9615731808267165
-2.7540329999999997 -5.140193e-05 -1.1151694949990427 -0.9611973181675679
-2.794136 -5.161725e-05 -1.1198408817672671 -0.9652237235291535
-2.8340520000000002 -5.165082e-05 -1.1205691859369182 -0.9658514702688358
-2.873831 -5.146931e-05 -1.1166313101599332 -0.9624572995592808
-2.913759 -5.155679e-05 -1.1185291966288367 -0.9640931436101423
-2.9539609999999996 -5.165454e-05 -1.1206498916715355 -0.9659210329102305
-2.99422 -5.175231e-05 -1.1227710206160335 -0.9677492962030143
-3.033995 -5.185858e-05 -1.1250765578251138 -0.9697365063914579
-3.073794 -5.186349e-05 -1.1251830807167726 -0.969828321598245
-3.113813 -5.198416e-05 -1.127801027221146 -0.9720848065275712
-3.1543870000000003 -5.20126e-05 -1.128418035579349 -0.9726166241408141
-3.194438 -5.201886e-05 -1.1285538468424416 -0.972733683854559
-3.233759 -5.204779e-05 -1.1291814857947207 -0.9732746642888459
-3.273683 -5.193871e-05 -1.1268149853828784 -0.9712349081266607
-3.314072 -5.212963e-05 -1.130957011956301 -0.9748050423995285
-3.353929 -5.214124e-05 -1.1312088919506307 -0.975022145159365
-3.393989 -5.226953e-05 -1.1339921550404297 -0.9774211213057415
-3.4343589999999997 -5.223973e-05 -1.1333456413598932 -0.9768638721891929
-3.47424 -5.241809e-05 -1.1372151776035329 -0.9801991390491798
-3.514387 -5.235449e-05 -1.1358353698826569 -0.9790098422769486
-3.554359 -5.225283e-05 -1.1336298470382498 -0.9771088374048568
-3.5939479999999997 -5.236943e-05 -1.136159494526523 -0.9792892148206143
-3.6339789999999996 -5.240208e-05 -1.1368678392134193 -0.9798997578962958
-3.674118 -5.238244e-05 -1.1364417476467839 -0.9795324970691477
-3.713844 -5.267268e-05 -1.1427385305541287 -0.9849598790687139
-3.754137 -5.245792e-05 -1.1380792930362766 -0.9809439455026071
-3.794061 -5.259339e-05 -1.141018326871923 -0.9834771850267292
-3.83397 -5.256142e-05 -1.1403247348461933 -0.9828793577027005
-3.874109 -5.262244e-05 -1.1416485692349962 -0.9840204094171904
-3.91408 -5.247125e-05 -1.1383684885853218 -0.9811932116342712
-3.9538130000000002 -5.257831e-05 -1.1406911649154636 -0.9831951945341939
-3.994007 -5.263832e-05 -1.141993087263416 -0.9843173596175523
-4.034325 -5.260608e-05 -1.1412936375633997 -0.983714483392132
-4.074259 -5.27724e-05 -1.1449019649240308 -0.9868246066493255
-4.114392 -5.285261e-05 -1.146642128088991 -0.9883245043553107
-4.154267 -5.266772e-05 -1.142630922907972 -0.9848671288801875
-4.194313 -5.276977e-05 -1.14484490683746 -0.9867754266098449
-4.234476 -5.269802e-05 -1.143288284133484 -0.9854337278141279
-4.274202 -5.267998e-05 -1.1428969047107702 -0.9850963864026335
-4.314331 -5.258113e-05 -1.1407523450691253 -0.9832479275042835
-4.354433 -5.265341e-05 -1.142320466170775 -0.9845995371064356
-4.394844 -5.295029e-05 -1.1487613044753935 -0.9901510846809641
-4.434599 -5.287887e-05 -1.1472118411511012 -0.9888155567647258
-4.474405 -5.301353e-05 -1.1501333019638873 -0.9913336495846733
-4.5145349999999995 -5.290982e-05 -1.1478833041850813 -0.9893943104612756
-4.5545230000000005 -5.275796e-05 -1.1445886878251401 -0.9865545839230516
-4.594275 -5.283849e-05 -1.1463357934188845 -0.9880604655121675
-4.634646 -5.283448e-05 -1.1462487961081815 -0.9879854799766857
-4.674401 -5.29369e-05 -1.148470807220951 -0.9899006965712128
-4.714609 -5.309171e-05 -1.1518294240962474 -0.9927955870320481
-4.754372999999999 -5.304418e-05 -1.150798256470882 -0.991906793390788
-4.794359 -5.316294e-05 -1.153374765353449 -0.9941275620176777
-4.834404999999999 -5.308176e-05 -1.1516135579512363 -0.9926095256659523
-4.874315999999999 -5.301104e-05 -1.1500792811899099 -0.9912870874940625
-4.914498 -5.289828e-05 -1.147632942847048 -0.9891785166758736
-4.954325 -5.285869e-05 -1.1467740342358925 -0.9884381981347946
-4.994350000000001 -5.279679e-05 -1.145431108167933 -0.9872806907416953
-5.034051000000001 -5.298262e-05 -1.1494627067335055 -0.990755643873515
-5.073803 -5.317676e-05 -1.15367459149657 -0.9943859909703856
-5.114331 -5.316153e-05 -1.1533441752766183 -0.9941011955326329
-5.1544859999999995 -5.330547e-05 -1.1564669665241483 -0.9967928209633713
-5.19425 -5.30841e-05 -1.151664324461721 -0.9926532828113456
-5.233952 -5.303785e-05 -1.1506609265514929 -0.9917884247026083
-5.273759 -5.306033e-05 -1.1511486321735886 -0.9922087924925416
-5.314387 -5.302533e-05 -1.150389304025308 -0.9915543052751188
-5.354401 -5.310843e-05 -1.1521921660002263 -0.9931082449256284
-5.393905 -5.318262e-05 -1.1538017247236825 -0.9944955708302172
-5.434035 -5.340446e-05 -1.1586145634783864 -0.998643897810591
-5.474127 -5.32308e-05 -1.154846994157516 -0.9953965192340866
-5.514109 -5.318506e-05 -1.1538546607431623 -0.9945411979390888
-5.55425 -5.313787e-05 -1.1528308694483802 -0.993658762173655
-5.594109 -5.314188e-05 -1.1529178667590831 -0.9937337477091368
-5.634322 -5.307933e-05 -1.1515608388826555 -0.9925640855534282
-5.674042 -5.323493e-05 -1.1549365948790131 -0.9954737487257426
-5.7140249999999995 -5.338107e-05 -1.1581071153244353 -0.9982065133530048
-5.75409 -5.343583e-05 -1.1592951384501458 -0.9992305053537499
-5.794061 -5.332226e-05 -1.1568312270844237 -0.9971067878313864
-5.834035 -5.331567e-05 -1.1566882564416474 -0.9969835572381631
-5.874211 -5.327524e-05 -1.1558111239549334 -0.9962275310038659
-5.914269 -5.3139e-05 -1.1528553849000247 -0.9936798927609602
-5.9543029999999995 -5.315545e-05 -1.1532122691297166 -0.993987501753149
-5.994461 -5.313792e-05 -1.1528319542028778 -0.9936596971553942
-6.034099 -5.334579e-05 -1.157341712550968 -0.9975467902378424
-6.074026 -5.337151e-05 -1.157899710264505 -0.9980277448444745
-6.113967 -5.351173e-05 -1.1609417957774177 -1.0006498076338182
-6.153961000000001 -5.333215e-05 -1.157045791524038 -0.9972917272193954
-6.1942200000000005 -5.332132e-05 -1.15681083369987 -0.99708921017469
-6.234248 -5.304223e-05 -1.1507559510454777 -0.99187032910296
-6.274033 -5.340378e-05 -1.1585998108172197 -0.9986311820589382
-6.313942 -5.318515e-05 -1.153856613301258 -0.9945428809062193
-6.353769000000001 -5.335136e-05 -1.1574625542019945 -0.9976509472035866
-6.393692 -5.318253e-05 -1.1537997721655868 -0.9944938878630867
-6.433712000000001 -5.350031e-05 -1.1606940378501787 -1.0004362578045904
-6.473804 -5.33669e-05 -1.1577996958998311 -0.9979415395281224
-6.5136270000000005 -5.356754e-05 -1.1621525987475767 -1.001693434251086
-6.553877000000001 -5.342263e-05 -1.1590087632627941 -0.9989836701746074
-6.594193000000001 -5.335113e-05 -1.1574575643313056 -0.9976466462875864
-6.6338729999999995 -5.318774e-05 -1.1539128035842308 -0.9945913129603087
-6.673738 -5.322023e-05 -1.154617677056735 -0.9951988640944248
-6.713929 -5.35485e-05 -1.1617395242349116 -1.0013373932048077
-6.753952 -5.342326e-05 -1.159022431169463 -0.998995450944521
-6.793986 -5.361399e-05 -1.1631603356757951 -1.0025620322867799
-6.833599 -5.343229e-05 -1.1592183378317196 -0.9991643086466162
-6.873804 -5.342291e-05 -1.15901483788798 -0.9989889060723467
-6.913778000000001 -5.314692e-05 -1.1530272100124357 -0.9938279938684457
-6.953600000000001 -5.325646e-05 -1.1554036901656557 -0.9958763518626316
-6.993514 -5.320819e-05 -1.1543564681737264 -0.9949737204916315
-7.033506999999999 -5.346337e-05 -1.159892621227393 -0.9997454932956876
-7.073637 -5.349051e-05 -1.16048142596866 -1.000253001383712
-7.1133869999999995 -5.347583e-05 -1.1601629420481812 -0.9999784907450903
-7.153702 -5.365173e-05 -1.1639791083705415 -1.0032677565035097
-7.193929 -5.345363e-05 -1.1596813110512716 -0.9995633588528964
-7.233533 -5.334812e-05 -1.1573922621105537 -0.9975903603868881
-7.2736 -5.321714e-05 -1.1545506392287868 -0.9951410822229438
-7.313692 -5.331743e-05 -1.156726439799961 -0.9970164685953822
-7.353486 -5.320942e-05 -1.154383153134366 -0.9949967210424152
-7.393859 -5.341557e-05 -1.1588555959277407 -0.9988516507530358
-7.433495 -5.339841e-05 -1.1584833081841837 -0.9985307650201509
-7.473193 -5.361292e-05 -1.1631371219295477 -1.0025420236775615
-7.513128 -5.335655e-05 -1.1575751517188395 -0.997747998308113
-7.553229 -5.344902e-05 -1.1595812966865977 -0.9994771535365442
-7.592873 -5.332361e-05 -1.1568605154558573 -0.9971320323383441
-7.632656 -5.318625e-05 -1.153880477900204 -0.9945634505044813
-7.672878 -5.341698e-05 -1.1588861860045714 -0.9988780172380806
-7.713285 -5.356308e-05 -1.1620558386463955 -1.0016100338799514
-7.75325 -5.351211e-05 -1.160950039911599 -1.0006569134950358
-7.792778 -5.336697e-05 -1.1578012145561276 -0.9979428485025571
-7.832904999999999 -5.359169e-05 -1.1626765351698904 -1.0021450304311077
-7.8730720000000005 -5.344084e-05 -1.1594038308507995 -0.9993241905240151
-7.913014 -5.335228e-05 -1.1574825136847493 -0.9976681508675874
-7.952776 -5.342269e-05 -1.1590100649681911 -0.9989847921526944
-7.993165 -5.322022e-05 -1.1546174601058357 -0.9951986770980771
-8.032778 -5.358503e-05 -1.1625320458708173 -1.0020204908634494
-8.072665 -5.3394e-05 -1.1583876328375002 -0.9984482996307555
-8.112562 -5.354449e-05 -1.1616525269242088 -1.0012624076693262
-8.152794 -5.361016e-05 -1.1630772434812833 -1.0024904126855592
-8.192924000000001 -5.342223e-05 -1.1590000852268136 -0.998976190320694
-8.232543 -5.350829e-05 -1.1608671646679867 -1.0005854808901629
-8.272477 -5.340736e-05 -1.158677479239244 -0.9986981267514632
-8.312424 -5.338162e-05 -1.1581190476239083 -0.9982167981521356
-8.352674 -5.348025e-05 -1.1602588343457638 -1.0000611431308333
-8.392533 -5.344483e-05 -1.1594903942597037 -0.9993988020668013
-8.432387 -5.371142e-05 -1.1652740882897097 -1.0043839377037374
-8.472382 -5.343196e-05 -1.1592111784520358 -0.9991581377671377
-8.512414000000001 -5.363127e-05 -1.1635352268301464 -1.002885161975839
-8.552211999999999 -5.337856e-05 -1.1580526606486585 -0.9981595772696982
-8.592276 -5.327554e-05 -1.1558176324819185 -0.9962331408943008
-8.632434 -5.337297e-05 -1.157931385095833 -0.9980550463112582
-8.672297 -5.31737e-05 -1.1536082045213205 -0.9943287700879482
-8.7121 -5.354238e-05 -1.1616067502844125 -1.001222951439933
-8.752117 -5.344451e-05 -1.1594834518309194 -0.9993928181836707
-8.791769 -5.360238e-05 -1.1629084556814653 -1.0023449295269433
-8.831387000000001 -5.365174e-05 -1.163979325321441 -1.0032679434998575
-8.87125 -5.326496e-05 -1.155588098430238 -0.9960352987582913
-8.911340000000001 -5.336916e-05 -1.1578487268031201 -0.9979838007027331
-8.951373 -5.32183e-05 -1.1545758055331299 -0.9951627737992927
-8.991239 -5.322858e-05 -1.154798831057825 -0.9953550060448673
-9.031201999999999 -5.34584e-05 -1.1597847966303372 -0.9996525561108137
-9.071231 -5.344968e-05 -1.1595956154459655 -0.9994894952955014
-9.111498 -5.359398e-05 -1.1627262169258779 -1.0021878525947618
-9.150731 -5.356324e-05 -1.1620593098607876 -1.0016130258215168
-9.190442 -5.332427e-05 -1.156874834215225 -0.9971443740973013
-9.23058 -5.349983e-05 -1.1606836242070022 -1.0004272819798945
-9.270655000000001 -5.329262e-05 -1.1561881846182795 -0.9965525306564033
-9.310797 -5.335149e-05 -1.157465374563688 -0.9976533781561084
-9.35007 -5.331095e-05 -1.1565858556170792 -0.9968952949619849
-9.390175 -5.340111e-05 -1.158541884927051 -0.9985812540340664
-9.430387000000001 -5.357106e-05 -1.1622289654642037 -1.0017592569655238
-9.469938 -5.347463e-05 -1.16013690794024 -0.99995605118335
-9.509692 -5.338484e-05 -1.15818890581355 -0.9982770109761385
-9.550174 -5.354901e-05 -1.1617505887307868 -1.0013469300185476
-9.589968 -5.318985e-05 -1.1539585802240273 -0.994630769189702
-9.6294 -5.336981e-05 -1.1578628286115882 -0.9979959554653423
-9.669471 -5.320744e-05 -1.1543401968562632 -0.9949596957655438
-9.710017 -5.336695e-05 -1.1578007806543287 -0.9979424745098615
-9.749731 -5.343115e-05 -1.1591936054291756 -0.999142991062963
-9.789618 -5.338509e-05 -1.1581943295860377 -0.9982816858848343
-9.829674 -5.352477e-05 -1.1612246997503775 -1.0008936508713953
-9.869832 -5.34108e-05 -1.158752110348675 -0.9987624534951185
-9.909674 -5.316214e-05 -1.1533574092814882 -0.9941126023098509
-9.949451999999999 -5.326269e-05 -1.1555388505760495 -0.9959928505873328
-9.992297 -5.341652e-05 -1.158876206263194 -0.9988694154060802
-9.994797 -5.324981e-05 -1.1552594178174824 -0.9957519992913213
-9.956793 -5.343703e-05 -1.1593211725580868 -0.99925294491549
-9.917275 -5.337822e-05 -1.158045284318075 -0.9981532193938716
-9.878133 -5.354953e-05 -1.1617618701775612 -1.001356653828635
-9.83833 -5.321643e-05 -1.1545352357149217 -0.9951278054822476
-9.798708000000001 -5.337803e-05 -1.1580411622509845 -0.9981496664632629
-9.759349 -5.330814e-05 -1.1565248924143172 -0.9968427489882433
-9.71932 -5.320883e-05 -1.1543703530312952 -0.994985688257893
-9.67932 -5.342277e-05 -1.159011800575387 -0.9989862881234771
-9.639529 -5.34522e-05 -1.1596502870726417 -0.999536618375156
-9.599977999999998 -5.348237e-05 -1.1603048279364598 -1.0001007863565743
-9.560342 -5.366346e-05 -1.1642335917756654 -1.0034871032195203
-9.520303 -5.338234e-05 -1.1581346680886728 -0.9982302618891797
-9.480107 -5.326434e-05 -1.1555746474744688 -0.9960237049847257
-9.440388 -5.331004e-05 -1.1565661130852238 -0.996878278294332
-9.400709999999998 -5.329707e-05 -1.156284727768561 -0.9966357440311899
-9.360764999999999 -5.345235e-05 -1.1596535413361344 -0.9995394233203734
-9.321024 -5.340181e-05 -1.1585570714900166 -0.9985943437784147
-9.28119 -5.349523e-05 -1.1605838267932282 -1.0003412636598903
-9.241376 -5.350628e-05 -1.1608235575371855 -1.000547894624248
-9.201388000000001 -5.365029e-05 -1.1639478674410124 -1.0032408290294215
-9.161783 -5.335601e-05 -1.157563436370266 -0.99773790050533
-9.121784 -5.329748e-05 -1.156293622755441 -0.9966434108814513
-9.081766 -5.343335e-05 -1.1592413346270676 -0.9991841302594867
-9.041548 -5.328369e-05 -1.1559944474650181 -0.9963855429177864
-9.001673 -5.352324e-05 -1.1611915062627525 -1.0008650404301764
-8.961841 -5.34898e-05 -1.160466022454795 -1.000239724643016
-8.921904 -5.360326e-05 -1.1629275473606222 -1.0023613852055528
-8.881832000000001 -5.357356e-05 -1.162283203189081 -1.0018060060524827
-8.842108 -5.331092e-05 -1.1565852047643805 -0.9968947339729414
-8.802256 -5.352606e-05 -1.1612526864164139 -1.0009177734002659
-8.761997 -5.332329e-05 -1.156853573027073 -0.9971260484552134
-8.722162 -5.345585e-05 -1.1597294741509623 -0.9996048720421156
-8.682351 -5.345918e-05 -1.159801718800499 -0.9996671418259448
-8.642571 -5.338825e-05 -1.1582628860702828 -0.9983407767307505
-8.602339 -5.37595e-05 -1.1663171882145484 -1.0052830161441286
-8.562152 -5.356237e-05 -1.1620404351325306 -1.0015967571392552
-8.522558 -5.351748e-05 -1.1610665425446354 -1.0007573305338233
-8.482812 -5.33664e-05 -1.1577888483548557 -0.9979321897107306
-8.442841 -5.326916e-05 -1.1556792178080317 -0.996113837224382
-8.402617 -5.35409e-05 -1.161574641551285 -1.0011952759804532
-8.362774 -5.340759e-05 -1.1586824691099327 -0.9987024276674634
-8.322914 -5.353333e-05 -1.161410409720357 -1.0010537197451421
-8.282613999999999 -5.344359e-05 -1.1594634923481644 -0.9993756145196697
-8.242764999999999 -5.358046e-05 -1.162432899309742 -1.0019350335324888
-8.202859 -5.363899e-05 -1.1637027129245672 -1.0030295231563677
-8.163331 -5.327464e-05 -1.1557981069009629 -0.9962163112229958
-8.122940999999999 -5.331909e-05 -1.1567624536492795 -0.9970475099891228
-8.082756 -5.325945e-05 -1.1554685584846085 -0.995932263770634
-8.043039 -5.356555e-05 -1.1621094255185742 -1.0016562219778666
-8.003265 -5.340498e-05 -1.158625844925161 -0.9986536216206785
-7.963292999999999 -5.35954e-05 -1.162757023953608 -1.0022144060761544
-7.923145000000001 -5.374229e-05 -1.1659438157164936 -1.0049611954295044
-7.882923 -5.352351e-05 -1.161197363937039 -1.0008700893315678
-7.843114 -5.35723e-05 -1.1622558673757428 -1.0017824445126555
-7.803089 -5.319505e-05 -1.1540713946917718 -0.9947280072905761
-7.762941 -5.346888e-05 -1.1600121611730223 -0.9998485282833447
-7.72302 -5.340207e-05 -1.1585627122134037 -0.9985992056834584
-7.6832650000000005 -5.342483e-05 -1.1590564924606859 -0.999024809371131
-7.643301999999999 -5.345739e-05 -1.159762884589487 -0.9996336694796824
-7.6031450000000005 -5.353182e-05 -1.1613776501345312 -1.001025483296619
-7.563117 -5.360922e-05 -1.1630568500967295 -1.0024728350288628
-7.523359999999999 -5.353386e-05 -1.161421908118031 -1.0010636305515774
-7.48371 -5.342539e-05 -1.1590686417110585 -0.9990352811666099
-7.44371 -5.325286e-05 -1.1553255878418323 -0.9958090331774108
-7.403558 -5.33699e-05 -1.1578647811696838 -0.9979976384324728
-7.363904000000001 -5.351226e-05 -1.1609532941750917 -1.0006597184402535
-7.323645000000001 -5.352549e-05 -1.161240320215142 -1.0009071146084394
-7.283682 -5.348411e-05 -1.1603425773929743 -1.0001333237210976
-7.243672999999999 -5.34806e-05 -1.1602664276272467 -1.0000676880030075
-7.203604 -5.33214e-05 -1.1568125693070659 -0.9970907061454726
-7.163487 -5.334274e-05 -1.1572755425266181 -0.997489756351753
-7.123662 -5.344844e-05 -1.1595687135344261 -0.9994663077483698
-7.083469 -5.320561e-05 -1.1543004948416533 -0.9949254754338901
-7.043737 -5.334396e-05 -1.157302010536358 -0.9975125699061888
-7.003645000000001 -5.3443e-05 -1.1594506922450936 -0.9993645817351475
-6.963539 -5.339972e-05 -1.1585117287520192 -0.9985552615417173
-6.923897 -5.359681e-05 -1.1627876140304392 -1.0022407725611995
-6.884104000000001 -5.339291e-05 -1.1583639851894536 -0.9984279170288415
-6.8437 -5.34286e-05 -1.1591382829498007 -0.999095306994265
-6.803626 -5.340319e-05 -1.158587010714149 -0.998620149274416
-6.763511 -5.331475e-05 -1.1566682969588926 -0.9969663535741623
-6.723878 -5.333032e-05 -1.1570060895094278 -0.9972575068877416
-6.683626 -5.343365e-05 -1.1592478431540527 -0.9991897401499217
-6.643395000000001 -5.350411e-05 -1.1607764791919921 -1.000507316416768
-6.6037740000000005 -5.346359e-05 -1.1598973941471822 -0.99974960721534
-6.563709 -5.360466e-05 -1.1629579204865532 -1.0023875646942497
-6.52346 -5.334867e-05 -1.1574041944100264 -0.9976006451860189
-6.483613999999999 -5.338409e-05 -1.158172634496087 -0.9982629862500509
-6.4437 -5.328799e-05 -1.156087736351807 -0.9964659513473556
-6.403784 -5.340734e-05 -1.158677045337445 -0.9986977527587676
-6.36396 -5.34156e-05 -1.1588562467804393 -0.9988522117420794
-6.323821 -5.338906e-05 -1.1582804590931428 -0.998355923434925
-6.28401 -5.348456e-05 -1.1603523401834521 -1.0001417385567501
-6.243876 -5.346452e-05 -1.1599175705808364 -0.9997669978756886
-6.2039539999999995 -5.332835e-05 -1.1569633501822245 -0.997220668607218
-6.164052 -5.332607e-05 -1.1569138853771368 -0.9971780334399117
-6.124076 -5.328285e-05 -1.1559762235894595 -0.9963698352245683
-6.084117 -5.322177e-05 -1.1546510874952594 -0.9952276615319915
-6.043774 -5.323354e-05 -1.1549064387039814 -0.9954477562333934
-6.004152 -5.347908e-05 -1.1602334510905215 -1.0000392645581366
-5.964182 -5.356113e-05 -1.1620135332209915 -1.0015735695921237
-5.924039 -5.350799e-05 -1.1608606561410015 -1.000579870999728
-5.8841540000000006 -5.340768e-05 -1.1586844216680283 -0.998704110634594
-5.8440389999999995 -5.322949e-05 -1.1548185735896803 -0.9953720227125202
-5.803869 -5.315654e-05 -1.1532359167777635 -0.9940078843550633
-5.763756 -5.331625e-05 -1.156700839593819 -0.9969944030263377
-5.724095 -5.319772e-05 -1.1541293205819407 -0.9947779353154482
-5.684432 -5.335345e-05 -1.157507896939992 -0.9976900294402842
-5.644135 -5.328344e-05 -1.1559890236925305 -0.9963808680090908
-5.604038999999999 -5.336408e-05 -1.1577385157461697 -0.9978888065580329
-5.564145000000001 -5.347319e-05 -1.1601056670107106 -0.9999291237092617
-5.5240290000000005 -5.325092e-05 -1.1552834993673275 -0.9957727558859307
-5.48418 -5.315386e-05 -1.153177773936695 -0.9939577693338434
-5.4439139999999995 -5.317238e-05 -1.1535795670025852 -0.994304086570034
-5.403792999999999 -5.308637e-05 -1.1517135723159095 -0.9926957309823041
-5.364198999999999 -5.310315e-05 -1.1520776159252857 -0.9930095108539716
-5.3242650000000005 -5.32208e-05 -1.154630043258007 -0.9952095228862514
-5.283645000000001 -5.320581e-05 -1.1543048338596433 -0.9949292153608468
-5.243906 -5.326892e-05 -1.1556740109864436 -0.996109349312034
-5.204089 -5.31995e-05 -1.154167937842053 -0.9948112206653626
-5.163802 -5.309689e-05 -1.151941804662193 -0.9928924511402267
-5.123501 -5.317333e-05 -1.1536001773380384 -0.9943218512230781
-5.0838019999999995 -5.300594e-05 -1.14996863623116 -0.9911917193566665
-5.043953999999999 -5.302753e-05 -1.1504370332231997 -0.9915954444716424
-5.00446 -5.313026e-05 -1.152665769813854 -0.9935164579529525
-4.9644129999999995 -5.323239e-05 -1.1548814893505377 -0.9954262516533924
-4.924228 -5.315433e-05 -1.153187970628972 -0.9939665581621917
-4.884162 -5.308021e-05 -1.1515799305618124 -0.9925805412320379
-4.844145 -5.319669e-05 -1.1541069746392911 -0.994758674691621
-4.804107 -5.298829e-05 -1.1495857178935271 -0.9908616708027376
-4.764048 -5.280926e-05 -1.1457016459396203 -0.9875138751874456
-4.724219 -5.289705e-05 -1.1476062578864084 -0.98915551612509
-4.684133 -5.305412e-05 -1.1510139056649937 -0.992092667760536
-4.644089 -5.307636e-05 -1.1514964044655014 -0.9925085476381214
-4.604388 -5.307065e-05 -1.1513725255018818 -0.9924017727235075
-4.564636 -5.313253e-05 -1.1527150176680425 -0.9935589061239111
-4.524043 -5.30565e-05 -1.151065539979077 -0.9921371728913209
-4.483992 -5.294036e-05 -1.148545872232181 -0.9899653973075638
-4.444237 -5.273865e-05 -1.1441697556381882 -0.9861934939753819
-4.404089 -5.288261e-05 -1.1472929807875176 -0.9888854933988162
-4.363954 -5.279465e-05 -1.1453846806754377 -0.9872406735232585
-4.32395 -5.29891e-05 -1.1496032909163871 -0.990876817506912
-4.283885000000001 -5.287514e-05 -1.1471309184655845 -0.9887458071269832
-4.24434 -5.296172e-05 -1.149009279353532 -0.9903648215065396
-4.204052 -5.274502e-05 -1.1443079533611753 -0.9863126106489528
-4.163913 -5.275501e-05 -1.144524687309785 -0.9864994200004402
-4.124275 -5.262836e-05 -1.1417770041675053 -0.9841311112551085
-4.083997 -5.26223e-05 -1.141645531922403 -0.9840177914683205
-4.043794 -5.270403e-05 -1.1434186716240886 -0.9855461126191768
-4.003719 -5.270172e-05 -1.143368555966302 -0.9855029164628268
-3.963963 -5.26313e-05 -1.141840787731961 -0.9841860881813722
-3.923954 -5.256034e-05 -1.1403013041490462 -0.9828591620971342
-3.883682 -5.268138e-05 -1.1429272778367012 -0.9851225658913304
-3.843963 -5.266263e-05 -1.1425204949001222 -0.9847719477391396
-3.804034 -5.254356e-05 -1.1399372605396703 -0.9825453822254668
-3.764071 -5.250827e-05 -1.1391716408153036 -0.9818854721139568
-3.7238580000000003 -5.245929e-05 -1.1381090153095095 -0.9809695640022605
-3.683906 -5.24705e-05 -1.1383522172678586 -0.9811791869081835
-3.6440520000000003 -5.248465e-05 -1.138659202790664 -0.9814437867403704
-3.604034 -5.241715e-05 -1.1371947842189791 -0.9801815613924832
-3.564039 -5.250872e-05 -1.1391814036057817 -0.9818938869496096
-3.524163 -5.243903e-05 -1.1376694727871044 -0.9805907094015465
-3.483913 -5.232497e-05 -1.1351949308273068 -0.9784578290581395
-3.4436329999999997 -5.220451e-05 -1.1325815402918231 -0.9762052710521176
-3.403963 -5.224364e-05 -1.1334304691616013 -0.9769369877611965
-3.36408 -5.219667e-05 -1.132411450786608 -0.9760586659154149
-3.3238209999999997 -5.228834e-05 -1.1344002396824058 -0.9777728614360194
-3.283888 -5.207e-05 -1.12966333374253 -0.9736899831773878
-3.2438580000000004 -5.228624e-05 -1.134354679993509 -0.977733592202974
-3.203991 -5.210691e-05 -1.1304640995126167 -0.974380186697247
-3.16408 -5.188094e-05 -1.1255616600364158 -0.9701546302252173
-3.123558 -5.199043e-05 -1.1279370554351378 -0.9722020532376637
-3.08345 -5.189337e-05 -1.125831330004505 -0.9703870666855763
-3.043567 -5.189146e-05 -1.1257898923826988 -0.9703513503831397
-3.003728 -5.192516e-05 -1.1265210169140438 -0.9709815280753441
-2.963459 -5.181742e-05 -1.1241835879227353 -0.9689668294237685
-2.923765 -5.193199e-05 -1.1266691943784084 -0.9711092465809155
-2.8841170000000003 -5.17735e-05 -1.1232307395720926 -0.9681455414640768
-2.843571 -5.133143e-05 -1.1136399911575054 -0.9598789939153305
-2.8035479999999997 -5.14753e-05 -1.116761263748739 -0.9625693103716341
-2.7637840000000002 -5.147691e-05 -1.1167961928435601 -0.9625994167836356
-2.723552 -5.132826e-05 -1.113571217722361 -0.9598197160730666
-2.683312 -5.14775e-05 -1.116808992946631 -0.9626104495681578
-2.643463 -5.124008e-05 -1.111658144690492 -0.9581707822778567
-2.603589 -5.117477e-05 -1.1102412383658 -0.9569495091301458
-2.563595 -5.125778e-05 -1.1120421477826228 -0.958501765813525
-2.5237089999999998 -5.094034e-05 -1.105155258428614 -0.9525657537478472
-2.483571 -5.080528e-05 -1.1022251195798478 -0.9500401810739865
-2.443708 -5.079227e-05 -1.1019428664595867 -0.9497968988254529
-2.4036999999999997 -5.059294e-05 -1.097618384179677 -0.9460695006240557
-2.363746 -5.062441e-05 -1.0983011286604314 -0.9466579781306929
-2.3235010000000003 -5.026555e-05 -1.090515628680657 -0.9399474271922822
-2.283515 -5.024915e-05 -1.0901598292054626 -0.9396407531818328
-2.243614 -5.023373e-05 -1.08982529091842 -0.939352404813471
-2.203719 -5.018971e-05 -1.088870273058782 -0.9385292468903009
-2.163614 -4.965763e-05 -1.0773267495977157 -0.9285795452146907
-2.123747 -4.9736e-05 -1.0790269937971666 -0.9300450355926744
-2.083357 -4.950106e-05 -1.0739299493641057 -0.9256517433966364
-2.04352 -4.923147e-05 -1.068081170064247 -0.9206105088553499
-2.003497 -4.90983e-05 -1.0651920349354878 -0.9181202784912297
-1.963533 -4.893477e-05 -1.0616442368758197 -0.9150623272150823
-1.923444 -4.847494e-05 -1.0516681836637047 -0.9064636741525808
-1.883395 -4.847343e-05 -1.051635424077879 -0.9064354377040577
-1.8431140000000001 -4.819522e-05 -1.0455996331026434 -0.9012330123109371
-1.803284 -4.755979e-05 -1.0318139220951532 -0.8893507033804512
-1.7633109999999999 -4.729306e-05 -1.026027190752554 -0.8843629497946455
-1.723126 -4.693148e-05 -1.0181826801281135 -0.8776015358496239
-1.6831420000000001 -4.63947e-05 -1.0065371897442776 -0.8675639458905309
-1.643348 -4.623226e-05 -1.003013039332656 -0.8645263772162974
-1.603397 -4.591207e-05 -0.9960664884812828 -0.8585389411549654
-1.563589 -4.526841e-05 -0.9821022268834967 -0.846502734230211
-1.5229780000000002 -4.477016e-05 -0.9712926483154687 -0.8371856411993269
-1.483114 -4.42977e-05 -0.9610425861172742 -0.8283508117495098
-1.443126 -4.352903e-05 -0.944366221324728 -0.8139769634804687
-1.403161 -4.277145e-05 -0.9279304550797374 -0.7998104941611769
-1.3632650000000002 -4.24953e-05 -0.9219393559898008 -0.7946465900157105
-1.322859 -4.174369e-05 -0.9056331094318167 -0.7805917575160761
-1.2829220000000001 -4.104382e-05 -0.8904493668278918 -0.7675044441201408
-1.243265 -4.064121e-05 -0.8817147066627662 -0.7599757841599516
-1.2031720000000001 -3.993401e-05 -0.8663719390495012 -0.7467514024410531
-1.163406 -3.891034e-05 -0.8441633263194798 -0.727609147302217
-1.1233689999999998 -3.835672e-05 -0.8321524906208713 -0.7172566554933699
-1.08295 -3.747141e-05 -0.8129456105364542 -0.7007016818231804
-1.042954 -3.672664e-05 -0.7967877583937343 -0.6867747548254652
-1.003191 -3.597039e-05 -0.7803808466183783 -0.6726331560204355
-0.9631539 -3.512976e-05 -0.7621433031529666 -0.6569136820323731
-0.9228687999999999 -3.442858e-05 -0.7469311399812057 -0.6438018721148713
-0.8827557 -3.332116e-05 -0.7229055634677979 -0.6230935225629162
-0.8429158999999999 -3.268569e-05 -0.7091189846567095 -0.6112104656470387
-0.8031076 -3.165357e-05 -0.6867270484166033 -0.5919101985942821
-0.7630952 -3.081684e-05 -0.6685741158020001 -0.5762636531818754
-0.723052 -2.962468e-05 -0.6427100973661543 -0.5539706965783656
-0.6831423 -2.899991e-05 -0.6291556560175404 -0.5422877257546718
-0.6431168 -2.797047e-05 -0.6068218626185025 -0.5230375737231349
-0.6028853000000001 -2.684378e-05 -0.5823782217217409 -0.5019688822089015
-0.5629158999999999 -2.596053e-05 -0.5632160335226225 -0.4854524297863658
-0.5231816 -2.471642e-05 -0.5362249551638283 -0.46218802715585267
-0.4830197 -2.356998e-05 -0.5113528362405368 -0.44075001785464507
-0.4429038 -2.24971e-05 -0.4880766081340324 -0.42068755368811234
-0.4027932 -2.128639e-05 -0.4618101457795976 -0.3980477188593684
-0.36296870000000003 -2.002578e-05 -0.4344610984366137 -0.3744747722549273
-0.3226446 -1.892755e-05 -0.41063489979985446 -0.3539382723466327
-0.2822838 -1.728638e-05 -0.37502956902516216 -0.32324899272897895
-0.2426723 -1.582507e-05 -0.34332631712903583 -0.2959230294234873
-0.2026445 -1.428034e-05 -0.3098132608292068 -0.26703714258435524
-0.1625479 -1.278138e-05 -0.27729318879642967 -0.23900713802926443
-0.1225797 -1.105379e-05 -0.23981296834818203 -0.20670183597361969
-0.08267233 -9.121515e-06 -0.19789208841333766 -0.17056899917231208
-0.04238529 -7.328013e-06 -0.15898190119624728 -0.13703116678881655
-0.002547934 -5.305879e-06 -0.11511152217350644 -0.0992179995054975
0.0375036 -3.312151e-06 -0.0718574138759104 -0.061936014047838835
0.07731056 -1.240065e-06 -0.026903321719942967 -0.023188762607813853
0.11717029999999999 6.645033e-07 0.014416458866159255 0.012425969022437462
0.1572629 2.812182e-06 0.061010541448256864 0.05258677634476191
0.1975406 4.702874e-06 0.10202927445767364 0.0879420262328668
0.2374426 6.34613e-06 0.13767986119000347 0.118670313288679
0.2773462 8.279175e-06 0.17961744634411003 0.1548175488087699
0.3177351 9.902881e-06 0.21484389406790008 0.18518025800456447
0.3575275 1.151667e-05 0.24985519158464722 0.215357522922211
0.3976055 1.335983e-05 0.2898427135785186 0.24982394176978606
0.4374615 1.511661e-05 0.3279562137024325 0.28267508616476145
0.47736470000000003 1.740735e-05 0.37765402405652054 0.32551108754874014
0.5175590999999999 1.967326e-05 0.4268131453271281 0.36788277700104427
0.5577814 2.144422e-05 0.46523428182654564 0.4009990822172499
0.5974992 2.279606e-05 0.4945625722257486 0.4262779965029906
0.6374481 2.418001e-05 0.5245874919632746 0.4521573560616298
0.6778277 2.553763e-05 0.5540411799823937 0.4775443542364193
0.7178295 2.691397e-05 0.5839010000853935 0.5032814095743561
0.7576518 2.813914e-05 0.610481173440518 0.5261916411220695
0.7977814 2.93144e-05 0.6359785448561938 0.5481685738977379
0.8377917 3.066695e-05 0.665322238769262 0.573460764924175
0.8776703 3.172828e-05 0.6883478885868337 0.5933072483089581
0.9176408 3.292425e-05 0.7142945653153925 0.615671450520993
0.9576146999999999 3.38062e-05 0.7334285498975747 0.6321635934183101
0.9977444000000001 3.488663e-05 0.7568685759332082 0.6523672398274583
1.037856 3.577454e-05 0.7761318632514975 0.6689708325480849
1.077801 3.675179e-05 0.797333389905999 0.6872450506402705
1.118152 3.772271e-05 0.8183975866411113 0.7054009000442765
1.158328 3.828918e-05 0.8306872042455886 0.7159936821600916
1.1981220000000001 3.922825e-05 0.8510604123657654 0.7335539481962429
1.2379200000000001 3.982638e-05 0.8640368965180873 0.7447387607493038
1.278133 4.045952e-05 0.8777729257695902 0.7565782475161357
1.317886 4.124496e-05 0.8948131172206124 0.771265688660496
1.357631 4.201936e-05 0.911613794878577 0.7857466858368465
1.3976520000000001 4.267311e-05 0.9257969599339674 0.7979715720765664
1.438291 4.344974e-05 0.9426460176425224 0.8124942694384841
1.478075 4.39533e-05 0.9535707971381896 0.8219106575300686
1.517818 4.441289e-05 0.9635416435287164 0.8305048226802222
1.558009 4.494504e-05 0.9750866856460794 0.8404558333302673
1.5984390000000002 4.55391e-05 0.9879748707823014 0.8515645383697594
1.638509 4.584592e-05 0.9946313582810318 0.8573019603140363
1.678022 4.63448e-05 1.0054546047557287 0.8666308341148338
1.718197 4.693143e-05 1.0181815953736157 0.8776006008678845
1.758337 4.718721e-05 1.023730765481253 0.8823835934528109
1.7979990000000001 4.747878e-05 1.0300564028582322 0.887835845966639
1.838143 4.788625e-05 1.0388965011605187 0.8954553861518759
1.8782919999999999 4.829167e-05 1.0476921245284063 0.9030365920858068
1.918143 4.831031e-05 1.0480965210050905 0.9033851532781713
1.958383 4.863682e-05 1.0551801848249538 0.9094907710313354
1.9984300000000002 4.890355e-05 1.060966916167553 0.9144785246171411
2.038689 4.91281e-05 1.0658385486160242 0.9186775276077784
2.078415 4.947595e-05 1.073385185655439 0.9251821955672225
2.11843 4.952833e-05 1.0745215744670664 0.9261616824371828
2.158531 4.966533e-05 1.0774938017903375 0.9287235324025237
2.198509 4.99925e-05 1.084591784369568 0.9348414919146447
2.238263 4.994383e-05 1.083535884341659 0.9339313806897315
2.278467 5.017644e-05 1.088582379215134 0.9382811027367237
2.318179 5.046566e-05 1.0948570331307286 0.9436894111088107
2.358263 5.041066e-05 1.0936638031834298 0.9426609311957175
2.398513 5.069766e-05 1.0998902939993336 0.9480277263785849
2.4385749999999997 5.08056e-05 1.102232062008632 0.9500461649571172
2.478531 5.072733e-05 1.1005339873181763 0.9485825445426117
2.518509 5.097748e-05 1.1059610140693898 0.9532602581837069
2.558402 5.099315e-05 1.1063009761289204 0.9535532814607647
2.5984949999999998 5.112311e-05 1.1091204700189372 0.9559834859972295
2.6380749999999997 5.112649e-05 1.1091937994229712 0.9560466907627978
2.6784760000000003 5.143873e-05 1.1159678743092352 0.9618854647276011
2.7183580000000003 5.146532e-05 1.1165447467510292 0.9623826880164946
2.7581149999999997 5.159322e-05 1.1193195487557472 0.9647743713053055
2.798188 5.17572e-05 1.1228771096058934 0.9678407374171057
2.838457 5.148151e-05 1.1168959902573339 0.9626854351036396
2.878641 5.172244e-05 1.1221229882792005 0.9671907381120308
2.9187440000000002 5.167243e-05 1.1210380168307568 0.9662555693765075
2.958886 5.177729e-05 1.1233129639630064 0.9682164130799064
2.9984430000000004 5.181619e-05 1.124156902962096 0.9689438288729849
3.038522 5.209045e-05 1.1301069983320253 0.9740723907087105
3.078772 5.195479e-05 1.1271638424292885 0.9715355982539795
3.1189989999999996 5.211165e-05 1.1305669342389841 0.9744688229661209
3.15892 5.208809e-05 1.1300557979197412 0.9740282595706214
3.1987449999999997 5.205644e-05 1.129369148322796 0.9734364161297233
3.238828 5.212716e-05 1.1309034250841223 0.9747588543016131
3.278698 5.220853e-05 1.1326687545534257 0.9762804435839475
3.3186799999999996 5.224561e-05 1.1334732084888046 0.97697382604172
3.359069 5.22775e-05 1.1341650649073383 0.9775701573949662
3.398837 5.237724e-05 1.1363289331790394 0.9794352589682734
3.438867 5.249702e-05 1.1389275710533562 0.9816751012226423
3.478745 5.233927e-05 1.1355051706136043 0.9787252338355437
3.519087 5.243643e-05 1.1376130655532324 0.9805420903511095
3.5588200000000003 5.246801e-05 1.1382981964938812 0.9811326248175727
3.59905 5.238804e-05 1.1365632401505088 0.9796372150239353
3.639245 5.24885e-05 1.1387427288869747 0.9815157803342868
3.678792 5.240381e-05 1.1369053717190343 0.9799321082644713
3.718874 5.262319e-05 1.1416648405524592 0.9840344341432778
3.7591889999999997 5.264083e-05 1.142047541939193 0.984364295700859
3.799207 5.262841e-05 1.1417780889220028 0.9841320462368477
3.8388299999999997 5.260231e-05 1.141211847074285 0.9836439857689981
3.878948 5.2629e-05 1.141790889025074 0.9841430790213701
3.9193670000000003 5.262896e-05 1.141790021221476 0.9841423310359787
3.958905 5.270846e-05 1.1435147808725712 0.9856289520012679
3.998819 5.271803e-05 1.1437224028834012 0.9858079075061461
4.039004 5.291263e-05 1.1479442673878433 0.9894468564350172
4.079188 5.276679e-05 1.1447802554694062 0.9867197016981899
4.118995 5.292383e-05 1.148187252395293 0.9896562923445923
4.159383 5.291126e-05 1.1479145451146104 0.9894212379353636
4.199301 5.273051e-05 1.1439931576059883 0.9860412789482442
4.239337000000001 5.283273e-05 1.1462108297007676 0.9879527556158146
4.279528 5.278429e-05 1.1451599195435467 0.9870469453069014
4.319075 5.295354e-05 1.1488318135177338 0.9902118584940105
4.359078 5.293373e-05 1.148402033785807 0.9898414187289493
4.399745 5.307534e-05 1.1514742754737515 0.992489474010642
4.439679 5.301724e-05 1.1502137907476053 0.9914030252297202
4.479532 5.296555e-05 1.149092371548044 0.9904364411077605
4.519245 5.301489e-05 1.1501628072862204 0.9913590810879788
4.559152 5.298981e-05 1.1496186944302524 0.9908900942476084
4.599448000000001 5.291012e-05 1.1478898127120665 0.9893999203517105
4.63966 5.294591e-05 1.1486662799814085 0.9900691802806122
4.679349 5.308009e-05 1.1515773271510181 0.9925782972758638
4.719402 5.315356e-05 1.1531712654097097 0.9939521594434084
4.759856 5.320862e-05 1.1543657970624053 0.9949817613345884
4.799810000000001 5.319986e-05 1.1541757480744357 0.9948179525338848
4.839640999999999 5.317301e-05 1.1535932349092544 0.9943158673399476
4.879560000000001 5.299489e-05 1.1497289054872029 0.9909850883923087
4.919791 5.304616e-05 1.1508412127489847 0.9919438186676591
4.959707000000001 5.312116e-05 1.152468344495301 0.9933462912764226
4.999560000000001 5.306408e-05 1.1512299887609045 0.9922789161229797
5.039377 5.316834e-05 1.153491918839184 0.9942285400455086
5.079152 5.325899e-05 1.1554585787432314 0.9959236619386338
5.119402 5.31218e-05 1.1524822293528696 0.9933582590426839
5.159603 5.326251e-05 1.1555349454598585 0.9959894846530717
5.199458 5.318874e-05 1.1539344986741817 0.9946100125950922
5.239301 5.308826e-05 1.151754576035917 0.9927310732920451
5.279347 5.309658e-05 1.1519350791843084 0.9928866542534439
5.319604 5.30825e-05 1.1516296123177998 0.992623363395692
5.359584 5.323977e-05 1.1550415991143752 0.9955642549580946
5.399587 5.325758e-05 1.1554279886664007 0.9958972954535891
5.43992 5.325771e-05 1.155430809028094 0.9958997264061108
5.480028 5.331794e-05 1.156737504295836 0.9970260054091218
5.51966 5.31839e-05 1.1538294944388194 0.9945195063627399
5.559504 5.314503e-05 1.1529862062924288 0.993792651558705
5.599509 5.313356e-05 1.1527373636106921 0.9935781667477381
5.63955 5.331926e-05 1.1567661418145712 0.997050688927036
5.67965 5.325354e-05 1.155340340502999 0.9958217489290635
5.719856 5.326003e-05 1.15548114163678 0.9959431095588085
5.7598959999999995 5.343044e-05 1.1591782019153103 0.9991297143222666
5.800050000000001 5.328513e-05 1.1560256883945472 0.9964124703918746
5.840235 5.34034e-05 1.1585915666830384 0.9986240761977205
5.879962000000001 5.33892e-05 1.158283496405736 0.9983585413837947
5.919912 5.314219e-05 1.152924592236968 0.9937395445959197
5.960122 5.31579e-05 1.1532654221000964 0.9940333158583686
6.000013 5.34244e-05 1.1590471635720072 0.9990167685281743
6.039943 5.333482e-05 1.157103717414207 0.9973416552442673
6.080022 5.354638e-05 1.1616935306442158 1.0012977499790667
6.120198 5.352108e-05 1.1611446448684586 1.000824649219044
6.160032 5.349415e-05 1.160560396096081 1.000321068054324
6.2003 5.318513e-05 1.153856179399459 0.9945425069135237
6.240188 5.342163e-05 1.1589870681728431 0.9989649705398239
6.279976 5.319282e-05 1.1540230146411812 0.9946863071050088
6.320131999999999 5.329209e-05 1.1561766862206055 0.996542619849968
6.359837000000001 5.34833e-05 1.160325004370114 1.000118177016923
6.399886 5.34357e-05 1.159292318088452 0.999228074401228
6.440124 5.346355e-05 1.159896526343584 0.9997488592299486
6.479952 5.358321e-05 1.162492560807107 1.0019864575281436
6.519976 5.341821e-05 1.158912870965211 0.9989010177888643
6.560047 5.35018e-05 1.1607263635342053 1.0004641202604179
6.600069 5.342036e-05 1.1589595154086054 0.9989412220036489
6.640235 5.317938e-05 1.1537314326322414 0.9944349840135185
6.6800559999999995 5.339539e-05 1.158417789012532 0.9984742921231047
6.720532 5.361385e-05 1.163157298363202 1.0025594143379102
6.760547 5.347333e-05 1.1601087043233036 0.9999317416581313
6.800038 5.337492e-05 1.1579736905212372 0.9980915105990861
6.839967 5.343919e-05 1.1593680339523806 0.9992933361266224
6.880319 5.33811e-05 1.158107766177134 0.9982070743420484
6.920443000000001 5.340121e-05 1.1585440544360461 0.9985831239975447
6.960171 5.340764e-05 1.1586835538644302 0.9987033626492026
7.000104 5.348226e-05 1.160302441476565 1.000098729396748
7.040208 5.343436e-05 1.159263246667918 0.9992030168906181
7.080578 5.347004e-05 1.1600373274773654 0.9998702198596936
7.120522 5.352881e-05 1.161312347913779 1.0009691973959207
7.160443 5.339493e-05 1.1584078092711545 0.9984656902911042
7.20056 5.33255e-05 1.1569015191758647 0.9971673746480851
7.240811 5.363044e-05 1.163517219905487 1.0028696412789686
7.280615 5.329845e-05 1.1563146669926934 0.9966615495271912
7.320556 5.350138e-05 1.1607172515964264 1.000456266413809
7.36043 5.360712e-05 1.1630112904078325 1.0024335657958172
7.400708 5.354812e-05 1.1617312801007305 1.00133028734359
7.440707000000001 5.354007e-05 1.1615566346266257 1.0011797552835828
7.4804759999999995 5.355891e-05 1.1619653701213004 1.0015320564029042
7.520415 5.32516e-05 1.1552982520284942 0.9957854716375836
7.560282 5.346204e-05 1.1598637667577583 0.9997206227814256
7.600458 5.329618e-05 1.1562654191385047 0.9966191013562324
7.640179 5.333035e-05 1.1570067403621263 0.997258067876785
7.680282 5.358261e-05 1.1624795437531366 1.0019752377472735
7.720358 5.353534e-05 1.1614540168511582 1.001091306011057
7.760337000000001 5.347579e-05 1.160162074244583 0.9999777427596989
7.800339 5.350263e-05 1.1607443704588647 1.0004796409572883
7.840652 5.338441e-05 1.158179576924871 0.9982689701331816
7.8808 5.334004e-05 1.1572169657837506 0.9974392673378373
7.920613 5.351122e-05 1.1609307312815427 1.0006402708200786
7.960634 5.340347e-05 1.1585930853393351 0.9986253851721555
8.000867 5.326911e-05 1.1556781330535344 0.996112902242643
8.040856 5.364146e-05 1.163756299796746 1.0030757112542832
8.080472 5.366321e-05 1.1642281680031776 1.0034824283108243
8.120754 5.340688e-05 1.1586670655960674 0.998689150926767
8.160509 5.35568e-05 1.1619195934815043 1.0014926001735112
8.200624 5.363332e-05 1.1635797017645457 1.0029234962271452
8.240893 5.321861e-05 1.1545825310110147 0.9951685706860757
8.28082 5.3536e-05 1.1614683356105255 1.001103647770014
8.320818 5.358967e-05 1.1626327110881896 1.002107257168845
8.36084 5.357531e-05 1.162321169596495 1.0018387304133538
8.400718000000001 5.352036e-05 1.1611290244036938 1.0008111854819999
8.440886 5.368947e-05 1.164797881065288 1.0039734807202394
8.480995 5.352077e-05 1.1611379193905738 1.0008188523322612
8.520933999999999 5.365288e-05 1.164004057723985 1.0032892610835107
8.56106 5.335327e-05 1.1575039918238008 0.9976866635060232
8.601057 5.328616e-05 1.1560480343371968 0.9964317310157018
8.64118 5.347272e-05 1.1600954703184339 0.9999203348809135
8.681188 5.352879e-05 1.1613119140119796 1.0009688234032248
8.721207 5.352655e-05 1.1612633170104898 1.0009269362213098
8.761087 5.375665e-05 1.1662553572081882 1.0052297221849955
8.800943 5.36766e-05 1.16451866525762 1.0037328164205757
8.841106 5.331408e-05 1.1566537612486254 0.9969538248188573
8.881057 5.342573e-05 1.1590760180416417 0.9990416390424363
8.921171000000001 5.350763e-05 1.1608528459086191 1.0005731391312058
8.96101 5.339355e-05 1.1583778700470222 0.9984398847951029
9.000744000000001 5.349464e-05 1.160571026690157 1.0003302308753679
9.040931 5.357037e-05 1.1622139958521374 1.0017463542175231
9.08098 5.35625e-05 1.1620432554942242 1.001599188091777
9.121281999999999 5.358356e-05 1.16250015408859 1.0019930024003179
9.161028 5.350124e-05 1.160714214283833 1.0004536484649391
9.201032 5.338888e-05 1.1582765539769515 0.9983525575006639
9.241056 5.345175e-05 1.1596405242821637 0.9995282035395032
9.281096999999999 5.335044e-05 1.1574425947192397 0.9976337435395858
9.321084999999998 5.344172e-05 1.1594229225299566 0.9993406462026247
9.360717000000001 5.364202e-05 1.1637684490471183 1.0030861830497617
9.400971 5.356562e-05 1.1621109441748712 1.0016575309523017
9.441414 5.354232e-05 1.1616054485790153 1.0012218294618458
9.481235 5.35259e-05 1.1612492152020217 1.0009147814587005
9.521387 5.333416e-05 1.1570893986548394 0.9973293134853103
9.561037 5.345353e-05 1.1596791415422762 0.9995614888894179
9.60143 5.330296e-05 1.1564125118483717 0.9967458848800647
9.641264 5.318087e-05 1.1537637583162685 0.9944628464693461
9.681087 5.356651e-05 1.162130252804927 1.0016741736272587
9.721625 5.359249e-05 1.1626938912418514 1.0021599901389346
9.761462 5.345474e-05 1.159705392601117 0.9995841154475059
9.80106 5.371534e-05 1.1653591330423174 1.0044572402720888
9.841458000000001 5.319525e-05 1.154075733709762 0.9947317472175328
9.881472 5.332776e-05 1.1569505500791537 0.9972096358226958
9.921085 5.337752e-05 1.1580300977551097 0.9981401296495233
9.961075000000001 5.33061e-05 1.1564806344308174 0.9968046017332849
10.003950000000001 5.348341e-05 1.1603273908300087 1.0001202339767492
