Keff(MJ/m3):0.1114866277391267 Ms(MA/m):1.2105951433386726
H(kOe) moment(emu) M(MA/m) M_norm()
9.947908 7.31379e-05 1.1354819568292065 1.008123584613686
9.900132 7.258442e-05 1.1268890582982694 1.0004944861351683
9.851685 7.241192e-05 1.1242109579214055 0.9981167679022706
9.802961999999999 7.30777e-05 1.13454733861073 1.0072937954100893
9.754334 7.273012e-05 1.1291510827904958 1.0025027965498536
9.70549 7.211476e-05 1.1195974836721942 0.9940207519597316
9.656547 7.289802e-05 1.13175776715731 1.0048171089632074
9.607731 7.252988e-05 1.1260423128225931 0.9997427136573582
9.558027 7.228871e-05 1.1222980956174438 0.9964184568096599
9.508462 7.275085e-05 1.1294729205923069 1.0027885362540159
9.45917 7.253963e-05 1.1261936837134592 0.9998771064270436
9.40963 7.256772e-05 1.1266297871313498 1.000264295442476
9.359604 7.24881e-05 1.1253936691487068 0.9991668234094133
9.309953 7.316038e-05 1.1358309637652755 1.0084334460970226
9.260481 7.2704e-05 1.1287455640551705 1.0021427617658347
9.21026 7.255191e-05 1.126384333409853 1.0000463723974784
9.160415 7.280412e-05 1.1302999490391215 1.0035228032120822
9.110961999999999 7.282753e-05 1.1306633944293962 1.0038454836980657
9.060934 7.233294e-05 1.122984776079291 0.9970281175484486
9.011361 7.28322e-05 1.1307358972048163 1.0039098543887766
8.961255 7.278439e-05 1.1299936364568868 1.003250847381734
8.911287 7.238912e-05 1.123856982915072 0.9978024955793134
8.861452 7.289779e-05 1.1317541963568079 1.0048139386722306
8.8115 7.30355e-05 1.1338921743446218 1.0067121159351426
8.761177 7.25144e-05 1.1258019824235563 0.9995293392907191
8.711358 7.267994e-05 1.1283720272721711 1.0018111217618721
8.661204 7.295955e-05 1.132713033917823 1.005665230718977
8.611566 7.255738e-05 1.1264692563609338 1.0001217701872405
8.561527 7.247475e-05 1.125186407467367 0.9989828086939978
8.511121999999999 7.304281e-05 1.1340056636997227 1.0068128760527224
8.461278 7.290018e-05 1.1317913016315944 1.0048468821306455
8.411292999999999 7.239434e-05 1.1239380245612587 0.9978744474006219
8.361519 7.269585e-05 1.1286190335156259 1.0020304231942514
8.311824 7.268016e-05 1.128375442820478 1.0018141542141112
8.261389999999999 7.254446e-05 1.1262686705240115 0.9999436825375648
8.211424000000001 7.238871e-05 1.1238506175750458 0.9977968441910497
8.161537000000001 7.288268e-05 1.131519610289014 1.0046056643389023
8.110980999999999 7.242282e-05 1.124380182814784 0.9982670121268419
8.061075 7.239461e-05 1.1239422163705446 0.997878169046552
8.0115 7.263412e-05 1.127660661711198 1.0011795446637193
7.960898 7.252278e-05 1.1259320837636033 0.9996448481532795
7.910792000000001 7.237503e-05 1.123638232571246 0.9976082807972757
7.861149999999999 7.269518e-05 1.1286086316185096 1.002021187998796
7.811037000000001 7.261475e-05 1.1273599382080102 1.000912551027944
7.761169 7.240126e-05 1.1240454590807252 0.9979698318074144
7.7111670000000005 7.257515e-05 1.1267451395127999 1.0003667096249136
7.660905 7.286708e-05 1.1312774168636281 1.0043906359074055
7.611178 7.255766e-05 1.126473603422415 1.0001256296719083
7.560694000000001 7.259372e-05 1.1270334428403266 1.0006226761616377
7.510839 7.263739e-05 1.1277114291792114 1.0012246179310906
7.461055999999999 7.251543e-05 1.1258179733997196 0.9995435366807474
7.410953999999999 7.231354e-05 1.1226835868195164 0.996760710396459
7.360669 7.257282e-05 1.1267089657511875 1.0003345931989271
7.311094 7.264418e-05 1.1278168454201325 1.001318210434287
7.261268 7.251241e-05 1.1257710872366002 0.9995019093818295
7.211188 7.260927e-05 1.1272748600047338 1.000837015399444
7.160759 7.268005e-05 1.1283737350463245 1.0018126379879917
7.110773 7.229391e-05 1.122378826759239 0.9964901329534921
7.061064 7.227842e-05 1.1221383411080066 0.9962766207481148
7.010961 7.245849e-05 1.1249339673970609 0.9987586829057838
6.960935 7.228323e-05 1.1222130174141671 0.9963429211811596
6.910361 7.238935e-05 1.1238605537155748 0.9978056658702908
6.860310999999999 7.238168e-05 1.1237414752814268 0.9976999435581383
6.810379 7.264443e-05 1.1278207267250266 1.0013216564027405
6.760537 7.24056e-05 1.124112838533685 0.9980296538197666
6.7105 7.254577e-05 1.1262890085616561 0.9999617394122611
6.660386000000001 7.248549e-05 1.1253531483256134 0.9991308474987591
6.6107640000000005 7.213237e-05 1.1198708827889283 0.9942634859775946
6.560685 7.210562e-05 1.1194555831652697 0.9938947673530728
6.510631 7.221624e-05 1.1211729829547694 0.9954195394743665
6.460601 7.218365e-05 1.1206670160487868 0.9949703230267715
6.410556 7.232322e-05 1.122833870945012 0.9968941382949774
6.360564 7.255812e-05 1.12648074502342 1.0001319702538627
6.310314 7.212518e-05 1.1197592564601766 0.9941643799248726
6.260216000000001 7.202064e-05 1.118136250005699 0.9927234137563673
6.210203000000001 7.211698e-05 1.1196319496596532 0.9940513521595986
6.160226 7.225152e-05 1.1217207127014115 0.9959058345425209
6.110716 7.189732e-05 1.1162216799275841 0.9910235864376372
6.0603419999999995 7.216661e-05 1.1204024663072112 0.9947354458169825
6.010537 7.222572e-05 1.12132016203635 0.9955502105981222
5.960389 7.214535e-05 1.120072400139025 0.994442400659699
5.910413999999999 7.242522e-05 1.1244174433417664 0.9983000934239953
5.860435000000001 7.236924e-05 1.123548341549901 0.9975284721678933
5.810339 7.242023e-05 1.1243399724960823 0.998231311893664
5.760518 7.218896e-05 1.1207494549647352 0.9950435153967231
5.710518 7.223954e-05 1.1215347205708905 0.9957407037342302
5.660216 7.217341e-05 1.1205080378003283 0.9948291761589171
5.610277 7.19622e-05 1.1172289561736763 0.991917884170683
5.560499 7.23121e-05 1.122661230503327 0.996740861618167
5.510101 7.19589e-05 1.1171777229490756 0.9918723973870972
5.460226 7.18129e-05 1.1149110408909764 0.9898599518102678
5.4103959999999995 7.214741e-05 1.1201043820913517 0.9944707954397557
5.3603879999999995 7.201888e-05 1.1181089256192454 0.992699154138455
5.309638 7.180718e-05 1.1148222366350014 0.9897811080520522
5.25965 7.211571e-05 1.1196122326307918 0.9940338466398551
5.210075 7.196936e-05 1.1173401167458408 0.9920165767071907
5.159805 7.2059e-05 1.1187317974286355 0.9932521631558686
5.10966 7.210357e-05 1.1194237564651386 0.9938665104117541
5.059631 7.200243e-05 1.1178535357572197 0.9924724094142162
5.010112 7.179884e-05 1.1146927563037374 0.9896661505444443
4.960129 7.167744e-05 1.1128079946472083 0.9879927882634367
4.910112 7.203068e-05 1.1182921232102425 0.9928618038494591
4.860415 7.16335e-05 1.1121258164990377 0.9873871248480539
4.810277 7.170259e-05 1.1131984539195452 0.9883394526898563
4.759924 7.164414e-05 1.1122910048353265 0.9875337852654338
4.710235 7.178767e-05 1.114519339601073 0.989512184673943
4.660027 7.169443e-05 1.1130717681278048 0.9882269762795349
4.60982 7.152399e-05 1.1104256497032674 0.9858776528266936
4.560065 7.16002e-05 1.1116088266871562 0.9869281218500512
4.509842 7.154822e-05 1.1108018257735945 0.9862116360892046
4.459707000000001 7.147893e-05 1.109726083309172 0.9852565514726394
4.410122 7.158643e-05 1.1113950444135943 0.9867383179076337
4.359814 7.13963e-05 1.1084432344156052 0.9841175899793968
4.3099430000000005 7.147433e-05 1.109654667299122 0.9851931456530952
4.2599350000000005 7.123299e-05 1.105907810806645 0.9818665455468486
4.209518 7.130676e-05 1.107053106254768 0.9828833819181
4.159716 7.107836e-05 1.1035071461036043 0.9797351451390051
4.110037 7.079996e-05 1.0991849249736394 0.975897714669215
4.059583 7.088872e-05 1.1005629434632074 0.9771211713089369
4.009339 7.043287e-05 1.0934857721194773 0.9708377924308704
3.959612 7.066237e-05 1.0970488100121747 0.9740011914711606
3.9095 7.053135e-05 1.0950146957433242 0.9721952283240635
3.8596120000000003 7.065997e-05 1.0970115494851922 0.9739681101740073
3.8096010000000002 7.037839e-05 1.0926399581569755 0.970086846985489
3.75948 7.026907e-05 1.0909427411529249 0.9685799939001535
3.709669 7.008652e-05 1.0881086123193218 0.9660637477354258
3.659527 6.981894e-05 1.0839543740651696 0.9623754587803024
3.609641 6.968837e-05 1.0819272461451284 0.9605756983764213
3.559536 6.983751e-05 1.0842426773926963 0.9626314253170264
3.509471 6.961304e-05 1.0807577313544665 0.9595373591620202
3.4597350000000002 6.950791e-05 1.0791255650204392 0.9580882605079649
3.409361 6.950573e-05 1.0790917200417633 0.9580582116630505
3.3591219999999997 6.88287e-05 1.0685806806322085 0.9487261155748252
3.3092260000000002 6.880695e-05 1.0682430071064304 0.9484263163193731
3.2593330000000003 6.839083e-05 1.0617826527364556 0.9426905707479326
3.209386 6.860521e-05 1.065110949309163 0.9456455576161565
3.159073 6.824404e-05 1.059503705754891 0.94066723591079
3.108999 6.811629e-05 1.0575203589540543 0.9389063460310644
3.059259 6.807678e-05 1.0569069575286054 0.9383617451766771
3.0092440000000003 6.754709e-05 1.048683403971382 0.9310605650561921
2.959333 6.738581e-05 1.046179496558161 0.9288375018874861
2.909273 6.704677e-05 1.0409158261131062 0.9241642173096213
2.8592220000000004 6.685934e-05 1.0380059342079722 0.9215807058406819
2.809103 6.632261e-05 1.0296730831049334 0.914182487248547
2.7589720000000004 6.632619e-05 1.0297286633910154 0.9142318335168007
2.708857 6.555959e-05 1.0178270300640364 0.9036651158510646
2.6589899999999997 6.518885e-05 1.0120712101584217 0.8985548824732991
2.609037 6.454131e-05 1.0020180094741638 0.8896292728238456
2.558879 6.425557e-05 0.997581833232511 0.8856906687202618
2.508631 6.374462e-05 0.9896492222901419 0.878647798395049
2.4592069999999997 6.313577e-05 0.9801966923512804 0.8702554868234557
2.409064 6.26433e-05 0.9725509874666765 0.8634673424863241
2.3590459999999998 6.159635e-05 0.9562968588315591 0.8490363157968607
2.308777 6.146047e-05 0.9541872919955693 0.847163363023028
2.258697 6.05323e-05 0.9397772489416922 0.8343695848651799
2.20898 6.005022e-05 0.932292851088483 0.8277246549769746
2.1587680000000002 5.930056e-05 0.9206542149811218 0.8173914361336458
2.108669 5.847212e-05 0.9077925020755613 0.8059723237112579
2.059074 5.794537e-05 0.8996145926638912 0.7987116681797858
2.0091289999999997 5.67791e-05 0.8815079948289629 0.7826359496668478
1.959178 5.59263e-05 0.8682680875745306 0.7708810620783533
1.908944 5.528766e-05 0.8583530613444992 0.7620781289058437
1.858433 5.413089e-05 0.8403939530955432 0.7461333571941379
1.80849 5.36869e-05 0.8335009108559849 0.7400134550595041
1.758905 5.270075e-05 0.8181907155710898 0.7264204878979259
1.708923 5.158905e-05 0.8009313289684251 0.7110969553790125
1.65886 5.071971e-05 0.7874346345822054 0.6991140825176362
1.608773 4.951432e-05 0.768720690157463 0.6824991388610984
1.558895 4.847135e-05 0.7525283518962584 0.6681229719894144
1.508972 4.732837e-05 0.7347833364252557 0.6523682798976022
1.459065 4.66672e-05 0.7245185269981766 0.6432547960480655
1.408712 4.538532e-05 0.7046170585280644 0.6255855238835025
1.358537 4.439756e-05 0.6892818676396522 0.611970364685084
1.308722 4.332535e-05 0.6726355719580445 0.5971911573430815
1.2586030000000001 4.205731e-05 0.6529489725268646 0.579712653992103
1.2086379999999999 4.10592e-05 0.6374530956158403 0.5659548316997106
1.158612 4.003834e-05 0.6216040199594616 0.551883426278052
1.109046 3.860331e-05 0.5993248641112812 0.53210315383889
1.0586659999999999 3.753265e-05 0.5827026325200166 0.5173453115012991
1.008433 3.61367e-05 0.5610302022528675 0.49810371285078453
0.9585838999999999 3.467661e-05 0.5383619844021121 0.4779780165338463
0.9087631 3.370484e-05 0.5232750417747203 0.464583261477712
0.8588511999999999 3.214525e-05 0.49906206457615077 0.44308606971629066
0.8089801 3.089457e-05 0.4796449829568104 0.42584685441472137
0.7587864 2.950617e-05 0.4580897680974601 0.4067093240115016
0.7083386 2.794883e-05 0.43391172264293665 0.3852431459661616
0.6585825999999999 2.651468e-05 0.41164622898798336 0.36547500333595595
0.608348 2.487274e-05 0.38615474995732824 0.3428427095659598
0.5583048 2.352739e-05 0.36526789580072583 0.3242985749304286
0.5083385 2.159495e-05 0.33526634048323617 0.2976620658174944
0.4581752 1.970625e-05 0.30594385827000165 0.27162846334518015
0.4082914 1.806925e-05 0.2805290738240521 0.24906426191182476
0.35852730000000005 1.618051e-05 0.2512059706020346 0.22303010808455798
0.3085744 1.46641e-05 0.22766337238475767 0.20212810399442088
0.25828629999999997 1.263802e-05 0.19620803550616916 0.174200872937553
0.2080933 1.066655e-05 0.16560053086862728 0.14702637922966225
0.1581593 8.621894e-06 0.13385679751119453 0.11884309893282734
0.1082725 5.28623e-06 0.08206988147935963 0.07286472727125616
0.05835113 4.760888e-06 0.07391383157685259 0.06562347943411395
0.007904585 2.85202e-06 0.044278236735208885 0.039311883794721
-0.04190813 4.280984e-07 0.00664632166014409 0.005900854325532777
-0.09175579 -1.699956e-06 -0.02639219016957762 -0.023431978993183337
-0.1417086 -3.590209e-06 -0.05573878304881366 -0.04948698782153052
-0.19150999999999999 -5.559162e-06 -0.08630721070868273 -0.07662678751903171
-0.24164259999999999 -7.846751e-06 -0.12182253223337743 -0.10815862563309894
-0.29175080000000003 -9.562701e-06 -0.14846303276485392 -0.13181106390406178
-0.34206709999999996 -1.139148e-05 -0.17685522829587355 -0.15701872287357324
-0.39210259999999997 -1.325686e-05 -0.2058156623885952 -0.1827308854085473
-0.4419256 -1.479804e-05 -0.2297428202947702 -0.20397431605305474
-0.4917653 -1.679826e-05 -0.2607966749951227 -0.23154509613309512
-0.5420193000000001 -1.834186e-05 -0.2847614039326717 -0.2528218837522322
-0.591803 -2.011576e-05 -0.3123015909385788 -0.2772730975107106
-0.6417653 -2.177641e-05 -0.33808354682750125 -0.3001632875597648
-0.6918896 -2.332651e-05 -0.3621491896922943 -0.3215296703586922
-0.7421331999999999 -2.514273e-05 -0.39034640399065873 -0.3465642176569749
-0.7922785999999999 -2.675208e-05 -0.41533191611533116 -0.3687472949793759
-0.8422842 -2.855505e-05 -0.44332342125431323 -0.39359920594962444
-0.8918785 -3.01705e-05 -0.4684036372183994 -0.41586636490229023
-0.941973 -3.192337e-05 -0.4956173288566227 -0.4400277037944623
-0.9923156 -3.36388e-05 -0.5222497562739198 -0.463672974451042
-1.042001 -3.525059e-05 -0.5472731499343577 -0.4858896844255489
-1.09226 -3.633018e-05 -0.5640340217364362 -0.500770616756298
-1.142652 -3.795875e-05 -0.58931792858136 -0.5232186201334023
-1.1922940000000002 -3.908334e-05 -0.6067774352643596 -0.5387198267857768
-1.241869 -4.080845e-05 -0.6335601468071524 -0.562498525340875
-1.29214 -4.186713e-05 -0.6499963862678964 -0.5770912368701753
-1.342303 -4.324803e-05 -0.6714351619804264 -0.5961253882197908
-1.3918409999999999 -4.443547e-05 -0.6898704287137792 -0.6124929113413691
-1.442297 -4.571124e-05 -0.7096770380922819 -0.6300779640369291
-1.492218 -4.700099e-05 -0.7297006900404575 -0.6478557152884075
-1.542039 -4.790032e-05 -0.743662985761762 -0.6602519665254627
-1.591964 -4.921568e-05 -0.7640842385832797 -0.6783827227853152
-1.641926 -4.988462e-05 -0.7744696789664645 -0.6876033073343859
-1.692325 -5.116303e-05 -0.7943172749246478 -0.7052247494568146
-1.742435 -5.193322e-05 -0.806274643789905 -0.7158409512295428
-1.792124 -5.295243e-05 -0.8220981028339833 -0.7298896132594085
-1.841955 -5.415332e-05 -0.8407421837706334 -0.7464425294837836
-1.8923130000000001 -5.473121e-05 -0.8497140529114214 -0.7544080923220988
-1.9421579999999998 -5.551919e-05 -0.861947615432936 -0.7652695092099763
-1.991935 -5.682626e-05 -0.8822401641841681 -0.7832859971559113
-2.042418 -5.738818e-05 -0.8909640955683269 -0.7910314315294183
-2.092397 -5.839998e-05 -0.906672512735347 -0.8049779550543231
-2.142103 -5.909241e-05 -0.9174226405263726 -0.8145223227992824
-2.1922089999999996 -5.965019e-05 -0.9260822975014866 -0.8222106919351999
-2.2423249999999997 -6.027274e-05 -0.9357475229485396 -0.8307918425780437
-2.292633 -6.122696e-05 -0.9505619979723722 -0.843944690648744
-2.3423220000000002 -6.186005e-05 -0.9603908592337564 -0.8526711233215863
-2.392205 -6.271201e-05 -0.9736177253037451 -0.8644144324560773
-2.442482 -6.327566e-05 -0.9823685153177704 -0.8721837129312824
-2.492294 -6.363254e-05 -0.9879091556800613 -0.8771029018179871
-2.542334 -6.42093e-05 -0.9968634813227284 -0.8850528888788926
-2.592445 -6.423596e-05 -0.9972773836766251 -0.8854203669547711
-2.642397 -6.484125e-05 -1.0066746438337961 -0.8937636079355872
-2.692435 -6.541143e-05 -1.0155268135316529 -0.901622897106797
-2.742279 -6.584854e-05 -1.022313042260528 -0.907647966189591
-2.792124 -6.674069e-05 -1.036163866905277 -0.9199452492126625
-2.8421239999999997 -6.666e-05 -1.0349111369376878 -0.918833028434619
-2.891945 -6.727072e-05 -1.0443926990371564 -0.9272511158502443
-2.942344 -6.716198e-05 -1.0427044866604598 -0.9257522574117208
-2.99268 -6.74947e-05 -1.0478700377177939 -0.9303384279070817
-3.04203 -6.75407e-05 -1.048584197818291 -0.9309724861025213
-3.0921860000000003 -6.789195e-05 -1.0540374311943692 -0.9358140717796538
-3.14269 -6.829541e-05 -1.0603012362845115 -0.9413753135086103
-3.192501 -6.818387e-05 -1.0585695532930017 -0.9398378602234078
-3.242558 -6.883042e-05 -1.0686073840098795 -0.9487498238377854
-3.292742 -6.880006e-05 -1.0681360383435512 -0.9483313454287952
-3.342775 -6.904708e-05 -1.0719710780832203 -0.9517362379383049
-3.392275 -6.911904e-05 -1.073088272883911 -0.9527281254979533
-3.442417 -6.900306e-05 -1.071287657917484 -0.951129471813017
-3.492714 -6.9398e-05 -1.0774191881368385 -0.956573274937079
-3.542492 -6.950203e-05 -1.0790342767293322 -0.9580072113299392
-3.592723 -7.006924e-05 -1.0878403365250482 -0.9658255623959218
-3.6424819999999998 -6.976553e-05 -1.0831251720876143 -0.9616392620799019
-3.692362 -7.000108e-05 -1.0867821375587465 -0.9648860535567663
-3.742284 -7.017086e-05 -1.0894180093383639 -0.9672262796528904
-3.792112 -7.000801e-05 -1.0868897273304081 -0.9649815758022965
-3.842214 -6.963771e-05 -1.0811407385214071 -0.9598774073290093
-3.892388 -7.036736e-05 -1.092468714985052 -0.9699348108573217
-3.942455 -7.043981e-05 -1.0935935171433349 -0.9709334525151387
-3.99219 -7.057105e-05 -1.0956310469604924 -0.9727424481144753
-4.042103 -7.081345e-05 -1.0993943601857201 -0.9760836591269647
-4.092661 -7.077664e-05 -1.0988228768531267 -0.975576274731875
-4.142464 -7.106347e-05 -1.1032759755841173 -0.9795299032579161
-4.192714 -7.098672e-05 -1.1020844149816575 -0.9784719909426992
-4.2426710000000005 -7.084021e-05 -1.0998098150615745 -0.9764525155902246
-4.292377999999999 -7.100469e-05 -1.1023634031774387 -0.978719687155135
-4.342464 -7.104218e-05 -1.1029454436593438 -0.9792364445844182
-4.392888 -7.099147e-05 -1.102158159774644 -0.9785374643433155
-4.442699999999999 -7.16083e-05 -1.111734580965722 -0.9870397712279437
-4.492242 -7.115826e-05 -1.1047476111477286 -0.9808364766567358
-4.542728 -7.107903e-05 -1.1035175480007202 -0.9797443803344604
-4.592586 -7.153474e-05 -1.1105925458137098 -0.9860258294701931
-4.642189999999999 -7.142744e-05 -1.1089266897532022 -0.9845468198099614
-4.692695 -7.131857e-05 -1.1072364590979609 -0.9830461694678422
-4.7427280000000005 -7.137358e-05 -1.1080905014268378 -0.9838044203663449
-4.792520000000001 -7.120912e-05 -1.1055372238153651 -0.9815375244789107
-4.842662000000001 -7.149692e-05 -1.1100053820093445 -0.9855045233625515
-4.89236 -7.152198e-05 -1.1103944440119196 -0.9858499472403277
-4.942594 -7.151255e-05 -1.1102480411913178 -0.9857199653102626
-4.992548 -7.167405e-05 -1.1127553641528454 -0.9879460609312076
-5.042474 -7.14174e-05 -1.1087708165486592 -0.98440842971687
-5.092351 -7.183512e-05 -1.1152560112699554 -0.9901662294864125
-5.14235 -7.150734e-05 -1.1101671547973266 -0.9856481513276922
-5.192501 -7.175126e-05 -1.1139540663563101 -0.9890103138283789
-5.242322 -7.163393e-05 -1.1121324923434552 -0.9873930519137938
-5.292218 -7.201314e-05 -1.1180198108588792 -0.9926200347027633
-5.342372 -7.205782e-05 -1.1187134776695358 -0.9932358981847682
-5.392539 -7.214747e-05 -1.1201053136045263 -0.9944716224721846
-5.441954 -7.192796e-05 -1.1166973726553935 -0.9914459243312952
-5.492195 -7.189754e-05 -1.1162250954758908 -0.9910266188898763
-5.54219 -7.193564e-05 -1.1168166063417373 -0.9915517844821858
-5.592296999999999 -7.190423e-05 -1.1163289591948544 -0.9911188330056913
-5.6423879999999995 -7.164335e-05 -1.1122787399118617 -0.9875228960051209
-5.692388 -7.201081e-05 -1.117983637097267 -0.9925879182767768
-5.7424539999999995 -7.21377e-05 -1.1199536322092685 -0.9943369540250226
-5.7919920000000005 -7.216175e-05 -1.1203270137400718 -0.9946684561902469
-5.842158 -7.206095e-05 -1.1187620716068087 -0.9932790417098057
-5.891794 -7.210916e-05 -1.1195105424425686 -0.9939435622663738
-5.942103 -7.199503e-05 -1.1177386491323575 -0.9923704087479936
-5.992162 -7.233184e-05 -1.1229676983377577 -0.9970129552872534
-6.04213 -7.231158e-05 -1.1226531573891476 -0.9967336940037839
-6.092096 -7.213558e-05 -1.1199207187437672 -0.9943077322125371
-6.142112 -7.235404e-05 -1.1233123582123452 -0.9973189572859219
-6.191897 -7.241975e-05 -1.1243325203906855 -0.9982246956342332
-6.24164 -7.220675e-05 -1.121025648620993 -0.9952887305118726
-6.291955 -7.233103e-05 -1.1229551229099008 -0.997001790349464
-6.341793 -7.206041e-05 -1.1187536879882378 -0.9932715984179463
-6.391501 -7.205172e-05 -1.118618773830122 -0.9931518165545035
-6.441594 -7.19759e-05 -1.1174416516818677 -0.9921067232419334
-6.491909 -7.206296e-05 -1.1187932772981566 -0.9933067472961719
-6.541652 -7.215841e-05 -1.1202751595066878 -0.9946224180517085
-6.591872 -7.218757e-05 -1.1207278749095249 -0.9950243558121219
-6.641737 -7.233662e-05 -1.1230419088873307 -0.9970788422040836
-6.691492 -7.210641e-05 -1.1194678480887348 -0.9939056566133857
-6.741765999999999 -7.221752e-05 -1.1211928552358266 -0.9954371828328482
-6.791899 -7.189896e-05 -1.1162471412876886 -0.991046191990692
-6.841595999999999 -7.248617e-05 -1.1253637054749253 -0.9991402205329526
-6.891751 -7.217074e-05 -1.1204665854640603 -0.994792373215834
-6.941813 -7.250653e-05 -1.1256797989454927 -0.9994208602038035
-6.991473 -7.198845e-05 -1.1176364931875469 -0.9922797108582979
-7.041427 -7.232119e-05 -1.122802354749273 -0.9968661570311352
-7.09153 -7.240644e-05 -1.1241258797181288 -0.9980412322737703
-7.1414089999999995 -7.212655e-05 -1.1197805260109959 -0.9941832638319977
-7.192067 -7.208281e-05 -1.1191014529067405 -0.9935803571913775
-7.241426000000001 -7.24952e-05 -1.1255038982076968 -0.9992646889134922
-7.291437 -7.231727e-05 -1.122741495888535 -0.9968121242457848
-7.341718 -7.242776e-05 -1.1244568773994896 -0.9983351044634826
-7.3914539999999995 -7.251497e-05 -1.1258108317987148 -0.9995371960987931
-7.441445 -7.251575e-05 -1.125822941469984 -0.9995479475203679
-7.491492 -7.266717e-05 -1.1281737702181855 -1.0016351016932687
-7.540955 -7.232576e-05 -1.1228733050027353 -0.9969291493344647
-7.591177 -7.252025e-05 -1.125892804958076 -0.9996099749525303
-7.641115 -7.24247e-05 -1.124409370227587 -0.9982929258096122
-7.690982 -7.258316e-05 -1.1268694965216037 -1.000477118454163
-7.741086 -7.280456e-05 -1.1303067801357352 -1.0035288681165604
-7.790558 -7.272046e-05 -1.1290011091693914 -1.0023696443288113
-7.840816 -7.268975e-05 -1.128524329676212 -1.0019463415639867
-7.890567 -7.246908e-05 -1.125098379472371 -0.9989046541294732
-7.940399 -7.215545e-05 -1.1202292048567428 -0.9945816177852193
-7.99036 -7.234031e-05 -1.1230991969475665 -0.9971297046984571
-8.040464 -7.222424e-05 -1.1212971847113773 -0.9955298104648774
-8.090238000000001 -7.246837e-05 -1.125087356566472 -0.9988948675790652
-8.140409 -7.254676e-05 -1.1263043785290365 -0.999975385447337
-8.190521 -7.247107e-05 -1.1251292746593273 -0.9989320840383628
-8.239906999999999 -7.258802e-05 -1.1269449490887433 -1.0005441080808986
-8.290464 -7.244637e-05 -1.1247458017357994 -0.9985916223551593
-8.340529 -7.238319e-05 -1.1237649183629863 -0.9977207572075971
-8.389869000000001 -7.235444e-05 -1.1233185683001756 -0.9973244708354474
-8.440334 -7.244871e-05 -1.1247821307496073 -0.9986238766198839
-8.490133 -7.232944e-05 -1.1229304378107752 -0.9969798739901
-8.539689000000001 -7.262391e-05 -1.1275021492193265 -1.0010388113120792
-8.589661 -7.237514e-05 -1.1236399403453992 -0.9976097970233951
-8.639741 -7.228412e-05 -1.1222268348595896 -0.9963551888288539
-8.689822 -7.26131e-05 -1.1273343215957097 -1.000889807636151
-8.739454 -7.253966e-05 -1.1261941494700467 -0.9998775199432581
-8.789639999999999 -7.23074e-05 -1.1225882619713194 -0.9966760774112415
-8.839038 -7.241813e-05 -1.1243073695349728 -0.998202365758655
-8.88913 -7.204197e-05 -1.1184674029392558 -0.9930174237848179
-8.939162 -7.19934e-05 -1.1177133430244484 -0.9923479410336769
-8.988741 -7.227728e-05 -1.12212064235769 -0.996260907131967
-9.038613999999999 -7.22542e-05 -1.1217623202898752 -0.9959427753243422
-9.088621 -7.244092e-05 -1.12466118928911 -0.9985165002428735
-9.138491 -7.238232e-05 -1.1237514114219551 -0.997708765237379
-9.188195 -7.246786e-05 -1.1250794387044882 -0.9988878378034202
-9.238368000000001 -7.260776e-05 -1.127251416923174 -1.0008162017499849
-9.288223 -7.212179e-05 -1.119706625965814 -0.9941176525926434
-9.338114 -7.271126e-05 -1.128858277149292 -1.0022428326897235
-9.387643 -7.239072e-05 -1.1238818232663936 -0.9978245497774157
-9.437398 -7.248995e-05 -1.1254223908049226 -0.9991923235759692
-9.487695 -7.251532e-05 -1.1258162656255664 -0.9995420204546279
-9.537859000000001 -7.248073e-05 -1.1252792482804317 -0.999065236259405
-9.587397000000001 -7.262389e-05 -1.127501838714935 -1.001038535634603
-9.637325 -7.237463e-05 -1.1236320224834155 -0.9976027672477501
-9.687586 -7.247018e-05 -1.1251154572139046 -0.9989198163906683
-9.737379 -7.228218e-05 -1.1221967159336124 -0.9963284481136551
-9.787251 -7.223785e-05 -1.1215084829498072 -0.9957174089874848
-9.837322 -7.262059e-05 -1.1274506054903344 -1.0009930488510173
-9.887371 -7.223859e-05 -1.1215199716122934 -0.9957276090541071
-9.937473 -7.219455e-05 -1.1208362409421655 -0.995120567251343
-9.990672 -7.240396e-05 -1.1240873771735804 -0.9980070482667118
-9.99348 -7.232131e-05 -1.1228042177756221 -0.996867811095993
-9.945791 -7.201733e-05 -1.1180848615289025 -0.9926777891340434
-9.896439 -7.22219e-05 -1.1212608556975694 -0.9954975562001529
-9.84735 -7.221961e-05 -1.1212253029447405 -0.9954659911291193
-9.798151 -7.241472e-05 -1.1242544285362182 -0.9981553627489493
-9.748735 -7.239293e-05 -1.123916134001657 -0.9978550121385447
-9.698925 -7.230041e-05 -1.1224797406864833 -0.9965797281332824
-9.649396000000001 -7.228806e-05 -1.1222880042247194 -0.9964094972916808
-9.599531 -7.239504e-05 -1.1239488922149623 -0.997884096112292
-9.549849 -7.241168e-05 -1.1242072318687073 -0.9981134597725552
-9.499991 -7.229164e-05 -1.1223435845108014 -0.9964588435599344
-9.450003 -7.244925e-05 -1.1247905143681785 -0.9986313199117434
-9.400272999999999 -7.263614e-05 -1.1276920226547413 -1.0012073880888233
-9.350783 -7.229325e-05 -1.1223685801143188 -0.9964810355967749
-9.30106 -7.247301e-05 -1.1251593935853048 -0.9989588247535617
-9.25134 -7.245461e-05 -1.124873729545106 -0.998705201475386
-9.201049999999999 -7.239461e-05 -1.1239422163705446 -0.997878169046552
-9.151359000000001 -7.264537e-05 -1.1278353204314284 -1.0013346132441259
-9.101597 -7.228326e-05 -1.1222134831707544 -0.9963433346973741
-9.051557 -7.252608e-05 -1.125983316988204 -0.9996903349368653
-9.002 -7.249613e-05 -1.1255183366619024 -0.999277507916139
-8.951901 -7.222385e-05 -1.1212911298757429 -0.9955244347540901
-8.901973 -7.243982e-05 -1.1246441115475767 -0.9985013379816784
-8.852049999999998 -7.237937e-05 -1.1237056120242062 -0.9976681028096281
-8.802038 -7.260779e-05 -1.127251882679761 -1.0008166152661992
-8.752405000000001 -7.210767e-05 -1.1194874098654006 -0.9939230242943913
-8.702558999999999 -7.258509e-05 -1.1268994601953852 -1.0005037213306236
-8.652566 -7.223806e-05 -1.121511743245918 -0.9957203036009857
-8.60292 -7.265413e-05 -1.1279713213549138 -1.0014553599787352
-8.552812 -7.271193e-05 -1.128868679046408 -1.0022520678851787
-8.503096 -7.284957e-05 -1.1310055702688522 -1.0041492802769243
-8.45301 -7.266232e-05 -1.1280984729032415 -1.0015682499052712
-8.402985000000001 -7.266972e-05 -1.128213359528104 -1.001670250571494
-8.353065 -7.260589e-05 -1.1272223847625664 -1.0007904259059526
-8.303271 -7.244675e-05 -1.1247517013192385 -0.9985968602272087
-8.25283 -7.218683e-05 -1.1207163862470384 -0.9950141557454995
-8.203031000000001 -7.228974e-05 -1.1223140865936068 -0.996432654199688
-8.153254 -7.254844e-05 -1.126330460897924 -0.9999985423553441
-8.103349 -7.230647e-05 -1.1225738235171139 -0.9966632584085947
-8.053234 -7.258311e-05 -1.126868720260625 -1.0004764292604722
-8.003292 -7.233978e-05 -1.1230909685811912 -0.9971223992453357
-7.953254 -7.231558e-05 -1.1227152582674513 -0.9967888294990392
-7.903632 -7.248782e-05 -1.1253893220872255 -0.9991629639247456
-7.853697 -7.214551e-05 -1.1200748841741572 -0.9944446060795092
-7.803243999999999 -7.237864e-05 -1.1236942786139152 -0.9976580405817437
-7.753064999999999 -7.28266e-05 -1.1306489559751907 -1.0038326646954188
-7.703283000000001 -7.268838e-05 -1.128503060125393 -1.0019274576568615
-7.653471 -7.274565e-05 -1.1293921894505117 -1.0027168601101837
-7.603519 -7.25685e-05 -1.126641896802619 -1.0002750468640509
-7.553438 -7.233849e-05 -1.123070941047938 -0.9971046180481158
-7.503801 -7.250439e-05 -1.1256465749756004 -0.9993913627138419
-7.4536880000000005 -7.222804e-05 -1.1213561805457666 -0.9955821891853706
-7.403622 -7.246525e-05 -1.1250389178813949 -0.9988518618927659
-7.354122 -7.261833e-05 -1.1274155184940924 -1.0009618972961978
-7.303882 -7.237644e-05 -1.1236601231308483 -0.9976277160593534
-7.253933 -7.264804e-05 -1.1278767727676962 -1.001371416187209
-7.204019000000001 -7.255688e-05 -1.1264614937511457 -1.0001148782503335
-7.153970999999999 -7.264119e-05 -1.1277704250136003 -1.0012769966515835
-7.104299 -7.235071e-05 -1.1232606592311574 -0.9972730569861218
-7.053736 -7.251229e-05 -1.125769224210251 -0.9995002553169718
-7.003933 -7.233197e-05 -1.1229697166163024 -0.9970147471908491
-6.954142 -7.252573e-05 -1.1259778831613527 -0.9996855105810305
-6.904235 -7.241229e-05 -1.1242167022526486 -0.9981218679355817
-6.854264 -7.248596e-05 -1.1253604451788142 -0.9991373259194517
-6.804169 -7.244268e-05 -1.124688513675564 -0.9985407598607862
-6.75449 -7.232893e-05 -1.122922519948791 -0.9969728442144548
-6.704067 -7.221082e-05 -1.1210888362646672 -0.9953448308782951
-6.653943 -7.19115e-05 -1.1164418275411723 -0.9912190417683184
-6.604169 -7.225711e-05 -1.1218074986788416 -0.9959828863971406
-6.554292 -7.234044e-05 -1.1231012152261115 -0.997131496602053
-6.504104 -7.221702e-05 -1.1211850926260387 -0.9954302908959414
-6.453981 -7.230664e-05 -1.1225764628044417 -0.996665601667143
-6.4040029999999994 -7.237544e-05 -1.1236445979112721 -0.9976139321855394
-6.353886999999999 -7.235847e-05 -1.123381134935067 -0.9973800198469176
-6.3039380000000005 -7.207234e-05 -1.1189389038577795 -0.9934360400325459
-6.254065 -7.245666e-05 -1.1249055562452368 -0.9987334584167045
-6.204301 -7.20536e-05 -1.1186479612429248 -0.9931777302372735
-6.154253 -7.226763e-05 -1.1219708239887811 -0.9961278927496627
-6.104311 -7.188768e-05 -1.1160720168108713 -0.9908907098940714
-6.054584 -7.197607e-05 -1.1174442909691957 -0.9921090665004817
-6.004392 -7.240003e-05 -1.1240263630606466 -0.9979528776426233
-5.954443 -7.196141e-05 -1.1172166912502115 -0.9919069949103702
-5.904327 -7.216482e-05 -1.1203746761641702 -0.9947107726828557
-5.854283000000001 -7.199194e-05 -1.1176906762038672 -0.9923278165779084
-5.804632 -7.17771e-05 -1.1143552380301545 -0.98936648912773
-5.7545209999999996 -7.206838e-05 -1.1188774239882586 -0.9933814558922431
-5.704453 -7.177216e-05 -1.114278543445449 -0.9892983967910893
-5.654915 -7.231202e-05 -1.1226599884857609 -0.9967397589082618
-5.604429 -7.214412e-05 -1.1200533041189467 -0.9944254464949079
-5.554735 -7.231146e-05 -1.1226512943627982 -0.996732039938926
-5.504546 -7.209791e-05 -1.1193358837223384 -0.9937884936859674
-5.45466 -7.216794e-05 -1.1204231148492474 -0.994753778369155
-5.40467 -7.187761e-05 -1.1159156778497408 -0.9907519062847654
-5.354688 -7.199642e-05 -1.117760229187568 -0.9923895683325946
-5.304773 -7.199653e-05 -1.1177619369617213 -0.9923910845587143
-5.254697 -7.190036e-05 -1.1162688765950952 -0.9910654894140314
-5.204453 -7.212394e-05 -1.1197400051879023 -0.9941472879213433
-5.154839 -7.202768e-05 -1.1182455475515145 -0.9928204522280173
-5.104632 -7.179962e-05 -1.1147048659750067 -0.9896769019660191
-5.054745 -7.168343e-05 -1.1129009907124685 -0.9880753536675819
-5.0050680000000005 -7.155249e-05 -1.1108681184611842 -0.9862704932303898
-4.954596 -7.149485e-05 -1.109973244804822 -0.9854759907437565
-4.904613 -7.156472e-05 -1.111057991896599 -0.9864390700071339
-4.854948 -7.143818e-05 -1.109093430611449 -0.984694858614723
-4.804679 -7.166382e-05 -1.1125965411565828 -0.9878050519020914
-4.754905 -7.146514e-05 -1.1095119905312185 -0.9850664718527457
-4.70541 -7.151307e-05 -1.1102561143054972 -0.9857271329246458
-4.654781 -7.112775e-05 -1.1042739366984642 -0.9804159306666737
-4.6048670000000005 -7.129162e-05 -1.106818054430387 -0.9826746940685575
-4.554726 -7.108711e-05 -1.1036429917748944 -0.9798557540348767
-4.504586000000001 -7.117856e-05 -1.105062773105122 -0.9811162892951579
-4.454603 -7.128887e-05 -1.1067753600765529 -0.9826367884155693
-4.404604999999999 -7.094521e-05 -1.1014399631170568 -0.9778998223406842
-4.354707 -7.095474e-05 -1.1015879184596165 -0.9780311826581307
-4.3049610000000005 -7.101049e-05 -1.10245344945098 -0.9787996336232558
-4.2547619999999995 -7.060229e-05 -1.0961160548200473 -0.9731730563324216
-4.204575 -7.087215e-05 -1.1003056905748327 -0.9768927725198407
-4.154762 -7.05519e-05 -1.0953337390056113 -0.972478486930939
-4.104792000000001 -7.058277e-05 -1.095813002533923 -0.972903995115574
-4.054169 -7.079329e-05 -1.0990813717590677 -0.9758057762308766
-4.0045839999999995 -7.053748e-05 -1.095109865339325 -0.9722797234705425
-3.954688 -7.089106e-05 -1.1005992724770153 -0.9771534255736615
-3.9042339999999998 -7.068465e-05 -1.0973947119043281 -0.9743082961797341
-3.85415 -7.045722e-05 -1.0938638112161534 -0.9711734297582387
-3.804253 -7.049337e-05 -1.0944250479038269 -0.9716717167966115
-3.754537 -7.048331e-05 -1.094268864194892 -0.9715330510260436
-3.7046419999999998 -6.996047e-05 -1.0861516583917639 -0.9643262904411836
-3.654481 -7.016578e-05 -1.0893391412229174 -0.9671562575739158
-3.604745 -6.98464e-05 -1.0843806965947271 -0.9627539639552319
-3.5544290000000003 -6.982202e-05 -1.0840021917414637 -0.9624179131116491
-3.504188 -6.980873e-05 -1.0837958615732985 -0.9622347254286625
-3.4547820000000002 -6.956061e-05 -1.0799437440920954 -0.9588146706579572
-3.4048960000000004 -6.957054e-05 -1.0800979095224854 -0.9589515445249294
-3.354933 -6.931118e-05 -1.0760712885732484 -0.9553765590125562
-3.304716 -6.907945e-05 -1.0724736294408963 -0.9521824219336609
-3.2543580000000003 -6.878905e-05 -1.0679651056760193 -0.9481795849781042
-3.204764 -6.837858e-05 -1.0615924687966494 -0.9425217182937125
-3.154808 -6.853349e-05 -1.063997480561171 -0.9446569781862236
-3.104377 -6.820623e-05 -1.0589166972027217 -0.9401460676418867
-3.054169 -6.822078e-05 -1.0591425891475525 -0.9403466230058787
-3.004264 -6.765122e-05 -1.050300045085833 -0.9324958798364335
-2.954509 -6.715913e-05 -1.0426602397846678 -0.9257129733713511
-2.904373 -6.712393e-05 -1.0421137520555919 -0.9252277810131018
-2.8544430000000003 -6.665713e-05 -1.0348665795575047 -0.9187934687167731
-2.804401 -6.631255e-05 -1.0295168993959987 -0.9140438214779791
-2.754188 -6.601432e-05 -1.0248868131618414 -0.9099330567904597
-2.7044099999999998 -6.5817e-05 -1.0218233768351004 -0.9072132228095006
-2.654329 -6.541271e-05 -1.0155466858127102 -0.9016405404652789
-2.604308 -6.485249e-05 -1.0068491473018306 -0.8939185386772553
-2.554528 -6.460545e-05 -1.00301379705777 -0.8905133704902694
-2.504364 -6.38613e-05 -0.9914607049102725 -0.8802561007916552
-2.45433 -6.304625e-05 -0.9788068746948348 -0.8690215544396354
-2.4041509999999997 -6.283414e-05 -0.9755138203705647 -0.8660978569649689
-2.354518 -6.214244e-05 -0.9647750259898297 -0.8565635514478939
-2.304773 -6.172285e-05 -0.958260799107926 -0.8507799758343191
-2.254614 -6.090011e-05 -0.945487579953949 -0.8394394314926705
-2.2044520000000003 -6.03741e-05 -0.9373211592047653 -0.8321889760278207
-2.154584 -5.95482e-05 -0.924498880356928 -0.8208048746449201
-2.104308 -5.859001e-05 -0.9096227702113786 -0.8075973045951786
-2.054509 -5.782497e-05 -0.897745356226938 -0.797052089772592
-2.004225 -5.690281e-05 -0.8834286197427128 -0.7843411526963655
-1.95365 -5.647866e-05 -0.8768435978595427 -0.7784947226181995
-1.904216 -5.527851e-05 -0.8582110055853786 -0.7619520064604465
-1.854443 -5.455657e-05 -0.8470027285646646 -0.7520008765992391
-1.804373 -5.370758e-05 -0.833821972396817 -0.7402985055699756
-1.754207 -5.241579e-05 -0.8137666490007063 -0.7224926352159168
-1.7039469999999999 -5.161547e-05 -0.8013415052696237 -0.7114611253251758
-1.6537819999999999 -5.061296e-05 -0.7857773173924649 -0.6976426539880023
-1.604471 -4.959472e-05 -0.7699689178113753 -0.683607362315736
-1.5541880000000001 -4.869086e-05 -0.7559362928453913 -0.6711486701303038
-1.503914 -4.792559e-05 -0.7440553080604482 -0.66060028501674
-1.4541410000000001 -4.692217e-05 -0.7284769922334753 -0.6467692703543958
-1.403984 -4.564478e-05 -0.7086452319992594 -0.6291618877832572
-1.3537260000000002 -4.377532e-05 -0.6796214550106676 -0.6033934870431225
-1.303947 -4.329885e-05 -0.67222415363928 -0.5968258846870133
-1.25399 -4.221641e-05 -0.6554190349614096 -0.5819056683158945
-1.2042059999999999 -4.089027e-05 -0.6348304202728626 -0.5636263218963283
-1.154377 -3.998681e-05 -0.620804005394709 -0.5511731432604217
-1.1045399999999999 -3.887582e-05 -0.6035556416979433 -0.5358593972919161
-1.054067 -3.760063e-05 -0.5837580369467946 -0.5182823392431681
-1.003962 -3.640147e-05 -0.565140814640011 -0.501753269120491
-0.9542526 -3.521801e-05 -0.5467673382805709 -0.4854406058166921
-0.9042352 -3.385433e-05 -0.5255959068491399 -0.466643812774152
-0.8541045 -3.229967e-05 -0.5014594689830802 -0.4452145755106332
-0.8043483 -3.090057e-05 -0.4797381342742665 -0.4259295576576047
-0.7539285 -2.936136e-05 -0.4558415610506563 -0.4047132812445107
-0.7039333 -2.802736e-05 -0.4351309181362417 -0.3863255935767672
-0.6538637 -2.660682e-05 -0.41307672271971807 -0.3667450494691687
-0.6038672 -2.491242e-05 -0.38677079067010484 -0.3433896536788954
-0.5538638 -2.351827e-05 -0.3651263057981925 -0.3241728660012458
-0.5040182 -2.16303e-05 -0.3358151569952485 -0.29814932575681574
-0.45420679999999997 -2.01387e-05 -0.31265773947565273 -0.2775892995760015
-0.4039563 -1.801107e-05 -0.2796258165491191 -0.24826231613333202
-0.354037 -1.654204e-05 -0.2568188032353542 -0.22801339198449755
-0.30406740000000004 -1.4792e-05 -0.229649047968531 -0.20389106145521876
-0.2538452 -1.287778e-05 -0.19993036215171642 -0.17750569452317383
-0.2037068 -1.110214e-05 -0.1723631612637471 -0.15303049682425923
-0.1535396 -8.995466e-06 -0.13965658483864857 -0.12399236824123384
-0.1036313 -7.112621e-06 -0.1104250027860317 -0.09803947035010002
-0.05398406 -5.254544e-06 -0.08157794937187378 -0.0724279714455889
-0.004008696 -3.152959e-06 -0.048950380789197646 -0.04345998899640246
0.04621038 -1.114458e-06 -0.017302205158255347 -0.015361548442892116
0.09617999 9.232842e-07 0.01433418993607266 0.012726432907168232
0.14634 3.079726e-06 0.04781342238398675 0.04245055456538906
0.1966517 4.960435e-06 0.07701184256758925 0.06837401010205639
0.24604789999999999 6.883358e-06 0.10686564437037396 0.09487933808790372
0.2961328 8.782609e-06 0.13635193317535504 0.12105837421282838
0.3460479 1.06768e-05 0.1657596643692815 0.14716766393625472
0.3964141 1.267276e-05 0.1967473816342402 0.1746797247138479
0.4465385 1.43554e-05 0.2228707371016394 0.19787302214806973
0.4963215 1.60986e-05 0.24993429986656254 0.22190107098046138
0.5463492999999999 1.77917e-05 0.276220049130727 0.24523854773477666
0.5966612 1.958757e-05 0.30410132521071925 0.26999259320094643
0.6466894999999999 2.123482e-05 0.329675243157323 0.2926980793408943
0.6964326 2.311036e-05 0.358793413480937 0.3185502860338176
0.7463782 2.486244e-05 0.3859948401956953 0.3427007356656767
0.7964536000000001 2.63383e-05 0.40890789075916445 0.36304380367266015
0.8462554999999999 2.815824e-05 0.4371628588743516 0.38812962698153053
0.896266 2.965978e-05 0.460474597076533 0.4088266648680549
0.9462366 3.081395e-05 0.4783933397545914 0.4247355985078447
0.9961612 3.297329e-05 0.5119175673938807 0.4544996685891529
1.046748 3.44705e-05 0.5351620813952981 0.4751370223020632
1.096991 3.600436e-05 0.5589755946941766 0.4962795549902529
1.146793 3.742944e-05 0.5811002746075753 0.5159226778849665
1.196369 3.867374e-05 0.6004183053260206 0.533073952071603
1.246405 4.019771e-05 0.6240782742032922 0.5540801622477732
1.296699 4.153164e-05 0.6447878303523366 0.5724668850443498
1.346293 4.294634e-05 0.6667513584865361 0.5919669313288751
1.396599 4.386258e-05 0.6809761856708715 0.6045962678721235
1.446972 4.542571e-05 0.70524412214674 0.626142254546846
1.496529 4.658415e-05 0.723229157512388 0.6421100453278211
1.546849 4.766003e-05 0.7399324307498395 0.6569398394867205
1.597039 4.89767e-05 0.7603740216090017 0.6750886526212692
1.64697 4.969879e-05 0.7715846274126521 0.6850418500635487
1.6971800000000001 5.111283e-05 0.7935379089019315 0.7045327989913568
1.7467460000000001 5.196015e-05 0.8066927379530873 0.7162121509513512
1.796822 5.277703e-05 0.8193749793203489 0.7274719217924503
1.846727 5.396414e-05 0.8378051227312414 0.7438348962356699
1.896775 5.45622e-05 0.8470901355508775 0.7520784798088113
1.9469159999999999 5.556333e-05 0.8626328986250215 0.7658779294001217
1.996633 5.636796e-05 0.8751249560524768 0.7769688477870006
2.046896 5.72561e-05 0.8889135245667259 0.7892108574760784
2.0968780000000002 5.801262e-05 0.9006586636803787 0.7996386336937705
2.146661 5.896719e-05 0.9154785725310629 0.8127963061203057
2.196923 5.971321e-05 0.9270606968391675 0.8230793516629519
2.246944 6.070035e-05 0.9423862620914427 0.8366859648596058
2.29697 6.124711e-05 0.950874831146829 0.8442224357060941
2.3468310000000003 6.211179e-05 0.9642991780098245 0.8561410757154977
2.397164 6.264833e-05 0.972629079321144 0.863536675371608
2.447265 6.306107e-05 0.9790369584489517 0.8692258314495575
2.496727 6.395157e-05 0.9928621664813998 0.8815003710808358
2.546748 6.437806e-05 0.9994835173783782 0.8873790554237265
2.596897 6.463659e-05 1.0034972523953671 0.8909426003208342
2.6470439999999997 6.531943e-05 1.014098493330659 0.9003547807159182
2.69701 6.554397e-05 1.017584526134259 0.9034498117420915
2.7469050000000004 6.612747e-05 1.0266434917568683 0.9114927021125024
2.796973 6.636145e-05 1.0302760826332662 0.914717852907479
2.847192 6.646149e-05 1.0318292255996515 0.9160967916438216
2.897406 6.709441e-05 1.0416554475737079 0.9248208810581156
2.94685 6.704009e-05 1.0408121176463383 0.9240721410325444
2.9966329999999997 6.772789e-05 1.0514903636707271 0.9335526894417455
3.046692 6.783679e-05 1.0531810600825557 0.935053753300079
3.097331 6.838039e-05 1.061620569444082 0.9425466671053155
3.1473690000000003 6.861419e-05 1.065250365780956 0.9457693368030056
3.197173 6.848637e-05 1.0632659322147486 0.9440074820521126
3.247237 6.904031e-05 1.0718659723466908 0.9516429211125849
3.297114 6.89204e-05 1.0700043432673298 0.94999009680356
3.3472750000000002 6.927949e-05 1.075579294364884 0.9549397480513936
3.397152 6.9177e-05 1.0739881146105374 0.953527038824207
3.447349 6.919407e-05 1.0742531301087002 0.9537623295502102
3.49752 6.937012e-05 1.076986345015059 0.9561889805351474
3.547142 6.966121e-05 1.0815055811814434 0.9602013283636357
3.5973029999999997 6.97163e-05 1.0823608655278867 0.9609606819720437
3.6474070000000003 6.986011e-05 1.0845935473551147 0.9629429408652208
3.697507 6.941784e-05 1.0777272084932266 0.9568467469935467
3.747406 7.022664e-05 1.0902840060863142 0.9679951441342297
3.797266 7.016667e-05 1.08935295866834 0.96716852522161
3.847435 7.022374e-05 1.0902389829495438 0.9679551709001695
3.8973679999999997 7.028876e-05 1.0912484327263767 0.9688513983755492
3.947708 7.05913e-05 1.0959454326569065 0.9730215715592065
3.9976640000000003 7.075229e-05 1.0984448377564506 0.9752406374045065
4.047407 7.080122e-05 1.0992044867503055 0.9759150823502207
4.097785 7.088162e-05 1.1004527144042178 0.9770233058048584
4.148077 7.09443e-05 1.1014258351672428 0.9778872790155136
4.197916 7.084132e-05 1.099827048055304 0.9764678156901582
4.247473 7.079889e-05 1.0991683129886933 0.9758829659242344
4.297479 7.086054e-05 1.1001254427755551 0.9767327417448612
4.347774 7.115873e-05 1.1047549080009293 0.9808429550774284
4.397895999999999 7.121659e-05 1.105653197205598 0.9816404900163007
4.448039 7.13931e-05 1.1083935537129619 0.9840734815831923
4.4980720000000005 7.153142e-05 1.1105410020847173 0.985980067009131
4.547954 7.155867e-05 1.110964064318164 0.9863556775705599
4.597878 7.164488e-05 1.112302493497813 0.9875439853320562
4.647473 7.125585e-05 1.1062627173261528 0.9821816449022344
4.697997999999999 7.144266e-05 1.1091629835951495 0.9847566103694091
4.74802 7.161846e-05 1.1118923171966144 0.987179815385893
4.798100000000001 7.141471e-05 1.1087290537079997 0.9843713510963107
4.848577000000001 7.131814e-05 1.1072297832535432 0.9830402424021022
4.8980950000000005 7.176458e-05 1.1141608622810626 0.9891939150275799
4.9480900000000005 7.188146e-05 1.1159754499451084 0.9908049741989488
4.99802 7.175949e-05 1.1140818389134208 0.9891237551098673
5.047482 7.16761e-05 1.1127871908529765 0.9879743178725262
5.097563 7.142819e-05 1.1089383336678844 0.9845571577153219
5.147643 7.161916e-05 1.1119031848503176 0.9871894640975627
5.197756999999999 7.15991e-05 1.1115917489456224 0.9869129595888557
5.247992 7.197652e-05 1.1174512773180052 0.9921152692436982
5.297924 7.280823e-05 1.1303637576915793 1.0035794549334576
5.347982 7.209217e-05 1.119246768961972 0.9937093742502757
5.397614 7.18779e-05 1.1159201801634178 0.9907559036081712
5.44771 7.173186e-05 1.1136528770965353 0.9887429066763892
5.497973 7.194652e-05 1.1169855207307244 0.9917017530292811
5.547803 7.169862e-05 1.1131368187978283 0.9882847307108152
5.597577 7.20168e-05 1.1180766331625274 0.992670483680922
5.648155 7.229108e-05 1.1223348903878387 0.9964511245905987
5.697869 7.198767e-05 1.1176243835162778 0.9922689594367232
5.748006999999999 7.228238e-05 1.1221998209775275 0.9963312048884179
5.798426 7.214355e-05 1.1200444547437882 0.9944175896868339
5.847878 7.199826e-05 1.117788795591588 0.9924149306604124
5.898035 7.204043e-05 1.1184434941011088 0.9929961966191445
5.948048 7.182876e-05 1.115157270873452 0.9900785640489562
5.998192 7.218311e-05 1.120658632430216 0.994962879734912
6.048228 7.219302e-05 1.1208124873562142 0.9950994779244077
6.098331 7.219766e-05 1.120884524375047 0.9951634350989041
6.148369 7.245271e-05 1.1248442316279115 0.9986790121151395
6.19834 7.216496e-05 1.120376849694911 0.9947127024251896
6.248444999999999 7.207101e-05 1.1189182553157435 0.9934177074803736
6.2977929999999995 7.186953e-05 1.1157902340755663 0.9906405325843489
6.3480810000000005 7.212996e-05 1.11983346700975 0.994230266841703
6.398152 7.207409e-05 1.1189660729920377 0.9934601618117204
6.447896 7.22212e-05 1.1212499880438662 0.9954879074884833
6.498011 7.232957e-05 1.1229324560893201 0.9969816658936959
6.547992 7.219733e-05 1.1208794010525867 0.9951588864205455
6.59835 7.259927e-05 1.1271196078089736 1.000699176661305
6.648378 7.219844e-05 1.120896634046316 0.995174186520479
6.698535 7.241424e-05 1.1242469764308218 0.9981487464895188
6.74836 7.212056e-05 1.1196875299457356 0.9941006984278525
6.798683 7.218464e-05 1.120682386016167 0.9949839690618472
6.848284 7.235895e-05 1.1233885870404634 0.9973866361063481
6.898377 7.216963e-05 1.1204493524703307 0.9947770731159004
6.948586000000001 7.24375e-05 1.1246080930381603 0.9984693593944302
6.998683 7.224739e-05 1.1216565935445624 0.9958489071436694
7.048765 7.21125e-05 1.1195623966759527 0.9939896004049124
7.098425 7.243358e-05 1.124547234177422 0.9984153266090795
7.148183 7.234594e-05 1.1231866039337794 0.9972073079080294
7.198482 7.220801e-05 1.1210452103976587 0.995306098192878
7.248322 7.259789e-05 1.1270981830059585 1.0006801549154416
7.298624 7.234558e-05 1.123181014854732 0.9972023457134563
7.34859 7.273844e-05 1.1292802526173684 1.0026174783799853
7.398747 7.256306e-05 1.1265574396081255 1.0002000625905034
7.44871 7.228318e-05 1.1222122411531883 0.996342231987469
7.498756 7.245007e-05 1.1248032450482308 0.9986426226882709
7.548776 7.230578e-05 1.1225631111156065 0.996653747535663
7.598689 7.251009e-05 1.1257350687271839 0.9994699307945812
7.648237 7.262046e-05 1.1274485872117892 1.0009912569474213
7.698424 7.263017e-05 1.1275993370938726 1.0011250983621545
7.748944000000001 7.277697e-05 1.1298784393276327 1.003148571038035
7.798624 7.263113e-05 1.1276142413046653 1.0011383308810156
7.84819 7.260522e-05 1.1272119828654508 1.0007811907104975
7.898248 7.226539e-05 1.1219360474969309 0.9960970168723197
7.948426 7.252567e-05 1.125976951648178 0.9996846835486016
7.998572 7.266104e-05 1.1280786006221846 1.0015506065467896
8.048285 7.265952e-05 1.1280550022884288 1.0015296550585924
8.098285 7.280154e-05 1.1302598939726154 1.0034872408176423
8.148692 7.270219e-05 1.1287174634077377 1.0021178129542314
8.19867 7.26624e-05 1.1280997149208076 1.0015693526151763
8.248563 7.24355e-05 1.124577042599008 0.9984417916468022
8.298718000000001 7.251783e-05 1.125855233926702 0.9995766179779008
8.348728999999999 7.262441e-05 1.1275099118291148 1.0010457032489863
8.398643 7.258056e-05 1.126829130950706 1.0004412803822467
8.448877 7.261006e-05 1.1272871249281986 1.0008479046597567
8.49901 7.266247e-05 1.128100801686178 1.0015703174863433
8.548803 7.242208e-05 1.124368694152298 0.9982568120602197
8.599321 7.242367e-05 1.1243933792514238 0.9982787284195839
8.648888000000001 7.266054e-05 1.1280708380123963 1.0015437146098825
8.698767 7.242773e-05 1.1244564116429023 0.9983346909472682
8.7485 7.2169e-05 1.1204395715819981 0.9947683892753978
8.798858000000001 7.22926e-05 1.1223584887215947 0.9964720760787961
8.848802 7.214495e-05 1.1200661900511948 0.9944368871101735
8.898691000000001 7.227418e-05 1.122072514177004 0.9962181771231438
8.948943 7.245055e-05 1.1248106971536271 0.9986492389477014
8.998473 7.233962e-05 1.1230884845460591 0.9971201938255256
9.048553 7.216012e-05 1.1203017076321629 0.9946459884759302
9.098802 7.253109e-05 1.1260610983382802 0.999759392144673
9.148941 7.21068e-05 1.1194739029243694 0.9939110323241731
9.198981 7.238967e-05 1.1238655217858389 0.9978100767099112
9.249321 7.224313e-05 1.1215904561091687 0.9957901878412223
9.298924999999999 7.219192e-05 1.1207954096146804 0.9950843156632123
9.348646 7.255075e-05 1.1263663241551445 1.0000303831038542
9.399183 7.250376e-05 1.1256367940872676 0.9993826788733392
9.449321 7.258029e-05 1.1268249391414205 1.000437558736317
9.498793 7.248128e-05 1.1252877871511986 0.9990728173900028
9.548636 7.237509e-05 1.1236391640844205 0.9976091078297046
9.598840000000001 7.260301e-05 1.1271776721301876 1.0007507283493686
9.648538 7.225391e-05 1.1217578179761982 0.9959387780009361
9.69896 7.252244e-05 1.1259268051889473 0.9996401616361826
9.749266 7.250054e-05 1.1255868028802325 0.9993382947996583
9.799095 7.23917e-05 1.1238970379815783 0.9978380579737534
9.849229 7.27565e-05 1.1295606380829115 1.0028664151410644
9.89935 7.255936e-05 1.1264999962956943 1.000149062257392
9.949081 7.236932e-05 1.1235495835674671 0.9975295748777985
10.00213 7.253834e-05 1.1261736561802065 0.9998593252298239
