Keff: 0.046097119748515165	Ms:1.3848939907075681
H(kOe) moment(emu) M(MA/m) M_norm()
9.94821 7.380285e-05 1.0520394093983685 0.9943897464186806
9.900302 7.381789e-05 1.0522538004783517 0.9945923892947501
9.851516 7.381809e-05 1.0522566514235643 0.9945950840138468
9.8033 7.371131e-05 1.0507345317745864 0.9931563734881342
9.754775 7.478097e-05 1.0659822420548406 1.007568539632859
9.705592000000001 7.434484e-05 1.0597653283771047 1.0016923004347038
9.656236999999999 7.341147e-05 1.046460394711939 0.9891164506184053
9.607196 7.452719e-05 1.0623646776746423 1.0041492105710934
9.558413 7.38049e-05 1.0520686315867969 0.9944173672894213
9.508886 7.424169e-05 1.0582949533837345 1.0003024990605958
9.459206 7.44758e-05 1.061632127302279 1.0034568024992039
9.410168 7.453538e-05 1.0624814238810962 1.0042595593181023
9.360127 7.341266e-05 1.0464773578359536 0.9891324841970305
9.310253000000001 7.309151e-05 1.0418994525609098 0.9848054390075512
9.260573 7.419454e-05 1.057622843049877 0.9996672190335556
9.210818999999999 7.523521e-05 1.072457308821573 1.0136887856452181
9.160886 7.456284e-05 1.0628728586587786 1.004629544250075
9.111188 7.553145e-05 1.0766801288703944 1.017680203571207
9.061191 7.469753e-05 1.064792827712167 1.0064443028257282
9.010950999999999 7.579094e-05 1.080379087736411 1.0211764668631826
8.961593 7.408368e-05 1.0560425641185633 0.9981735362382709
8.910988 7.418991e-05 1.0575568436682068 0.9996048362864678
8.861055 7.429851e-05 1.0591049069186185 1.0010680687559599
8.811461 7.459557e-05 1.0633394158428113 1.0050705350302451
8.761734 7.408058e-05 1.0559983744677688 0.9981317680922724
8.711673000000001 7.410636e-05 1.056365861305666 0.9984791173838334
8.661648 7.340126e-05 1.0463148539588387 0.9889788852085203
8.611367 7.405128e-05 1.0555807109941313 0.9977369917446105
8.561404 7.398902e-05 1.0546932117494658 0.9968981256898167
8.511562 7.493744e-05 1.0682126790418753 1.0096767531181396
8.461602999999998 7.343786e-05 1.0468365769327346 0.9894720188032111
8.411413 7.411321e-05 1.0564635061791958 0.9985714115128945
8.361253000000001 7.377878e-05 1.0516962981420386 0.9940654369753962
8.311744000000001 7.349604e-05 1.047665916895064 0.9902559125884327
8.261626 7.446367e-05 1.061459217475138 1.0032933677859908
8.211433000000001 7.388019e-05 1.0531418699120594 0.9954317942933631
8.161534 7.487737e-05 1.0673563976472873 1.0088673942374544
8.110803 7.468806e-05 1.064657835456353 1.0063167078765007
8.061282 7.54054e-05 1.074883320650188 1.01598185686053
8.011322 7.31447e-05 1.0426576614401861 0.9855220995513109
7.961215 7.459094e-05 1.063273416461141 1.0050081522831573
7.911423 7.448546e-05 1.0617698279560448 1.003586957431573
7.861219 7.444399e-05 1.0611786844662237 1.0030282074268784
7.8111679999999994 7.315619e-05 1.0428214482426468 0.9856769111634147
7.761164 7.349435e-05 1.0476418264080176 0.9902331422120656
7.711215 7.41023e-05 1.0563079871178513 0.998424414586171
7.661155 7.403467e-05 1.0553439399942293 0.9975131953236318
7.610688 7.356847e-05 1.0486983867037871 0.9912318051092921
7.560849 7.443571e-05 1.0610606553344244 1.0029166460562762
7.511082999999999 7.460651e-05 1.0634953625459378 1.0052179361648332
7.461016 7.415046e-05 1.0569944947250323 0.9990733029446495
7.411348 7.425559e-05 1.0584930940760064 1.0004897820378145
7.361146 7.398889e-05 1.054691358635078 0.996896374122404
7.311103 7.388635e-05 1.0532296790246058 0.9955147916415407
7.261247 7.451083e-05 1.0621314703562563 1.0039287825489858
7.210858 7.484232e-05 1.0668567694987887 1.0083951447157629
7.160725 7.474609e-05 1.0654850372097728 1.0070985806223998
7.110562 7.425356e-05 1.058464156982099 1.000462430638983
7.060602 7.495969e-05 1.0685298466967712 1.0099765406176444
7.010942 7.571133e-05 1.0792442689945574 1.0201038339267527
6.961238000000001 7.425925e-05 1.0585452663733959 1.0005390953972835
6.911178 7.39433e-05 1.0540414856738782 0.9962821129043178
6.860821 7.514982e-05 1.0712400977630767 1.0125382753268943
6.810678 7.363644e-05 1.0496672804342704 0.9921476053942956
6.760673 7.493492e-05 1.0681767571321972 1.0096427996575215
6.710603 7.402973e-05 1.0552735216474793 0.997446635761944
6.6610640000000005 7.421991e-05 1.0579844854500884 1.0000090441509684
6.610479000000001 7.373457e-05 1.0510660967028056 0.9934697693190772
6.560348 7.442993e-05 1.060978263017782 1.0028387686743825
6.51065 7.498853e-05 1.06894095299642 1.0103651191113843
6.460618 7.480395e-05 1.0663098156597621 1.0078781628570666
6.410253 7.489835e-05 1.0676554618000833 1.0091500702706953
6.3607439999999995 7.471878e-05 1.065095740641 1.0067306167297494
6.310376 7.408992e-05 1.0561315136091949 0.9982576114740872
6.260140000000001 7.518391e-05 1.071726041374555 1.012997590196922
6.210687 7.470467e-05 1.064894606456255 1.0065405042974793
6.160497 7.437439e-05 1.060186555532258 1.002090445181237
6.110546 7.431459e-05 1.0593341229137072 1.0012847241713323
6.060321 7.442293e-05 1.0608784799353426 1.0027444535059988
6.01064 7.504935e-05 1.0698079254355548 1.0111845831886819
5.960377 7.432127e-05 1.059429344483806 1.0013747277891611
5.910367 7.437417e-05 1.0601834194925244 1.0020874809902307
5.8602929999999995 7.429408e-05 1.0590417584821605 1.0010083807279686
5.810479 7.42682e-05 1.0586728461716575 1.0006596840768596
5.760583 7.478594e-05 1.0660530880433725 1.0076355034024114
5.710312 7.460606e-05 1.0634889479192098 1.0052118730468658
5.660357 7.506699e-05 1.0700593788033015 1.0114222574130083
5.61022 7.347684e-05 1.0473922261546595 0.9899972195551523
5.560159 7.484946e-05 1.066958548242877 1.0084913461875142
5.510275 7.433935e-05 1.0596870699310201 1.0016183303955002
5.460253 7.437914e-05 1.0602542654810558 1.0021544447597828
5.410284 7.447207e-05 1.061578957174065 1.003406545988051
5.360045 7.45539e-05 1.0627454214077778 1.004509090306454
5.3097010000000004 7.431235e-05 1.0593021923273267 1.0012545433174496
5.259753 7.343927e-05 1.046856676096483 0.9894910165728427
5.209683 7.386997e-05 1.0529961866116984 0.9952940941475232
5.1596400000000004 7.411223e-05 1.0564495365476543 0.9985582073893208
5.110074 7.443121e-05 1.060996509067142 1.002856014876601
5.059979 7.447333e-05 1.061596918128904 1.0034235227183599
5.00997 7.422386e-05 1.058040791618036 1.0000622648531277
4.960145000000001 7.433004e-05 1.0595543584313762 1.0014928912215502
4.910329 7.48427e-05 1.0668621862946928 1.0084002646820467
4.8603190000000005 7.482542e-05 1.066615864628329 1.0081674409520944
4.810518 7.401172e-05 1.05501679403109 0.997203976307289
4.7603029999999995 7.395833e-05 1.0542557342066006 0.9964846210444324
4.7101310000000005 7.4964e-05 1.0685912845661012 1.0100346118141774
4.659858 7.405711e-05 1.0556638160470766 0.9978155428062782
4.609857 7.475985e-05 1.065681182240396 1.0072839772962507
4.560159 7.367146e-05 1.050166480940987 0.9926194507081226
4.510432 7.562806e-05 1.0780572779553146 1.018981887630854
4.460062 7.385504e-05 1.052783363551582 0.9950929333669569
4.409923 7.355153e-05 1.0484569116442843 0.991003562401804
4.360149000000001 7.472037e-05 1.0651184056554397 1.006752039746568
4.309905 7.442752e-05 1.0609439091279707 1.0028062973092675
4.259697 7.438492e-05 1.0603366577976985 1.0022323221416765
4.20997 7.300592e-05 1.0406793905572014 0.9836522339701311
4.160168 7.347522e-05 1.0473691334984379 0.9899753923304692
4.1100900000000005 7.329352e-05 1.0447790497728406 0.9875272400311437
4.059414 7.374389e-05 1.0511989507497101 0.993595343228982
4.009716 7.4235e-05 1.0581995892663751 1.0002123607068123
3.959636 7.382963e-05 1.0524211509623282 0.9947505693057249
3.909281 7.232477e-05 1.0309697838995762 0.9744746944066441
3.859819 7.308378e-05 1.041789263528445 0.984701288114465
3.8096170000000003 7.31426e-05 1.0426277265154544 0.985493805000796
3.759527 7.384105e-05 1.0525839399339645 0.9949044377661447
3.70933 7.444649e-05 1.0612143212813807 1.0030618914155869
3.6591869999999997 7.401058e-05 1.0550005436433783 0.9971886164084378
3.6092910000000002 7.383948e-05 1.0525615600140459 0.9948832842212358
3.5593000000000004 7.33308e-05 1.0453104659604593 0.9880295356707633
3.509253 7.267136e-05 1.035910329405656 0.9791445078652199
3.4594609999999997 7.362114e-05 1.0494491831255108 0.9919414593834004
3.409442 7.363113e-05 1.0495915878388773 0.9920760606022789
3.359687 7.327145e-05 1.0444644479686365 0.9872298777788262
3.30971 7.335853e-05 1.0457057495141784 0.9884031584735165
3.258969 7.344273e-05 1.04690599744866 0.9895376352132151
3.209121 7.435804e-05 1.0599534907611325 1.001870151895084
3.158885 7.305602e-05 1.0413935523329436 0.984327261103847
3.1089890000000002 7.272031e-05 1.0366080982464265 0.9798040403641303
3.059034 7.313473e-05 1.0425155418213408 0.9853877678043419
3.0091680000000003 7.321685e-05 1.0436861399256117 0.9864942194654349
2.959015 7.175029e-05 1.022780728871062 0.9667343832733668
2.908942 7.190396e-05 1.0249712526251211 0.968804870691294
2.858812 7.272367e-05 1.036655994125997 0.9798493116449541
2.808564 7.170222e-05 1.0220955041892268 0.9660867075384819
2.758772 7.246163e-05 1.0329206857085207 0.9763186906844961
2.709136 7.114218e-05 1.0141122874050585 0.9585409551239842
2.658857 7.024997e-05 1.0013940782646347 0.9465196784977805
2.609064 7.056863e-05 1.0059364892717826 0.9508131744345062
2.5589969999999997 7.038257e-05 1.003284254940552 0.9483062772588733
2.508753 7.153084e-05 1.019652529236597 0.9637776027445446
2.458857 7.211298e-05 1.0279507754667518 0.9716211216192246
2.409168 7.108466e-05 1.0132923555619306 0.9577659539117817
2.3591729999999997 7.011992e-05 0.9995402511401772 0.9447674374051701
2.308649 7.121872e-05 1.0152033441378994 0.95957222412228
2.258904 7.189003e-05 1.0247726842910672 0.9686171835062107
2.209034 6.924476e-05 0.9870650850791232 0.9329758855819579
2.158715 6.953868e-05 0.9912548341634793 0.9369360447664254
2.1090430000000002 6.933728e-05 0.9883839323344463 0.9342224626360777
2.0586909999999996 6.969791e-05 0.9935246141944468 0.9390814453752399
2.00881 6.864682e-05 0.9785416141771774 0.9249194838986409
1.9589320000000001 6.82715e-05 0.9731915303913157 0.9198625740418284
1.9086679999999998 6.701444e-05 0.9552724844469067 0.9029254561035228
1.858627 6.724555e-05 0.958566894187263 0.9060393387556809
1.808583 6.725336e-05 0.958678223597813 0.9061445675364059
1.7590640000000002 6.714922e-05 0.957193736425641 0.9047414273027695
1.708979 6.525121e-05 0.9301381238113285 0.8791684083394079
1.659121 6.39406e-05 0.9114557372862608 0.8615097793629689
1.6088399999999998 6.346234e-05 0.9046382719995021 0.8550658975870998
1.558706 6.204812e-05 0.8844789533070753 0.8360112693826303
1.508562 6.161419e-05 0.8782934000266772 0.8301646720945384
1.4587999999999999 6.040788e-05 0.8610977814299516 0.8139113391270132
1.4085340000000002 5.834835e-05 0.8317397454619883 0.7861620650211805
1.358498 5.889417e-05 0.8395202600415446 0.7935162229079049
1.308756 5.702753e-05 0.8129118181838199 0.7683658706348562
1.2582650000000002 5.549861e-05 0.7911174824119988 0.747765821028446
1.208498 5.360757e-05 0.7641612252383437 0.7222867130256037
1.158645 5.207429e-05 0.7423047388608891 0.7016279185428861
1.10897 5.162932e-05 0.7359618134047583 0.6956325727606578
1.0587010000000001 4.935857e-05 0.7035928941978261 0.6650374058168309
1.008404 4.822082e-05 0.6873745796199608 0.6497078225556444
0.9586343 4.775462e-05 0.6807290263295186 0.6434264323413046
0.9085987999999999 4.603629e-05 0.6562347028941565 0.6202743490143922
0.858687 4.439298e-05 0.6328097690080204 0.5981330548206412
0.8084783999999999 4.155369e-05 0.5923364678453866 0.559877609900708
0.7582341 4.071883e-05 0.5804357672446602 0.5486290439754747
0.7082654 3.951146e-05 0.5632250386383081 0.5323614289967371
0.6582530000000001 3.728846e-05 0.5315367826008709 0.5024096262372404
0.6084605000000001 3.555155e-05 0.5067776063552635 0.47900720350624726
0.5583764999999999 3.395591e-05 0.4840321952605374 0.45750819560918776
0.5081587 3.20181e-05 0.4564092445489286 0.43139892754558873
0.4587152 2.908095e-05 0.4145409758937965 0.39182495657165445
0.408395 2.754654e-05 0.39266838167589097 0.3711509369260407
0.35844170000000003 2.368851e-05 0.33767322088411683 0.319169401343395
0.3079135 2.208061e-05 0.31475304684786165 0.2975052071657095
0.2579134 1.937663e-05 0.2762085526687751 0.26107287445062893
0.2082005 1.621657e-05 0.231162763027001 0.21849550430750012
0.1580454 1.472943e-05 0.20996398971008043 0.19845838152038447
0.10814919999999999 1.073818e-05 0.15306981431223013 0.14468189354744632
0.05825296 7.05849e-06 0.1006168413664823 0.09510323898330203
0.008107953999999999 3.746361e-06 0.053403349787075706 0.05047695264861498
-0.04213384 1.646497e-06 0.02347036369809818 0.02218423454255653
-0.09177535 -1.912541e-06 -0.027262748038729735 -0.025768803779330062
-0.1420495 -5.439835e-06 -0.07754335775142251 -0.07329413628619305
-0.19218100000000002 -8.759626e-06 -0.12486606904192171 -0.11802365730947356
-0.2416055 -1.158448e-05 -0.1651335889791141 -0.1560845974050091
-0.291615 -1.435105e-05 -0.2045702864624666 -0.19336024246139283
-0.34174709999999997 -1.81165e-05 -0.25824574471535366 -0.24409439257418955
-0.3918272 -2.067515e-05 -0.2947185995557445 -0.27856860765767427
-0.4418036 -2.22267e-05 -0.3168355197783651 -0.2994735647298727
-0.4921884 -2.527662e-05 -0.3603112938915907 -0.3405669530664649
-0.5423414 -2.807654e-05 -0.40022338648913514 -0.37829194253221854
-0.5918036 -3.021108e-05 -0.4306506694590637 -0.40705187103525775
-0.6421606000000001 -3.203132e-05 -0.45659769202747785 -0.4315770484778787
-0.6924074 -3.604298e-05 -0.5137828063842684 -0.4856285325346321
-0.7420584 -3.735189e-05 -0.5324409598750296 -0.5032642563987496
-0.792142 -3.818545e-05 -0.5443231293318744 -0.5144953066498544
-0.8421999 -4.149836e-05 -0.5915477538523359 -0.5591321158626139
-0.8921235000000001 -4.435193e-05 -0.6322246125031455 -0.5975799637260495
-0.9423603 -4.535152e-05 -0.6464734941281847 -0.6110480350352557
-0.9924199 -4.780733e-05 -0.6814803929402848 -0.6441366255592322
-1.0424259999999999 -4.97852e-05 -0.7096743879779662 -0.6707856458578942
-1.0922850000000002 -5.191918e-05 -0.7400936883012997 -0.6995380291474629
-1.142355 -5.321801e-05 -0.7586081541533486 -0.7170379391691081
-1.192568 -5.423484e-05 -0.773102787255709 -0.7307382952644473
-1.242219 -5.484962e-05 -0.7818663077445509 -0.7390215922957039
-1.2922159999999998 -5.595178e-05 -0.7975772966218437 -0.7538716502936378
-1.342115 -5.736825e-05 -0.8177686884479116 -0.7729565940879448
-1.391964 -5.930524e-05 -0.8453799502841488 -0.7990548138032473
-1.441975 -5.971327e-05 -0.8511963061595225 -0.8045524449683205
-1.492002 -6.128288e-05 -0.8735706667348359 -0.8257007351749482
-1.541892 -6.25813e-05 -0.892079288149199 -0.8431951210224453
-1.592172 -6.353095e-05 -0.9056162887546655 -0.8559903209732127
-1.6417380000000001 -6.478775e-05 -0.9235316284702981 -0.8729239357766926
-1.6922249999999999 -6.431539e-05 -0.9167982660673094 -0.8665595482141752
-1.7424549999999999 -6.632997e-05 -0.9455155520987534 -0.8937031842030312
-1.7920129999999999 -6.712444e-05 -0.9568405043138064 -0.9044075516066917
-1.842332 -6.742716e-05 -0.9611556949875146 -0.9084862784314129
-1.892216 -6.69456e-05 -0.954291189104749 -0.9019979337904489
-1.942134 -6.799469e-05 -0.9692456796698927 -0.916132948076081
-1.99204 -6.841217e-05 -0.9751967427065592 -0.9217579047184719
-2.042455 -6.947707e-05 -0.9903766004907547 -0.9361059365486959
-2.092294 -6.936579e-05 -0.9887903345744948 -0.9346065948433083
-2.1422350000000003 -6.982276e-05 -0.995304316743378 -0.9407636237713366
-2.192681 -7.003539e-05 -0.9983352991460954 -0.9436285143789624
-2.242285 -6.912555e-05 -0.9853657791851856 -0.9313696982643871
-2.2924290000000003 -7.041479e-05 -1.003743542214293 -0.9487403965053469
-2.342492 -6.954225e-05 -0.9913057235355232 -0.9369841455023009
-2.392257 -6.993945e-05 -0.9969677007276375 -0.9423358576282894
-2.442219 -7.111236e-05 -1.013687211473868 -0.9581391725066706
-2.492512 -7.097112e-05 -1.0116738739647686 -0.9562361618806015
-2.542709 -7.053996e-05 -1.0055278062755642 -0.9504268864519984
-2.5920680000000003 -7.241659e-05 -1.0322786528466557 -0.9757118399439259
-2.6423919999999996 -7.19603e-05 -1.025774363891495 -0.969563973060826
-2.692719 -7.204794e-05 -1.027023648083632 -0.9707447989689871
-2.742228 -7.200211e-05 -1.0263703539881772 -0.970127304087985
-2.792346 -7.124274e-05 -1.015545742657926 -0.9598958598857902
-2.842596 -7.352956e-05 -1.0481437353126863 -0.9907075475090348
-2.8925680000000003 -7.273968e-05 -1.0368842122902613 -0.9800650239086427
-2.942191 -7.272731e-05 -1.0367078813288655 -0.9798983555325137
-2.992531 -7.231615e-05 -1.0308469081609153 -0.9743585520135776
-3.0426529999999996 -7.220462e-05 -1.0292570785631399 -0.9728558419093193
-3.0923890000000003 -7.208517e-05 -1.0275543515349475 -0.9712464209288325
-3.1424450000000004 -7.111415e-05 -1.01371272743352 -0.9581632902425855
-3.192624 -7.257798e-05 -1.0345792230859185 -0.9778863435189843
-3.2425680000000003 -7.21865e-05 -1.0289987829268832 -0.9726117003591607
-3.292493 -7.328423e-05 -1.044646623367718 -0.9874020703291033
-3.342474 -7.330626e-05 -1.0449606549828798 -0.9876988936376015
-3.392439 -7.201519e-05 -1.0265568058050778 -0.9703035387169073
-3.442936 -7.124514e-05 -1.0155799540004764 -0.9599281965149502
-3.492511 -7.313943e-05 -1.0425825390338355 -0.9854510937031137
-3.5426979999999997 -7.391081e-05 -1.0535783496241002 -0.9958443557870637
-3.593106 -7.329082e-05 -1.0447405620124715 -0.9874908613233386
-3.64286 -7.404567e-05 -1.0555007419809193 -0.9976614048739487
-3.69287 -7.298357e-05 -1.0403607974296991 -0.983351099111078
-3.7423420000000003 -7.40665e-05 -1.0557976679248058 -0.997942059867867
-3.792587 -7.432669e-05 -1.059506605099066 -1.001447754676681
-3.842691 -7.371244e-05 -1.0507506396150375 -0.9931715986510306
-3.892634 -7.327365e-05 -1.0444958083659746 -0.9872595196888895
-3.9424270000000003 -7.320526e-05 -1.0435209276505448 -0.9863380604937829
-3.992531 -7.360254e-05 -1.0491840452207442 -0.99169085050741
-4.042606 -7.283882e-05 -1.0382974258321198 -0.9814007961648625
-4.092436 -7.415978e-05 -1.057127348771937 -0.9991988768545544
-4.1427629999999995 -7.431486e-05 -1.0593379716897442 -1.001288362042113
-4.192964 -7.434456e-05 -1.059761337053807 -1.0016885278279686
-4.242756999999999 -7.355359e-05 -1.0484862763799736 -0.9910313180084998
-4.292763 -7.445062e-05 -1.0612731933000197 -1.003117537364933
-4.342776 -7.415552e-05 -1.0570666236389097 -0.9991414793377953
-4.3931700000000005 -7.458563e-05 -1.0631977238657482 -1.0049366074911408
-4.443059 -7.339936e-05 -1.0462877699793196 -0.988953285377102
-4.493077 -7.437383e-05 -1.060178572885663 -1.0020828999677662
-4.5430399999999995 -7.411803e-05 -1.0565322139588178 -0.9986363542431241
-4.592765999999999 -7.442463e-05 -1.0609027129696493 -1.0027673586183206
-4.642938 -7.385627e-05 -1.0528008968646392 -0.9951095058894014
-4.6931899999999995 -7.305098e-05 -1.0413217085135875 -0.984259354182611
-4.742719 -7.362595e-05 -1.0495177483578724 -0.9920062673776753
-4.792893 -7.418406e-05 -1.0574734535207397 -0.9995260157528901
-4.843011000000001 -7.345152e-05 -1.047031296490751 -0.9896560681175136
-4.892889 -7.361093e-05 -1.0493036423724103 -0.9918038939735152
-4.942707 -7.378343e-05 -1.0517625826182302 -0.9941280891943938
-4.992662999999999 -7.379524e-05 -1.051930930933031 -0.9942872123570522
-5.042318 -7.413575e-05 -1.0567848077046496 -0.9988751063550892
-5.092323 -7.341595e-05 -1.0465242558847 -0.9891768123261707
-5.142392 -7.291869e-05 -1.0394359508027495 -0.982476932236118
-5.192964 -7.423943e-05 -1.0582627377028326 -1.0002720487348034
-5.2422759999999995 -7.426029e-05 -1.0585600912885011 -1.0005531079365861
-5.292318 -7.38075e-05 -1.05210569387456 -0.9944523986376782
-5.342653 -7.376752e-05 -1.0515357899265723 -0.9939137242902536
-5.392291 -7.420083e-05 -1.0577125052768117 -0.999751967949146
-5.442662 -7.460627e-05 -1.0634919414116828 -1.0052147025019171
-5.492597 -7.367979e-05 -1.0502852228090893 -0.9927316857584989
-5.542345999999999 -7.41063e-05 -1.0563650060221024 -0.9984783089681045
-5.59237 -7.435729e-05 -1.0599427997165853 -1.0018600466984715
-5.64279 -7.3371e-05 -1.0458835059481808 -0.988571174209194
-5.692379 -7.311961e-05 -1.0423000103632722 -0.9851840470406336
-5.742209 -7.422907e-05 -1.0581150587408228 -1.0001324622855958
-5.792012 -7.338908e-05 -1.0461412313953946 -0.988814776815533
-5.8424380000000005 -7.399893e-05 -1.0548344760847475 -0.9970316490210568
-5.892502 -7.289976e-05 -1.0391661088383821 -0.982221877073618
-5.942267 -7.380703e-05 -1.0520989941533103 -0.9944460660478008
-5.992466 -7.432686e-05 -1.0595090284024968 -1.0014500451879131
-6.042596 -7.273002e-05 -1.0367465116364953 -0.9799348689762736
-6.092464 -7.359135e-05 -1.0490245348361023 -0.9915400809739513
-6.142426 -7.445667e-05 -1.061359434392699 -1.0031990526176073
-6.192281 -7.468629e-05 -1.0646326045912222 -1.0062928596124954
-6.242323000000001 -7.421363e-05 -1.0578949657704144 -0.9999244299713329
-6.29218 -7.456281e-05 -1.0628724310169966 -1.0046291400422105
-6.342351 -7.51022e-05 -1.0705612877079698 -1.011896662709977
-6.391842 -7.46754e-05 -1.0644773706243988 -1.0061461321576814
-6.441966000000001 -7.358064e-05 -1.0488718667199703 -0.9913957787663245
-6.491804 -7.430148e-05 -1.0591472434550249 -1.0011080853345455
-6.541818 -7.465042e-05 -1.0641212875673522 -1.0058095617425074
-6.592078000000001 -7.464112e-05 -1.0639887186149688 -1.0056842573045122
-6.641698 -7.401522e-05 -1.0550666855723092 -0.9972511338914806
-6.692234999999999 -7.418945e-05 -1.0575502864942177 -0.9995986384325453
-6.742059 -7.439787e-05 -1.0605212565002111 -1.0024068052031863
-6.792022 -7.452983e-05 -1.0624023101514481 -1.0041847808631696
-6.841634 -7.586553e-05 -1.0814423477534296 -1.022181462350286
-6.891883 -7.407292e-05 -1.0558891832661284 -0.9980285603508701
-6.941879 -7.356908e-05 -1.0487070820866853 -0.991240024002537
-6.991653 -7.417397e-05 -1.0573296233347669 -0.9993900671744631
-7.041791 -7.353904e-05 -1.048278870115761 -0.9908352771942169
-7.091813 -7.395491e-05 -1.0542069830434662 -0.9964385413478793
-7.141417000000001 -7.424756e-05 -1.0583786286257226 -1.000381589066083
-7.1914359999999995 -7.398229e-05 -1.0545972774430639 -0.9968074483922138
-7.241781 -7.465312e-05 -1.0641597753277212 -1.0058459404503122
-7.291681 -7.449361e-05 -1.0618860039734561 -1.0036967672347623
-7.341791 -7.449686e-05 -1.0619323318331602 -1.0037405564200834
-7.391775 -7.387683e-05 -1.0530939740324887 -0.995386523012539
-7.441323000000001 -7.47068e-05 -1.0649249690227685 -1.0065692030558588
-7.4915590000000005 -7.47497e-05 -1.0655364967708592 -1.0071472203020946
-7.541474 -7.458493e-05 -1.0631877455575043 -1.0049271759743024
-7.591393 -7.452119e-05 -1.0622791493182662 -1.0040683689981935
-7.641304 -7.438044e-05 -1.0602727966249377 -1.0021719604339112
-7.691417 -7.424745e-05 -1.0583770606058558 -1.00038010697058
-7.741238 -7.461882e-05 -1.0636708382237698 -1.0053837961252332
-7.790955 -7.456703e-05 -1.0629325859609815 -1.0046859986151504
-7.840957 -7.443103e-05 -1.0609939432164508 -1.0028535896294142
-7.890729 -7.344438e-05 -1.0469295177466633 -0.9895598666457625
-7.9406419999999995 -7.363993e-05 -1.0497170294282294 -0.9921946282425326
-7.99071 -7.410021e-05 -1.0562781947403803 -0.9983962547716109
-8.040690999999999 -7.459983e-05 -1.063400140975839 -1.0051279325470044
-8.0908 -7.554296e-05 -1.0768442007673766 -1.0178352846552206
-8.140983 -7.500152e-05 -1.0691261218879748 -1.0105401411167132
-8.190883 -7.474882e-05 -1.0655239526119242 -1.0071353635380693
-8.240597 -7.437752e-05 -1.0602311728248346 -1.0021326175351
-8.290182000000001 -7.300349e-05 -1.0406447515728687 -0.9836194931331064
-8.340235 -7.418591e-05 -1.0574998247639558 -0.9995509419045344
-8.390437 -7.355517e-05 -1.0485087988471526 -0.9910526062893633
-8.440503000000001 -7.401352e-05 -1.0550424525380027 -0.9972282287791588
-8.490058999999999 -7.447543e-05 -1.061626853053636 -1.0034518172688751
-8.540014 -7.401862e-05 -1.0551151516409225 -0.997296944116124
-8.590393 -7.459375e-05 -1.0633134722413775 -1.0050460130864656
-8.6402 -7.359457e-05 -1.049070435054024 -0.9915834659514075
-8.690087 -7.475285e-05 -1.0655813991579568 -1.007189662127867
-8.739673 -7.528296e-05 -1.0731379719910679 -1.0143321498295481
-8.789606 -7.417425e-05 -1.0573336146580645 -0.9993938397811984
-8.839238 -7.380807e-05 -1.0521138190684158 -0.9944600785871037
-8.889485 -7.278522e-05 -1.0375333725151579 -0.9806786114469547
-8.93938 -7.365343e-05 -1.049909468230076 -0.9923765217815578
-8.989171 -7.432247e-05 -1.0594464501550815 -1.0013908961037412
-9.039282 -7.38316e-05 -1.0524492327726718 -0.994777112288827
-9.089229 -7.444015e-05 -1.0611239463181428 -1.0029764688202223
-9.138894 -7.380973e-05 -1.05213748191368 -0.994482444755606
-9.188587 -7.454494e-05 -1.0626176990622558 -1.004388366890923
-9.238578 -7.391795e-05 -1.053680128368188 -0.9959405572588147
-9.288313 -7.399199e-05 -1.0547355482858722 -0.9969381422684024
-9.338244000000001 -7.418043e-05 -1.057421708865132 -0.9994771066012855
-9.388002 -7.389724e-05 -1.0533849129914292 -0.9956615190963546
-9.437828 -7.405286e-05 -1.0556032334613101 -0.997758280025474
-9.487768 -7.394783e-05 -1.0541060595829423 -0.9963431482918574
-9.537514 -7.419105e-05 -1.057573094055918 -0.9996201961853187
-9.587521 -7.365031e-05 -1.0498649934847601 -0.9923344841636496
-9.637597 -7.339122e-05 -1.0461717365091692 -0.9888436103098676
-9.687838 -7.486658e-05 -1.0672025891530705 -1.008722014142189
-9.737843000000002 -7.514747e-05 -1.0712065991568294 -1.0125066123775086
-9.787597 -7.482477e-05 -1.0666065990563882 -1.0081586831150302
-9.837739 -7.383589e-05 -1.0525103855474807 -0.9948349140134505
-9.887748 -7.341176e-05 -1.0464645285824974 -0.9891203579610955
-9.93756 -7.304042e-05 -1.041171178606365 -0.9841170730143066
-9.991125 -7.383777e-05 -1.052537184432479 -0.9948602443729594
-9.99397 -7.326915e-05 -1.0444316620986922 -0.9871988885092144
-9.946105 -7.496423e-05 -1.0685945631530958 -1.0100377107411387
-9.897281000000001 -7.366919e-05 -1.0501341227128247 -0.9925888656463755
-9.848004000000001 -7.425965e-05 -1.0585509682638212 -1.000544484835477
-9.798630999999999 -7.311908e-05 -1.042292455358459 -0.9851769060350273
-9.749198 -7.33959e-05 -1.0462384486271425 -0.9889066667367296
-9.699263 -7.407621e-05 -1.0559360813148748 -0.9980728884800103
-9.649559 -7.439179e-05 -1.0604345877657497 -1.0023248857426474
-9.599661 -7.418347e-05 -1.0574650432323627 -0.9995180663315548
-9.550027 -7.342896e-05 -1.0467097098707763 -0.9893521038034092
-9.500217000000001 -7.442482e-05 -1.0609054213676012 -1.0027699186014625
-9.450593000000001 -7.480138e-05 -1.066273181013781 -1.0078435357166746
-9.401004 -7.476287e-05 -1.0657242315131057 -1.0073246675546106
-9.350839 -7.498284e-05 -1.068859843605123 -1.010288454353084
-9.301448 -7.440326e-05 -1.060598089473689 -1.0024794278828415
-9.251754 -7.413878e-05 -1.0568279995246195 -0.9989159313494038
-9.201895 -7.358933e-05 -1.0489957402894554 -0.9915128643110748
-9.151874 -7.428371e-05 -1.0588939369728902 -1.0008686595428065
-9.102027 -7.55765e-05 -1.0773223042795201 -1.018287189047732
-9.051883 -7.427407e-05 -1.0587565214136458 -1.000738774082347
-9.001904 -7.391023e-05 -1.0535700818829838 -0.9958365411016832
-8.952442 -7.441421e-05 -1.0607541787240757 -1.002626963753384
-8.902659 -7.332741e-05 -1.0452621424391064 -0.9879838601820745
-8.852447 -7.402642e-05 -1.0552263385042118 -0.9974020381608941
-8.802555 -7.308013e-05 -1.0417372337783157 -0.9846521094909506
-8.753206 -7.453928e-05 -1.0625370173127409 -1.0043121063404874
-8.703059999999999 -7.455766e-05 -1.0627990191777736 -1.0045597510254713
-8.653120999999999 -7.376144e-05 -1.051449121192111 -0.993831804829715
-8.603299999999999 -7.312962e-05 -1.0424427001711603 -0.985318917731422
-8.552800999999999 -7.387518e-05 -1.0530704537344855 -0.9953642915799917
-8.503357 -7.366969e-05 -1.0501412500758558 -0.992595602444117
-8.453401 -7.459169e-05 -1.0632841075056882 -1.00501825747977
-8.403404 -7.434686e-05 -1.0597941229237515 -1.0017195170975803
-8.353411 -7.404113e-05 -1.0554360255245945 -0.9976002347504542
-8.303396000000001 -7.337507e-05 -1.0459415226832558 -0.9886260117428112
-8.253521000000001 -7.3471e-05 -1.0473089785544532 -0.9899185337575295
-8.203498999999999 -7.463538e-05 -1.0639068964873686 -1.0056069188664376
-8.153615 -7.445054e-05 -1.0612720529219346 -1.0031164594772943
-8.103358 -7.377261e-05 -1.0516083464822317 -0.9939823048912639
-8.053365 -7.442838e-05 -1.0609561681923847 -1.0028178846013833
-8.003433 -7.432526e-05 -1.0594862208407962 -1.0014284874351396
-7.953782 -7.500056e-05 -1.0691124373509546 -1.010527206465049
-7.903792 -7.393686e-05 -1.0539496852380341 -0.9961953429494048
-7.853632999999999 -7.38177e-05 -1.0522510920803998 -0.9945898293116083
-7.803367000000001 -7.374233e-05 -1.051176713377052 -0.9935743244200278
-7.753877 -7.270942e-05 -1.0364528642796034 -0.9796573129093165
-7.7038649999999995 -7.341621e-05 -1.0465279621134767 -0.9891803154609966
-7.653924 -7.530099e-05 -1.073394984701979 -1.0145750787561132
-7.603985 -7.524806e-05 -1.0726404820514788 -1.0138619213471791
-7.553848 -7.452577e-05 -1.0623444359636331 -1.004130078065507
-7.50405 -7.410755e-05 -1.0563828244296807 -0.9984951509624587
-7.453924 -7.601328e-05 -1.083548483529197 -1.0241721860829516
-7.404013 -7.305321e-05 -1.0413534965527074 -0.9842894003005388
-7.353772 -7.342346e-05 -1.0466313088774313 -0.9892779990282508
-7.304188 -7.453615e-05 -1.0624924000201645 -1.0042699339866243
-7.254226 -7.353502e-05 -1.0482215661169887 -0.9907811133403737
-7.204018 -7.333254e-05 -1.0453352691838085 -0.9880529797269043
-7.154376 -7.292478e-05 -1.0395227620844716 -0.9825589864326115
-7.104161 -7.338273e-05 -1.0460507138848965 -0.9887292194842137
-7.05415 -7.425236e-05 -1.058447051310824 -1.0004462623244033
-7.004169 -7.385796e-05 -1.052824987351685 -0.9951322762657682
-6.954318 -7.39277e-05 -1.0538191119472995 -0.9960719248147772
-6.904235 -7.428331e-05 -1.058888235082465 -1.000863270104613
-6.854452 -7.426533e-05 -1.0586319351078572 -1.0006210148578223
-6.804347 -7.500494e-05 -1.0691748730511093 -1.010586220813266
-6.754065 -7.541815e-05 -1.0750650684074878 -1.016153645202943
-6.704452 -7.467965e-05 -1.0645379532101655 -1.0062033949384857
-6.654631 -7.445074e-05 -1.0612749038671472 -1.003119154196391
-6.604541 -7.39973e-05 -1.054811240881265 -0.9970096870604188
-6.554263 -7.435891e-05 -1.059965892372807 -1.0018818739231545
-6.504452000000001 -7.443609e-05 -1.061066072130328 -1.0029217660225598
-6.454411 -7.409319e-05 -1.0561781265634198 -0.9983016701313177
-6.404179 -7.38199e-05 -1.0522824524777379 -0.9946194712216717
-6.354584 -7.401082e-05 -1.0550039647776333 -0.9971918500713537
-6.304291 -7.291663e-05 -1.0394065860670603 -0.9824491766294221
-6.254282 -7.349933e-05 -1.0477128149438104 -0.990300240717573
-6.204754 -7.363767e-05 -1.0496848137473276 -0.9921641779167402
-6.154707999999999 -7.438585e-05 -1.060349914692937 -1.0022448525854761
-6.10448 -7.356271e-05 -1.0486162794816656 -0.9911541971993078
-6.054754 -7.469679e-05 -1.0647822792148807 -1.0064343323650704
-6.004911 -7.43656e-05 -1.0600612564901668 -1.0019720122769382
-5.954754 -7.324125e-05 -1.044033955241542 -0.9868229751952288
-5.904893 -7.441751e-05 -1.0608012193200826 -1.002671426618479
-5.854725999999999 -7.383288e-05 -1.052467478822032 -0.9947943584910457
-5.804939 -7.423704e-05 -1.0582286689075429 -1.0002398468415983
-5.754688 -7.318332e-05 -1.0432081789607286 -0.9860424498088781
-5.704865 -7.431368e-05 -1.05932115111299 -1.0012724631994425
-5.654933 -7.452813e-05 -1.0623780771171412 -1.0041618757508477
-5.604865 -7.452194e-05 -1.0622898403628132 -1.004078474194806
-5.554735 -7.482518e-05 -1.0666124434940738 -1.0081642072891783
-5.504763 -7.367737e-05 -1.0502507263720178 -0.9926990796574293
-5.4545 -7.389762e-05 -1.0533903297873328 -0.9956666390626382
-5.404923 -7.353826e-05 -1.048267751429432 -0.9908247677897398
-5.354837000000001 -7.40789e-05 -1.0559744265279836 -0.9981091324518605
-5.304594 -7.415815e-05 -1.0571041135684545 -0.9991769148939164
-5.254970999999999 -7.312915e-05 -1.0424360004499105 -0.9853125851415446
-5.204782 -7.417861e-05 -1.0573957652636978 -0.9994525846575057
-5.1546970000000005 -7.364875e-05 -1.0498427561121024 -0.9923134653546956
-5.10482 -7.382152e-05 -1.0523055451339596 -0.9946412984463548
-5.054708 -7.315438e-05 -1.0427956471884732 -0.9856525239555898
-5.004924 -7.293741e-05 -1.0397027992746437 -0.9827291579435663
-4.955018 -7.347338e-05 -1.0473429048024825 -0.9899506009147798
-4.904967 -7.353619e-05 -1.0482382441464821 -0.9907968774470892
-4.854735 -7.370776e-05 -1.0506839274970639 -0.9931085422241684
-4.804858 -7.34211e-05 -1.046597667723923 -0.98924620134291
-4.754837 -7.516503e-05 -1.071456912146491 -1.0127432087141963
-4.704886 -7.447221e-05 -1.0615809528357139 -1.0034084322914187
-4.654939000000001 -7.420688e-05 -1.0577987463694911 -0.9998334832018203
-4.604952 -7.445306e-05 -1.0613079748316128 -1.0031504129379125
-4.555004 -7.297902e-05 -1.0402959384261137 -0.9832897942516287
-4.504905 -7.310856e-05 -1.0421424956402792 -0.9850351638105425
-4.455161 -7.433638e-05 -1.0596447333946137 -1.0015783138169145
-4.405075 -7.411549e-05 -1.0564960069546188 -0.9986021313105965
-4.354828 -7.328411e-05 -1.0446449128005906 -0.9874004534976454
-4.305065 -7.517479e-05 -1.071596038272863 -1.0128747110061138
-4.255056 -7.439564e-05 -1.0604894684610913 -1.0023767590852584
-4.205056 -7.369601e-05 -1.0505164344658269 -0.9929502274772389
-4.155003 -7.390992e-05 -1.0535656629179042 -0.9958323642870832
-4.105122000000001 -7.335317e-05 -1.0456293441824822 -0.9883309400017257
-4.054801 -7.312375e-05 -1.0423590249291719 -0.9852398277259345
-4.004967 -7.413527e-05 -1.0567779654361393 -0.9988686390292573
-3.954605 -7.481328e-05 -1.0664428122539273 -1.0080038715029263
-3.904744 -7.43124e-05 -1.05930290506363 -1.001255216997224
-3.854855 -7.367048e-05 -1.0501525113094454 -0.992606246584549
-3.804531 -7.34955e-05 -1.04765821934299 -0.9902486368468716
-3.7546120000000003 -7.378589e-05 -1.0517976492443446 -0.9941612342392828
-3.7046889999999997 -7.32547e-05 -1.0442256813070856 -0.9870041950544798
-3.65468 -7.324652e-05 -1.044109077647893 -0.9868939810434262
-3.6046590000000003 -7.468734e-05 -1.0646475720535877 -1.0063070068877527
-3.5546149999999996 -7.360474e-05 -1.0492154056180822 -0.9917204924174734
-3.5046880000000002 -7.242797e-05 -1.0324408716292495 -0.9758651694605264
-3.45492 -7.338623e-05 -1.046100605426116 -0.9887763770684055
-3.404971 -7.432284e-05 -1.059451724403725 -1.0013958813340702
-3.3550500000000003 -7.295906e-05 -1.0400114140939019 -0.9830208612857809
-3.304522 -7.379053e-05 -1.0518637911732756 -0.9942237517223257
-3.254707 -7.398122e-05 -1.0545820248861766 -0.9967930316450464
-3.204643 -7.347633e-05 -1.0473849562443676 -0.9899903480214557
-3.154531 -7.33566e-05 -1.0456782378928773 -0.9883771544342336
-3.104471 -7.210532e-05 -1.027841584265111 -0.9715179138778219
-3.0545590000000002 -7.226533e-05 -1.0301224829824076 -0.9736738238911135
-3.004292 -7.18888e-05 -1.02475515097801 -0.9686006109837662
-2.954565 -7.306602e-05 -1.041536099593571 -0.9844619970586806
-2.904457 -7.240904e-05 -1.0321710296648818 -0.9756101142980262
-2.854631 -7.271443e-05 -1.0365242804571775 -0.979724815622688
-2.804587 -7.219083e-05 -1.0290605058907347 -0.9726700410276037
-2.754442 -7.193023e-05 -1.0253457242787887 -0.9691588220446415
-2.7044200000000003 -7.148736e-05 -1.0190327337473897 -0.9631917708129283
-2.654301 -7.193894e-05 -1.025469882942795 -0.9692761770613015
-2.604442 -7.164722e-05 -1.021311494255777 -0.9653456597868975
-2.554643 -7.158871e-05 -1.020477450233847 -0.9645573197151665
-2.504169 -7.152937e-05 -1.0196315747892848 -0.9637577965591841
-2.454659 -7.075241e-05 -1.0085562228275902 -0.9532893518124371
-2.404642 -7.083161e-05 -1.009685197131758 -0.9543564605747188
-2.354395 -7.060885e-05 -1.0065098143540254 -0.9513550824448467
-2.304587 -7.229869e-05 -1.0305980206438603 -0.9741233030364383
-2.254584 -6.931946e-05 -0.9881299131160087 -0.9339823631645644
-2.2048389999999998 -6.985193e-05 -0.9957201271026278 -0.9411566485515862
-2.1543180000000004 -7.068076e-05 -1.007534871705196 -0.9523239686960547
-2.104339 -6.622839e-05 -0.944067557025302 -0.8923345363738322
-2.05449 -6.911674e-05 -0.9852401950485732 -0.9312509958881788
-2.004433 -6.913308e-05 -0.985473117272438 -0.9314711544383768
-1.954476 -6.850506e-05 -0.9765208642105255 -0.9230094670029205
-1.9042629999999998 -6.74421e-05 -0.9613686605948917 -0.9086875739479342
-1.8542159999999999 -6.779221e-05 -0.9663593827367123 -0.9134048144626115
-1.804152 -6.602985e-05 -0.9412374237128086 -0.8896594887265671
-1.7543579999999999 -6.588457e-05 -0.9391664971104159 -0.8877020447747452
-1.7045409999999999 -6.525137e-05 -0.9301404045674986 -0.8791705641146853
-1.654414 -6.386905e-05 -0.9104358116364729 -0.8605457436061349
-1.6048 -6.279666e-05 -0.8951491859540675 -0.8460967945457405
-1.5541120000000002 -6.19424e-05 -0.8829719436677241 -0.8345868408681302
-1.504188 -6.149113e-05 -0.8765392134373982 -0.8285066114343567
-1.454355 -6.051005e-05 -0.8625541867917802 -0.8152879363775475
-1.4041890000000001 -6.016488e-05 -0.8576338829967096 -0.8106372554245581
-1.354178 -5.835148e-05 -0.8317843627545644 -0.7862042373750432
-1.304402 -5.75395e-05 -0.8202098102861531 -0.7752639473144691
-1.2545650000000002 -5.631817e-05 -0.8028000857039654 -0.758808240942784
-1.204383 -5.550553e-05 -0.7912161251163529 -0.747859058309191
-1.154499 -5.317677e-05 -0.7580202892505219 -0.7164822880913746
-1.104744 -5.149795e-05 -0.7340891700418981 -0.6938625465220095
-1.054467 -5.063248e-05 -0.7217521322763917 -0.6822015538390308
-1.004235 -4.962912e-05 -0.7074495103340962 -0.6686826870748523
-0.9544140999999999 -4.847115e-05 -0.6909429651952428 -0.6530806677129926
-0.9042998 -4.629889e-05 -0.6599779939582281 -0.623812515188321
-0.8539387 -4.531186e-05 -0.645908151692537 -0.6105136722383859
-0.8038951 -4.275889e-05 -0.6095162636961825 -0.5761159871772467
-0.7538553 -4.145245e-05 -0.5908933193787963 -0.5585135430939732
-0.7040273 -3.985374e-05 -0.5681041462750575 -0.5369731712587796
-0.6541146 -3.858233e-05 -0.5499805450116486 -0.5198427072252881
-0.6040556 -3.556548e-05 -0.5069761746893173 -0.4791948906913305
-0.5538739 -3.355966e-05 -0.47838376005818267 -0.45216928339890855
-0.5039424 -3.157901e-05 -0.4501501368820468 -0.4254828065048027
-0.4539387 -2.901624e-05 -0.41361855257027763 -0.39095308020792663
-0.4037631 -2.729245e-05 -0.3890463983306132 -0.36772743104967515
-0.3539294 -2.528225e-05 -0.3603915479993238 -0.3406428094090362
-0.3039706 -2.175023e-05 -0.31004357045125863 -0.2930538006899189
-0.2539664 -1.919576e-05 -0.27363030036581004 -0.25863590523555463
-0.20381970000000002 -1.754111e-05 -0.25004371788612245 -0.2363418204690223
-0.1534664 -1.475662e-05 -0.21035157571172589 -0.19882472858157685
-0.10348950000000001 -1.16781e-05 -0.16646811643310638 -0.15734599541416075
-0.05371642 -8.880245e-06 -0.1265854598448815 -0.11964882892308029
-0.004083819 -4.745611e-06 -0.06764738480525347 -0.06394044293535685
0.04617247 -2.376848e-06 -0.033881317132735296 -0.032024688477419884
0.0961992 1.323487e-06 0.018865944632577448 0.017832128465478235
0.1464503 6.068777e-06 0.08650875367076477 0.08176824637668492
0.1966237 8.784289e-06 0.1252176333508067 0.11835595659487955
0.2461237 1.142175e-05 0.1628139174069269 0.15389203921200287
0.29591320000000004 1.490699e-05 0.21249505886977785 0.20085075313440887
0.34682060000000003 1.594071e-05 0.22723045429533767 0.2147786782574619
0.3964256 2.040122e-05 0.29081380244538224 0.27487778564691895
0.4464966 2.165348e-05 0.30866442570469 0.29175023032690434
0.49649160000000003 2.515548e-05 0.3585844763763522 0.33893476170961134
0.5463577000000001 2.731365e-05 0.38934859852314296 0.36801307127392224
0.5962936 2.936182e-05 0.4185447008030341 0.39560928533506423
0.6464595000000001 3.133877e-05 0.4467255814927377 0.42224590992588157
0.6964444999999999 3.447552e-05 0.4914390934699898 0.46450921055829353
0.7461077 3.649616e-05 0.5202427631413741 0.4917344965357787
0.7967002999999999 3.926238e-05 0.5596744714706046 0.5290054258337432
0.8466332 4.110939e-05 0.586003093055718 0.5538912914274536
0.8963483999999999 4.353498e-05 0.6205792140462025 0.5865727098959231
0.9465955 4.515416e-05 0.6436601813924453 0.6083888862306609
0.9968577000000001 4.720365e-05 0.6728750999107391 0.6360028854378409
1.0468030000000002 4.926686e-05 0.7022855932706135 0.6638017423750524
1.096876 5.074983e-05 0.7234249243798525 0.6837826802690025
1.147048 5.261067e-05 0.7499506888264134 0.7088548856882476
1.1967940000000001 5.355301e-05 0.7633834873843615 0.7215515936560318
1.2465979999999999 5.578858e-05 0.795250925328407 0.7516727595107543
1.2968389999999999 5.636865e-05 0.8035196642756118 0.7594883880427837
1.346737 5.726263e-05 0.8162631042811666 0.7715335129329929
1.3964159999999999 5.852983e-05 0.8343266931478514 0.7886072531294995
1.44658 6.008884e-05 0.8565499536268999 0.8096127232240038
1.496944 6.092513e-05 0.8684710384858961 0.8208805563907783
1.546719 6.234078e-05 0.8886507414365925 0.839954451836789
1.596775 6.284948e-05 0.8959021205847005 0.8468084698591712
1.646922 6.341384e-05 0.90394691778546 0.8544124282061573
1.6967940000000001 6.522438e-05 0.9297556695110656 0.8788069117725895
1.746923 6.543583e-05 0.9327698313370288 0.8816559035375449
1.796794 6.631927e-05 0.9453630265298825 0.8935590167313595
1.846867 6.690925e-05 0.9537730298123687 0.9015081685946288
1.8972090000000001 6.741897e-05 0.9610389487810609 0.9083759296844043
1.947006 6.820838e-05 0.9722917720822363 0.9190121206949189
1.996982 6.820531e-05 0.9722480100732238 0.9189707567567851
2.047071 6.85878e-05 0.9777003002449555 0.9241242722932134
2.097039 6.772602e-05 0.9654158624186204 0.9125129971775682
2.146913 6.82141e-05 0.9723733091153152 0.9190891896610838
2.197218 6.879456e-05 0.9806476074056846 0.9269100728953518
2.247098 6.996251e-05 0.9972964147106438 0.9426465587401354
2.29735 7.069042e-05 1.0076725723589621 0.9524541236284241
2.347105 7.161192e-05 1.0208083024257628 0.9648700418663351
2.3970010000000004 6.99642e-05 0.9973205051976898 0.9426693291165023
2.446774 7.108703e-05 1.013326139262699 0.957797886333077
2.497086 7.128946e-05 1.0162117234595764 0.9605253462667726
2.546888 7.21543e-05 1.0285397807476635 0.9721778505845967
2.5969499999999996 7.176101e-05 1.0229335395344543 0.9668788202169482
2.6471709999999997 7.170971e-05 1.0222022720874364 0.966187624768652
2.696888 7.148893e-05 1.0190551136673083 0.9632129243578373
2.7465010000000003 7.129116e-05 1.0162359564938832 0.9605482513790943
2.7969690000000003 7.099023e-05 1.0119462817798275 0.9564936422902884
2.84735 7.275012e-05 1.0370330316303562 0.9802056882454889
2.897349 7.277572e-05 1.0373979526175618 0.9805506122898628
2.947199 7.265456e-05 1.0356708500078022 0.9789181514610996
2.996982 7.284721e-05 1.0384170229837861 0.9815138396309678
3.0471999999999997 7.183626e-05 1.0240062076706744 0.9678927082770707
3.096897 7.16371e-05 1.0211672364280222 0.9652093070006058
3.1471999999999998 7.313021e-05 1.042451110459537 0.9853268671527571
3.197441 7.260906e-05 1.035022259971948 0.9783051028666069
3.247614 7.31373e-05 1.0425521764673218 0.9854223949447339
3.297469 7.377447e-05 1.0516348602727081 0.994007365778863
3.34735 7.407748e-05 1.0559541848169745 0.9980899999462742
3.39695 7.31633e-05 1.0429227993449528 0.9857727084273012
3.447152 7.303072e-05 1.0410329077635567 0.9839863791381183
3.497388 7.308297e-05 1.0417777172003342 0.9846903745021235
3.547115 7.301513e-05 1.0408106765842389 0.9837763257845328
3.59746 7.228076e-05 1.0303424334055555 0.9738817214694218
3.6471430000000002 7.239993e-05 1.0320411691104507 0.9754873698431732
3.6975149999999997 7.43425e-05 1.0597319723181178 1.0016607722212727
3.747539 7.402337e-05 1.0551828615897205 0.99736094369467
3.797275 7.323879e-05 1.043998888615428 0.9867898301503397
3.847652 7.311237e-05 1.0421968061465783 0.9850864982093341
3.8975340000000003 7.508507e-05 1.0703171042505153 1.011665860019347
3.947662 7.39689e-05 1.0544064066610839 0.9966270369486916
3.997506 7.382448e-05 1.052347739123105 0.9946811802889856
4.047632999999999 7.403372e-05 1.0553303980044697 0.9975003954079226
4.097294 7.395458e-05 1.0542022789838656 0.9964340950613699
4.1478969999999995 7.360707e-05 1.049248619129808 0.9917518858949494
4.197567 7.527209e-05 1.0729830231187663 1.0141856918466443
4.247672 7.423376e-05 1.0581819134060573 1.0001956534484129
4.2975389999999996 7.387179e-05 1.0530221302131326 0.995318616091303
4.347469 7.418204e-05 1.057444658974093 0.9994987990900137
4.397756 7.345815e-05 1.0471258053245471 0.9897453980555684
4.447654000000001 7.270808e-05 1.036433762946679 0.9796392582913687
4.497822 7.352979e-05 1.0481470138996807 0.9907106464359957
4.547886 7.426256e-05 1.0585924495166636 1.0005836929983334
4.598180999999999 7.37572e-05 1.0513886811536053 0.9937746767848656
4.647822 7.341016e-05 1.0464417210207968 0.9890988002083221
4.697839 7.377154e-05 1.0515930939253446 0.9939678881440969
4.747992 7.335267e-05 1.0456222168194511 0.9883242032039842
4.798071 7.447283e-05 1.061589790765873 1.0034167859206184
4.847982 7.331906e-05 1.0451431154764828 0.9878713556597886
4.8978779999999995 7.385377e-05 1.0527652600494823 0.995075821900693
4.947895000000001 7.349175e-05 1.0476047641202548 0.9901981108638092
4.998124 7.393811e-05 1.0539675036456124 0.9962121849437591
5.0478689999999995 7.383494e-05 1.052496843557721 0.9948221140977414
5.097567 7.3955e-05 1.0542082659688121 0.996439753971473
5.147997 7.409407e-05 1.0561906707223552 0.998313526895343
5.198124 7.30965e-05 1.0419705836439628 0.9848726722490133
5.247793 7.460787e-05 1.0635147489733832 1.0052362602546905
5.297756000000001 7.46956e-05 1.0647653160908659 1.0064182987864452
5.347785 7.331728e-05 1.0451177420640911 0.9878473726598281
5.397940999999999 7.32984e-05 1.044848612836027 0.9875929911771025
5.447822 7.427854e-05 1.0588202400391462 1.0007990010541576
5.4982 7.463825e-05 1.0639478075511688 1.0056455880854749
5.548247 7.485819e-05 1.0670829920014042 1.0086089706760837
5.597841000000001 7.465503e-05 1.0641870018545012 1.0058716750176855
5.648067 7.473479e-05 1.0653239588052639 1.0069463289934377
5.697982 7.482459e-05 1.066604033205697 1.0081562578678431
5.748117000000001 7.368126e-05 1.0503061772564017 0.9927514919438596
5.798237 7.445533e-05 1.061340333059775 1.0031809979996595
5.848266 7.449088e-05 1.061847088571305 1.003659984319093
5.898385 7.534761e-05 1.0740595400310233 1.0152032177775472
5.948549 7.465771e-05 1.0642252045203493 1.0059077842535809
5.998332 7.466746e-05 1.064364188099461 1.0060391518095437
6.047954 7.502681e-05 1.069486623910101 1.010880888346487
6.098099 7.443927e-05 1.0611114021592079 1.002964612056197
6.148341 7.38423e-05 1.0526017583415428 0.9949212797604988
6.198237 7.355821e-05 1.0485521332143835 0.9910935660196328
6.248436 7.377267e-05 1.0516092017657954 0.993983113306993
6.298067 7.377864e-05 1.0516943024803898 0.9940635506720286
6.347969 7.317016e-05 1.0430205867657432 0.9858651372923173
6.398341 7.356972e-05 1.0487162051113652 0.9912486471036461
6.4479359999999994 7.420803e-05 1.0578151393044632 0.9998489778366261
6.498463 7.378824e-05 1.051831147850592 0.9941928971886687
6.548124 7.330337e-05 1.0449194588245587 0.9876599549466548
6.598256 7.46358e-05 1.063912883472315 1.0056125777765406
6.648388 7.496552e-05 1.0686129517497165 1.010055091679312
6.697997 7.511018e-05 1.0706750404219505 1.0120041820019343
6.748247 7.345447e-05 1.0470733479326362 0.9896958152241895
6.798368 7.328009e-05 1.0445876088018182 0.9873462896438021
6.848143 7.490506e-05 1.0677511110119642 1.0092404780963886
6.898543 7.477094e-05 1.0658392671524317 1.0074333994701612
6.948615 7.395853e-05 1.0542585851518134 0.9964873157635292
6.998199 7.315909e-05 1.0428627869482288 0.9857159845903165
7.048182 7.459426e-05 1.0633207421516695 1.005052884620162
7.098469 7.421381e-05 1.057897531621106 0.99992685521852
7.148180999999999 7.390659e-05 1.0535181946801153 0.9957874972141237
7.198451 7.444665e-05 1.0612166020375509 1.0030640471908643
7.248520999999999 7.372674e-05 1.0509544821977344 0.9933642710664425
7.298432 7.47973e-05 1.0662150217314452 1.0077885634471024
7.348756000000001 7.42584e-05 1.0585331498562427 1.0005276428411227
7.3986149999999995 7.404684e-05 1.0555174200104125 0.9976771689806642
7.448285 7.512658e-05 1.070908817929379 1.0122251489678613
7.498441 7.384722e-05 1.0526718915937716 0.9949875698502771
7.548543 7.45632e-05 1.0628779903601613 1.0046343947444492
7.5984359999999995 7.504396e-05 1.0697310924620769 1.0111119605090266
7.648367 7.400203e-05 1.054878665735542 0.9970734171670552
7.698840000000001 7.480181e-05 1.066279310545988 1.0078493293627324
7.748794 7.463711e-05 1.063931557163457 1.0056302281866238
7.7985619999999995 7.434237e-05 1.0597301192037296 1.0016590206538598
7.848624 7.405973e-05 1.0557011634293612 0.9978508436264446
7.898501 7.419106e-05 1.0575732366031787 0.9996203309212736
7.948608 7.475865e-05 1.0656640765691208 1.0072678089816707
7.998813 7.484892e-05 1.0669508506908028 1.008484070445953
8.048625 7.51494e-05 1.0712341107781305 1.0125326164167914
8.098524000000001 7.360234e-05 1.0491811942755314 0.9916881557883132
8.148596 7.442995e-05 1.060978548112303 1.0028390381462922
8.198701 7.421978e-05 1.0579826323357002 1.0000072925835555
8.248436 7.417372e-05 1.0573260596532512 0.9993866987755924
8.298729 7.497193e-05 1.0687043245437786 1.0101414574263605
8.348992 7.480999e-05 1.0663959142051809 1.007959543373786
8.398784 7.560198e-05 1.0776855146995983 1.0186304962606478
8.448775 7.418857e-05 1.0575377423352825 0.99958678166852
8.499025 7.441908e-05 1.0608235992400012 1.002692580163388
8.549087 7.295122e-05 1.03989965704157 0.9829152282971915
8.599127000000001 7.514812e-05 1.0712158647287702 1.0125153702145728
8.649407 7.441132e-05 1.0607129825657546 1.0025880250624373
8.698951 7.421883e-05 1.0579690903459407 0.9999944926678465
8.748851 7.40221e-05 1.0551647580876207 0.997343832228406
8.798627 7.477099e-05 1.0658399798887348 1.0074340731499354
8.849054 7.396704e-05 1.054379892870607 0.9966019760610924
8.899040000000001 7.379401e-05 1.051913397619974 0.9942706398346077
8.948886 7.506426e-05 1.07002046340115 1.0113854744973387
8.998993 7.348006e-05 1.0474381263725816 0.9900406045326087
9.048868 7.383394e-05 1.0524825888316585 0.994808640502258
9.099086999999999 7.442153e-05 1.060858523318855 1.0027255904723222
9.148776 7.354486e-05 1.048361832621446 0.99091369351993
9.198756999999999 7.490553e-05 1.0677578107332137 1.0092468106862658
9.248823 7.427034e-05 1.0587033512854316 1.000688517571194
9.299320999999999 7.430343e-05 1.0591750401708473 1.0011343588457382
9.349200000000002 7.358965e-05 1.0490003018017953 0.9915171758616294
9.399012 7.422154e-05 1.0580077206535705 1.0000310061116062
9.449155000000001 7.443639e-05 1.061070348548147 1.002925808101205
9.499398 7.496894e-05 1.0686617029128513 1.0101011713758654
9.549125 7.369216e-05 1.0504615537704853 0.992898354134628
9.599377 7.472846e-05 1.065233726389287 1.0068610411340282
9.649237 7.415136e-05 1.0570073239784885 0.9990854291805844
9.698964 7.416273e-05 1.0571694002138217 0.9992386239612301
9.748766 7.386577e-05 1.0529363167622352 0.9952375050464933
9.799118 7.416831e-05 1.0572489415852517 0.9993138066240272
9.849502000000001 7.402193e-05 1.0551623347841903 0.9973415417171739
9.898945 7.437966e-05 1.0602616779386087 1.0021614510294343
9.949117 7.422366e-05 1.0580379406728235 1.000059570134031
10.002379999999999 7.30903e-05 1.0418822043423739 0.9847891359570164
