Keff: 0.002395375375388656	Ms:1.3382404132075145
H(kOe) moment(emu) M(MA/m) M_norm()
9.947899999999999 7.714765e-05 1.2030834755667417 0.9908828423685742
9.900024 7.976032e-05 1.243826908504867 1.024439922535904
9.851725 7.76539e-05 1.2109782203775774 0.9973851070383223
9.803232 7.667052e-05 1.1956428442747042 0.9847545943846199
9.754475000000001 7.768835e-05 1.2115154528886554 0.9978275821353549
9.705373 7.82574e-05 1.220389535919976 1.0051364487236416
9.656077 7.764867e-05 1.2108966608410623 0.9973179330250427
9.607213 7.8518e-05 1.224453477643835 1.008483589805985
9.557938 7.81854e-05 1.2192667277691016 1.004211682192833
9.508298 7.802973e-05 1.2168391229795652 1.0022122598893473
9.459016 7.993468e-05 1.246545975576901 1.026679398818012
9.409493000000001 7.751377e-05 1.208792955013938 0.995585280177736
9.359506 7.991303e-05 1.246208353403756 1.0264013266597898
9.310468 7.785343e-05 1.214089802465688 0.9999478662868256
9.260986 7.747525e-05 1.2081922526532203 0.9950905300837534
9.210725 7.824486e-05 1.2201939801670318 1.0049753852195258
9.160619 7.77971e-05 1.2132113610332051 0.9992243649162637
9.111118000000001 7.653318e-05 1.1935010877269112 0.9829906022271023
9.060882 7.697767e-05 1.200432712657219 0.9886996227170901
9.010883 7.816611e-05 1.218965908752013 1.003963921826454
8.961504999999999 7.679033e-05 1.1975112282268745 0.9862934315798445
8.911206 7.982583e-05 1.244848507976586 1.0252813316391438
8.861400999999999 7.718322e-05 1.203638173982389 0.9913397027227528
8.811252 7.735981e-05 1.206392016917985 0.993607821079357
8.761101 7.745273e-05 1.207841063214919 0.9948012836632838
8.711495999999999 7.803291e-05 1.2168887136728954 1.002253103744458
8.661669 7.835257e-05 1.2218736699716246 1.0063588102616563
8.61115 7.898655e-05 1.231760307631227 1.0145016364450181
8.560996 7.861754e-05 1.226005759912419 1.0097620795348279
8.511826 7.865677e-05 1.2266175344090693 1.0102659488543229
8.461752 7.70679e-05 1.2018398095940717 0.9898585349959076
8.411430000000001 7.891701e-05 1.230675862092174 1.0136084661040121
8.361571 7.709245e-05 1.2022226559844047 0.9901738546949542
8.311558000000002 7.845308e-05 1.2234410789611299 1.0076497586507058
8.261638000000001 7.674526e-05 1.1968083815135424 0.9857145534195175
8.211428 7.627465e-05 1.1894694267373898 0.9796700481825198
8.16142 7.89188e-05 1.2307037763503694 1.0136314568274865
8.111252 7.719509e-05 1.2038232813817067 0.9914921607605403
8.060978 7.777107e-05 1.212805434697549 0.9988900361274174
8.011021 7.90235e-05 1.2323365265364323 1.0149762214910372
7.9609309999999995 7.802197e-05 1.2167181092121933 1.0021125906076935
7.911185000000001 7.870937e-05 1.2274378081415132 1.0109415421809966
7.8610299999999995 7.844978e-05 1.2233896169208816 1.0076073735180437
7.810629 7.946845e-05 1.2392753249632598 1.0206911502116385
7.7610339999999995 7.741347e-05 1.2072288208815394 0.9942970290244013
7.71103 7.735536e-05 1.206322621136438 0.9935506653701611
7.660874 7.727589e-05 1.2050833216399104 0.9925299543117811
7.610901 7.803479e-05 1.2169180314412795 1.002277250426096
7.560846 7.742467e-05 1.2074034799272308 0.9944408815958603
7.510669 7.822664e-05 1.21990984732663 1.0047413679113129
7.460676 7.799445e-05 1.2162889469856368 1.0017591242892512
7.411129 7.737654e-05 1.2066529138674866 0.993822700857974
7.36116 7.723406e-05 1.2044310012933674 0.9919926906453405
7.310779 7.900623e-05 1.232067208525799 1.014754405963439
7.261299 7.791881e-05 1.2151093746449126 1.0007876056727183
7.2107790000000005 7.684536e-05 1.1983693967344107 0.9870002357769333
7.160549 7.654927e-05 1.1937520041595162 0.9831972618587789
7.110516 7.767823e-05 1.211357635965227 0.997697601061858
7.061043 7.682591e-05 1.1980660825880984 0.9867504203738192
7.010827 7.566468e-05 1.1799572144069888 0.9718356059492235
6.960732 7.691195e-05 1.199407838328393 0.9878555163781354
6.910902 7.917122e-05 1.2346401545926433 1.0168735341567463
6.860640999999999 7.829757e-05 1.221015969300818 1.0056523913839555
6.810185000000001 7.654051e-05 1.1936153958344933 0.9830847485975306
6.760572 7.88023e-05 1.228887010384024 1.0121351332047197
6.7102070000000005 7.73553e-05 1.2063216854629788 0.9935498947313854
6.660638 7.814006e-05 1.2185596705252038 1.0036293361580155
6.610987 7.710979e-05 1.2024930656140733 0.9903965693011239
6.560638 7.725587e-05 1.2047711185957364 0.9922728178402979
6.510511999999999 7.926466e-05 1.2360973100595558 1.0180736756100623
6.460411 7.686918e-05 1.1987408590976585 0.987306179370876
6.410619 7.723902e-05 1.2045083502993166 0.9920563967841295
6.360595 7.797897e-05 1.216047543233199 1.0015602994851274
6.31028 7.74112e-05 1.2071934212356714 0.9942678731907214
6.260336000000001 7.674583e-05 1.1968172704114035 0.9857218744878864
6.210614 7.711037e-05 1.202502110457511 0.9904040188092887
6.160232 7.763717e-05 1.2107173234280755 0.9971702272597052
6.110638 7.827336e-05 1.2206384250600864 1.0053414386379709
6.060438 7.717023e-05 1.203435600678502 0.9911728594278194
6.010317 7.729324e-05 1.2053538872151557 0.9927527973577468
5.960694999999999 7.732052e-05 1.2057793067478757 0.9931031811210864
5.910493000000001 7.773458e-05 1.2122363892888626 0.9984213593120116
5.860354 7.717255e-05 1.2034717800522523 0.9912026574604788
5.81029 7.706942e-05 1.2018635133217015 0.9898780578448916
5.7601 7.926436e-05 1.2360926316922607 1.0180698224161842
5.7104099999999995 7.699533e-05 1.2007081125453363 0.9889264473967302
5.660336 7.773816e-05 1.2122922178052535 0.9984673407589604
5.610142 7.716348e-05 1.2033303374143576 0.9910861625655562
5.560072 7.691555e-05 1.199463978735937 0.9879017547046759
5.5106850000000005 7.791811e-05 1.215098458454557 1.0007786148870021
5.459957 7.776648e-05 1.2127338556779306 0.9988310822610782
5.409732 7.811373e-05 1.2181490658222518 1.0032911541752905
5.360119 7.721339e-05 1.2041086617867205 0.9917272055871208
5.309949 7.76212e-05 1.2104682783423886 0.99696510890558
5.259725 7.612096e-05 1.1870726991720022 0.977696056958631
5.209496 7.702168e-05 1.201119029139441 0.9892648862590468
5.159779 7.811131e-05 1.2181113269927364 1.0032600717446718
5.109762 7.858017e-05 1.225422991293 1.009282100017379
5.059496 7.782911e-05 1.2137105428236148 0.9996355007030858
5.00965 7.757998e-05 1.2098254706760128 0.996435680066692
4.959864 7.853324e-05 1.2246911387024368 1.0086793320550063
4.910072 7.82581e-05 1.2204004521103318 1.005145439509358
4.860058 7.731138e-05 1.2056367724909454 0.9929857871475922
4.80977 7.684885e-05 1.198423821740613 0.9870450612657184
4.760185000000001 7.801784e-05 1.2166537036890943 1.0020595449719678
4.710169 7.737984e-05 1.206704375907735 0.9938650859906358
4.659912 7.768102e-05 1.2114011447810733 0.9977334357649269
4.610157 7.622546e-05 1.1887023304465352 0.979038252826263
4.5599 7.656772e-05 1.194039723748178 0.9834342332822986
4.509487 7.868884e-05 1.2271176518729374 1.0106778552799203
4.45991 7.696317e-05 1.200206591571279 0.9885133850129689
4.4097420000000005 7.658537e-05 1.1943149676907188 0.9836609295221427
4.359649999999999 7.798694e-05 1.2161718318576775 1.0016626660024959
4.309401 7.653382e-05 1.193511068243808 0.9829988223740429
4.259667 7.777922e-05 1.2129325303424048 0.998994714561113
4.209558 7.861998e-05 1.2260438106330878 1.0097934188450388
4.159374 7.824965e-05 1.2202686780981804 1.0050369078817838
4.109558 7.666357e-05 1.1955344620990294 0.9846653287264374
4.059355 7.557372e-05 1.1785387334430508 0.9706673175653019
4.0095149999999995 7.594781e-05 1.1843725015147257 0.9754721218918323
3.959382 7.536815e-05 1.1753329602267277 0.9680269806800472
3.909223 7.673265e-05 1.1966117341415627 0.98555259083683
3.85976 7.44177e-05 1.1605111129073031 0.9558194202743938
3.809521 7.579297e-05 1.1819578402080397 0.9734833600914099
3.7596 7.657571e-05 1.1941643242638096 0.9835368566792592
3.709132 7.695221e-05 1.200035675219424 0.9883726149966127
3.6591660000000004 7.603711e-05 1.185765095512963 0.9766190892696269
3.609261 7.573877e-05 1.1811126151833538 0.9727872163973846
3.559109 7.838817e-05 1.2224288362240014 1.0068160559352228
3.509439 7.675098e-05 1.1968975823833061 0.9857880209827984
3.4594 7.591787e-05 1.183905600458654 0.9750875731427712
3.4088730000000003 7.553141e-05 1.1778789277088355 0.9701238887886559
3.3594679999999997 7.666517e-05 1.1955594133912713 0.9846858790937889
3.3091779999999997 7.71067e-05 1.2024448784309318 0.9903568814041768
3.259109 7.864545e-05 1.2264410040164593 1.0101205550053123
3.209402 7.729205e-05 1.2053353296915508 0.9927375130220292
3.159252 7.673368e-05 1.1966277965359435 0.9855658201358126
3.1090340000000003 7.710997e-05 1.2024958726344508 0.990398881217451
3.05891 7.552803e-05 1.1778262181039751 0.9700804761376263
3.0089580000000002 7.714689e-05 1.2030716237029269 0.9908730809440823
2.9591469999999997 7.432505e-05 1.159066277140935 0.9546294255649574
2.9091869999999997 7.562029e-05 1.1792649719928594 0.9712654616950208
2.8593539999999997 7.621926e-05 1.1886056441890989 0.9789586201527769
2.808928 7.608597e-05 1.1865270455997927 0.9772466461126174
2.75877 7.683326e-05 1.1981807025868334 0.9868448236238392
2.7091089999999998 7.451137e-05 1.1619718551224756 0.9570225158430168
2.658752 7.502484e-05 1.1699791926395515 0.9636175140454375
2.608987 7.657352e-05 1.194130172182554 0.9835087283639471
2.558752 7.510213e-05 1.1711844960003999 0.9646102252283013
2.508788 7.481941e-05 1.1667756026612999 0.9609789753173262
2.4590949999999996 7.465118e-05 1.1641521302276665 0.9588182326301328
2.408752 7.385882e-05 1.1517956265272937 0.9486411769585839
2.3588829999999996 7.567201e-05 1.180071522514571 0.9719297523196517
2.308882 7.546577e-05 1.1768553009446217 0.9692808099680685
2.25876 7.536451e-05 1.175276196036878 0.9679802285943231
2.209279 7.273214e-05 1.1342255503130274 0.9341701220289803
2.1590949999999998 7.53183e-05 1.1745555715278237 0.9673867082972583
2.1088739999999997 7.390286e-05 1.1524824108462453 0.9492068258199285
2.058817 7.474922e-05 1.1656810206597736 0.9600774563895836
2.0089960000000002 7.411493e-05 1.1557895486873 0.9519306485725477
1.95903 7.354261e-05 1.1468644714524605 0.9445797821709867
1.9088450000000001 7.371783e-05 1.1495969498440746 0.9468303042755463
1.858505 7.218279e-05 1.1256586800674324 0.9271142818387066
1.809015 7.381938e-05 1.151180577173537 0.9481346104033744
1.758993 7.484716e-05 1.1672083516361158 0.9613353957510753
1.708548 7.091033e-05 1.1058152292387984 0.9107708315638076
1.658317 7.220169e-05 1.125953417207037 0.927357033053044
1.608911 7.088403e-05 1.1054050923725762 0.9104330349004705
1.558835 7.168298e-05 1.1178643642078694 0.9206947323975475
1.508465 7.019933e-05 1.0947274987489137 0.9016387620720725
1.4585899999999998 7.097124e-05 1.1067650937453228 0.9115531583609124
1.408567 7.049181e-05 1.099288594970688 0.9053953692238906
1.358166 6.638008e-05 1.0351679844402046 0.8525843930055335
1.308505 6.655918e-05 1.0379609697155046 0.8548847497509198
1.258581 6.700557e-05 1.0449222243053495 0.8606181738021373
1.208873 6.614027e-05 1.0314282535699104 0.8495042782589611
1.158604 6.60532e-05 1.030070435435235 0.8483859529556624
1.108732 6.511361e-05 1.0154179450119005 0.8363178781684059
1.058465 6.466237e-05 1.0083810568174483 0.8305221608161547
1.008392 6.15221e-05 0.959409935262638 0.790188597014733
0.9587224 6.131073e-05 0.956113713611939 0.78747376504783
0.9084557999999999 6.054082e-05 0.9441073077308318 0.777585056718179
0.8585526 5.897843e-05 0.9197425268024337 0.7575177514394279
0.8089394 5.890452e-05 0.918589933046446 0.7565684529075938
0.7585669 5.550566e-05 0.8655862148286547 0.7129135644228135
0.7080242 5.299152e-05 0.8263793136558858 0.6806220015649361
0.6583450000000001 5.234374e-05 0.8162774711006995 0.6723019284631694
0.6084488 4.956574e-05 0.7729557899461288 0.6366213531494702
0.5582891 4.855022e-05 0.7571192047603515 0.6235780349915986
0.5083544999999999 4.608171e-05 0.7186238832531991 0.591872542922621
0.45798360000000005 4.266562e-05 0.6653514708070808 0.5479963526694266
0.4078828 4.235521e-05 0.6605107641666235 0.5440094529634779
0.3582979 3.885539e-05 0.605932619408384 0.49905783629883055
0.3080484 3.706033e-05 0.5779394527513201 0.4760021222878122
0.2578922 3.575483e-05 0.5575807577378962 0.45923430692710887
0.20828839999999998 2.969408e-05 0.46306604245439587 0.38139015759935435
0.1584771 2.862765e-05 0.4464355383386044 0.36769295244032335
0.10820350000000001 2.341639e-05 0.3651682438340805 0.3007596353383552
0.05798355 1.932747e-05 0.3014033451636172 0.24824163029455007
0.007505384 1.12182e-05 0.17494286664082212 0.14408633188773914
-0.04241915 6.392861e-06 0.09969383941954262 0.08210977623488475
-0.09187197999999999 -3.516842e-06 -0.054843595318575356 -0.04517024688530604
-0.14175880000000002 -9.566905e-06 -0.14919165156445904 -0.12287713260313339
-0.19203499999999998 -1.705071e-05 -0.2658982800860506 -0.2189989713128303
-0.2420984 -2.195908e-05 -0.342442139023653 -0.28204197543540094
-0.291872 -2.527269e-05 -0.3941164212016936 -0.32460191465974453
-0.3420813 -2.980347e-05 -0.4647719311158425 -0.3827951605272038
-0.3921456 -3.416694e-05 -0.5328183155893969 -0.43883948016869645
-0.4418814 -3.916814e-05 -0.6108098173137447 -0.5030747909170304
-0.4921276 -4.179463e-05 -0.6517687670386072 -0.5368093748823571
-0.5421455999999999 -4.463011e-05 -0.6959868233669593 -0.5732282221431518
-0.5923126999999999 -4.694361e-05 -0.7320648324926249 -0.602942768935176
-0.6426078 -5.188581e-05 -0.8091362553155617 -0.6664202848874305
-0.6921268 -5.429715e-05 -0.8467400359618045 -0.6973914866429869
-0.741655 -5.452745e-05 -0.8503314625888375 -0.700349455143615
-0.7923776 -5.69646e-05 -0.8883377387680533 -0.7316521600125069
-0.8421739 -5.690669e-05 -0.8874346579344821 -0.7309083651541858
-0.8921369 -6.017905e-05 -0.9384656646094173 -0.7729384902202534
-0.9424097 -6.145635e-05 -0.9583845930970823 -0.7893441053563903
-0.9924980000000001 -6.176037e-05 -0.9631256505141494 -0.7932489320327296
-1.0424 -6.358676e-05 -0.9916073946624202 -0.8167070479244456
-1.092526 -6.396488e-05 -0.9975040088014289 -0.8215636134887421
-1.1425319999999999 -6.587226e-05 -1.0272487561738568 -0.8460619632878218
-1.192146 -6.569549e-05 -1.0244921062178838 -0.8437915330148907
-1.242294 -6.679581e-05 -1.0416511098924688 -0.8579240206423816
-1.292514 -6.803602e-05 -1.0609916362368568 -0.873853252575356
-1.342098 -6.897438e-05 -1.0756249453542803 -0.885905529267711
-1.3924239999999999 -6.868146e-05 -1.0710569875271396 -0.8821432707648712
-1.4424100000000002 -6.97827e-05 -1.0882303381947638 -0.8962875748535892
-1.492183 -6.997047e-05 -1.0911585282848983 -0.8986992889020606
-1.5423630000000002 -7.043307e-05 -1.0983725706542664 -0.9046409138625059
-1.5926179999999999 -7.313446e-05 -1.140499552747191 -0.9393375118994653
-1.642825 -7.000339e-05 -1.0916719011227705 -0.8991221127103136
-1.692589 -7.278162e-05 -1.1349971690256007 -0.9348056421393194
-1.742268 -7.424386e-05 -1.1578001550052477 -0.953586622861675
-1.79197 -7.217017e-05 -1.1254618767498763 -0.9269521908162232
-1.842665 -7.195624e-05 -1.1221257330315908 -0.9242044782615582
-1.8928150000000001 -7.285731e-05 -1.1361775210942073 -0.935777802954832
-1.942609 -7.396726e-05 -1.1534867003589717 -0.9500339781058184
-1.992514 -7.410077e-05 -1.1555687297509611 -0.9517487778214886
-2.042646 -7.267619e-05 -1.1333530348124523 -0.9334515013706646
-2.092721 -7.402836e-05 -1.1544395278314499 -0.9508187452590463
-2.142804 -7.365061e-05 -1.1485486836787722 -0.9459669319671997
-2.1929000000000003 -7.540004e-05 -1.1758302706702193 -0.968436575189318
-2.2430630000000003 -7.377352e-05 -1.1504654107596606 -0.9475455854991676
-2.29307 -7.334074e-05 -1.1437163980994463 -0.9419869680102321
-2.3425230000000004 -7.519018e-05 -1.1725575968015736 -0.9657411376316029
-2.392433 -7.604283e-05 -1.1858542963827272 -0.976692556832908
-2.4427119999999998 -7.639112e-05 -1.1912857248670055 -0.9811659864858986
-2.492476 -7.474929e-05 -1.1656821122788095 -0.9600783554681555
-2.5425169999999997 -7.429066e-05 -1.158529980303316 -0.9541877211067005
-2.592429 -7.487307e-05 -1.1676124066248543 -0.9616681832623706
-2.642646 -7.556874e-05 -1.1784610725459486 -0.9706033545469209
-2.692834 -7.492729e-05 -1.1684579435406932 -0.9623645838359878
-2.742636 -7.863083e-05 -1.2262130115836012 -1.0099327760236396
-2.792344 -7.494118e-05 -1.1686745519464663 -0.9625429867125563
-2.8425990000000003 -7.564105e-05 -1.179588715009695 -0.971532102711404
-2.8926089999999998 -7.586057e-05 -1.1830120323052495 -0.9743516131120025
-2.942523 -7.569999e-05 -1.1805078582376467 -0.9722891268687074
-2.992526 -7.681204e-05 -1.1978497860734783 -0.9865722743768425
-3.0427020000000002 -7.532047e-05 -1.1745894117179265 -0.9674145797329784
-3.092924 -7.722686e-05 -1.20431872047828 -0.9919002139922596
-3.142995 -7.757744e-05 -1.2097858604995793 -0.9964030563585219
-3.1927399999999997 -7.553474e-05 -1.1779308575858134 -0.9701666592407057
-3.242221 -7.686518e-05 -1.1986784808670543 -0.9872548034524977
-3.292674 -7.763691e-05 -1.2107132688430862 -0.9971668878250106
-3.34258 -7.686123e-05 -1.1986168823643326 -0.987204069733099
-3.392551 -7.813008e-05 -1.2184040368398463 -1.0035011532416618
-3.442581 -7.638853e-05 -1.1912453349626893 -0.9811327205787487
-3.49274 -7.48673e-05 -1.1675224260272077 -0.9615940735001097
-3.542609 -7.591266e-05 -1.1838243528132921 -0.9750206560090835
-3.5929670000000002 -7.597013e-05 -1.1847205720414968 -0.975758799516383
-3.642797 -7.672355e-05 -1.1964698236669387 -0.9854357106225197
-3.692841 -7.684425e-05 -1.1983520867754183 -0.9869859789595835
-3.743334 -7.594303e-05 -1.184297959529154 -0.9754107276693704
-3.7933339999999998 -7.720169e-05 -1.2039262054622037 -0.9915769310258645
-3.842834 -7.705209e-05 -1.2015932596376089 -0.9896554716785176
-3.892202 -7.526569e-05 -1.173735141849803 -0.9667109865307884
-3.942378 -7.642761e-05 -1.1918547702756914 -0.9816346633013041
-3.992438 -7.647338e-05 -1.1925685331793794 -0.9822225322473473
-4.0425439999999995 -7.588586e-05 -1.1834064186682445 -0.9746764373559492
-4.09273 -7.681709e-05 -1.1979285385896161 -0.9866371364737951
-4.142757 -7.620249e-05 -1.188344123457291 -0.9787432266149759
-4.192796 -7.832366e-05 -1.2214228313099333 -1.0059874908115776
-4.242997999999999 -7.649483e-05 -1.192903036440994 -0.9824980356096508
-4.292881 -7.681376e-05 -1.197876608712638 -0.9865943660217451
-4.342598 -7.767943e-05 -1.2113763494344083 -0.9977130138373715
-4.3929979999999995 -7.768258e-05 -1.211425472291009 -0.9977534723730944
-4.442976 -7.841406e-05 -1.2228325793215868 -1.007148586566926
-4.493063 -7.740883e-05 -1.2071564621340385 -0.9942374329590824
-4.543155 -7.81542e-05 -1.218780177570389 -1.0038109500294825
-4.592872000000001 -7.778297e-05 -1.212991009933596 -0.9990428794845926
-4.642627 -7.719091e-05 -1.2037580961307253 -0.991438472925835
-4.692984999999999 -7.802541e-05 -1.2167717544905128 -1.0021567738974988
-4.743155 -7.767535e-05 -1.211312723639192 -0.9976606104006257
-4.793042000000001 -7.759796e-05 -1.2101058608225783 -0.9966666148198022
-4.842787 -7.741676e-05 -1.2072801269762112 -0.9943392857172674
-4.893146 -7.566249e-05 -1.1799230623257329 -0.9718074776339113
-4.94308 -7.853452e-05 -1.22471109973623 -1.0086957723488872
-4.992692 -7.761428e-05 -1.2103603640034433 -0.9968762285667856
-5.0425510000000004 -7.633541e-05 -1.190416952060266 -0.9804504483826852
-5.092404999999999 -7.718329e-05 -1.2036392656014245 -0.9913406018013246
-5.142533 -7.647715e-05 -1.1926273246617238 -0.9822709540504189
-5.1926000000000005 -7.662868e-05 -1.194990367982585 -0.9842172022783834
-5.242655 -7.670637e-05 -1.196201909166494 -0.985215051053085
-5.292405 -7.889925e-05 -1.2303989027482916 -1.0133803570264126
-5.342655 -7.704843e-05 -1.2015361835566063 -0.9896084627132016
-5.392275 -7.623893e-05 -1.1889123891380946 -0.9792112612314018
-5.442702000000001 -7.722742e-05 -1.2043274534305646 -0.9919074066208325
-5.492702 -7.704947e-05 -1.2015524018965633 -0.9896218204519799
-5.542626 -7.774987e-05 -1.212474830075347 -0.9986177437600126
-5.592777 -7.829228e-05 -1.2209334740908437 -1.0055844467319
-5.642523 -7.716335e-05 -1.203328310121863 -0.9910844928482089
-5.692381 -7.707853e-05 -1.2020055797419023 -0.9899950664989979
-5.742535 -7.798122e-05 -1.2160826309879134 -1.001589198439215
-5.7925510000000004 -7.892725e-05 -1.2308355503625206 -1.0137399884550604
-5.8423869999999996 -7.733704e-05 -1.2060369288402708 -0.9933153636639886
-5.892306 -7.675919e-05 -1.1970256137016213 -0.9858934700552698
-5.942396 -7.732108e-05 -1.2057880397001604 -0.9931103737496595
-5.99257 -7.725866e-05 -1.204814627411583 -0.9923086525433668
-6.042517 -7.617365e-05 -1.1878943764146352 -0.9783728062434688
-6.092447 -7.838053e-05 -1.2223096938035476 -1.0067179279311202
-6.142516 -7.673765e-05 -1.196689706929818 -0.9856168107348028
-6.192362 -7.781966e-05 -1.2135631742538127 -0.9995141250959172
-6.242702 -7.720111e-05 -1.203917160618766 -0.9915694815176996
-6.2925699999999996 -7.94823e-05 -1.2394913095867266 -1.0208690393290232
-6.3418149999999995 -7.767838e-05 -1.2113599751488746 -0.9976995276587972
-6.391877999999999 -7.745624e-05 -1.2078958001122742 -0.9948463660316608
-6.44208 -7.783272e-05 -1.2137668391767351 -0.9996818674694222
-6.492006999999999 -7.785589e-05 -1.2141281650775093 -0.9999794624766282
-6.542089 -7.868655e-05 -1.2270819403359166 -1.0106484425666487
-6.592443 -7.805282e-05 -1.2171992013157273 -1.0025088273781857
-6.642269000000001 -7.694752e-05 -1.1999625367440405 -0.9883123767323141
-6.692004 -7.834119e-05 -1.221696203905556 -1.0062126457738703
-6.742072 -7.711841e-05 -1.2026274907010255 -0.9905072844052291
-6.79224 -7.748844e-05 -1.2083979448686375 -0.9952599421746058
-6.841608 -7.591035e-05 -1.1837883293851181 -0.97499098641622
-6.891850000000001 -7.858301e-05 -1.225467279836729 -1.0093185769194277
-6.942061 -7.812263e-05 -1.218287857385346 -1.0034054655936822
-6.991561 -7.661741e-05 -1.1948146173178578 -0.9840724506283526
-7.04185 -7.762499e-05 -1.210527381715886 -0.9970137875882434
-7.09207 -7.750287e-05 -1.2086229743355417 -0.9954452808001552
-7.1417969999999995 -7.870887e-05 -1.2274300108626879 -1.0109351201911996
-7.191825 -7.855386e-05 -1.2250126984812013 -1.0089441749142463
-7.241598 -7.719769e-05 -1.2038638272315993 -0.9915255551074862
-7.291479000000001 -7.768573e-05 -1.2114745951476096 -0.9977939309088172
-7.341869 -7.660338e-05 -1.1945958256740137 -0.9838922495946407
-7.391693 -7.788227e-05 -1.2145395495083438 -1.000318286658333
-7.441942 -7.876847e-05 -1.2283594464986893 -1.0117006213750355
-7.4918249999999995 -7.843695e-05 -1.2231895387462193 -1.0074425852598459
-7.541334 -7.858693e-05 -1.2255284105027207 -1.0093689253194382
-7.5912939999999995 -7.750107e-05 -1.2085949041317698 -0.9954221616368849
-7.641560999999999 -7.714963e-05 -1.2031143527908907 -0.9909082734481715
-7.691409999999999 -7.727307e-05 -1.2050393449873342 -0.9924937342893243
-7.740976 -7.833714e-05 -1.2216330459470692 -1.0061606276565123
-7.791304 -7.781608e-05 -1.2135073457374217 -0.9994681436489685
-7.84141 -7.704335e-05 -1.2014569632037388 -0.9895432152968612
-7.891051 -7.668074e-05 -1.1958022206538976 -0.9848858598560761
-7.940787 -7.7509e-05 -1.2087185689739426 -0.9955240143950699
-7.991294 -7.680366e-05 -1.1977191036803627 -0.9864646418278401
-8.041004 -7.687707e-05 -1.198863900157525 -0.987407518369877
-8.090822 -7.684465e-05 -1.1983583245984788 -0.9869911165514214
-8.141023 -7.673341e-05 -1.1966235860053775 -0.9855623522613219
-8.191081 -7.707613e-05 -1.2019681528035397 -0.989964240947971
-8.240655 -7.749129e-05 -1.2084423893579428 -0.9952965475164501
-8.290861999999999 -7.870973e-05 -1.2274434221822679 -1.010946166013651
-8.340892 -7.733754e-05 -1.2060447261190965 -0.993321785653786
-8.39026 -7.640023e-05 -1.1914277912872064 -0.981282995140005
-8.44023 -7.743097e-05 -1.2075017256404323 -0.9945217986673061
-8.490212 -7.606211e-05 -1.1861549594542389 -0.976940188759491
-8.540166 -7.847113e-05 -1.2237225607267312 -1.0078815924823878
-8.590069999999999 -7.650558e-05 -1.1930706779357427 -0.9826361083902924
-8.640146000000001 -7.815118e-05 -1.2187330820062832 -1.003772161211107
-8.690202 -7.808789e-05 -1.217746102452549 -1.002959265742567
-8.740174999999999 -7.781532e-05 -1.213495493873607 -0.9994583822244767
-8.789843999999999 -7.891829e-05 -1.2306958231259673 -1.013624906397893
-8.839471 -7.850676e-05 -1.2242781948158374 -1.008339223475342
-8.889674999999999 -7.629651e-05 -1.1898103237676412 -0.9799508175764569
-8.939313 -7.748284e-05 -1.2083106153457916 -0.9951880158888762
-8.989165000000002 -7.716681e-05 -1.2033822672913355 -0.9911289330176061
-9.039101 -7.780658e-05 -1.213359197439737 -0.9993461258428202
-9.089146000000001 -7.826987e-05 -1.2205840000538846 -1.005296613149186
-9.139101 -7.776644e-05 -1.2127332318956248 -0.9988305685018946
-9.188807 -7.691864e-05 -1.1995121659190786 -0.9879414426016231
-9.238655000000001 -7.770092e-05 -1.211711476478329 -0.9979890309588587
-9.288851000000001 -7.760322e-05 -1.210187888195823 -0.9967341741524698
-9.338569999999999 -7.815706e-05 -1.218824778005271 -1.003847683811123
-9.388069999999999 -7.841825e-05 -1.2228979205181445 -1.0072024028414273
-9.437813 -7.821937e-05 -1.2197964748925072 -1.0046479921796605
-9.487675 -7.872379e-05 -1.2276626816628413 -1.0111267523667504
-9.537758 -7.76008e-05 -1.2101501493663074 -0.9967030917218509
-9.587797 -7.751233e-05 -1.2087704988509205 -0.9955667848471198
-9.637362999999999 -7.714639e-05 -1.2030638264241014 -0.9908666589542849
-9.687471 -7.777421e-05 -1.2128544016085732 -0.9989303662233443
-9.737952 -7.764353e-05 -1.210816504814736 -0.9972519149699265
-9.787958 -7.709405e-05 -1.2022476072766461 -0.9901944050623055
-9.837842 -7.775705e-05 -1.2125867989992813 -0.9987099635335015
-9.887608 -7.727079e-05 -1.20500378939589 -0.9924644500158488
-9.937712 -7.706694e-05 -1.2018248388187267 -0.9898462047754968
-9.991076999999999 -7.683415e-05 -1.1981945817431428 -0.9868562547656783
-9.993795 -7.780645e-05 -1.2133571701472423 -0.999344456125473
-9.946399 -7.783774e-05 -1.2138451238561432 -0.9997463442469869
-9.897315 -7.66636e-05 -1.195534929935759 -0.9846657140458254
-9.847575 -7.690134e-05 -1.1992423800717156 -0.9877192417546371
-9.798409 -7.744822e-05 -1.2077707317599127 -0.9947433573153123
-9.748880999999999 -7.624727e-05 -1.1890424477489043 -0.9793183800212205
-9.699075 -7.708053e-05 -1.2020367688572042 -0.9900207544581869
-9.649333 -7.765472e-05 -1.210991007914851 -0.9973956391015897
-9.600117000000001 -7.684233e-05 -1.1983221452247284 -0.986961318518762
-9.550149 -7.729826e-05 -1.2054321718945638 -0.9928172741353114
-9.500038 -7.661896e-05 -1.194838788882217 -0.9840923587967241
-9.450344 -7.765945e-05 -1.2110647701725406 -0.9974563911250721
-9.401116 -7.754406e-05 -1.209265314165188 -0.9959743243196555
-9.351001 -7.671573e-05 -1.1963478742261073 -0.98533527070209
-9.301249 -7.832224e-05 -1.221400687038069 -1.0059692523605532
-9.251560999999999 -7.703364e-05 -1.2013055400489472 -0.9894185002549978
-9.20152 -7.75789e-05 -1.20980862855375 -0.99642180856873
-9.151749 -7.749224e-05 -1.208457204187711 -0.9953087492970649
-9.101927 -7.704356e-05 -1.2014602380608457 -0.9895459125325761
-9.051777 -7.789688e-05 -1.2147673859956254 -1.0005059372002094
-9.002334000000001 -7.853295e-05 -1.224686616280718 -1.0086756073009238
-8.952436 -7.729206e-05 -1.2053354856371274 -0.9927376414618252
-8.902324 -7.773637e-05 -1.212264303547058 -0.9984443500354859
-8.852491 -7.834048e-05 -1.221685131769624 -1.0062035265483582
-8.802334 -7.846177e-05 -1.2235765956671179 -1.007761372833383
-8.753324000000001 -7.831268e-05 -1.2212516030669252 -1.0058464639156293
-8.70326 -7.767582e-05 -1.2113200530812878 -0.997666647071035
-8.653061 -7.651583e-05 -1.1932305221516657 -0.9827677591811367
-8.603093999999999 -7.755693e-05 -1.2094660161221564 -0.9961396263370372
-8.553127 -7.776685e-05 -1.2127396256642615 -0.9988358345335283
-8.503279000000001 -7.656095e-05 -1.1939341485928803 -0.9833472795404433
-8.453258 -7.909845e-05 -1.2335053386323775 -1.0159388777616498
-8.403286 -7.779952e-05 -1.2132490998627208 -0.9992554473468828
-8.353195 -7.704991e-05 -1.2015592635019297 -0.9896274718030014
-8.303258 -7.781957e-05 -1.213561770743624 -0.9995129691377536
-8.253466 -7.747294e-05 -1.2081562292250465 -0.99506086049089
-8.203806 -7.672759e-05 -1.1965328256798486 -0.9854876003000816
-8.153584 -7.926737e-05 -1.2361395713107899 -1.0181084827947635
-8.103259 -7.769664e-05 -1.2116447317715824 -0.9979340587261939
-8.053589 -7.746716e-05 -1.2080660926818234 -0.9949866222888335
-8.003556999999999 -7.782137e-05 -1.2135898409473957 -0.9995360883010238
-7.953372 -7.837242e-05 -1.2221832219409978 -1.0066137632566086
-7.90374 -7.77359e-05 -1.212256974104962 -0.9984383133650765
-7.854004 -7.681901e-05 -1.197958480140306 -0.9866617969146166
-7.803872 -7.621641e-05 -1.1885611996997933 -0.9789220148109323
-7.753684 -7.836414e-05 -1.222054099003647 -1.0065074151055653
-7.70408 -7.763398e-05 -1.2106675767891686 -0.9971292549647984
-7.653899 -7.774793e-05 -1.212444576633504 -0.998592826439599
-7.6037110000000006 -7.896147e-05 -1.2313691961253388 -1.0141795094367863
-7.5543059999999995 -7.658377e-05 -1.1942900163984769 -0.9836403791547913
-7.5042420000000005 -7.753642e-05 -1.2091461717447338 -0.9958761963155528
-7.454060999999999 -7.73763e-05 -1.2066491711736504 -0.9938196183028712
-7.4043909999999995 -7.919916e-05 -1.2350758665334132 -1.0172323949466184
-7.354259 -7.618111e-05 -1.188010711814712 -0.9784686223312443
-7.304205 -7.904797e-05 -1.2327181253621533 -1.0152905136717163
-7.254325 -7.700484e-05 -1.2008564167885976 -0.9890485936426745
-7.204214 -7.629825e-05 -1.189837458297954 -0.9799731661009514
-7.1539470000000005 -7.899115e-05 -1.2318320425964218 -1.0145607187511532
-7.104305999999999 -7.9084e-05 -1.23327999727432 -1.0157532822565083
-7.054363 -7.845174e-05 -1.2234201822538777 -1.0076325477180492
-7.004155 -7.752098e-05 -1.208905391774602 -0.9956778852706127
-6.954561 -7.611648e-05 -1.1870028355537254 -0.9776385159300474
-6.904520000000001 -7.843284e-05 -1.2231254451142732 -1.007389796503712
-6.8545609999999995 -7.695536e-05 -1.2000847980760245 -0.9884130735323354
-6.804418 -7.771175e-05 -1.2118803655376895 -0.9981281312578677
-6.754569999999999 -7.709498e-05 -1.2022621102152617 -0.9902063499633285
-6.704777 -7.70097e-05 -1.2009322063387817 -0.9891110153835041
-6.654501 -7.816261e-05 -1.2189113278002346 -1.003918967897873
-6.604721 -7.849066e-05 -1.2240271224376558 -1.0081324354038697
-6.554372 -7.708168e-05 -1.2020547025985029 -0.9900355250347207
-6.504268 -7.816608e-05 -1.2189654409152835 -1.003963536507066
-6.454326 -7.76476e-05 -1.210879974664376 -0.9973041899668765
-6.404126 -7.764725e-05 -1.210874516569198 -0.9972996945740185
-6.354221 -7.742322e-05 -1.2073808678186368 -0.9944222578254481
-6.304729999999999 -7.788275e-05 -1.2145470348960161 -1.0003244517685381
-6.254946 -8.001718e-05 -1.2478325265831112 -1.0277390271345637
-6.204529000000001 -8.051173e-05 -1.2555448150694297 -1.0340910172430553
-6.1545510000000005 -7.722744e-05 -1.2043277653217177 -0.9919076635004245
-6.104483 -7.831663e-05 -1.2213132015696466 -1.0058971976350277
-6.054485 -7.724502e-05 -1.204601917645223 -0.9921334606616969
-6.004834 -7.767589e-05 -1.2113211447003236 -0.9976675461496067
-5.954645999999999 -7.747477e-05 -1.2081847672655477 -0.9950843649735479
-5.9049570000000005 -7.677131e-05 -1.1972146197403517 -0.9860491390879559
-5.854964 -7.59225e-05 -1.1839778032605783 -0.9751470407682941
-5.804938 -7.757676e-05 -1.2097752562003767 -0.9963943224523977
-5.7545839999999995 -7.787039e-05 -1.2143542861634498 -1.0001657001807496
-5.704919 -7.785628e-05 -1.2141342469549934 -0.9999844716286701
-5.654761000000001 -7.900014e-05 -1.2319722376697044 -1.0146761861277083
-5.604495 -7.825221e-05 -1.220308600165767 -1.0050697884695459
-5.555004 -7.782125e-05 -1.2135879696004777 -0.9995345470234726
-5.505167999999999 -7.673815e-05 -1.1966975042086436 -0.9856232327246003
-5.454668 -7.786335e-05 -1.2142445004775861 -1.0000752785644036
-5.404711 -7.821946e-05 -1.2197978784026957 -1.004649148137824
-5.355249 -7.729312e-05 -1.2053520158682374 -0.9927512560801953
-5.304955 -7.681437e-05 -1.1978861213928054 -0.9866022008492978
-5.254938 -7.884444e-05 -1.2295441650434384 -1.0126763785048345
-5.205131000000001 -7.815078e-05 -1.2187268441832229 -1.0037670236192693
-5.154976 -7.857892e-05 -1.225403498095936 -1.0092660450428859
-5.104723 -7.706478e-05 -1.2017911545742006 -0.9898184617795728
-5.054692 -7.776947e-05 -1.2127804834053073 -0.9988694857600661
-5.005183 -7.845887e-05 -1.2235313714499296 -1.0077241252925586
-4.955196 -7.809183e-05 -1.2178075450096941 -1.0030098710221695
-4.905136000000001 -7.647499e-05 -1.1925936404171977 -0.9822432110544947
-4.855094 -7.922189e-05 -1.235430330828821 -1.0175243386028028
-4.805249 -7.676269e-05 -1.1970801946534 -0.9859384239838508
-4.755195 -7.72997e-05 -1.2054546280575813 -0.9928357694659277
-4.705183 -7.891703e-05 -1.2306761739833272 -1.0136087229836042
-4.6549179999999994 -7.895261e-05 -1.231231028344551 -1.0140657117775786
-4.604862 -7.788677e-05 -1.2146097250177734 -1.0003760845665084
-4.555306 -7.811691e-05 -1.2181986565155822 -1.0033319980304014
-4.50527 -7.840781e-05 -1.2227351133362678 -1.00706831169446
-4.454974 -7.703538e-05 -1.20133267457926 -0.9894408487794923
-4.404985 -7.715417e-05 -1.2031851520826264 -0.9909665851155307
-4.354974 -7.764792e-05 -1.210884964922824 -0.9973083000403465
-4.305089 -7.768215e-05 -1.211418766631219 -0.9977479494618687
-4.25527 -7.743544e-05 -1.2075714333131324 -0.9945792112560937
-4.205051 -7.810323e-05 -1.217985322966916 -1.0031562923895476
-4.154834 -7.752773e-05 -1.2090106550387465 -0.9957645821328762
-4.104777 -7.639462e-05 -1.191340305818784 -0.9812109404144795
-4.054872 -7.736222e-05 -1.2064295998019239 -0.9936387750701798
-4.004482 -7.646783e-05 -1.1924819833844162 -0.9821512481605976
-3.954551 -7.726481e-05 -1.2049105339411368 -0.9923876430178734
-3.904575 -7.668024e-05 -1.1957944233750721 -0.984879437866279
-3.85439 -7.592461e-05 -1.184010707777222 -0.9751741415652385
-3.804797 -7.714864e-05 -1.2030989141788164 -0.9908955579083729
-3.7551170000000003 -7.670356e-05 -1.1961580884594942 -0.9851789594704241
-3.704797 -7.728244e-05 -1.2051854659925245 -0.9926140823781255
-3.654787 -7.755934e-05 -1.2095035990060956 -0.9961705803278603
-3.604881 -7.554841e-05 -1.178144035188903 -0.9703422364417634
-3.554541 -7.623709e-05 -1.1888836951520168 -0.9791876283089479
-3.5054380000000003 -7.503267e-05 -1.1701012980259593 -0.963718082405663
-3.454973 -7.489992e-05 -1.1680311204977845 -0.9620130441144845
-3.4048049999999996 -7.698812e-05 -1.2005956757846723 -0.9888338423038533
-3.355145 -7.726748e-05 -1.204952171410065 -0.9924219364433908
-3.304807 -7.725132e-05 -1.2047001633584244 -0.9922143777331428
-3.254532 -7.698275e-05 -1.2005119330100862 -0.9887648701334305
-3.2047869999999996 -7.6595e-05 -1.194465143280898 -0.9837846170456382
-3.15523 -7.614102e-05 -1.187385525998482 -0.9779537071892981
-3.104899 -7.493333e-05 -1.1685521346689056 -0.9624421614727391
-3.054645 -7.72415e-05 -1.204547024802291 -0.9920882498535238
-3.004985 -7.670219e-05 -1.1961367239155123 -0.9851613632183795
-2.954985 -7.668691e-05 -1.1958984390746046 -0.9849651072101747
-2.904742 -7.593085e-05 -1.1841080178169645 -0.9752542879979087
-2.8548620000000002 -7.519814e-05 -1.1726817294804757 -0.9658433757091756
-2.8049090000000003 -7.811203e-05 -1.2181225550742454 -1.00326931940998
-2.7547689999999996 -7.665758e-05 -1.1954410506986997 -0.984588393288666
-2.704692 -7.572254e-05 -1.1808595155126775 -0.9725787586085649
-2.6543989999999997 -7.599466e-05 -1.1851031065406765 -0.9760738623358376
-2.6043049999999996 -7.749662e-05 -1.2085255083502227 -0.9953650059276892
-2.554456 -7.630997e-05 -1.1900202265136242 -0.9801236975417997
-2.504739 -7.460524e-05 -1.163435716249178 -0.9582281802075584
-2.454741 -7.489146e-05 -1.1678991905400566 -0.9619043840471145
-2.404513 -7.49418e-05 -1.1686842205722099 -0.962550949979905
-2.354909 -7.492585e-05 -1.1684354873776759 -0.9623460885053716
-2.30489 -7.559443e-05 -1.1788616967320036 -0.9709333163827052
-2.2546399999999998 -7.636708e-05 -1.1909108317010746 -0.9808572172164453
-2.204447 -7.392867e-05 -1.1528849063792184 -0.9495383289332641
-2.154711 -7.341966e-05 -1.1449471205892658 -0.9430006148798351
-2.104994 -7.429161e-05 -1.1585447951330845 -0.9541999228873153
-2.054482 -7.559059e-05 -1.1788018136306238 -0.9708839955010622
-2.004173 -7.211153e-05 -1.1245474118892198 -0.926199019852798
-1.954834 -7.371695e-05 -1.1495832266333417 -0.9468190015735031
-1.9048340000000001 -7.363116e-05 -1.1482453695324595 -0.9457171165640854
-1.8541489999999998 -7.390798e-05 -1.1525622549814185 -0.9492725869954526
-1.8043520000000002 -7.295902e-05 -1.1377636435528942 -0.9370841641193952
-1.754195 -7.123816e-05 -1.1109275930735367 -0.9149814733942935
-1.704277 -7.202428e-05 -1.123186786734167 -0.9250783826331722
-1.6544919999999999 -7.375846e-05 -1.150230556721436 -0.9473521551664733
-1.6045509999999998 -7.064061e-05 -1.1016090651491617 -0.9073065533875617
-1.554325 -7.139632e-05 -1.1133940283116242 -0.9170128772069697
-1.504268 -7.1365e-05 -1.112905606765994 -0.9166106037660682
-1.454473 -6.99306e-05 -1.0905367732713516 -0.8981871994356253
-1.4043050000000001 -6.960704e-05 -1.0854909981977832 -0.8940314013980081
-1.3543900000000002 -6.99017e-05 -1.0900860905552365 -0.8978160084253423
-1.30422 -6.70611e-05 -1.0457881900917112 -0.8613313999890233
-1.254673 -6.882061e-05 -1.073226970224281 -0.8839305105254549
-1.204519 -6.822197e-05 -1.0638914442320664 -0.8762415905809651
-1.154475 -6.638594e-05 -1.0352593685480396 -0.8526596587259575
-1.104741 -6.550297e-05 -1.0214898419789067 -0.8413188100633452
-1.054056 -6.462962e-05 -1.0078703350543767 -0.8301015204844326
-1.004098 -6.247002e-05 -0.9741923283512054 -0.8023636621520122
-0.9543526000000001 -6.210789e-05 -0.9685450711890367 -0.7977124718214327
-0.9039360000000001 -6.121954e-05 -0.9546916458997411 -0.7863025225486016
-0.8543242 -5.949943e-05 -0.9278672913386221 -0.7642094648081958
-0.8043712000000001 -5.684425e-05 -0.8864609337547514 -0.7301063870683011
-0.7544374 -5.628958e-05 -0.8778111004624528 -0.7229822169065843
-0.7041304 -5.424392e-05 -0.84590993765804 -0.6967078016091682
-0.6542581000000001 -5.202197e-05 -0.8112596102853266 -0.6681691211490266
-0.6040748 -5.062301e-05 -0.7894434479138368 -0.650200907455415
-0.5543524999999999 -5.032612e-05 -0.7848135796928216 -0.6463876583535849
-0.50426 -4.641012e-05 -0.723745291931375 -0.5960906342612718
-0.45401280000000005 -4.531818e-05 -0.7067169706499057 -0.5820657791827835
-0.4041732 -4.35471e-05 -0.6790977614853135 -0.5593180638024429
-0.3543249 -4.022006e-05 -0.6272140443980198 -0.5165856299321444
-0.3038902 -3.674169e-05 -0.5729704029013949 -0.47190951662980035
-0.2540977 -3.460375e-05 -0.5396301743169447 -0.44444985889539795
-0.2042415 -3.07078e-05 -0.4788745574364013 -0.39441035659395585
-0.154047 -2.74124e-05 -0.42748425215318614 -0.35208430623802933
-0.103909 -2.412981e-05 -0.3762937131534806 -0.3099227872607091
-0.054248649999999995 -1.901744e-05 -0.29656856445506735 -0.24425961130084736
-0.004065557 -1.465904e-05 -0.22860124438880364 -0.18828041063589912
0.046341850000000004 -8.04838e-06 -0.12551092590742366 -0.10337322848929792
0.09606268 5.091964e-07 0.00794069261549863 0.006540108171225507
0.1461567 8.999456e-06 0.14034253541993782 0.11558882922617758
0.1963174 1.535627e-05 0.23947423781983362 0.19723561852861707
0.245808 1.896068e-05 0.29568341736279474 0.24353058701905994
0.2960548 2.463495e-05 0.3841711480053236 0.3164107951131072
0.3462325 2.879996e-05 0.44912263656745394 0.3699060985642627
0.3960456 3.398675e-05 0.5300083322462571 0.4365251234855519
0.4462231 3.510267e-05 0.5474106110201982 0.4508579771947179
0.49624 4.160188e-05 0.6487629160513705 0.5343336978155049
0.5461287 4.467863e-05 0.6967434713041873 0.57385141203308
0.5963419 4.75466e-05 0.7414681948106214 0.6106875601909021
0.6465439000000001 5.04455e-05 0.7866752579852019 0.647920972637584
0.6962419999999999 5.038727e-05 0.7857671868931824 0.6471730677057926
0.7462585 5.485342e-05 0.8554148205463448 0.704536207172055
0.7963269000000001 5.579745e-05 0.8701365508056498 0.7166613092287114
0.8465919000000001 5.705172e-05 0.8896963366306114 0.7327711275147853
0.8965533 5.855412e-05 0.9131256000455238 0.7520679224576584
0.9465178 6.015252e-05 0.9380519409949356 0.7725977394416098
0.9966382 6.208046e-05 0.9681173124726685 0.7973601614611535
1.046703 6.246047e-05 0.9740434003256379 0.802241002146884
1.096704 6.313289e-05 0.9845294927813457 0.8108775509058608
1.146666 6.502971e-05 1.0141095616249787 0.8352402682804219
1.196818 6.648603e-05 1.0368202278233316 0.8539452126435775
1.246233 6.748715e-05 1.0524322513789341 0.8668035774952875
1.296342 6.720899e-05 1.0480944692227228 0.8632308961312636
1.346497 6.839417e-05 1.0665768270595741 0.8784533238671489
1.396712 6.988022e-05 1.0897511194568925 0.8975401197436511
1.446572 7.030124e-05 1.0963167401191307 0.9029476920325545
1.496327 6.98377e-05 1.0890880388655706 0.8969939937312902
1.546499 6.995595e-05 1.0909320953078052 0.8985127943183474
1.596883 7.190437e-05 1.1213168433262317 0.923538261039988
1.646536 7.30707e-05 1.139505243751361 0.9385185797605159
1.696855 7.352846e-05 1.1466438084616983 0.9443980398597237
1.746777 7.285636e-05 1.136162706264439 0.9357656011742173
1.796846 7.253427e-05 1.1311398551906173 0.9316286837866039
1.8466479999999998 7.370544e-05 1.1494037332747782 0.9466711673683696
1.896987 7.469788e-05 1.1648803960699698 0.9594180464771989
1.947055 7.493485e-05 1.168575838396535 0.9624616843217226
1.997148 7.308103e-05 1.1396663355318966 0.9386512580697279
2.046685 7.394956e-05 1.1532106766885486 0.9498066396669946
2.0967860000000003 7.288004e-05 1.1365319853896152 0.9360697466110164
2.146771 7.429729e-05 1.1586333722205424 0.9542728766914125
2.196619 7.547779e-05 1.177042747527587 0.9694351946027953
2.246703 7.542418e-05 1.1762067232919151 0.9687466288567307
2.296591 7.44948e-05 1.1617134533021978 0.9568096911011347
2.347083 7.525952e-05 1.173638923429096 0.9666317391766898
2.3974119999999997 7.443622e-05 1.1607999241150004 0.9560572907764853
2.4469499999999997 7.48419e-05 1.1671263242628718 0.9612678364184081
2.4965439999999997 7.506157e-05 1.1705519807420741 0.9640892734159459
2.546675 7.491279e-05 1.1682318224547534 0.9621783461318667
2.596827 7.690836e-05 1.1993518538664258 0.9878094064913909
2.646704 7.722991e-05 1.2043662838791156 0.991939388130023
2.6971570000000002 7.617026e-05 1.1878415108641982 0.9783292651526432
2.74711 7.559664e-05 1.1788961607044124 0.9709617015776093
2.796865 7.602651e-05 1.185599793201862 0.9764829430859245
2.84712 7.604792e-05 1.1859336726811707 0.9767579326890441
2.897157 7.659179e-05 1.1944150847508384 0.9837433878711398
2.9468270000000003 7.747047e-05 1.2081177106676482 0.9950291358612913
2.997305 7.545859e-05 1.1767433320206873 0.9691885901945797
3.047251 7.48692e-05 1.1675520556867447 0.9616184770613395
3.096884 7.676299e-05 1.1970848730206949 0.985942277177729
3.147185 7.617422e-05 1.1879032653124961 0.9783801273118375
3.197327 7.433617e-05 1.1592396886220144 0.9547722506180489
3.247064 7.693341e-05 1.1997424975355842 0.9881311481802347
3.297459 7.6633e-05 1.1950577364716373 0.9842726882702316
3.347271 7.712529e-05 1.2027347812576643 0.9905956509848396
3.396761 7.649983e-05 1.1929810092292494 0.9825622555076238
3.447212 7.620728e-05 1.1884188213884397 0.978804749277234
3.497176 7.636812e-05 1.1909270500410318 0.9808705749552237
3.5471109999999997 7.531892e-05 1.1745652401535673 0.9673946715646069
3.597714 7.478574e-05 1.1662505339051894 0.9605465185243771
3.6474499999999996 7.679495e-05 1.1975832750832223 0.9863527707655714
3.6971480000000003 7.820166e-05 1.2195202952765072 1.0044205253010405
3.747231 7.852575e-05 1.2245743354656304 1.0085831306478428
3.7977890000000003 7.750776e-05 1.2086992317224552 0.9955080878603726
3.847487 7.671851e-05 1.1963912270963772 0.985370976965363
3.897583 7.687129e-05 1.198773763614302 0.9873332801678204
3.947789 7.578237e-05 1.181792537896939 0.9733472139077077
3.996978 7.569893e-05 1.1804913280065368 0.9722755122503374
4.047277 7.75173e-05 1.2088480038024463 0.9956306194257049
4.097761 7.692006e-05 1.199534310190943 0.9879596810526473
4.1474210000000005 7.771651e-05 1.2119545956321083 0.9981892686007378
4.19736 7.709851e-05 1.2023171590037698 0.9902516892112972
4.247553 7.74564e-05 1.2078982952414983 0.9948484210683959
4.297431 7.76214e-05 1.2104713972539187 0.9969676777014989
4.347444 7.67016e-05 1.1961275231264983 0.9851537852704189
4.39777 7.710014e-05 1.202342578132741 0.9902726248980364
4.447518 7.744412e-05 1.2077067940735433 0.9946906969989744
4.497935 7.745943e-05 1.2079455467511808 0.9948873383265674
4.548167 7.76965e-05 1.2116425485335114 0.9979322605690507
4.597989999999999 7.74577e-05 1.2079185681664446 0.9948651182418687
4.648109000000001 7.665643e-05 1.195423116957401 0.9845736227121323
4.698091000000001 7.618675e-05 1.1880986651198637 0.9785410623761575
4.748045 7.719906e-05 1.203885191775581 0.9915431513595305
4.798072 7.712581e-05 1.202742890427643 0.9906023298542287
4.848101 7.771831e-05 1.2119826658358803 0.9982123877640081
4.898138 7.7447e-05 1.2077517063995784 0.9947276876602069
4.94778 7.728193e-05 1.2051775127681223 0.9926075319485322
4.9978419999999995 7.780646e-05 1.213357326092819 0.999344584565269
5.047487 7.819616e-05 1.2194345252094267 1.0043498834132707
5.097195 7.603227e-05 1.185689617853932 0.9765569244083891
5.147657000000001 7.745471e-05 1.2078719404390679 0.994826714742881
5.198157 7.770287e-05 1.2117418858657485 0.9980140767190682
5.247836 7.706378e-05 1.2017755600165496 0.9898056177999781
5.297289 7.66241e-05 1.1949189449085431 0.9841583768518402
5.347805 7.742509e-05 1.2074100296414445 0.9944462760672901
5.397685 7.726921e-05 1.204979149994801 0.9924441565280893
5.4474350000000005 7.683491e-05 1.1982064336069576 0.9868660161901702
5.497980999999999 7.753255e-05 1.2090858208066244 0.9958264901145218
5.54793 7.73624e-05 1.2064324068223011 0.9936410869865068
5.597544 7.895139e-05 1.2312120029842164 1.0140500421224732
5.647962000000001 8.00177e-05 1.2478406357530898 1.0277457060039528
5.698203 7.823799e-05 1.2200868455559692 1.0048871470797112
5.748205 7.747104e-05 1.2081265995655093 0.9950364569296601
5.7980730000000005 7.763043e-05 1.2106122161095076 0.9970836588372379
5.848342 7.707821e-05 1.2020005894834538 0.9899909564255275
5.898213 7.723909e-05 1.2045094419183522 0.9920572958627012
5.948176 7.721244e-05 1.204093846956952 0.9917150038065059
5.998425 7.846423e-05 1.2236149582789393 1.0077929690231855
6.048393 7.753956e-05 1.2091951386557582 0.9959165264114799
6.098214 7.749788e-05 1.2085451574928632 0.9953811893419784
6.148034 7.824963e-05 1.2202683662070275 1.005036651002192
6.197925000000001 7.712774e-05 1.2027729879239097 0.9906271187348464
6.24811 7.7515e-05 1.2088121363198487 0.9956010782726373
6.297713 7.769107e-05 1.2115578700854663 0.9978625177598522
6.34786 7.683318e-05 1.1981794550222211 0.9868437961054716
6.397959 7.669315e-05 1.1959957491143471 0.9850452536428449
6.447897 7.750946e-05 1.2087257424704618 0.9955299226256833
6.497647 7.64758e-05 1.1926062720088948 0.9822536146779662
6.547953000000001 7.709787e-05 1.2023071784868733 0.9902434690643569
6.59828 7.759969e-05 1.2101328394073148 0.9966888349045009
6.648352 7.588186e-05 1.1833440404376403 0.974625061437571
6.698364 7.714814e-05 1.2030911168999907 0.9908891359185755
6.7486109999999995 7.598033e-05 1.1848796365295373 0.9758898081082475
6.7982439999999995 7.8036e-05 1.2169369008560371 1.0022927916414053
6.848064 7.85778e-05 1.2253860321913668 1.00925165978574
6.898194999999999 7.693016e-05 1.1996918152232183 0.9880894052465523
6.947935 7.755181e-05 1.2093861719869834 0.9960738651615133
6.998232 7.770199e-05 1.2117281626550154 0.9980027740170248
7.048657 7.761576e-05 1.2103834439487666 0.9968952376565854
7.098402 7.76918e-05 1.2115692541125513 0.9978718938649562
7.148509 7.814876e-05 1.2186953431767675 1.0037410787804881
7.198817 7.793594e-05 1.2153765094174747 1.001007623043173
7.248704 7.872947e-05 1.2277512587502992 1.0111997061708475
7.298148 7.65201e-05 1.1932971109128356 0.9828226029740055
7.348444000000001 7.845066e-05 1.2234033401316147 1.0076186762200872
7.398554 7.917072e-05 1.2346323573138174 1.0168671121669488
7.4486289999999995 7.856681e-05 1.2252146480027821 1.0091105044499957
7.498771 7.794071e-05 1.2154508954574703 1.0010688888258392
7.548298 7.896801e-05 1.2314711845323767 1.014263509063335
7.598101 7.763335e-05 1.2106577522178488 0.9971211632576541
7.648138 7.826532e-05 1.2205130448165722 1.0052381730420308
7.698459 7.811363e-05 1.2181475063664868 1.0032898697773311
7.748327000000001 7.701029e-05 1.2009414071277957 0.9891185933314649
7.798166 7.688078e-05 1.1989217559664103 0.9874551695341728
7.84878 7.642756e-05 1.191853990547809 0.9816340211023244
7.8986670000000005 7.778715e-05 1.2130561951845777 0.9990965673192981
7.948544 7.758017e-05 1.2098284336419665 0.996438120422815
7.998469 7.909426e-05 1.2334399974358197 1.0158850614871486
8.048100999999999 7.757266e-05 1.2097113185140072 0.9963416621360598
8.098417 7.792307e-05 1.215175807460506 1.000842321025791
8.148647 7.621902e-05 1.1886019014952625 0.9789555375976741
8.198602000000001 7.801727e-05 1.2166448147912332 1.002052223903599
8.248796 7.667101e-05 1.195650485607953 0.9847608879346211
8.298836999999999 7.716128e-05 1.2032960293875252 0.9910579058104481
8.348517 7.81102e-05 1.2180940170337438 1.0032458149273218
8.398444 7.843647e-05 1.2231820533585467 1.0074364201496404
8.44896 7.694357e-05 1.1999009382413188 0.9882616430129155
8.498847 7.699704e-05 1.2007347792389196 0.9889484106018369
8.548907 7.852999e-05 1.224640456390071 1.008637589121324
8.599261 7.818697e-05 1.2192912112246135 1.0042318472407965
8.648978999999999 7.735514e-05 1.2063191903337545 0.9935478396946502
8.698507 7.687933e-05 1.1988991438578165 0.9874365457637607
8.748787 7.875665e-05 1.2281751188272543 1.0115488055362278
8.799102000000001 7.816959e-05 1.2190201778126388 1.0040086188754431
8.84895 7.869346e-05 1.2271896987292856 1.0107371944656474
8.898724 7.73884e-05 1.2068378653212277 0.9939750304559654
8.949027 7.693069e-05 1.1997000803387734 0.9880962125557375
8.998978999999999 7.764166e-05 1.2107873429919287 0.9972278967280849
9.04861 7.70707e-05 1.2018834743554947 0.9898944981387725
9.098861000000001 7.661651e-05 1.1948005822159717 0.9840608910467173
9.149035 7.765744e-05 1.211033425111662 0.997430574726087
9.199083 7.748336e-05 1.2083187245157703 0.9951946947582654
9.249205 7.744702e-05 1.2077520182907313 0.9947279445397986
9.298535 7.831245e-05 1.2212480163186652 1.0058435098003224
9.348564 7.743164e-05 1.2075121739940586 0.9945304041336345
9.398809 7.695985e-05 1.2001548176398775 0.9884707430007149
9.448675999999999 7.725751e-05 1.2047966936702843 0.9922938819668331
9.499333 7.803769e-05 1.2169632556584675 1.00231449796692
9.549243 7.764732e-05 1.2108756081882335 0.99730059365259
9.598922 7.815504e-05 1.2187932769988161 1.003821738972342
9.648573 7.80116e-05 1.2165563936493518 1.0019793985392977
9.698808999999999 7.877981e-05 1.2285362887824522 1.0118462721036379
9.748936 7.719221e-05 1.2037783690556718 0.991455170099308
9.79894 7.842492e-05 1.223001936217677 1.007288072185323
9.849222 7.868261e-05 1.2270204977787718 1.0105978372870463
9.899205 7.79469e-05 1.21554742576933 1.0011483930595295
9.948724 7.802156e-05 1.2167117154435563 1.0021073245760597
10.00209 7.71944e-05 1.2038125211369273 0.9914832984146199
