Keff(MJ/m3):-0.015155921345851383 Ms(MA/m):1.197796277997365
H(kOe) moment(emu) M(MA/m) M_norm()
9.966959999999998 2.351854e-05 1.310019652964554 0.994975242901723
9.938737 2.364664e-05 1.3171550243585588 1.000394640900736
9.910303 2.368498e-05 1.3192906226352656 1.0020166527608623
9.881617 2.370074e-05 1.3201684794125454 1.0026833952469236
9.852746999999999 2.359304e-05 1.3141694200906535 0.9981270395522027
9.823718000000001 2.353237e-05 1.31079000570756 0.9955603348168388
9.794683000000001 2.38938e-05 1.3309222249342205 1.010850990701174
9.765585999999999 2.338179e-05 1.3024024629713442 0.9891898980432916
9.736265999999999 2.358407e-05 1.3136697769883567 0.997747554774286
9.706794 2.367485e-05 1.3187263657092605 1.0015880930283876
9.676534 2.352452e-05 1.310352748366085 0.9952282327536673
9.647189000000001 2.407718e-05 1.3411367792373634 1.0186090641208385
9.617450000000002 2.358111e-05 1.3135049003347559 0.9976223290281729
9.587636 2.359358e-05 1.3141994989396213 0.9981498847896694
9.557887000000001 2.349468e-05 1.3086906134527587 0.9939658218536631
9.528154 2.381127e-05 1.3263251741836566 1.0073594769083671
9.498368000000001 2.364543e-05 1.3170876254562423 1.0003434506464128
9.468664 2.402661e-05 1.33831995073311 1.0164696499380899
9.438493000000001 2.383122e-05 1.3274364205482965 1.0082034815147707
9.40868 2.371949e-05 1.3212128838905908 1.0034766326589573
9.378617 2.353163e-05 1.3107487865441598 0.9955290283803105
9.348558 2.358636e-05 1.3137973335886086 0.9978444355035423
9.31883 2.372629e-05 1.3215916545812947 1.0037643134270544
9.288905000000002 2.377755e-05 1.3244469171703401 1.005932918746566
9.258674000000001 2.329587e-05 1.2976165838911498 0.9855549669263891
9.228793 2.431841e-05 1.3545736694901018 1.0288145393690973
9.198747 2.379757e-05 1.3255620626450313 1.006779884772641
9.169025 2.375134e-05 1.3229869789639632 1.0048240786095313
9.138821 2.35625e-05 1.3124682940768138 0.9968350144554827
9.10883 2.359098e-05 1.314054674851999 0.9980398892018674
9.078802 2.330698e-05 1.2982354283578743 0.9860249865342661
9.048924000000001 2.383112e-05 1.3274308503910806 1.00819925091524
9.018683000000001 2.363711e-05 1.316624188375851 0.9999914647654464
8.988813 2.376847e-05 1.3239411468951054 1.0055487803091652
8.958954 2.369091e-05 1.319620932958189 1.0022675273130415
8.92909 2.359585e-05 1.3143259415084299 0.9982459193990195
8.898646000000001 2.364881e-05 1.3172758967701514 1.0004864449105555
8.868718999999999 2.370664e-05 1.3204971186883034 1.0029330006192434
8.838802 2.346072e-05 1.3067989880621234 0.992529110252988
8.808933000000001 2.363397e-05 1.316449285439261 0.999858623940178
8.778673000000001 2.371096e-05 1.3207377494800452 1.003115762518976
8.748755 2.394062e-05 1.3335301725428643 1.0128317574015158
8.719071 2.384603e-05 1.3282613608320222 1.008830033305289
8.689293 2.368921e-05 1.3195262402855128 1.0021956071210172
8.658987999999999 2.336355e-05 1.3013864662951018 0.9884182366888654
8.629033999999999 2.343696e-05 1.3054755187075444 0.9915239198044591
8.598916 2.384008e-05 1.3279299364776558 1.0085783126332037
8.568987 2.385384e-05 1.3286963901106108 1.0091604431286483
8.539010000000001 2.386778e-05 1.3294728700265546 1.009750188703248
8.509075999999999 2.349337e-05 1.308617644393226 0.9939104009998091
8.479164 2.375581e-05 1.3232359649915295 1.0050131864085603
8.449236 2.354584e-05 1.3115403058845878 0.9961301965736438
8.41873 2.367129e-05 1.3185280681123621 1.0014374836850894
8.388755999999999 2.34726e-05 1.3074607227394128 0.9930317054772525
8.358692 2.379576e-05 1.3254612427994177 1.006703310921133
8.328812 2.394783e-05 1.3339317808781557 1.0131367836276899
8.298906 2.38484e-05 1.328393373558047 1.0089302985141702
8.268914 2.377188e-05 1.3241310892561793 1.005693043753167
8.238599 2.360471e-05 1.314819457437789 0.9986207505174526
8.208708 2.370151e-05 1.3202113696231104 1.002715970863311
8.178774 2.353233e-05 1.3107877776446737 0.9955586425770265
8.148923 2.371603e-05 1.3210201564509085 1.0033302539151898
8.118414 2.401182e-05 1.337496124480828 1.0158439442674778
8.088274 2.392515e-05 1.332668469221512 1.012177283654094
8.058482 2.369207e-05 1.3196855467818973 1.0023166022675993
8.028691 2.3865e-05 1.329318019655943 1.0096325780362905
7.998595 2.391397e-05 1.3320457256447362 1.0117043026265455
7.968821 2.375269e-05 1.3230621760863828 1.004881191703198
7.938655 2.36577e-05 1.317771083746675 1.0008625452088475
7.908802 2.354031e-05 1.3112322761905297 0.995896244419588
7.878673 2.32757e-05 1.296493083180634 0.9847016550010176
7.848312 2.352161e-05 1.3101906567910926 0.9951051223073198
7.818246 2.386241e-05 1.3291737525840426 1.0095230055084417
7.788405 2.375357e-05 1.3231111934698854 1.0049184209790691
7.758642 2.354569e-05 1.3115319506487635 0.9961238506743475
7.728339 2.381412e-05 1.3264839236643196 1.0074800489949962
7.698406 2.390333e-05 1.3314530609169284 1.0112541668364636
7.66834 2.37685e-05 1.3239428179422705 1.0055500494890246
7.638099 2.360277e-05 1.3147113963877939 0.9985386768865541
7.608015999999999 2.369666e-05 1.3199412169981228 1.0025107867860652
7.578062 2.337802e-05 1.302192468044292 0.9890304044409788
7.54835 2.356438e-05 1.3125730130324789 0.9969145497266625
7.518433 2.372087e-05 1.3212897520601745 1.0035350149324826
7.488217 2.350161e-05 1.3090766253478443 0.9942590024011507
7.458368 2.356378e-05 1.3125395920891816 0.9968891661294775
7.428801 2.354348e-05 1.3114088501742844 0.9960303544247158
7.398161 2.374481e-05 1.3226232476977429 1.0045478204601672
7.368378 2.378021e-05 1.3245950833522921 1.0060454526940865
7.338425 2.394611e-05 1.3338359741740362 1.0130640173157592
7.308516 2.38255e-05 1.3271178075555277 1.0079614912216064
7.278377000000001 2.402195e-05 1.3380603814068335 1.0162725039999525
7.24834 2.356825e-05 1.3127885781167472 0.9970782739285061
7.21834 2.31937e-05 1.2919255542633163 0.9812325633857243
7.1882839999999995 2.379707e-05 1.3255342118589504 1.006758731774987
7.157942 2.371151e-05 1.3207683853447343 1.0031390308163954
7.127951 2.373901e-05 1.3223001785792008 1.0043024456873781
7.098151 2.344932e-05 1.306163990139472 0.9920468219064716
7.068293 2.361877e-05 1.3156026215423924 0.9992155728114894
7.038161 2.366804e-05 1.3183470380028346 1.0012999892003371
7.008312 2.373076e-05 1.3218406406088608 1.0039534212260832
6.977876 2.340697e-05 1.3038050285583938 0.9902551630051585
6.948029 2.378881e-05 1.3250741168728888 1.006409284253739
6.918321 2.366603e-05 1.3182350778427876 1.0012149541497668
6.8879790000000005 2.371793e-05 1.3211259894380172 1.003410635306276
6.857979 2.364272e-05 1.3169366741956823 1.000228801399127
6.82796 2.365107e-05 1.3174017823232385 1.0005820564599526
6.798016 2.361082e-05 1.3151597940437012 0.9988792401487872
6.767951 2.371154e-05 1.3207700563918994 1.0031402999962549
6.7382550000000005 2.395221e-05 1.334175753764227 1.0133220838871408
6.70809 2.38072e-05 1.3260984687849553 1.0071872915074616
6.677896 2.355375e-05 1.3119809053203926 0.9964648369965338
6.647988000000001 2.379449e-05 1.3253905018027712 1.0066495823070911
6.6181909999999995 2.353624e-05 1.3110055707918287 0.9957240590186826
6.588113999999999 2.382092e-05 1.3268626943550237 1.0077677297630936
6.558033999999999 2.384345e-05 1.3281176507758428 1.0087208838373931
6.527858 2.356324e-05 1.3125095132402138 0.996866320892011
6.497904999999999 2.368397e-05 1.3192343640473816 1.0019739237056007
6.467636000000001 2.362394e-05 1.315890598670472 0.9994342948072341
6.437701 2.365606e-05 1.3176797331683288 1.0007931633765417
6.407633 2.349574e-05 1.308749657119251 0.99401066620869
6.3775889999999995 2.366158e-05 1.3179872058466653 1.0010266924706444
6.34759 2.353646e-05 1.3110178251377047 0.9957333663376506
6.317627000000001 2.380947e-05 1.3262249113537643 1.007283326116812
6.287831 2.381382e-05 1.3264672131926707 1.0074673571964037
6.257757 2.28321e-05 1.2717838657693887 0.9659347154821869
6.227562 2.367103e-05 1.3185135857035999 1.0014264841263092
6.197962 2.39894e-05 1.336247295232947 1.0148954438526623
6.168016 2.359914e-05 1.3145091996808442 0.9983851061235843
6.137766 2.354781e-05 1.3116500379817475 0.9962135393844013
6.107858 2.368368e-05 1.3192182105914545 1.0019616549669612
6.0776509999999995 2.369263e-05 1.3197167396623082 1.002340293624972
6.047821 2.423042e-05 1.349672488155531 1.0250920348419061
6.0177190000000005 2.403415e-05 1.338739940587215 1.0167886371427157
5.9878029999999995 2.37007e-05 1.3201662513496588 1.0026817030071111
5.957904999999999 2.374475e-05 1.322619905603413 1.0045452821004486
5.927682 2.358897e-05 1.3139427146919525 0.9979548541512974
5.897386 2.364321e-05 1.316963967966042 1.0002495313368283
5.86759 2.33744e-05 1.3019908283530641 0.9888772567379622
5.837803 2.329451e-05 1.297540829753009 0.9854974307727697
5.8074319999999995 2.357369e-05 1.313091594669311 0.9973084185429842
5.777595 2.342538e-05 1.3048304945019038 0.9910340163787873
5.747738 2.390823e-05 1.3317259986205239 1.0114614662134749
5.717432 2.362919e-05 1.3161830319243246 0.9996564012826035
5.687925 2.357869e-05 1.3133701025301232 0.9975199485195266
5.657904 2.324244e-05 1.294640448890512 0.9832945575970583
5.627617 2.355409e-05 1.3119998438549276 0.9964792210349385
5.597618000000001 2.36304e-05 1.3162504308266412 0.9997075915369267
5.567321 2.372579e-05 1.3215638037952135 1.0037431604294003
5.537538 2.351131e-05 1.3096169305978196 0.9946693705556428
5.5077560000000005 2.3529e-05 1.310602291409373 0.9954177636126494
5.477654 2.341429e-05 1.3042127640666226 0.9905648428908165
5.447117 2.369387e-05 1.3197858096117896 1.0023927530591545
5.41751 2.371187e-05 1.3207884379107129 1.0031542609747066
5.387562 2.366416e-05 1.318130915902844 1.00113584193854
5.357292999999999 2.363267e-05 1.31637687339545 0.9998036261462769
5.327453 2.357159e-05 1.31297462136777 0.9972195759528365
5.297238 2.377694e-05 1.324412939211321 1.0059071120894278
5.267404000000001 2.350191e-05 1.3090933358194932 0.9942716941997434
5.2371360000000005 2.37359e-05 1.3221269466897756 1.0041708740419688
5.207755 2.390062e-05 1.331302109656368 1.0111395175891775
5.177386 2.409023e-05 1.341863684754083 1.019161157359614
5.1470389999999995 2.369029e-05 1.319586397983448 1.00224129759595
5.1174040000000005 2.382916e-05 1.3273216753096422 1.0081163311644354
5.087293 2.360087e-05 1.3146055634006855 0.9984582954954682
5.056997 2.337019e-05 1.3017563247342603 0.9886991484977136
5.02718 2.336849e-05 1.3016616320615844 0.9886272283056893
4.997691 2.36454e-05 1.3170859544090776 1.0003421814665536
4.96771 2.321238e-05 1.2929660596313104 0.9820228393780863
4.9375990000000005 2.355328e-05 1.311954725581476 0.9964449531787387
4.907423 2.352839e-05 1.3105683134503536 0.9953919569555111
4.877604 2.36136e-05 1.3153146444143127 0.9989968508157446
4.847618000000001 2.381445e-05 1.326502305183133 1.007494009973448
4.817664 2.369446e-05 1.319818673539365 1.0024177135963863
4.787534 2.366621e-05 1.3182451041257774 1.0012225692289227
4.75746 2.361299e-05 1.3152806664552936 0.9989710441586065
4.727386 2.345172e-05 1.3062976739126615 0.9921483562952118
4.697406 2.342473e-05 1.3047942884799983 0.9910065174818369
4.6677290000000005 2.331861e-05 1.298883237642123 0.9865170052597034
4.637451 2.372433e-05 1.3214824794998568 1.00368139367625
4.607376 2.361775e-05 1.3155458059387868 0.9991724206962748
4.577265000000001 2.328464e-05 1.296991055235766 0.9850798705990752
4.547506 2.36139e-05 1.3153313548859615 0.9990095426143373
4.517265999999999 2.347564e-05 1.3076300555187865 0.9931603157029901
4.487164 2.373181e-05 1.3218991272596314 1.0039978425211573
4.457368000000001 2.344289e-05 1.3058058290304675 0.9917747943566383
4.427331000000001 2.338581e-05 1.302626383291437 0.9893599681444316
4.397123 2.37017e-05 1.3202219529218213 1.0027240090024196
4.367274 2.331173e-05 1.2985000108256457 0.9862259400119813
4.337053 2.347897e-05 1.3078155417540875 0.9933011946673674
4.307161 2.355273e-05 1.311924089716787 0.9964216848813191
4.277349 2.334153e-05 1.3001599176760854 0.9874866586721731
4.2474229999999995 2.332947e-05 1.2994881567158068 0.9869764483687532
4.217042999999999 2.35268e-05 1.3104797479506154 0.9953246904229708
4.1872359999999995 2.30808e-05 1.28563684676618 0.9764562165153996
4.157525 2.343323e-05 1.3052677518433784 0.9913661184419584
4.127441 2.336717e-05 1.3015881059863297 0.988571384391882
4.097321 2.364965e-05 1.3173226860907676 1.0005219819466145
4.067071 2.332146e-05 1.299041987122786 0.9866375773463326
4.036682 2.379446e-05 1.3253888307556068 1.0066483131272321
4.007095 2.330372e-05 1.2980538412326248 0.9858870689895605
3.977201 2.357238e-05 1.3130186256097782 0.9972529976891302
3.9470810000000003 2.365733e-05 1.3177504741649748 1.0008468919905833
3.917057 2.317952e-05 1.291135705970053 0.9806326643722502
3.887136 2.332337e-05 1.299148377125616 0.9867183817973716
3.85696 2.345984e-05 1.3067499706786205 0.9924918809771167
3.8269789999999997 2.370352e-05 1.3203233297831567 1.002801005913881
3.796877 2.329149e-05 1.2973726110050785 0.985369666666938
3.766794 2.376806e-05 1.323918309250519 1.0055314348510889
3.7370569999999996 2.333832e-05 1.2999811156294443 0.9873508564272331
3.707275 2.359047e-05 1.3140262670501963 0.9980183131442601
3.67721 2.306606e-05 1.2848158055925063 0.975832626144553
3.6469319999999996 2.297946e-05 1.2799920494432413 0.9721689269508408
3.616736 2.337489e-05 1.3020181221234237 0.9888979866756633
3.586979 2.289535e-05 1.2753069902086611 0.9686105696854467
3.557019 2.334769e-05 1.3005030393606059 0.9877472636032731
3.527155 2.333101e-05 1.299573937136937 0.9870415996015284
3.497034 2.338529e-05 1.3025974184739129 0.9893379690268713
3.4668870000000003 2.343424e-05 1.3053240104312627 0.9914088474972201
3.4370990000000003 2.327192e-05 1.2962825312378603 0.9845417383387517
3.406719 2.331699e-05 1.2987930010952198 0.9864484695473036
3.376821 2.332261e-05 1.2991060439307727 0.9866862292409372
3.346655 2.323816e-05 1.2944020461616572 0.9831134879371383
3.316877 2.31733e-05 1.290789242191203 0.9803695210814317
3.286673 2.336848e-05 1.3016610750458624 0.988626805245736
3.256571 2.321588e-05 1.2931610151338786 0.9821709103616658
3.226645 2.350328e-05 1.3091696469733558 0.994329653413316
3.196906 2.309738e-05 1.2865603788326327 0.9771576499176138
3.167136 2.328172e-05 1.2968284066450517 0.9849563370927744
3.1368400000000003 2.333714e-05 1.2999153877742926 0.9873009353527691
3.1068119999999997 2.325282e-05 1.2952186312095582 0.9837336938283602
3.076627 2.324025e-05 1.2945184624474766 0.9832019074673328
3.046618 2.305345e-05 1.284113408767538 0.9752991475437134
3.016581 2.355944e-05 1.3122978472659967 0.9967055581098389
2.986581 2.3223e-05 1.293557610327675 0.982472129048262
2.9564340000000002 2.24766e-05 1.2519819568656512 0.9508949341500308
2.9266080000000003 2.295639e-05 1.2787070141734544 0.9711929276390746
2.896395 2.310919e-05 1.287218214399871 0.9776572837222066
2.866699 2.329475e-05 1.297554198130328 0.9855075842116436
2.836821 2.345315e-05 1.3063773271608539 0.992208853868503
2.806608 2.33045e-05 1.2980972884589113 0.985920067665901
2.776312 2.277794e-05 1.2687670686210724 0.9636434227762808
2.746479 2.301521e-05 1.2819833806480476 0.9736813662831181
2.716497 2.326898e-05 1.2961187686157025 0.9844173587125447
2.686368 2.323449e-05 1.294197621391821 0.982958224934356
2.656491 2.306649e-05 1.284839757268536 0.9758508177225356
2.626219 2.331462e-05 1.298660988369195 0.9863482043384226
2.596173 2.294836e-05 1.2782597305489904 0.9708532104967478
2.5663020000000003 2.304485e-05 1.2836343752469415 0.9749353159840607
2.536284 2.294869e-05 1.278278112067804 0.9708671714751995
2.506229 2.300896e-05 1.2816352458220324 0.9734169538124401
2.476516 2.189096e-05 1.2193608881444569 0.926118851057587
2.446284 2.324983e-05 1.2950520835087924 0.9836071989023879
2.416491 2.313759e-05 1.2888001390492834 0.9788587739889668
2.386562 2.335457e-05 1.3008862661770835 0.9880383288509955
2.356219 2.311511e-05 1.2875479677070722 0.9779077352144326
2.326451 2.320909e-05 1.292782801458896 0.9818836526535215
2.296435 2.286174e-05 1.2734348603682821 0.9671886651831293
2.266645 2.280936e-05 1.2705172120184152 0.9649726771488724
2.236497 2.306896e-05 1.284977340151777 0.9759553135309474
2.206698 2.316068e-05 1.2900862883505135 0.979835619420639
2.176266 2.267918e-05 1.2632659813543126 0.9594652826796177
2.146133 2.299933e-05 1.2810988396821086 0.9730095470776198
2.1163670000000003 2.304637e-05 1.2837190416366284 0.9749996210969296
2.086395 2.273518e-05 1.2663852693954076 0.9618344184168912
2.0563119999999997 2.305333e-05 1.2841067245788786 0.9752940708242763
2.02609 2.283689e-05 1.2720506763000463 0.9661373611997142
1.9962550000000001 2.297047e-05 1.2794912923095012 0.9717885960530177
1.966719 2.24689e-05 1.2515530547600007 0.9505691779861557
1.936303 2.267272e-05 1.262906149198143 0.9591919859499249
1.906444 2.263982e-05 1.2610735674740001 0.957800118704277
1.876506 2.262619e-05 1.2603143550454263 0.9572234879882227
1.84609 2.253355e-05 1.2551541614003006 0.9533042605828473
1.816108 2.272547e-05 1.2658444071297106 0.9614236272024461
1.7861179999999999 2.263078e-05 1.2605700252616516 0.9574176725066883
1.756368 2.251342e-05 1.254032888752671 0.952452640897288
1.726451 2.265732e-05 1.262048344986842 0.9585404736221748
1.69633 2.276191e-05 1.2678741724193088 0.9629652576714862
1.6662190000000001 2.225307e-05 1.2395309844401876 0.9414382750187318
1.636423 2.209463e-05 1.2307056273467751 0.93473531312206
1.606349 2.239722e-05 1.247560366067399 0.9475366842424456
1.576025 2.263687e-05 1.260909247836121 0.9576753160181171
1.5462829999999999 2.174492e-05 1.2112262305458583 0.9199404835027402
1.5163209999999998 2.171315e-05 1.2094565915982585 0.9185964220317905
1.486117 2.198325e-05 1.2245015862393256 0.9300232713646043
1.455969 2.205085e-05 1.2282670125175046 0.9328831566474558
1.426321 2.185846e-05 1.2175505870491783 0.9247439062100621
1.396266 2.158515e-05 1.2023267903614698 0.9131812546323081
1.365886 2.138146e-05 1.1909809371277083 0.9045639464479288
1.335914 2.14434e-05 1.194431092507448 0.9071843797973346
1.3060530000000001 2.176685e-05 1.21244776602338 0.9208682539798545
1.276066 2.132926e-05 1.1880733150608305 0.9023555734928275
1.24621 2.13573e-05 1.1896351871442645 0.9035418336012766
1.216127 2.095482e-05 1.167216418380337 0.8865145166095293
1.1862190000000001 2.099267e-05 1.1693247228866845 0.8881157985319545
1.156229 2.101864e-05 1.170771292715742 0.8892144852301149
1.126189 2.095046e-05 1.1669735595257091 0.8863300624699846
1.096432 2.028921e-05 1.1301408949333147 0.8583552230722684
1.065858 2.044282e-05 1.1386972134331828 0.8648538470116003
1.036151 1.973256e-05 1.0991346147891083 0.8348055907838166
1.006247 1.950487e-05 1.0864519238234491 0.8251729387120343
0.9761823000000001 2.058049e-05 1.1463656488727818 0.8706781133857153
0.9461608 1.919237e-05 1.0690451825226956 0.811952315178142
0.9160155999999999 1.870126e-05 1.0416895834180138 0.7911754178222065
0.8860897 1.833818e-05 1.0214654565972854 0.7758149570456123
0.8562286 1.797353e-05 1.0011538783082623 0.7603880758563841
0.8259508 1.74449e-05 0.9717083562160469 0.7380238575564753
0.7960434000000001 1.672926e-05 0.931846083113739 0.7077479950739322
0.765906 1.606475e-05 0.894831831396095 0.6796352381315104
0.7359785000000001 1.632563e-05 0.909363257541825 0.6906720261875804
0.7059971 1.553647e-05 0.8654058048541364 0.6572858269299595
0.6758493999999999 1.535746e-05 0.8554346664213432 0.6497126307097929
0.6458397 1.467187e-05 0.8172462255625158 0.6207080633862689
0.6158494 1.434903e-05 0.7992635300056029 0.6070499958608871
0.5860249 1.373856e-05 0.7652593912476158 0.5812234549049343
0.5557656 1.348218e-05 0.7509786221766167 0.5703770438277525
0.5260758 1.26917e-05 0.7069476434136742 0.5369350006563247
0.4961452 1.218414e-05 0.6786757534469207 0.515462169677565
0.4659322 1.155146e-05 0.6434344827712064 0.48869601256581136
0.4356702 1.102446e-05 0.6140797542416156 0.4664007530382553
0.4059137 1.051289e-05 0.585584500970491 0.4447582750183087
0.3759785 9.322816e-06 0.5192955081808817 0.39441100995759387
0.345997 8.567844e-06 0.4772423808422817 0.36247116806757856
0.3154229 8.489566e-06 0.47288217317655246 0.35915953936682327
0.2857378 7.692221e-06 0.42846880312071467 0.3254270655376028
0.2555711 7.329153e-06 0.4082453447188524 0.3100671124329525
0.2255248 6.66098e-06 0.37102705814237763 0.2817993886297159
0.1957645 6.171949e-06 0.34378726260622156 0.2611104454380266
0.16571 5.569512e-06 0.31023057457741504 0.23562374854238657
0.1358211 4.724248e-06 0.2631480408851267 0.19986401372398027
0.10596 4.00511e-06 0.22309092368339467 0.1694401648698482
0.07609888 3.202346e-06 0.1783757068080088 0.13547843485205122
0.04571924 2.839844e-06 0.15818377549599041 0.12014242694074548
0.01551553 1.829289e-06 0.10189427323940499 0.07738989185180924
-0.01454928 1.393282e-06 0.07760799786558857 0.058944181755355485
-0.0444525 7.388337e-07 0.04115419865657126 0.031257095045928815
-0.07419743 -7.515054e-08 -0.004186003226854168 -0.003179318392667897
-0.10401220000000001 -6.734121e-07 -0.037510112683190856 -0.028489369143257164
-0.1340771 -1.40629e-06 -0.07833256391627721 -0.05949449814232787
-0.16425299999999998 -1.951771e-06 -0.10871671320100146 -0.0825716147691795
-0.1941604 -3.236327e-06 -0.18026850193165972 -0.13691603487862786
-0.2244997 -4.678521e-06 -0.26060097509485614 -0.1979294874765105
-0.2540308 -3.993806e-06 -0.22246127311167077 -0.16896193789888142
-0.2840585 -4.625084e-06 -0.2576244501832134 -0.1956687820052126
-0.31458800000000003 -5.269164e-06 -0.2935007187815792 -0.2229172274634826
-0.3443016 -6.044218e-06 -0.3366724450923446 -0.25570665835128226
-0.3744789 -6.910454e-06 -0.3849231521560231 -0.29235363450329754
-0.404753 -8.092883e-06 -0.45078630642645073 -0.34237747022987924
-0.4343456 -8.346296e-06 -0.46490180893284383 -0.3530983594189809
-0.4643959 -9.252069e-06 -0.5153547890551075 -0.3914179877075065
-0.4943363 -1.008995e-05 -0.5620260780401207 -0.42686537736255054
-0.5245493 -1.077718e-05 -0.6003058694772946 -0.45593932651838043
-0.5546129 -1.184361e-05 -0.6597076970784548 -0.5010557090951766
-0.5846789 -1.284863e-05 -0.7156888911331212 -0.5435740805000805
-0.6144196 -1.352868e-05 -0.753568745282169 -0.5723442726095958
-0.6446412 -1.402489e-05 -0.781208422404879 -0.5933369305416044
-0.6745215 -1.514938e-05 -0.8438442832857888 -0.6409095992060095
-0.7047622 -1.555298e-05 -0.866325437810538 -0.6579842989125022
-0.7345280000000001 -1.605309e-05 -0.8941823510646814 -0.6791419502262138
-0.7642345 -1.666251e-05 -0.928128003171898 -0.7049240698870928
-0.7947252 -1.698993e-05 -0.9463658119293147 -0.7187758988709873
-0.8246978 -1.769656e-05 -0.9857262138664392 -0.7486705843358011
-0.8544474 -1.783334e-05 -0.9933450749068139 -0.7544571983740918
-0.8846419 -1.813769e-05 -1.0102978483944438 -0.7673330280462202
-0.9145493 -1.843806e-05 -1.0270289296248671 -0.7800404798570209
-0.9447545 -1.900493e-05 -1.0586044798365732 -0.8040224794175251
-0.9745771 -1.946923e-05 -1.0844667197915807 -0.8236651530392409
-1.004605 -1.964886e-05 -1.0944723931991147 -0.831264578976499
-1.034575 -1.972166e-05 -1.098527467652538 -0.8343444554349544
-1.064466 -1.964984e-05 -1.094526980739834 -0.8313060388519011
-1.094549 -2.014444e-05 -1.1220769783313622 -0.8522305841314631
-1.124827 -2.0613e-05 -1.1481765069837817 -0.872053481293193
-1.154892 -2.06721e-05 -1.1514684698985804 -0.8745537656159229
-1.184915 -2.084121e-05 -1.1608881627669656 -0.8817081324825358
-1.214512 -2.09582e-05 -1.167404689694246 -0.886657510873672
-1.244586 -2.117987e-05 -1.1797520571954878 -0.8960354808536973
-1.274568 -2.129378e-05 -1.1860970232805081 -0.9008545567792835
-1.304707 -2.120067e-05 -1.1809106498964659 -0.8969154455561131
-1.3346230000000001 -2.176813e-05 -1.2125190640357482 -0.9209224056538495
-1.3646980000000002 -2.141172e-05 -1.1926664667013427 -0.9058441258659626
-1.3946610000000002 -2.155073e-05 -1.2004095422476395 -0.911725082273791
-1.424717 -2.137677e-05 -1.1907196967542666 -0.9043655313299321
-1.454679 -2.177077e-05 -1.2126661161862566 -0.9210340934814637
-1.484632 -2.194586e-05 -1.222418904456173 -0.9284414502000211
-1.5144659999999999 -2.198242e-05 -1.224455353934431 -0.9299881573884983
-1.544484 -2.20642e-05 -1.2290106285058728 -0.9334479416848237
-1.574792 -2.207241e-05 -1.2294679384133262 -0.9337952739063061
-1.604392 -2.223775e-05 -1.2386776363546592 -0.9407901471706062
-1.6344290000000001 -2.213362e-05 -1.2328774316453874 -0.9363848238791367
-1.664559 -2.209304e-05 -1.230617061847037 -0.9346680465895196
-1.694355 -2.21488e-05 -1.2337229815108128 -0.9370270288879191
-1.724679 -2.208218e-05 -1.230012142773353 -0.9342086034804697
-1.754642 -2.221833e-05 -1.2375959118232653 -0.939968564741716
-1.784827 -2.24906e-05 -1.2527617788759249 -0.9514872180843491
-1.814537 -2.261306e-05 -1.259582993402934 -0.9566680102698226
-1.844485 -2.24118e-05 -1.248372494989527 -0.9481535056540429
-1.874753 -2.275376e-05 -1.267420204606185 -0.9626204638097223
-1.904818 -2.264945e-05 -1.261609973613924 -0.9582075254390973
-1.9347809999999999 -2.254827e-05 -1.2559740885425315 -0.9539270048337879
-1.9647439999999998 -2.21368e-05 -1.233054562644864 -0.9365193569442176
-1.994679 -2.258124e-05 -1.257810569376726 -0.9553218334991076
-2.0245029999999997 -2.29664e-05 -1.2792645869108004 -0.9716164106521124
-2.054836 -2.286814e-05 -1.273791350430122 -0.9674594235531035
-2.084753 -2.247737e-05 -1.2520248470762163 -0.9509275097664183
-2.114874 -2.278036e-05 -1.2689018664257055 -0.9637458032849273
-2.144971 -2.231608e-05 -1.243040740502141 -0.9441039757831176
-2.1747449999999997 -2.289857e-05 -1.275486349271024 -0.9687467949903398
-2.2048550000000002 -2.277656e-05 -1.268690200451488 -0.963585040502755
-2.2352440000000002 -2.289213e-05 -1.2751276311462978 -0.9684743443805532
-2.2649529999999998 -2.279929e-05 -1.2699562971867397 -0.9645466557761163
-2.294707 -2.282962e-05 -1.2716457258704257 -0.9658297966138218
-2.324744 -2.30497e-05 -1.2839045278719292 -0.9751405000613067
-2.354938 -2.306668e-05 -1.284850340567247 -0.9758588558616442
-2.385021 -2.290065e-05 -1.2756022085411216 -0.9688347914605813
-2.41504 -2.287902e-05 -1.2743973835352487 -0.9679197127820595
-2.44517 -2.3204e-05 -1.2924992804565891 -0.9816683151374013
-2.4750590000000003 -2.290499e-05 -1.2758439533643067 -0.9690183994802201
-2.504971 -2.253018e-05 -1.2549664471021131 -0.9531616893786578
-2.534707 -2.293653e-05 -1.2776007809503087 -0.9703527305722486
-2.564846 -2.264464e-05 -1.2613420490518226 -0.9580040336016635
-2.5946979999999997 -2.281288e-05 -1.2707132815524267 -0.9651215942523581
-2.6248359999999997 -2.299488e-05 -1.2808509676859858 -0.9728212853984972
-2.6549099999999997 -2.30473e-05 -1.2837708440987392 -0.9750389656725663
-2.685009 -2.277953e-05 -1.2688556341208104 -0.9637106893088211
-2.714799 -2.32478e-05 -1.2949390093173028 -0.9835213177319118
-2.745003 -2.305581e-05 -1.2842448644778415 -0.9753989896926414
-2.774745 -2.308917e-05 -1.2861030689251793 -0.9768103176961314
-2.804633 -2.255029e-05 -1.2560866057182993 -0.954012462944311
-2.83492 -2.293134e-05 -1.2773116897907861 -0.9701331624565979
-2.864938 -2.306323e-05 -1.2846581701432864 -0.97571290017783
-2.894901 -2.320323e-05 -1.292456390246024 -0.9816357395210138
-2.925059 -2.315876e-05 -1.2899793413319618 -0.9797543919096469
-2.954802 -2.318089e-05 -1.291212017123916 -0.980690623585823
-2.9848739999999996 -2.306633e-05 -1.2848308450169899 -0.9758440487632862
-3.015031 -2.318619e-05 -1.2915072354563768 -0.9809148453609579
-3.045105 -2.279859e-05 -1.2699173060862263 -0.9645170415794005
-3.074802 -2.27341e-05 -1.266325111697472 -0.961788727941958
-3.10504 -2.334974e-05 -1.300617227583539 -0.9878339908936556
-3.135346 -2.354581e-05 -1.311538634837423 -0.9961289273937846
-3.165075 -2.327101e-05 -1.2962318428071924 -0.9845032398830209
-3.195198 -2.319645e-05 -1.292078733586763 -0.9813489048728226
-3.2252620000000003 -2.332822e-05 -1.299418529750604 -0.9869235658746177
-3.254886 -2.30947e-05 -1.2864110986192376 -0.9770442698501872
-3.285022 -2.317688e-05 -1.2909886538195445 -0.980520976544636
-3.315133 -2.311739e-05 -1.2876749672916028 -0.9780041928837361
-3.345299 -2.337274e-05 -1.3018983637432744 -0.9888070287857501
-3.374915 -2.353094e-05 -1.310710352459368 -0.9954998372435478
-3.4049099999999997 -2.323651e-05 -1.294310138567589 -0.9830436830448792
-3.4350590000000003 -2.341793e-05 -1.3044155177892938 -0.9907188367137393
-3.465253 -2.318609e-05 -1.2915016652991607 -0.980910614761427
-3.494943 -2.326621e-05 -1.2959644752608128 -0.9843001711055404
-3.5249200000000003 -2.329554e-05 -1.2975982023723363 -0.9855410059479374
-3.554948 -2.370899e-05 -1.320628017382885 -1.003032419708218
-3.584975 -2.299616e-05 -1.2809222656983537 -0.9728754370724919
-3.615364 -2.324845e-05 -1.2949752153392082 -0.9835488166288622
-3.645368 -2.33782e-05 -1.3022024943272812 -0.9890380195201344
-3.6749940000000003 -2.32429e-05 -1.294666071613707 -0.9833140183549003
-3.705133 -2.341851e-05 -1.3044478247011482 -0.9907433741910182
-3.735225 -2.343848e-05 -1.3055601850972314 -0.991588224917328
-3.765188 -2.306863e-05 -1.2849589586329635 -0.9759413525524957
-3.794827 -2.325522e-05 -1.2953523149827477 -0.9838352282171003
-3.8251329999999997 -2.337291e-05 -1.301907833010542 -0.9888142208049525
-3.855066 -2.323639e-05 -1.2943034543789296 -0.9830386063254422
-3.884596 -2.338135e-05 -1.3023779542795928 -0.9891712834053559
-3.915077 -2.346324e-05 -1.3069393560239726 -0.9926357213611653
-3.945049 -2.347358e-05 -1.307515310280132 -0.9930731653526548
-3.9751239999999997 -2.33484e-05 -1.3005425874768413 -0.9877773008599423
-4.00483 -2.336578e-05 -1.3015106808010242 -0.9885125790584033
-4.034531 -2.331843e-05 -1.2988732113591337 -0.9865093901805478
-4.06504 -2.357874e-05 -1.3133728876087312 -0.997522063819292
-4.095226 -2.323499e-05 -1.294225472177902 -0.9829793779320103
-4.125115 -2.357736e-05 -1.3132960194391472 -0.9974636815457664
-4.155151 -2.328471e-05 -1.2969949543458175 -0.9850828320187468
-4.185096 -2.378022e-05 -1.3245956403680137 -1.0060458757540396
-4.2150680000000005 -2.310344e-05 -1.286897930359937 -0.977414024249183
-4.2454849999999995 -2.353337e-05 -1.3108457072797224 -0.9956026408121472
-4.275392 -2.347467e-05 -1.307576024993789 -0.993119278887541
-4.3052529999999996 -2.331973e-05 -1.2989456234029448 -0.9865643879744488
-4.335406 -2.319727e-05 -1.2921244088759363 -0.9813835957889755
-4.364957 -2.318513e-05 -1.2914481917898846 -0.9808700010059309
-4.395272 -2.350607e-05 -1.3093250543596886 -0.9944476871402265
-4.425243999999999 -2.334346e-05 -1.3002674217103591 -0.9875683092431187
-4.455346 -2.331062e-05 -1.2984381820805455 -0.9861789803571889
-4.485281 -2.324565e-05 -1.2948192509371534 -0.9834303598419984
-4.515235 -2.343579e-05 -1.3054103478681145 -0.9914744217899483
-4.54567 -2.333515e-05 -1.2998045416456894 -0.9872167464221052
-4.5751610000000005 -2.330774e-05 -1.2982777615527177 -0.9860571390907005
-4.6052349999999995 -2.356094e-05 -1.3123813996242404 -0.9967690171028015
-4.635336000000001 -2.36181e-05 -1.3155653014890436 -0.9991872277946328
-4.665321 -2.316658e-05 -1.2904149276262717 -0.980085224792959
-4.695216 -2.295611e-05 -1.278691417733249 -0.9711810819603882
-4.725383 -2.316686e-05 -1.2904305240664773 -0.9800970704716454
-4.755263 -2.357837e-05 -1.313352278027031 -0.9975064106010277
-4.78517 -2.381483e-05 -1.326523471780555 -1.0075100862516653
-4.814985 -2.366869e-05 -1.31838324402474 -1.0013274880972876
-4.845216000000001 -2.333821e-05 -1.2999749884565064 -0.9873462027677492
-4.875226 -2.344425e-05 -1.3058815831686084 -0.9918323305102577
-4.905292 -2.366015e-05 -1.3179075525984731 -1.0009661948973534
-4.935059 -2.344991e-05 -1.3061968540670477 -0.9920717824437036
-4.9654110000000005 -2.305863e-05 -1.2844019429113394 -0.9755182925994111
-4.995216 -2.32098e-05 -1.2928223495751312 -0.9819136899101905
-5.025028 -2.350199e-05 -1.309097791945266 -0.9942750786793679
-5.0546880000000005 -2.386622e-05 -1.3293859755739812 -1.0096841913505668
-5.0848 -2.377236e-05 -1.324157826010817 -1.005713350630915
-5.114531 -2.359774e-05 -1.3144312174798167 -0.9983258777301525
-5.144893 -2.355792e-05 -1.3122131808763098 -0.9966412529969699
-5.175050000000001 -2.367997e-05 -1.3190115577587318 -1.0018046997243668
-5.205374 -2.342094e-05 -1.3045831795215026 -0.9908461777596177
-5.234878 -2.319176e-05 -1.2918174932133213 -0.9811504897548259
-5.264615 -2.347445e-05 -1.3075637706479133 -0.9931099715685732
-5.294846 -2.317397e-05 -1.2908265622445518 -0.9803978660982884
-5.324827 -2.335935e-05 -1.3011525196920197 -0.9882405515085698
-5.355013 -2.320719e-05 -1.2926769684717871 -0.9818032712624353
-5.3849290000000005 -2.329687e-05 -1.2976722854633123 -0.9855972729216975
-5.41492 -2.369593e-05 -1.3199005548504443 -1.00247990340949
-5.44484 -2.355297e-05 -1.3119374580941057 -0.996431838320193
-5.474948 -2.338817e-05 -1.3027578390017405 -0.9894598102933596
-5.5049660000000005 -2.361177e-05 -1.3152127105372555 -0.9989194308443302
-5.534953000000001 -2.336426e-05 -1.3014260144113372 -0.9884482739455344
-5.564578 -2.353255e-05 -1.3108000319905493 -0.9955679498959944
-5.594716 -2.361167e-05 -1.3152071403800394 -0.9989152002447994
-5.624547 -2.329895e-05 -1.29778814473341 -0.9856852693919392
-5.654893 -2.351597e-05 -1.3098764999240966 -0.9948665164937802
-5.684948 -2.339697e-05 -1.3032480128367698 -0.9898321030520741
-5.714812 -2.3673e-05 -1.31862331780076 -1.001509826937067
-5.744615 -2.317471e-05 -1.290867781407952 -0.9804291725348167
-5.77467 -2.361679e-05 -1.315492332429511 -0.9991318069407786
-5.804925 -2.373692e-05 -1.3221837622933814 -1.0042140261571835
-5.834613999999999 -2.389532e-05 -1.3310068913239073 -1.0109152958140428
-5.864466 -2.35046e-05 -1.30924317304861 -0.9943854973271231
-5.8944849999999995 -2.376704e-05 -1.3238614936469133 -1.0054882827358742
-5.924503 -2.368674e-05 -1.3193886574022715 -1.0020911113126052
-5.955006999999999 -2.363462e-05 -1.3164854914611666 -0.9998861228371284
-5.984896 -2.33661e-05 -1.301528505304116 -0.988526116976902
-6.014475999999999 -2.367336e-05 -1.3186433703667384 -1.001525057095378
-6.044587000000001 -2.38518e-05 -1.3285827589033994 -1.009074138898219
-6.074846 -2.377826e-05 -1.3244864652865755 -1.005962956003235
-6.1049430000000005 -2.36683e-05 -1.3183615204115966 -1.0013109887591172
-6.134595999999999 -2.367686e-05 -1.318838325869307 -1.0016731280789577
-6.164791 -2.340155e-05 -1.3035031260372736 -0.9900258645105867
-6.1946509999999995 -2.348503e-05 -1.3081530932813916 -0.9935575689989365
-6.224595999999999 -2.359428e-05 -1.3142384900401352 -0.9981794989863855
-6.254726 -2.369965e-05 -1.3201077646988881 -1.0026372817120373
-6.28455 -2.369153e-05 -1.3196554679329295 -1.0022937570301327
-6.314216999999999 -2.350104e-05 -1.3090448754517117 -0.9942348879838249
-6.34467 -2.343437e-05 -1.3053312516356437 -0.9914143472766102
-6.374312 -2.356389e-05 -1.3125457192621193 -0.9968938197889614
-6.404438 -2.353499e-05 -1.3109359438266255 -0.995671176524547
-6.434513 -2.399147e-05 -1.3363625974873232 -1.0149830172629508
-6.46467 -2.344578e-05 -1.3059668065740169 -0.9918970586830796
-6.494301999999999 -2.369117e-05 -1.319635415366951 -1.0022785268718215
-6.524491 -2.377516e-05 -1.324313790412872 -1.0058318074177788
-6.554226 -2.385899e-05 -1.3289832532072468 -1.0093783190044865
-6.584651 -2.372573e-05 -1.321560461700884 -1.0037406220696818
-6.6145 -2.357164e-05 -1.3129774064463777 -0.9972216912526017
-6.6443639999999995 -2.371301e-05 -1.320851937702978 -1.0032024898093581
-6.674328 -2.394394e-05 -1.3337151017624436 -1.0129722133059398
-6.704255 -2.334808e-05 -1.3005247629737493 -0.9877637629414436
-6.734291 -2.351065e-05 -1.3095801675601928 -0.9946414485987394
-6.764263 -2.36473e-05 -1.3171917873961858 -1.0004225628576395
-6.794124 -2.343687e-05 -1.30547050556605 -0.9915201122648815
-6.824216000000001 -2.355871e-05 -1.312257185118318 -0.9966746747332637
-6.854425 -2.362546e-05 -1.315975265060159 -0.999498599920103
-6.884291 -2.36975e-05 -1.319988006318739 -1.0025463238221242
-6.914429 -2.36758e-05 -1.3187792822028148 -1.0016282837239308
-6.944393 -2.386179e-05 -1.3291392176093015 -1.0094967757913502
-6.974198 -2.378007e-05 -1.3245872851321894 -1.0060395298547433
-7.004198000000001 -2.361615e-05 -1.315456683423327 -0.9991047311037813
-7.0342910000000005 -2.338511e-05 -1.3025873921909235 -0.9893303539477157
-7.064457 -2.372521e-05 -1.3215314968833594 -1.0037186229521213
-7.094368 -2.343677e-05 -1.3054649354088335 -0.9915158816653504
-7.1238 -2.338495e-05 -1.3025784799393776 -0.9893235849884664
-7.153975999999999 -2.359699e-05 -1.3143894413006951 -0.9982941482336712
-7.1839949999999995 -2.374746e-05 -1.3227708568639733 -1.0046599313477347
-7.214151 -2.367737e-05 -1.3188667336711095 -1.0016947041365647
-7.244078 -2.368371e-05 -1.3192198816386194 -1.0019629241468204
-7.274318 -2.360593e-05 -1.314887413355827 -0.9986723638317289
-7.303985 -2.391016e-05 -1.3318335026547976 -1.0115431167844204
-7.334263 -2.374417e-05 -1.3225875986915587 -1.0045207446231696
-7.364364999999999 -2.382163e-05 -1.326902242471259 -1.0077977670197626
-7.394226 -2.382279e-05 -1.3269668562949675 -1.0078468419743205
-7.424207999999999 -2.365895e-05 -1.3178407107118781 -1.0009154277029833
-7.453809000000001 -2.359229e-05 -1.3141276439115317 -0.9980953100557215
-7.4838000000000005 -2.333489e-05 -1.299790059236927 -0.987205746863325
-7.5139380000000005 -2.35273e-05 -1.3105075987366968 -0.995345843420625
-7.544013 -2.356386e-05 -1.3125440482149544 -0.9968925506091021
-7.573689 -2.341941e-05 -1.304497956116094 -0.9907814495867957
-7.6034939999999995 -2.329892e-05 -1.2977864736862454 -0.98568400021208
-7.633661 -2.364466e-05 -1.3170447352456773 -1.0003108750300254
-7.663948 -2.371145e-05 -1.320765043250405 -1.0031364924566772
-7.693791 -2.356056e-05 -1.3123602330268187 -0.9967529408245843
-7.72368 -2.35496e-05 -1.3117497437959182 -0.9962892671160034
-7.753643 -2.366677e-05 -1.318276297006188 -1.0012462605862953
-7.783557 -2.358388e-05 -1.313659193689646 -0.9977395166351775
-7.813532 -2.348166e-05 -1.3079653789832044 -0.9934149977947472
-7.843717 -2.369486e-05 -1.3198409541682303 -1.0024346359945098
-7.873546999999999 -2.345731e-05 -1.3066090457010493 -0.9923848468089861
-7.903309 -2.361598e-05 -1.3154472141560594 -0.9990975390845789
-7.933087 -2.362045e-05 -1.315696200183625 -0.9992866468836075
-7.963198 -2.372914e-05 -1.3217504040619577 -1.0038848855136835
-7.993272 -2.351522e-05 -1.3098347237449746 -0.9948347869972988
-8.023336 -2.33989e-05 -1.3033555168710431 -0.9899137536230194
-8.053312 -2.345929e-05 -1.306719334813931 -0.9924686126796969
-8.083152 -2.383418e-05 -1.3276012972018973 -1.0083287072608837
-8.113087 -2.399499e-05 -1.3365586670213347 -1.0151319343664365
-8.143522 -2.357937e-05 -1.3134079795991935 -0.9975487165963364
-8.173142 -2.37409e-05 -1.3224054545505879 -1.0043824040185112
-8.203244 -2.362044e-05 -1.3156956431679037 -0.9992862238236546
-8.233141999999999 -2.397041e-05 -1.3351895223775827 -1.0140920530017548
-8.262972 -2.332919e-05 -1.2994725602756012 -0.9869646026900668
-8.2928 -2.34628e-05 -1.3069148473322212 -0.9926171067232296
-8.322726000000001 -2.381373e-05 -1.3264622000511763 -1.007463549656826
-8.352779 -2.390475e-05 -1.3315321571493988 -1.0113142413498015
-8.382717000000001 -2.370892e-05 -1.320624118272834 -1.0030294582885468
-8.412522000000001 -2.35491e-05 -1.3117218930098373 -0.9962681141183494
-8.442744000000001 -2.33125e-05 -1.2985429010362108 -0.9862585156283687
-8.472586999999999 -2.361299e-05 -1.3152806664552936 -0.9989710441586065
-8.502643 -2.3879e-05 -1.3300978416662168 -1.010224861970609
-8.532781000000002 -2.371759e-05 -1.3211070509034821 -1.0033962512678711
-8.562718 -2.36452e-05 -1.3170748140946449 -1.0003337202674918
-8.592514 -2.401388e-05 -1.3376108697194824 -1.015931094617813
-8.622495 -2.341598e-05 -1.304306899723577 -0.9906363400228876
-8.652448 -2.368988e-05 -1.3195635603388616 -1.0022239521378737
-8.682384 -2.347353e-05 -1.3075125252015238 -0.9930710500528893
-8.712577999999999 -2.345168e-05 -1.306295445849775 -0.9921466640553995
-8.742567999999999 -2.394943e-05 -1.3340209033936152 -1.0132044732201833
-8.77256 -2.366018e-05 -1.3179092236456376 -1.0009674640772124
-8.802281 -2.383503e-05 -1.3276486435382355 -1.008364667356896
-8.831991 -2.378391e-05 -1.324801179169293 -1.0062019848767279
-8.862052 -2.35722e-05 -1.313008599326789 -0.9972453826099746
-8.892104 -2.405909e-05 -1.3401291377969453 -1.0178437486657086
-8.92182 -2.340635e-05 -1.303770493583653 -0.9902289332880673
-8.951651 -2.239537e-05 -1.2474573181588986 -0.947458418151125
-8.981587 -2.361438e-05 -1.3153580916405996 -0.9990298494920854
-9.011318 -2.372787e-05 -1.3216796630653118 -1.003831156899642
-9.041513 -2.390513e-05 -1.3315533237468207 -1.0113303176280188
-9.071584999999999 -2.398663e-05 -1.3360930018780572 -1.014778256245658
-9.101522000000001 -2.369885e-05 -1.3200632034411584 -1.0026034369157906
-9.131368 -2.375452e-05 -1.32316410996344 -1.0049586116746123
-9.161189 -2.363142e-05 -1.316307246430247 -0.9997507436521413
-9.191013000000002 -2.329882e-05 -1.2977809035290289 -0.985679769612549
-9.221383 -2.383664e-05 -1.327738323069417 -1.0084327800093427
-9.251217 -2.354574e-05 -1.3115347357273717 -0.996125965974113
-9.281197 -2.369211e-05 -1.3196877748447837 -1.0023182945074116
-9.311004 -2.378315e-05 -1.3247588459744495 -1.0061698323202932
-9.340831 -2.356941e-05 -1.3128531919404558 -0.9971273488830641
-9.370299999999999 -2.354248e-05 -1.311353148602122 -0.9959880484294072
-9.400578 -2.383895e-05 -1.327866993701112 -1.008530506858505
-9.430337 -2.383526e-05 -1.3276614548998327 -1.0083743977358168
-9.460134 -2.353967e-05 -1.3111966271843458 -0.9958691685825907
-9.489863999999999 -2.359548e-05 -1.31430533192673 -0.9982302661807555
-9.520022 -2.319614e-05 -1.2920614660993925 -0.9813357900142768
-9.550049999999999 -2.344818e-05 -1.3061004903472067 -0.9919985930718199
-9.580031000000002 -2.328467e-05 -1.2969927262829306 -0.9850811397789343
-9.610134 -2.35653e-05 -1.3126242584788683 -0.9969534712423462
-9.639911 -2.379064e-05 -1.3251760507499462 -1.0064867042251537
-9.669874 -2.363277e-05 -1.316382443552666 -0.9998078567458077
-9.700365 -2.373169e-05 -1.321892443070972 -1.0039927658017203
-9.73017 -2.387197e-05 -1.329706259613915 -1.0099274508235905
-9.760189 -2.333048e-05 -1.299544415303691 -0.9870191774240148
-9.790254000000001 -2.357481e-05 -1.3131539804301329 -0.9973558012577297
-9.820048 -2.359762e-05 -1.3144245332911575 -0.9983208010107156
-9.849998 -2.362478e-05 -1.3159373879910885 -0.9994698318432932
-9.880291 -2.349533e-05 -1.3087268194746644 -0.9939933207506138
-9.910355 -2.35097e-05 -1.309527251066638 -0.9946012579031961
-9.940143 -2.377111e-05 -1.3240881990456141 -1.0056604681367796
-9.970336999999999 -2.349161e-05 -1.3085196096262202 -0.9938359424480662
-9.99216 -2.345017e-05 -1.3062113364758101 -0.9920827820024839
-9.994042 -2.36355e-05 -1.3165345088446696 -0.9999233521129999
-9.965389 -2.348085e-05 -1.3079202607097526 -0.9933807299385472
-9.935934999999999 -2.351208e-05 -1.309659820808385 -0.9947019461720303
-9.906277 -2.35404e-05 -1.311237289332024 -0.9959000519591656
-9.876657 -2.34864e-05 -1.308229404435254 -0.9936155282125092
-9.84675 -2.353441e-05 -1.3109036369147715 -0.9956466390472681
-9.817052 -2.334935e-05 -1.3005955039703956 -0.9878174915554854
-9.787231 -2.393476e-05 -1.3332037613299927 -1.0125838442690083
-9.757620999999999 -2.352884e-05 -1.3105933791578268 -0.9954109946534001
-9.72751 -2.333944e-05 -1.3000435013902663 -0.9873982391419787
-9.697426 -2.372668e-05 -1.3216133781944381 -1.0037808127652248
-9.667646000000001 -2.354775e-05 -1.311646695887418 -0.996211001024683
-9.637882 -2.357875e-05 -1.3133734446244527 -0.9975224868792449
-9.608074 -2.375211e-05 -1.3230298691745281 -1.0048566542259187
-9.578037 -2.358306e-05 -1.3136135184004727 -0.9977048257190244
-9.548287 -2.328269e-05 -1.2968824371700491 -0.9849973739082236
-9.518056 -2.371198e-05 -1.3207945650836508 -1.0031589146341906
-9.488074000000001 -2.366046e-05 -1.317924820085843 -1.0009793097558988
-9.458335 -2.332356e-05 -1.299158960424327 -0.9867264199364802
-9.428574000000001 -2.364149e-05 -1.3168681612619222 -1.0001767650248974
-9.398657 -2.382957e-05 -1.327344512954229 -1.008133676622512
-9.368495000000001 -2.375025e-05 -1.3229262642503061 -1.0047779650746451
-9.338722 -2.341029e-05 -1.303989957777973 -0.9903956189095827
-9.308489999999999 -2.371389e-05 -1.3209009550864812 -1.0032397190852298
-9.278741 -2.341318e-05 -1.3041509353215224 -0.9905178832360241
-9.248963 -2.35504e-05 -1.3117943050536485 -0.9963231119122504
-9.218926 -2.361763e-05 -1.3155391217501275 -0.9991673439768379
-9.188833 -2.341761e-05 -1.304397693286202 -0.9907052987952406
-9.158843000000001 -2.353537e-05 -1.3109571104240472 -0.9956872528027642
-9.129241 -2.369896e-05 -1.320069330614096 -1.0026080905752743
-9.099461999999999 -2.355322e-05 -1.3119513834871463 -0.9964424148190202
-9.069370000000001 -2.35533e-05 -1.3119558396129196 -0.996445799298645
-9.039174000000001 -2.336288e-05 -1.301349146241753 -0.9883898916720087
-9.009148 -2.332948e-05 -1.2994887137315285 -0.9869768714287063
-8.979333 -2.35161e-05 -1.3098837411284778 -0.9948720162731703
-8.949618000000001 -2.367905e-05 -1.3189603123123428 -1.0017657782086833
-8.919979999999999 -2.360466e-05 -1.3148166723591808 -0.998618635217687
-8.889481 -2.386929e-05 -1.3295569794005195 -1.0098140707561636
-8.859788 -2.362748e-05 -1.3160877822359272 -0.9995840580306261
-8.829925999999999 -2.341488e-05 -1.3042456279941983 -0.9905898034280484
-8.80013 -2.368678e-05 -1.319390885465158 -1.0020928035524175
-8.769898 -2.344304e-05 -1.3058141842662918 -0.9917811402559344
-8.739972 -2.369334e-05 -1.3197562877785431 -1.0023703308816407
-8.709952999999999 -2.335212e-05 -1.3007497973252853 -0.9879346791624897
-8.680212 -2.380565e-05 -1.3260121313481041 -1.0071217172147338
-8.650473 -2.374888e-05 -1.3228499530964437 -1.0047200058610726
-8.620398 -2.379004e-05 -1.3251426298066487 -1.0064613206279687
-8.590146 -2.345767e-05 -1.3066290982670279 -0.9924000769672972
-8.560602999999999 -2.372357e-05 -1.321440146305013 -1.0036492411198155
-8.530556 -2.355549e-05 -1.3120778260559551 -0.9965384494283703
-8.500684999999999 -2.352404e-05 -1.310326011611447 -0.9952079258759193
-8.470657 -2.348849e-05 -1.3083458207210734 -0.9937039477427038
-8.440444 -2.354765e-05 -1.3116411257302019 -0.9962067704251522
-8.410444 -2.348372e-05 -1.308080124221859 -0.9935021481450826
-8.380730999999999 -2.351763e-05 -1.3099689645338861 -0.9949367444459921
-8.350888999999999 -2.32845e-05 -1.2969832570156632 -0.9850739477597319
-8.320926 -2.392441e-05 -1.3326272500581118 -1.0121459772175658
-8.290759 -2.320215e-05 -1.2923962325480887 -0.9815900490460806
-8.260564 -2.360861e-05 -1.3150366935692224 -0.9987857438991555
-8.230593 -2.37691e-05 -1.3239762388855676 -1.0055754330862094
-8.200967 -2.384944e-05 -1.3284513031930956 -1.0089742967492907
-8.171148 -2.365586e-05 -1.3176685928538963 -1.00078470217748
-8.141167000000001 -2.370641e-05 -1.3204843073267063 -1.0029232702403226
-8.110888 -2.398232e-05 -1.3358529281020373 -1.0145959174058785
-8.080805999999999 -2.359351e-05 -1.3141955998295702 -0.998146923369998
-8.050873 -2.373088e-05 -1.3218473247975204 -1.0039584979455205
-8.021027 -2.353108e-05 -1.3107181506794705 -0.9955057600828909
-7.991139 -2.377865e-05 -1.3245081888997186 -1.0059794553414052
-7.96087 -2.39545e-05 -1.3343033103644786 -1.0134189646163971
-7.93075 -2.369008e-05 -1.3195747006532939 -1.0022324133369354
-7.9009849999999995 -2.38465e-05 -1.328287540570938 -1.0088499171230838
-7.871537 -2.379482e-05 -1.3254088833215847 -1.0066635432855429
-7.84125 -2.370447e-05 -1.320376246276711 -1.002841196609424
-7.811305 -2.363601e-05 -1.3165629166464725 -0.9999449281706072
-7.780953 -2.365735e-05 -1.3177515881964184 -1.0008477381104897
-7.75108 -2.383669e-05 -1.3277411081480253 -1.0084348953091082
-7.720981 -2.350628e-05 -1.3093367516898429 -0.9944565713992414
-7.690926 -2.347702e-05 -1.3077069236883707 -0.993218697976516
-7.661118 -2.381099e-05 -1.326309577743451 -1.0073476312296807
-7.631092 -2.37953e-05 -1.3254356200762227 -1.0066838501632909
-7.601064 -2.365071e-05 -1.3173817297572596 -1.0005668263016414
-7.571429 -2.368361e-05 -1.3192143114814032 -1.0019586935472897
-7.541657 -2.390834e-05 -1.3317321257934618 -1.0114661198729589
-7.511462000000001 -2.36446e-05 -1.3170413931513476 -1.000308336670307
-7.481573999999999 -2.351951e-05 -1.3100736834895517 -0.9950162797171722
-7.451269 -2.390231e-05 -1.3313962453133226 -1.011211014721249
-7.421684 -2.344934e-05 -1.306165104170915 -0.9920476680263778
-7.391777 -2.359598e-05 -1.314333182712811 -0.9982514191784098
-7.362 -2.37822e-05 -1.3247059294808956 -1.0061296416247505
-7.3317120000000005 -2.375178e-05 -1.3230114876557146 -1.004842693247467
-7.3016570000000005 -2.367984e-05 -1.319004316554351 -1.001799199944977
-7.271463 -2.366518e-05 -1.3181877315064499 -1.0011789940537548
-7.2415460000000005 -2.340202e-05 -1.3035293057761899 -0.9900457483283817
-7.2117309999999994 -2.357955e-05 -1.3134180058821825 -0.9975563316754917
-7.181564000000001 -2.360354e-05 -1.314754286598359 -0.9985712525029418
-7.151571 -2.359176e-05 -1.314098122078286 -0.9980728878782081
-7.121676000000001 -2.347525e-05 -1.307608331905643 -0.9931438163648199
-7.091639 -2.369905e-05 -1.320074343755591 -1.0026118981148524
-7.061741 -2.353118e-05 -1.3107237208366869 -0.9955099906824219
-7.031472 -2.356182e-05 -1.3124304170077432 -0.9968062463786729
-7.00162 -2.359281e-05 -1.3141566087290562 -0.9981173091732818
-6.971787 -2.373331e-05 -1.321982679617875 -1.00406130151412
-6.941533000000001 -2.325376e-05 -1.2952709906873907 -0.9837734614639501
-6.911796000000001 -2.358816e-05 -1.3138975964185011 -0.9979205862950976
-6.881684 -2.294192e-05 -1.2779010124242642 -0.9705807598869612
-6.851623 -2.397605e-05 -1.3355036792445785 -1.0143306588152943
-6.821542 -2.362836e-05 -1.31613679961943 -0.9996212873064975
-6.791833 -2.382211e-05 -1.3269289792258974 -1.0078180738975109
-6.761731 -2.334888e-05 -1.3005693242314793 -0.9877976077376904
-6.731844 -2.394725e-05 -1.3338994739663013 -1.013112246150411
-6.702064 -2.377264e-05 -1.3241734224510227 -1.0057251963096014
-6.6716940000000005 -2.386765e-05 -1.3294656288221731 -1.0097446889238577
-6.641966999999999 -2.377462e-05 -1.3242837115639041 -1.0058089621803121
-6.611879 -2.369792e-05 -1.3200114009790473 -1.0025640923401538
-6.5820799999999995 -2.344622e-05 -1.3059913152657683 -0.9919156733210154
-6.551917 -2.362779e-05 -1.3161050497232976 -0.9995971728891718
-6.521694 -2.348276e-05 -1.3080266507125828 -0.9934615343895864
-6.492083 -2.371312e-05 -1.320858064875916 -1.0032071434688423
-6.462185000000001 -2.374198e-05 -1.322465612248523 -1.004428094493444
-6.432009 -2.383623e-05 -1.3277154854248303 -1.0084154345512661
-6.40187 -2.401602e-05 -1.3377300710839104 -1.0160216294477735
-6.372083 -2.373981e-05 -1.3223447398369306 -1.0043362904836248
-6.342065 -2.362571e-05 -1.3159891904531995 -0.99950917641893
-6.3118419999999995 -2.357592e-05 -1.3132158091752333 -0.9974027609125222
-6.281841999999999 -2.337288e-05 -1.3019061619633772 -0.9888129516250933
-6.252174 -2.384075e-05 -1.3279672565310048 -1.0086066576500605
-6.222175 -2.357949e-05 -1.3134146637878528 -0.9975537933157732
-6.192046 -2.381731e-05 -1.3266616116795178 -1.0076150051200303
-6.162324 -2.351934e-05 -1.3100642142222838 -0.9950090876979696
-6.132287 -2.38042e-05 -1.3259313640684685 -1.0070603735215364
-6.101972 -2.342485e-05 -1.3048009726686576 -0.9910115942012737
-6.072092 -2.372395e-05 -1.3214613129024348 -1.0036653173980328
-6.042193 -2.36373e-05 -1.316634771674562 -0.9999995029045552
-6.012481 -2.36563e-05 -1.3176931015456477 -1.0008033168154158
-5.98225 -2.354569e-05 -1.3115319506487635 -0.9961238506743475
-5.952448 -2.361157e-05 -1.3152015702228232 -0.9989109696452686
-5.922212 -2.385488e-05 -1.3287543197456593 -1.0092044413637689
-5.891991 -2.326359e-05 -1.2958185371417472 -0.9841893293978322
-5.861981 -2.382217e-05 -1.3269323213202269 -1.0078206122572293
-5.832018 -2.37948e-05 -1.3254077692901418 -1.006662697165637
-5.802136000000001 -2.370612e-05 -1.3204681538707792 -1.002911001501683
-5.772231 -2.38029e-05 -1.325858952024657 -1.0070053757276352
-5.742334 -2.390275e-05 -1.331420754005074 -1.0112296293591847
-5.712546000000001 -2.365065e-05 -1.3173783876629301 -1.000564287941923
-5.682564 -2.349134e-05 -1.3085045702017364 -0.993824519829333
-5.652361 -2.387348e-05 -1.32979036898788 -1.009991332876506
-5.622027 -2.383434e-05 -1.3276102094534437 -1.0083354762201333
-5.591984999999999 -2.361559e-05 -1.3154254905429161 -0.9990810397464086
-5.56237 -2.342527e-05 -1.3048243673289657 -0.9910293627193032
-5.5321229999999995 -2.365125e-05 -1.3174118086062276 -1.000589671539108
-5.502222 -2.326981e-05 -1.2961650009205972 -0.9844524726886507
-5.472139 -2.340582e-05 -1.3037409717504067 -0.9902065111105537
-5.442305999999999 -2.35748e-05 -1.3131534234144113 -0.9973553781977768
-5.412435 -2.365836e-05 -1.3178078467843024 -1.0008904671657513
-5.382407 -2.372681e-05 -1.3216206193988194 -1.003786312544615
-5.352213 -2.350217e-05 -1.3091078182282554 -0.9942826937585235
-5.322315 -2.37953e-05 -1.3254356200762227 -1.0066838501632909
-5.292212999999999 -2.358065e-05 -1.3134792776115614 -0.9976028682703312
-5.262277 -2.373223e-05 -1.3219225219199395 -1.0040156110391867
-5.232314000000001 -2.393722e-05 -1.3333407871975125 -1.0126879170174672
-5.202332999999999 -2.337319e-05 -1.3019234294507476 -0.9888260664836389
-5.172542 -2.395862e-05 -1.3345328008417876 -1.0135932653170678
-5.142296 -2.370529e-05 -1.3204219215658843 -1.002875887525577
-5.11199 -2.327214e-05 -1.296294785583736 -0.9845510456577194
-5.082297 -2.351978e-05 -1.3100887229140354 -0.9950277023359054
-5.052416 -2.357561e-05 -1.3131985416878629 -0.9973896460539765
-5.022287 -2.34664e-05 -1.307115372992006 -0.9927694083063401
-4.992573999999999 -2.367592e-05 -1.3187859663914743 -1.0016333604433676
-4.962509 -2.33982e-05 -1.3033165257705295 -0.9898841394263034
-4.932655 -2.341176e-05 -1.3040718390890516 -0.990457808722686
-4.90299 -2.377725e-05 -1.3244302066986913 -1.0059202269479735
-4.872879 -2.371242e-05 -1.3208190737754024 -1.0031775292721263
-4.842426000000001 -2.371186e-05 -1.3207878808949913 -1.0031538379147535
-4.812703000000001 -2.312934e-05 -1.2883406010789433 -0.9785097495276719
-4.782759 -2.311586e-05 -1.2875897438861943 -0.9779394647109141
-4.7528630000000005 -2.353364e-05 -1.3108607467042064 -0.9956140634308807
-4.722731 -2.343211e-05 -1.3052053660825567 -0.9913187357272131
-4.692768 -2.335503e-05 -1.3009118889002782 -0.9880577896088375
-4.662527 -2.361573e-05 -1.3154332887630187 -0.9990869625857517
-4.6324629999999996 -2.37797e-05 -1.3245666755504892 -1.006023876636479
-4.602472 -2.357928e-05 -1.3134029664576985 -0.9975449090567583
-4.572564000000001 -2.351963e-05 -1.310080367678211 -0.995021356436609
-4.542527 -2.337567e-05 -1.3020615693497102 -0.9889309853520037
-4.512277 -2.349643e-05 -1.308788091204043 -0.994039857345453
-4.482467 -2.370023e-05 -1.3201400716107425 -1.0026618191893162
-4.452824 -2.376718e-05 -1.3238692918670156 -1.0054942055752172
-4.4227870000000005 -2.368574e-05 -1.3193329558301088 -1.0020488053172965
-4.393042 -2.360562e-05 -1.3148701458684569 -0.9986592489731834
-4.362602 -2.332452e-05 -1.299212433933603 -0.9867670336919765
-4.3325 -2.352667e-05 -1.3104725067462344 -0.9953191906435807
-4.302435 -2.35352e-05 -1.3109476411567798 -0.9956800607835619
-4.272759 -2.359212e-05 -1.314118174644264 -0.998088118036519
-4.24275 -2.356702e-05 -1.3127200651829878 -0.9970262375542769
-4.212667000000001 -2.322025e-05 -1.2934044310042283 -0.9823557875611637
-4.182462 -2.327061e-05 -1.2962095621783276 -0.9844863174848977
-4.152648 -2.340241e-05 -1.3035510293893329 -0.9900622476665518
-4.122639 -2.370547e-05 -1.3204319478488735 -1.0028835026047325
-4.092463 -2.343529e-05 -1.3053824970820331 -0.991453268792294
-4.062259 -2.356238e-05 -1.3124616098881539 -0.9968299377360454
-4.031898 -2.353377e-05 -1.3108679879085874 -0.9956195632102707
-4.0020549999999995 -2.354827e-05 -1.3116756607049425 -0.9962330001422433
-3.972335 -2.342553e-05 -1.304838849737728 -0.9910403622780833
-3.94238 -2.339452e-05 -1.3031115439849716 -0.9897284533635682
-3.9122310000000002 -2.313877e-05 -1.288865866904435 -0.9789086950634308
-3.8819630000000003 -2.296008e-05 -1.2789125529747338 -0.9713490367617629
-3.852102 -2.352558e-05 -1.310411792032577 -0.9952730771086943
-3.822297 -2.353457e-05 -1.3109125491663174 -0.9956534080065175
-3.792417 -2.343134e-05 -1.3051624758719915 -0.9912861601108255
-3.762268 -2.300037e-05 -1.2811567693171573 -0.9730535453127405
-3.732599 -2.337937e-05 -1.302267665166711 -0.9890875175346451
-3.702629 -2.333263e-05 -1.2996641736838401 -0.987110135313928
-3.67275 -2.340515e-05 -1.3037036516970584 -0.9901781660936972
-3.6427310000000004 -2.351923e-05 -1.3100580870493461 -0.9950044340384858
-3.612602 -2.352118e-05 -1.3101667051150627 -0.9950869307293373
-3.5823609999999997 -2.325849e-05 -1.2955344591237188 -0.983973568821759
-3.552391 -2.347961e-05 -1.3078511907602712 -0.9933282705043647
-3.522463 -2.351165e-05 -1.309635869132355 -0.9946837545940478
-3.4925279999999996 -2.330756e-05 -1.2982677352697283 -0.9860495240115449
-3.462555 -2.335204e-05 -1.3007453411995122 -0.9879312946828649
-3.432241 -2.332472e-05 -1.2992235742480354 -0.986775494891038
-3.402379 -2.333836e-05 -1.2999833436923307 -0.9873525486670455
-3.372102 -2.329669e-05 -1.297662259180323 -0.985589657842542
-3.342458 -2.37358e-05 -1.3221213765325592 -1.004166643442438
-3.3127590000000002 -2.33742e-05 -1.3019796880386316 -0.9888687955389005
-3.282491 -2.330913e-05 -1.2983551867380234 -0.9861159444241792
-3.252296 -2.333648e-05 -1.2998786247366654 -0.9872730133958656
-3.2222310000000003 -2.278559e-05 -1.2691931856481147 -0.9639670636403904
-3.192352 -2.325653e-05 -1.2954252840422804 -0.9838906490709544
-3.162391 -2.321033e-05 -1.2928518714083772 -0.9819361120877038
-3.132583 -2.315365e-05 -1.2896947062982118 -0.9795382082736206
-3.1020459999999996 -2.330261e-05 -1.2979920124875244 -0.9858401093347681
-3.072165 -2.305103e-05 -1.283978610962905 -0.9751967670350669
-3.042379 -2.32436e-05 -1.2947050627142207 -0.9833436325516162
-3.012324 -2.316143e-05 -1.2901280645296354 -0.9798673489171204
-2.982046 -2.297309e-05 -1.2796372304285668 -0.9718994377607258
-2.9521840000000004 -2.297105e-05 -1.2795235992213556 -0.9718131335302967
-2.922315 -2.332602e-05 -1.2992959862918465 -0.986830492684939
-2.892352 -2.312987e-05 -1.2883701229121898 -0.9785321717051856
-2.862287 -2.32651e-05 -1.2959026465157124 -0.984253211450748
-2.83262 -2.301815e-05 -1.282147143270205 -0.9738057459093249
-2.8023789999999997 -2.294999e-05 -1.278350524111615 -0.9709221692691006
-2.772139 -2.26786e-05 -1.2632336744424584 -0.9594407452023389
-2.742165 -2.339568e-05 -1.30317615780868 -0.989777528318126
-2.712139 -2.333542e-05 -1.2998195810701734 -0.9872281690408387
-2.6822310000000003 -2.303081e-05 -1.2828523251737811 -0.9743413398099299
-2.652297 -2.30735e-05 -1.2852302252893943 -0.9761473827496477
-2.622398 -2.325379e-05 -1.2952726617345556 -0.9837747306438094
-2.592324 -2.289839e-05 -1.2754763229880348 -0.9687391799111843
-2.5624540000000002 -2.30257e-05 -1.2825676901400311 -0.9741251561739037
-2.532046 -2.32066e-05 -1.2926441045442112 -0.9817783107252032
-2.502305 -2.288362e-05 -1.2746536107671957 -0.9681143203604783
-2.472176 -2.329739e-05 -1.2977012502808367 -0.985619272039258
-2.442373 -2.276644e-05 -1.2681265005412043 -0.9631569038302334
-2.41225 -2.338919e-05 -1.302814654605346 -0.9895029624085743
-2.3824810000000003 -2.282865e-05 -1.271591695345428 -0.9657887597983725
-2.3525189999999996 -2.287342e-05 -1.2740854547311393 -0.9676827992083321
-2.3222959999999997 -2.287998e-05 -1.2744508570445245 -0.9679603265375555
-2.291953 -2.310815e-05 -1.287160284764822 -0.9776132854870858
-2.262203 -2.276997e-05 -1.2683231270909379 -0.9633062439936724
-2.232583 -2.290616e-05 -1.2759091242037366 -0.969067897494731
-2.202324 -2.314077e-05 -1.2889772700487596 -0.9789933070540475
-2.171935 -2.306967e-05 -1.2850168882680124 -0.9759853507876165
-2.141873 -2.284045e-05 -1.2722489738969447 -0.9662879705430124
-2.1124810000000003 -2.272982e-05 -1.266086708968617 -0.9616076582820379
-2.0823519999999998 -2.297866e-05 -1.2799474881855115 -0.9721350821545941
-2.051953 -2.276921e-05 -1.2682807938960943 -0.9632740914372379
-2.02187 -2.274178e-05 -1.2667528997716795 -0.9621136379859271
-1.991891 -2.272734e-05 -1.2659485690696544 -0.961502739413673
-1.962083 -2.251692e-05 -1.2542278442552397 -0.9526007118808677
-1.932055 -2.236636e-05 -1.2458414155504671 -0.9462311212272267
-1.9019439999999999 -2.248192e-05 -1.2522782892295554 -0.9511200020450719
-1.8719949999999999 -2.250596e-05 -1.2536173550243397 -0.952137038172287
-1.842018 -2.228249e-05 -1.2411697246932056 -0.9426829174007065
-1.811898 -2.288605e-05 -1.2747889655875504 -0.9682171239290779
-1.781879 -2.253395e-05 -1.2551764420291658 -0.9533211829809709
-1.7519069999999999 -2.248783e-05 -1.2526074855210352 -0.9513700304773448
-1.721627 -2.215011e-05 -1.2337959505703457 -0.9370824497417732
-1.692052 -2.208989e-05 -1.230441601894725 -0.9345347827042979
-1.662037 -2.208083e-05 -1.229936945650934 -0.9341514903868035
-1.631953 -2.241193e-05 -1.248379736193908 -0.9481590054334329
-1.602037 -2.2721e-05 -1.2655954211021447 -0.9612345194034175
-1.5718610000000002 -2.228443e-05 -1.2412777857432005 -0.9427649910316047
-1.541648 -2.226354e-05 -1.240114179900728 -0.9418812187896113
-1.51149 -2.178097e-05 -1.2132342722223135 -0.9214656146336101
-1.4818630000000002 -2.216356e-05 -1.2345451367159301 -0.9376514653786719
-1.451703 -2.179684e-05 -1.2141182561725306 -0.9221370107791551
-1.421712 -2.15083e-05 -1.1980461245407885 -0.9099300388928534
-1.391777 -2.149493e-05 -1.197301394520977 -0.9093644077355792
-1.361769 -2.185525e-05 -1.2173717850025372 -0.924608103965122
-1.331787 -2.160026e-05 -1.203168441116844 -0.913820498221419
-1.301852 -2.15911e-05 -1.2026582147158362 -0.9134329753043935
-1.271768 -2.137869e-05 -1.1908266437728183 -0.9044467588409244
-1.241712 -2.09405e-05 -1.1664187718669714 -0.8859086947567123
-1.211676 -2.088325e-05 -1.1632298568606734 -0.8834866765253032
-1.182193 -2.08301e-05 -1.1602693183002413 -0.8812381128746588
-1.152269 -2.064e-05 -1.1496804494321669 -0.8731957431665214
-1.1221020000000002 -2.06653e-05 -1.1510896992078758 -0.8742660848478254
-1.0918240000000001 -2.074688e-05 -1.1556338334648855 -0.8777174079450892
-1.0617590000000001 -2.024371e-05 -1.1276064733999251 -0.8564303002857337
-1.031768 -1.999165e-05 -1.1135663351206675 -0.8457666511082843
-1.001648 -1.937859e-05 -1.07941792929078 -0.8198305376244827
-0.9719761 -1.943325e-05 -1.082462577225177 -0.8221429833280427
-0.942009 -1.922934e-05 -1.0711044696455398 -0.8135163678246955
-0.9119071 -1.903685e-05 -1.0603824740199974 -0.8053728867877711
-0.8815738 -1.867198e-05 -1.0400586413850983 -0.7899366982795748
-0.8519007000000001 -1.80559e-05 -1.0057420168072801 -0.7638728206899417
-0.8219164 -1.812552e-05 -1.009619960261227 -0.7668181640833162
-0.7921571000000001 -1.768553e-05 -0.9851118255254879 -0.748203949207549
-0.7619811999999999 -1.699331e-05 -0.9465540832432237 -0.7189188931351299
-0.7317497 -1.633834e-05 -0.9100712245240091 -0.6912097353879507
-0.7021201 -1.559447e-05 -0.8686364960395563 -0.6597395746578499
-0.6718818 -1.569588e-05 -0.8742851924725465 -0.6640298256420805
-0.6419719 -1.491373e-05 -0.8307182078057164 -0.6309401914115719
-0.6116942000000001 -1.432704e-05 -0.7980386524337515 -0.6061196870240542
-0.5814534 -1.396147e-05 -0.7776758286983388 -0.5906538843191421
-0.5515798999999999 -1.351506e-05 -0.7528100898693169 -0.5717680649534945
-0.5214384 -1.282426e-05 -0.7143314438195234 -0.5425430833944136
-0.49171190000000004 -1.224969e-05 -0.6823269915021667 -0.5182353276700342
-0.4615315 -1.158952e-05 -0.6455544846077076 -0.4903061787472511
-0.43160149999999997 -1.102145e-05 -0.6139120925094067 -0.4662734119923768
-0.4014667 -1.074717e-05 -0.5986342652967006 -0.4546697235991737
-0.3717682 -1.030332e-05 -0.5739111224924144 -0.43589220758151564
-0.3418793 -9.204457e-06 -0.5127027258013108 -0.3894037146588804
-0.3116459 -8.683621e-06 -0.4836913417625292 -0.36736922928640564
-0.2817404 -8.120826e-06 -0.4523427754573849 -0.34355962665678336
-0.2516848 -7.45541e-06 -0.41527805811536195 -0.3154085404826122
-0.2216836 -6.789205e-06 -0.3781693922329028 -0.28722407487814255
-0.19169409999999998 -6.244037e-06 -0.34780267754026545 -0.26416020002782253
-0.1615367 -5.603708e-06 -0.3121353455390808 -0.2370704443579545
-0.1314256 -5.201531e-06 -0.2897334543515188 -0.2200559460827858
-0.1011849 -4.632941e-06 -0.25806209743569347 -0.19600118021035112
-0.07160816 -4.010074e-06 -0.22336742628760886 -0.16965017183055936
-0.0415367 -3.203069e-06 -0.17841597904468223 -0.13550902208665924
-0.01170336 -2.073859e-06 -0.11551720674316591 -0.08773666912439822
0.01851886 -1.617361e-06 -0.09008955045416953 -0.06842406687807889
0.0485711 -1.134172e-06 -0.06317516350258622 -0.047982275310981586
0.07831637999999999 -4.804984e-07 -0.026764516301523118 -0.020327963056120373
0.10837999999999999 1.238953e-07 0.0069011629935335815 0.005241513980539686
0.1385652 1.111758e-06 0.061926668464137934 0.04703402873213786
0.1686022 1.847332e-06 0.10289929670593138 0.07815321892515971
0.1987226 2.165583e-06 0.1206263777481909 0.09161714423807098
0.2286183 3.326744e-06 0.18530487098186843 0.14074121605643247
0.2585281 3.823283e-06 0.21296287392181992 0.16174779266089764
0.2884726 4.46816e-06 0.24888353667319912 0.18902995599742847
0.318656 5.043089e-06 0.2809079858549621 0.2133528995741235
0.3484911 6.040872e-06 0.3364860676318892 0.2555651024909802
0.3787504 6.820444e-06 0.3799094536456844 0.28854567186558344
0.4086485 7.531207e-06 0.4195000701805563 0.3186152080090072
0.4386763 8.093925e-06 0.45084434746464397 0.3424215530769907
0.46878739999999997 8.943366e-06 0.4981595466238547 0.3783580000378004
0.49875040000000004 9.581932e-06 0.5337286767533169 0.40537317023793956
0.5288058999999999 1.063786e-05 0.5925455264436275 0.4500452552520064
0.558704 1.122863e-05 0.6254523442300151 0.4750383681003826
0.5889076999999999 1.238049e-05 0.68961275714101 0.5237689518563802
0.6185900000000001 1.324234e-05 0.737619157109184 0.5602303739129725
0.6488058999999999 1.368461e-05 0.7622542914294537 0.5789410464580431
0.6791207 1.478088e-05 0.8233182539439402 0.6253198399348436
0.7090281 1.555001e-05 0.8661600041412156 0.6578586501064361
0.7391115 1.584757e-05 0.8827345639538625 0.67044722207042
0.768873 1.641537e-05 0.9143619166276796 0.694468566206561
0.7987504 1.691968e-05 0.9424527764849052 0.7158039027005683
0.8292504 1.734456e-05 0.9661192604652705 0.7337788739872249
0.8586655 1.805511e-05 1.005698012565272 0.7638393989536479
0.8885744 1.825018e-05 1.0165637182469933 0.7720920294584682
0.9188707 1.884889e-05 1.0499128065163505 0.7974210519095938
0.9489911 1.895078e-05 1.0555882397039786 0.8017316097715723
0.9788541000000001 1.922272e-05 1.0707357252378247 0.8132363021357536
1.008815 1.943851e-05 1.0827555674947515 0.8223655128633652
1.039 1.976965e-05 1.1012005861006124 0.8363747201498073
1.0689629999999999 1.989439e-05 1.1081488002121513 0.8416519700045839
1.098835 2.010192e-05 1.1197085474830166 0.8504317332109477
1.1290470000000001 2.054033e-05 1.1441286737347394 0.8689791046141276
1.158986 2.068443e-05 1.152155270283343 0.8750753985380763
1.188815 2.100346e-05 1.1699257428503167 0.8885722802213326
1.218834 2.119607e-05 1.1806544226645188 0.8967208379776943
1.24876 2.144097e-05 1.1942957376870933 0.907081576228735
1.278686 2.152461e-05 1.1989546171827576 0.9106200496763344
1.3087229999999999 2.141491e-05 1.1928441547165411 0.9059790819909969
1.3385 2.15699e-05 1.2014773413859932 0.9125360882038543
1.368621 2.110088e-05 1.175352190010379 0.8926937302842823
1.398797 2.148754e-05 1.1968897599026969 0.9090517664302498
1.428732 2.19956e-05 1.2251895006555316 0.9305457504066638
1.4587970000000001 2.176042e-05 1.2120896049143757 0.9205962264300211
1.4889539999999999 2.199436e-05 1.2251204307060501 0.9304932909724812
1.5189359999999998 2.183928e-05 1.2164822308951035 0.923932477220046
1.5491210000000002 2.219591e-05 1.236347082575384 0.9390200643269003
1.5789300000000002 2.247764e-05 1.2520398865007 0.9509389323851515
1.60888 2.299802e-05 1.281025870622576 0.9729541262237658
1.638973 2.19957e-05 1.2251950708127477 0.9305499810061946
1.669278 2.242167e-05 1.2489222695067699 0.9485710658277373
1.699306 2.207673e-05 1.2297085692050678 0.9339780358060387
1.72925 2.229511e-05 1.2418726785338954 0.9432168190614992
1.7593800000000002 2.234712e-05 1.2447697173020622 0.9454171538774919
1.789325 2.224077e-05 1.2388458551025898 0.9409179112764378
1.8190050000000002 2.239042e-05 1.2471815953766947 0.9472490034743482
1.848806 2.174757e-05 1.2113738397120888 0.9200525943903076
1.878936 2.172578e-05 1.2101601024546695 0.9191307467525361
1.909343 2.227765e-05 1.2409001290839394 0.9424781563834135
1.939269 2.287502e-05 1.274174577246599 0.9677504888008256
1.9694079999999998 2.299933e-05 1.2810988396821086 0.9730095470776198
1.999137 2.256379e-05 1.2568385769424917 0.9545835938809749
2.029121 2.261588e-05 1.259740071836432 0.9567873131765925
2.059186 2.295239e-05 1.2784842078848049 0.9710237036578409
2.089176 2.282727e-05 1.271514827175844 0.9657303775248469
2.119315 2.286206e-05 1.273452684871374 0.967202203101628
2.148939 2.286587e-05 1.273664907861313 0.9673633889437532
2.179074 2.267328e-05 1.2629373420785541 0.9592156773072977
2.209112 2.281777e-05 1.270985662240301 0.9653284705694166
2.239389 2.264341e-05 1.2612735361180631 0.9579519972274343
2.26926 2.315404e-05 1.289716429911355 0.9795547076117909
2.299334 2.280892e-05 1.2704927033266635 0.9649540625109366
2.3292689999999996 2.270505e-05 1.2647069810261542 0.9605597387782475
2.359324 2.324091e-05 1.2945552254851038 0.9832298294242365
2.3894450000000003 2.331877e-05 1.298892149893669 0.9865237742189528
2.419324 2.3318e-05 1.298849259683104 0.9864911986025653
2.449326 2.294059e-05 1.2778269293332885 0.9705244929132011
2.479463 2.301232e-05 1.2818224031044985 0.9735591019566767
2.50925 2.275776e-05 1.2676430108948349 0.9627896877909562
2.539 2.324599e-05 1.294838189471689 0.9834447438804035
2.569214 2.299755e-05 1.2809996908836594 0.9729342424059707
2.599024 2.298874e-05 1.2805089600329085 0.9725615265873032
2.62925 2.302053e-05 1.2822797130119514 0.9739064341781589
2.6592689999999997 2.314665e-05 1.289304795293075 0.9792420663064615
2.689399 2.317104e-05 1.2906633566381163 0.9802739095320347
2.7195650000000002 2.307059e-05 1.2850681337144019 0.9760242723033004
2.74925 2.325244e-05 1.2951974646121365 0.983717617550143
2.779306 2.275532e-05 1.2675070990587587 0.9626864611624036
2.809373 2.320448e-05 1.2925260172112272 0.9816886220151494
2.839445 2.296944e-05 1.2794339196901738 0.97174502087785
2.8692689999999996 2.333995e-05 1.300071909192069 0.9874198151995858
2.899458 2.312001e-05 1.2878209054106684 0.9781150345914442
2.929575 2.314234e-05 1.289064721517055 0.979059727466682
2.959565 2.320425e-05 1.2925132058496298 0.9816788916362285
2.98943 2.289006e-05 1.2750123288919217 0.9683867709702648
3.019417 2.312428e-05 1.2880587511238017 0.9782956811914112
3.0495740000000002 2.323671e-05 1.2943212788820215 0.9830521442439408
3.0794360000000003 2.292958e-05 1.2772136550237803 0.9700587039048549
3.109458 2.347953e-05 1.3078467346344984 0.9933248860247401
3.139065 2.34364e-05 1.3054443258271335 0.9915002284470864
3.1697040000000003 2.319134e-05 1.291794098553013 0.9811327212367963
3.199602 2.314927e-05 1.2894507334121406 0.9793529080141696
3.229667 2.333414e-05 1.299748283057805 0.9871740173668436
3.2595189999999996 2.33575e-05 1.3010494717835193 0.9881622854172493
3.289612 2.346288e-05 1.3069193034579942 0.9926204912028543
3.319547 2.38895e-05 1.3306827081739219 1.0106690749213474
3.349806 2.343958e-05 1.30562145682661 0.9916347615121672
3.379732 2.303895e-05 1.283305735971183 0.9746857106117407
3.4094960000000003 2.34416e-05 1.305733974002378 0.9917202196226903
3.439547 2.326762e-05 1.2960430144775619 0.9843598225589253
3.469982 2.345734e-05 1.3066107167482144 0.9923861159888454
3.499779 2.346435e-05 1.3070011847690728 0.9926826810159576
3.5295189999999996 2.329306e-05 1.2974600624733734 0.9854360870795723
3.559491 2.351718e-05 1.3099438988264132 0.9949177067481035
3.58988 2.354163e-05 1.311305802265784 0.9959520883333951
3.6201019999999997 2.368062e-05 1.3190477637806373 1.0018321986213172
3.649902 2.315773e-05 1.2899219687126342 0.979710816734479
3.679612 2.342233e-05 1.3046606047068083 0.9909049830930964
3.7097779999999996 2.315827e-05 1.289952047561602 0.9797336619719456
3.739538 2.263564e-05 1.2608407349023611 0.9576232796438876
3.769593 2.342159e-05 1.304619385543408 0.9908736766565681
3.7998060000000002 2.329234e-05 1.2974199573414165 0.9854056267629503
3.829602 2.318385e-05 1.2913768937775165 0.9808158493319359
3.8596660000000003 2.295589e-05 1.2786791633873733 0.9711717746414205
3.889547 2.317447e-05 1.2908544130306332 0.9804190190959428
3.919565 2.32737e-05 1.2963816800363093 0.9846170430104006
3.949871 2.366656e-05 1.3182645996760338 1.0012373763272804
3.979797 2.299249e-05 1.2807178409285174 0.9727201740697098
4.009722 2.345071e-05 1.3062414153247777 0.9921056272399504
4.039518999999999 2.33889e-05 1.3027985011494188 0.9894906936699346
4.0697600000000005 2.340536e-05 1.3037153490272122 0.9901870503527119
4.099996 2.312335e-05 1.2880069486616907 0.9782563366157744
4.129778 2.37156e-05 1.3209962047748787 1.0033120623372072
4.160233 2.333128e-05 1.2995889765614208 0.9870530222202616
4.190223 2.379599e-05 1.3254740541610148 1.0067130413000538
4.2201 2.343987e-05 1.305637610282537 0.9916470302508067
4.249896 2.361446e-05 1.3153625477663724 0.99903323397171
4.280138 2.324442e-05 1.2947507380033936 0.983378323467769
4.31013 2.335884e-05 1.3011241118902168 0.9882189754509626
4.34025 2.36765e-05 1.3188182733033285 1.0016578979206465
4.369958 2.344824e-05 1.3061038324415364 0.9920011314315385
4.40025 2.352859e-05 1.3105794537647861 0.9954004181545729
4.430029 2.364018e-05 1.3167951922023897 1.0001213441710435
4.46013 2.402016e-05 1.3379606755926627 1.0161967762683504
4.490242 2.350399e-05 1.309209195089591 0.994359690669985
4.5202219999999995 2.355552e-05 1.31207949710312 0.9965397186082297
4.550056 2.35352e-05 1.3109476411567798 0.9956800607835619
4.5802510000000005 2.358178e-05 1.3135422203881049 0.9976506740450296
4.61026 2.368244e-05 1.319149140641973 1.0019091955327788
4.640167 2.373996e-05 1.322353095072755 1.004342636382921
4.669949 2.349929e-05 1.3089473977004276 0.9941608524920352
4.700001 2.399882e-05 1.3367720040427167 1.015293966328468
4.730186 2.341805e-05 1.3044222019779532 0.9907239134331762
4.76025 2.352679e-05 1.3104791909348938 0.9953242673630176
4.790417000000001 2.359179e-05 1.3140997931254506 0.9980741570580672
4.82038 2.333311e-05 1.299690910438478 0.987130442191676
4.850289 2.384037e-05 1.3279460899335829 1.0085905813718432
4.8804359999999996 2.347403e-05 1.307540375987605 0.9930922030505436
4.910714 2.349552e-05 1.3087374027733754 0.9940013588897224
4.940345000000001 2.29522e-05 1.278473624586094 0.9710156655187322
4.970334 2.340491e-05 1.3036902833197392 0.9901680126548231
5.000241 2.365318e-05 1.317519312640501 1.0006713221100534
5.0301279999999995 2.354357e-05 1.3114138633157792 0.9960341619642936
5.0598339999999995 2.361956e-05 1.3156466257844008 0.9992489945477832
5.089982 2.349462e-05 1.308687271358429 0.9939632834939446
5.120223 2.372526e-05 1.3215342819619678 1.003720738251887
5.1501220000000005 2.356599e-05 1.3126626925636604 0.9969826623791092
5.180213 2.340403e-05 1.3036412659362362 0.9901307833789517
5.210362 2.348205e-05 1.3079871025963477 0.9934314971329175
5.240214 2.326217e-05 1.2957394409092764 0.9841292548844941
5.270288 2.348821e-05 1.308330224280868 0.9936921020640175
5.300149 2.353609e-05 1.3109972155560041 0.9957177131193862
5.33051 2.406088e-05 1.340228843611116 1.0179194763973107
5.36026 2.328327e-05 1.2969147440819035 0.9850219113855027
5.389908 2.34579e-05 1.3066419096286255 0.9924098073462182
5.420103 2.339185e-05 1.302962820787298 0.9896154963560947
5.45013 2.32999e-05 1.2978410612269644 0.9857254600874823
5.480364 2.361406e-05 1.3153402671375074 0.9990163115735865
5.510492 2.36544e-05 1.317587268558539 1.0007229354243297
5.540492 2.347097e-05 1.3073699291767882 0.9929627467048997
5.570270000000001 2.346369e-05 1.3069644217314456 0.9926547590590541
5.6001769999999995 2.387987e-05 1.3301463020339979 1.010261668186527
5.630363999999999 2.358503e-05 1.3137232504976326 0.9977881685297821
5.660372000000001 2.355645e-05 1.312131299565231 0.9965790631838665
5.690371 2.346136e-05 1.3068346370683073 0.9925561860899854
5.720555999999999 2.357421e-05 1.3131205594868354 0.9973304176605446
5.750374 2.307714e-05 1.2854329790120655 0.9763013765725705
5.780473 2.376737e-05 1.3238798751657268 1.005502243714326
5.810622 2.336859e-05 1.3016672022188005 0.9886314589052201
5.840477 2.37436e-05 1.3225558487954263 1.004496630205844
5.870325 2.386868e-05 1.3295230014415005 1.0097882640990254
5.900325 2.39042e-05 1.3315015212847094 1.0112909730523818
5.930556999999999 2.368801e-05 1.3194593983989178 1.0021448399266468
5.960742 2.360149e-05 1.3146400983754258 0.9984845252125593
5.990562 2.327301e-05 1.2963432459515174 0.984587851873638
6.020288 2.353513e-05 1.3109437420467285 0.9956770993638903
6.050464 2.273557e-05 1.266406993008551 0.9618509177550617
6.0805050000000005 2.358123e-05 1.3135115845234155 0.99762740574761
6.11052 2.437995e-05 1.3580015442409765 1.0314180503203796
6.140658 2.372422e-05 1.3214763523269184 1.0036767400167659
6.170694999999999 2.371175e-05 1.3207817537220534 1.0031491842552696
6.200345 2.369281e-05 1.3197267659452971 1.0023479087041274
6.2303429999999995 2.462899e-05 1.3718734637723033 1.0419539353919973
6.260547 2.376939e-05 1.3239923923414947 1.005587701824849
6.290492 2.37744e-05 1.3242714572180285 1.0057996548613444
6.32038 2.385038e-05 1.3285036626709286 1.0090140643848808
6.350445 2.356966e-05 1.3128671173334965 0.9971379253818913
6.3804359999999996 2.368613e-05 1.3193546794432525 1.002065304655467
6.4105810000000005 2.389492e-05 1.3309846106950423 1.0108983734159194
6.440492 2.369344e-05 1.3197618579357595 1.0023745614811717
6.470612 2.335284e-05 1.3007899024572425 0.9879651394791119
6.500393 2.370671e-05 1.3205010177983547 1.0029359620389149
6.530205 2.406521e-05 1.3404700314185791 1.0181026613569961
6.560288 2.360317e-05 1.3147336770166589 0.9985555992846775
6.590666000000001 2.354658e-05 1.311581525047988 0.996161503010172
6.620557 2.363614e-05 1.3165701578508535 0.9999504279499973
6.650853 2.319862e-05 1.2921996059983554 0.9814407088826419
6.680732 2.394778e-05 1.3339289957995473 1.0131346683279243
6.710325 2.368016e-05 1.319022141057443 1.0018127378634756
6.740779000000001 2.35166e-05 1.309911591914559 0.9948931692708246
6.770543 2.320108e-05 1.2923366318658749 0.9815447816311007
6.800575 2.338289e-05 1.3024637347007226 0.9892364346381308
6.830677 2.364035e-05 1.3168046614696574 1.0001285361902459
6.860364 2.381138e-05 1.3263313013565945 1.0073641305678511
6.8904819999999996 2.350204e-05 1.309100577023874 0.9942771939791333
6.920742000000001 2.358858e-05 1.3139209910788092 0.9979383548131272
6.950908 2.376289e-05 1.3236303321224392 1.005312712855344
6.9808069999999995 2.369986e-05 1.3201194620290424 1.0026461659710522
7.010806 2.408468e-05 1.3415545410285814 1.0189263590856519
7.0406189999999995 2.367681e-05 1.3188355407906986 1.0016710127791921
7.070677 2.373844e-05 1.3222684286830682 1.0042783312700523
7.100612 2.363783e-05 1.316664293507808 1.0000219250820686
7.130584 2.36872e-05 1.319414280125466 1.0021105720704468
7.160806 2.371774e-05 1.3211154061393064 1.0034025971671674
7.190908 2.372014e-05 1.3212490899124962 1.0035041315559077
7.22125 2.369692e-05 1.3199556994068848 1.0025217863448452
7.2508919999999994 2.384861e-05 1.3284050708882011 1.0089391827731848
7.280621 2.393223e-05 1.3330628363524217 1.0124768101008779
7.310797 2.340831e-05 1.3038796686650915 0.990311853038872
7.341029000000001 2.366214e-05 1.3180183987270762 1.0010503838280171
7.3711400000000005 2.36227e-05 1.3158215287209907 0.9993818353730516
7.401194 2.397299e-05 1.335333232433762 1.0142012024696507
7.431057 2.351753e-05 1.3099633943766698 0.9949325138464613
7.460958 2.359948e-05 1.3145281382153795 0.9983994901619893
7.490825 2.38079e-05 1.3261374598854692 1.0072169057041775
7.52088 2.362313e-05 1.3158454803970203 0.9994000269510341
7.551037999999999 2.37412e-05 1.3224221650222365 1.0043950958171037
7.580987 2.370166e-05 1.320219724858935 1.0027223167626074
7.610621 2.360919e-05 1.3150690004810766 0.9988102813764344
7.640788 2.358346e-05 1.3136357990293377 0.9977217481171479
7.670732 2.369068e-05 1.3196081215965914 1.0022577969341204
7.701232 2.386137e-05 1.3291158229489932 1.0094790072733206
7.731043 2.380731e-05 1.3261045959578934 1.0071919451669455
7.760825 2.362393e-05 1.3158900416547505 0.9994338717472812
7.790945 2.397338e-05 1.335354956046905 1.0142177018078207
7.8212600000000005 2.383617e-05 1.3277121433305008 1.0084128961915477
7.850883 2.412852e-05 1.3439964979521812 1.0207810539199744
7.880807 2.368559e-05 1.3193246005942847 1.0020424594180004
7.910732 2.334363e-05 1.3002768909776266 0.9875755012623209
7.940921 2.350698e-05 1.3093757427903565 0.9944861855959571
7.970686 2.350917e-05 1.3094977292333922 0.9945788357256827
8.001 2.355693e-05 1.3121580363198688 0.9965993700616145
8.031371 2.356625e-05 1.3126771749724226 0.9969936619378894
8.061093 2.369717e-05 1.3199696247999253 1.0025323628436722
8.09093 2.385551e-05 1.3287894117361216 1.0092310941408131
8.120853 2.361206e-05 1.3152288639931826 0.9989316995829697
8.151094 2.374302e-05 1.3225235418835721 1.004472092728565
8.181298 2.384953e-05 1.3284563163345906 1.0089781042888688
8.211279000000001 2.374531e-05 1.322651098483824 1.0045689734578214
8.241149 2.386039e-05 1.3290612354082743 1.0094375473979185
8.271362 2.363843e-05 1.3166977144511054 1.0000473086792536
8.30143 2.347755e-05 1.3077364455216167 0.9932411201540293
8.33113 2.362781e-05 1.3161061637547407 0.9995980190090779
8.361094 2.361105e-05 1.3151726054052988 0.9988889705277082
8.39127 2.371153e-05 1.3207694993761778 1.0031398769363018
8.421288 2.428098e-05 1.3524887596440627 1.0272310259647017
8.451288 2.371286e-05 1.3208435824671536 1.0031961439100618
8.481195 2.366261e-05 1.3180445784659924 1.001070267645812
8.511492 2.352097e-05 1.3101550077849085 0.9950780464703224
8.541317 2.383784e-05 1.3278051649560116 1.0084835472037126
8.571001 2.386426e-05 1.3292768004925426 1.009601271599762
8.601121 2.356879e-05 1.312818656965715 0.9971011191659728
8.631307000000001 2.372505e-05 1.3215225846318137 1.0037118539928722
8.661149 2.341732e-05 1.3043815398302747 0.9906930300566011
8.691224 2.349891e-05 1.3089262311030059 0.994144776213818
8.721223 2.363565e-05 1.3165428640804941 0.9999296980122963
8.750955 2.369993e-05 1.3201233611390937 1.0026491273907236
8.78102 2.349548e-05 1.308735174710489 0.99399966664991
8.811157999999999 2.372718e-05 1.3216412289805195 1.0038019657628792
8.84114 2.373437e-05 1.3220417232843673 1.004106145869147
8.870864 2.362506e-05 1.315952984431294 0.9994816775219796
8.90102 2.373998e-05 1.3223542091041982 1.0043434825028272
8.931130999999999 2.332482e-05 1.2992291444052515 0.9867797254905688
8.961381 2.319231e-05 1.2918481290780106 0.9811737580522455
8.991278 2.368704e-05 1.3194053678739204 1.0021038031111977
9.021307 2.4316e-05 1.3544394287011905 1.028712581920404
9.051015 2.356616e-05 1.312672161830928 0.9969898543983116
9.08113 2.363205e-05 1.3163423384207094 0.9997773964291857
9.111195 2.384327e-05 1.3281076244928538 1.0087132687582376
9.141011 2.398451e-05 1.3359749145450726 1.0146885675356039
9.170834999999999 2.363996e-05 1.3167829378565141 1.0001120368520757
9.201316 2.351352e-05 1.3097400310722986 0.9947628668052745
9.231187 2.383587e-05 1.327695432858852 1.0084002043929552
9.261622 2.357574e-05 1.3132057828922439 0.9973951458333665
9.291336 2.373947e-05 1.3223258013023955 1.00432190644522
9.321131 2.369861e-05 1.3200498350638397 1.0025932834769167
9.351147999999998 2.380528e-05 1.3259915217664038 1.0071060639964695
9.381343999999999 2.40649e-05 1.340452763931209 1.0180895464984507
9.411491 2.391673e-05 1.3321994619839044 1.0118210671735968
9.441308000000001 2.384065e-05 1.327961686373788 1.0086024270505294
9.471103 2.346047e-05 1.306785062669083 0.992518533754161
9.500982 2.34946e-05 1.308686157326986 0.9939624373740386
9.531334000000001 2.365339e-05 1.317531009970655 1.000680206369068
9.561408 2.374e-05 1.3223553231356413 1.0043443286227334
9.591251 2.358585e-05 1.313768925786806 0.9978228594459352
9.621177 2.34426e-05 1.3057896755745404 0.9917625256179988
9.651344 2.36722e-05 1.3185787565430303 1.0014759821408203
9.681317 2.374827e-05 1.3228159751374247 1.0046941992039344
9.71127 2.375336e-05 1.323099496139731 1.0049095367200542
9.741631 2.367146e-05 1.3185375373796298 1.0014446757042919
9.771647000000002 2.350881e-05 1.3094776766674137 0.9945636055673717
9.801437 2.335713e-05 1.3010288622018191 0.9881466321989851
9.831289 2.376896e-05 1.3239684406654648 1.0055695102468662
9.861571 2.35763e-05 1.3132369757726547 0.9974188371907392
9.891667 2.361468e-05 1.3153748021122482 0.9990425412906778
9.921280000000001 2.378512e-05 1.3248685780716096 1.006253175131051
9.951047 2.374566e-05 1.3226705940340806 1.0045837805561793
9.981279 2.344401e-05 1.3058682147912895 0.9918221770713838
10.00357 2.311304e-05 1.287432665452696 0.9778201618041441
