Keff(MJ/m3):-0.015273494679714925 Ms(MA/m):1.1924816431781042
H(kOe) moment(emu) M(MA/m) M_norm()
9.966843999999998 3.49683e-05 1.3118404421599485 0.9982289424347095
9.938668999999999 3.523828e-05 1.3219687778975835 1.0059359756584727
9.910131 3.532405e-05 1.3251864508963869 1.0083844245791416
9.881692999999999 3.500067e-05 1.3130548070307806 0.9991529985331361
9.852724 3.453371e-05 1.2955367402997409 0.9858228398763149
9.823521000000001 3.500332e-05 1.3131542221345094 0.9992286472406068
9.794514 3.505404e-05 1.3150569897047475 1.0006765349549163
9.765381 3.493921e-05 1.3107491269269393 0.9973985194534541
9.736099 3.536756e-05 1.326818734354215 1.0096264907157662
9.706584999999999 3.517156e-05 1.3194657681916238 1.004031341031132
9.676552 3.51028e-05 1.3168862276133593 1.0020684711723793
9.647187 3.530633e-05 1.324521682731075 1.0078785773729593
9.617194999999999 3.485573e-05 1.307617363583811 0.995015442434713
9.587788 3.480344e-05 1.3056556972540054 0.9935227364295622
9.558325 3.521654e-05 1.3211531988956715 1.0053153707903912
9.528186999999999 3.487505e-05 1.308342155962695 0.9955669643321983
9.498522999999999 3.520293e-05 1.3206426179289732 1.004926850447494
9.468779 3.551071e-05 1.3321890257122508 1.0137129482532938
9.438575 3.543159e-05 1.3292208283511067 1.0114543347683536
9.408575 3.486834e-05 1.3080904294170268 0.9953754160955458
9.378437 3.478711e-05 1.3050430751242341 0.9930565691114495
9.348674 3.45463e-05 1.296009055830287 0.9861822426035066
9.318779000000001 3.498026e-05 1.3122891231564004 0.9985703607522003
9.288872 3.535801e-05 1.3264604648294565 1.0093538699020508
9.258880999999999 3.533184e-05 1.3254786937862166 1.0086068032324238
9.229071 3.548804e-05 1.3313385576362 1.0130657949708926
9.198761000000001 3.516962e-05 1.3193929888326672 1.0039759604679266
9.168665 3.481115e-05 1.3059449389331563 0.9937428313482792
9.138826 3.485667e-05 1.3076526278092846 0.9950422763158534
9.1089 3.482058e-05 1.3062987066418974 0.9940120265601472
9.079066000000001 3.454643e-05 1.2960139327976399 0.9861859536721751
9.048641 3.532522e-05 1.3252303436025614 1.0084178241971569
9.018861999999999 3.546483e-05 1.330467831388069 1.0124032264801766
8.988798000000001 3.509845e-05 1.31672303678271 1.001944293105399
8.958715 3.482067e-05 1.3063020830039107 0.994014595761533
8.928788 3.463636e-05 1.2993876687517312 0.9887531567902321
8.898778 3.486175e-05 1.3078432046873762 0.995187293460741
8.868678 3.532122e-05 1.325080283068631 1.008303637468899
8.838901 3.545999e-05 1.330286258142013 1.0122650605389845
8.809214 3.5185e-05 1.3199699715856301 1.0044150084380783
8.778965 3.522266e-05 1.321382791512585 1.0054900764846257
8.749048 3.486455e-05 1.3079482470611277 0.9952672241705215
8.718881 3.490277e-05 1.3093820754628327 0.996358278359025
8.688937 3.51625e-05 1.3191258810822715 1.0037727080916279
8.65877 3.535335e-05 1.3262856443074276 1.0092208423636304
8.628862 3.552375e-05 1.3326782230528638 1.0140851969874143
8.598927 3.483606e-05 1.306879440908208 0.994453929198505
8.568622 3.484843e-05 1.3073435031093879 0.9948070516556422
8.5389 3.497601e-05 1.3121296838390992 0.9984490373534263
8.508937 3.48778e-05 1.308445322579772 0.9956454677078755
8.478797 3.571424e-05 1.3398244808299666 1.0195230544538738
8.448641 3.528134e-05 1.3235841795453447 1.0071651957881684
8.418541999999999 3.498768e-05 1.3125674854468414 0.9987821771331187
8.388834000000001 3.505971e-05 1.3152697005115936 1.0008383946422217
8.358511 3.463665e-05 1.2993985481404409 0.9887614353280307
8.328685 3.538446e-05 1.3274527401100713 1.0101089296426555
8.298881 3.545433e-05 1.3300739224865012 1.0121034863184994
8.268632 3.497547e-05 1.3121094256670187 0.9984336221451116
8.23873 3.474248e-05 1.3033687747169054 0.9917825306909126
8.208715 3.521625e-05 1.3211423195069616 1.0053070922525926
8.178575 3.507527e-05 1.3158534359885834 1.001282581015145
8.148503999999999 3.559931e-05 1.33551286653881 1.016242184284205
8.118622 3.545589e-05 1.3301324460947341 1.01214801914252
8.088501 3.488294e-05 1.3086381503658728 0.995792197653687
8.058446 3.549641e-05 1.3316525593034496 1.0133047306997722
8.028711 3.44938e-05 1.2940395113224499 0.9846835417951223
7.998685999999999 3.486777e-05 1.3080690457909419 0.9953591444867692
7.968482 3.55391e-05 1.3332540803518222 1.0145233885571041
7.938287999999999 3.504637e-05 1.3147692486309357 1.0004575819034818
7.908270000000001 3.578735e-05 1.34256721223888 1.0216101023796065
7.878305999999999 3.554812e-05 1.3335924668558352 1.0147808796293254
7.848325 3.484455e-05 1.3071979443914754 0.9946962905292323
7.818446 3.484661e-05 1.3072752255664495 0.994755096694285
7.78814 3.484618e-05 1.307259094059052 0.9947428216209973
7.7582960000000005 3.492266e-05 1.310128251467802 0.9969260718652874
7.728445 3.555667e-05 1.3339132212471119 1.0150249537609768
7.698117 3.538229e-05 1.3273713322704142 1.0100469833425758
7.668029000000001 3.516405e-05 1.3191840295391692 1.0038169554488277
7.638158000000001 3.541322e-05 1.3285316753490313 1.0109299322188297
7.607955 3.475946e-05 1.3040057816834403 0.9922672533523673
7.578084 3.474388e-05 1.3034212959037812 0.991822496045803
7.548476 3.559027e-05 1.3351737297321273 1.0159841222783426
7.518149 3.516474e-05 1.3192099149812724 1.0038366526594522
7.488307 3.54843e-05 1.331198251036975 1.0129590303799714
7.458075 3.534953e-05 1.3261423364975238 1.009111794038144
7.428617 3.477928e-05 1.3047493316290653 0.9928330485908847
7.398371 3.475553e-05 1.3038583472088536 0.9921550648918539
7.368288 3.50903e-05 1.3164172884448266 1.0017116376465736
7.338391 3.500648e-05 1.3132727699563147 0.9993188547559306
7.308649 3.504152e-05 1.3145873002335453 1.0003191304954693
7.278306 3.571718e-05 1.3399347753224053 1.0196069816991433
7.24838 3.523407e-05 1.3218108391856218 1.0058157941269814
7.218608000000001 3.47697e-05 1.304389936650302 0.9925595713767073
7.188167 3.500814e-05 1.3133350450778956 0.9993662422481574
7.158232 3.433858e-05 1.2882164123032793 0.9802525258050766
7.128010000000001 3.50726e-05 1.3157532705821846 1.0012063613740327
7.098038 3.554242e-05 1.3333786305949846 1.014618163541558
7.068220999999999 3.534073e-05 1.3258122033228767 1.0088605832359767
7.037935999999999 3.557314e-05 1.3345310954955703 1.0154951176145783
7.008174 3.534146e-05 1.3258395893703192 1.0088814223138838
6.978131 3.475918e-05 1.3039952774460652 0.9922592602813893
6.948195 3.510587e-05 1.3170013990731508 1.0021561094863172
6.918259 3.487783e-05 1.3084464480337767 0.9956463241083375
6.888046999999999 3.486336e-05 1.3079036040522833 0.9952332536188647
6.858001 3.557108e-05 1.3344538143205962 1.0154363114495255
6.827686 3.534182e-05 1.3258530948183729 1.008891699119427
6.798042000000001 3.49162e-05 1.3098859037055044 0.9967416602991509
6.7682139999999995 3.471643e-05 1.3023915054896835 0.9910388896231335
6.738269 3.469267e-05 1.3015001459181368 0.9903606204572819
6.707788 3.519595e-05 1.320380762297265 1.0047275946066843
6.677816 3.566268e-05 1.337890200547603 1.01805118752663
6.647787 3.517584e-05 1.3196263329629294 1.0041535208303678
6.618242 3.531285e-05 1.3247662814013819 1.0080647017400197
6.588037999999999 3.524096e-05 1.322069318455317 1.0060124807664055
6.557779 3.476263e-05 1.30412470465658 0.9923577463345116
6.52764 3.480637e-05 1.3057656165951093 0.9936063782080109
6.49775 3.500814e-05 1.3133350450778956 0.9993662422481574
6.467853 3.480008e-05 1.3055296464055037 0.9934268195778256
6.4378720000000005 3.518084e-05 1.3198139086303424 1.0042962542406901
6.40763 3.541202e-05 1.328486657188852 1.0108956762003523
6.377612 3.495281e-05 1.3112593327423028 0.9977867543295308
6.347729999999999 3.497775e-05 1.3121949601713592 0.9984987085802185
6.317918 3.481457e-05 1.306073240689667 0.9938404610009397
6.287844 3.460408e-05 1.2981766802429122 0.9878316698931912
6.257992 3.536373e-05 1.3266750513929766 1.0095171569234591
6.227779000000001 3.540863e-05 1.3283594808863464 1.0107989029481539
6.197677 3.537193e-05 1.3269826754875342 1.009751239716388
6.167881 3.559428e-05 1.3353241654173924 1.0160985944734209
6.138001 3.507951e-05 1.3160125001545497 1.0014036189470983
6.108117 3.474598e-05 1.3035000776840946 0.9918824440781383
6.07801 3.498306e-05 1.3123941655301519 0.9986502914619808
6.047649000000001 3.47958e-05 1.3053690816341985 0.99330463977859
6.017957 3.535988e-05 1.326530618129069 1.0094072521975113
5.987723 3.566889e-05 1.33812316952653 1.0182284624222504
5.957702 3.507047e-05 1.3156733633478666 1.0011455569412353
5.927532 3.499469e-05 1.3128304665325543 0.9989822893743904
5.897742 3.498852e-05 1.312598998158967 0.9988061563460529
5.867853 3.445972e-05 1.2927609955733628 0.9837106708703656
5.83776 3.525255e-05 1.32250411885238 1.0063433368115324
5.8076490000000005 3.533523e-05 1.3256058700887223 1.0087035764846222
5.777654999999999 3.507379e-05 1.3157979135910292 1.0012403319256895
5.747607 3.507387e-05 1.3158009148017078 1.0012426156602547
5.717598 3.490366e-05 1.3094154639316324 0.9963836849060626
5.687862 3.460128e-05 1.298071637869161 0.9877517391834107
5.657787999999999 3.502735e-05 1.3140557107920965 0.9999146240106157
5.62758 3.516328e-05 1.3191551428863877 1.003794974503638
5.597658 3.51686e-05 1.3193547233965155 1.0039468428522211
5.5675799999999995 3.559691e-05 1.3354228302184517 1.0161736722472503
5.537909 3.526314e-05 1.3229014041159612 1.0066456461745952
5.507936 3.474487e-05 1.303458435885929 0.9918507572610467
5.477825 3.495104e-05 1.3111929309560386 0.9977362267022768
5.44763 3.430245e-05 1.2868609905305528 0.9792211341820878
5.417417 3.479815e-05 1.305457242197882 0.9933717244814411
5.387362 3.538143e-05 1.327339069255619 1.0100224331960004
5.357362 3.516901e-05 1.3193701046012432 1.0039585469918675
5.327121 3.498709e-05 1.312545351518087 0.9987653345907007
5.297117 3.530482e-05 1.3244650348795164 1.007835471883042
5.267575 3.462228e-05 1.2988594556722959 0.9883512195067645
5.237667 3.472301e-05 1.302638355067999 0.9912267267911176
5.207316 3.484519e-05 1.3072219540769043 0.9947145604057536
5.177504 3.475873e-05 1.3039783956359978 0.99224641427446
5.147436 3.498454e-05 1.312449687927706 0.9986925405514362
5.11751 3.513582e-05 1.3181249773209551 1.0030110826141478
5.087314999999999 3.517778e-05 1.3196991123218855 1.0042089013935727
5.0574449999999995 3.512667e-05 1.3177817138495895 1.0027498804732582
5.027037999999999 3.499166e-05 1.3127167956781023 0.9988957929277352
4.997371 3.44838e-05 1.2936643599876236 0.9843980749744775
4.967464 3.474005e-05 1.3032776129425425 0.9917131622534959
4.93757 3.495823e-05 1.3114626647657786 0.9979414773463202
4.907955 3.537211e-05 1.3269894282115613 1.0097563781191596
4.877732 3.507528e-05 1.315853811139918 1.0012828664819655
4.847362 3.495524e-05 1.3113504945166656 0.9978561227669476
4.817307 3.44065e-05 1.2907644401694183 0.9821914164508949
4.7877209999999994 3.483766e-05 1.30693946512178 0.994499603889808
4.757714 3.474805e-05 1.3035777340104033 0.9919415357100115
4.727603 3.475365e-05 1.3037878187579064 0.9921013971295728
4.697636 3.557913e-05 1.3347558111451312 1.0156661122401445
4.667455 3.522514e-05 1.321475829043622 1.0055608722561455
4.637353 3.472977e-05 1.3028919573703415 0.9914197023618734
4.607513 3.470969e-05 1.3021386534900106 0.9908464849860189
4.577806 3.463146e-05 1.299203844597666 0.988613278048116
4.54739 3.459175e-05 1.2977141186470715 0.9874796893033363
4.517037999999999 3.51026e-05 1.3168787245866629 1.0020627618359665
4.487107 3.484168e-05 1.3070902759583802 0.9946143615517071
4.4574549999999995 3.50424e-05 1.31462031355101 1.000344251575686
4.42739 3.519288e-05 1.3202655908374727 1.004639956292746
4.397268 3.486887e-05 1.3081103124377724 0.9953905458370398
4.367278000000001 3.444033e-05 1.2920335771351346 0.9831571507051354
4.337038 3.49303e-05 1.3104148670876092 0.9971441685162599
4.307195 3.4626e-05 1.2989990119688508 0.988457413164044
4.2772879999999995 3.524634e-05 1.3222711498734534 1.0061660619159123
4.247249 3.502927e-05 1.314127739848383 0.9999694336401795
4.217213 3.459743e-05 1.2979272046052526 0.9876418344574623
4.187232 3.484992e-05 1.3073994006582772 0.9948495862119185
4.157305999999999 3.46866e-05 1.3012724290578972 0.9901873420971505
4.127325 3.451371e-05 1.2947864376300888 0.9852519062350259
4.097112 3.49734e-05 1.31203176934071 0.9983745305132382
4.066844 3.513902e-05 1.3182450257480998 1.0031024319967543
4.037 3.487054e-05 1.3081729627106886 0.9954382187960876
4.006917 3.489261e-05 1.3090009217066496 0.9960682440692502
3.976908 3.450751e-05 1.2945538438024966 0.9850749168062262
3.9467399999999997 3.417099e-05 1.2819292510829288 0.9754683873578937
3.917306 3.485141e-05 1.307455298207166 0.9948921207681944
3.8869540000000002 3.456941e-05 1.2968760305650704 0.9868419564260165
3.856964 3.462458e-05 1.2989457404793057 0.9884168768755126
3.826603 3.507206e-05 1.3157330124101039 1.0011909461657178
3.796768 3.471622e-05 1.302383627311652 0.9910328948198999
3.766788 3.472556e-05 1.3027340186583798 0.9912995208303821
3.737075 3.489592e-05 1.309125096798477 0.9961627335868836
3.706816 3.389216e-05 1.2714689064139726 0.9675087159978597
3.676797 3.436214e-05 1.2891002688481294 0.9809250856345153
3.646797 3.508718e-05 1.3163002412283609 1.0016225719985323
3.616947 3.459724e-05 1.297920076729891 0.9876364105878702
3.5871210000000002 3.463484e-05 1.2993306457488374 0.988709765833494
3.5566950000000004 3.520252e-05 1.3206272367242455 1.0049151463078476
3.526955 3.44666e-05 1.293019099691723 0.983907072042969
3.49689 3.443862e-05 1.2919694262568797 0.9831083358788054
3.466862 3.44769e-05 1.2934055055665938 0.9842011028682329
3.436992 3.43217e-05 1.2875831568500928 0.9797706578118286
3.406362 3.446279e-05 1.2928761670331541 0.9837983091843033
3.376589 3.480884e-05 1.3058582789748114 0.9936768885127103
3.346834 3.485053e-05 1.3074222848897017 0.9948669996879779
3.316919 3.475329e-05 1.3037743133098523 0.9920911203240294
3.28676 3.47656e-05 1.3042361246030232 0.9924425299802428
3.256834 3.435402e-05 1.288795645964251 0.980693286576152
3.226538 3.430562e-05 1.2869799135036926 0.979311627164232
3.1967779999999997 3.458024e-05 1.2972823194606868 0.9871511169927745
3.166825 3.444167e-05 1.2920838474140013 0.9831954032591018
3.136834 3.509536e-05 1.316607115020249 1.0018560838578199
3.106612 3.460861e-05 1.2983466237975885 0.9879609863629433
3.076538 3.421545e-05 1.2835971739175658 0.9767375728424796
3.046649 3.433795e-05 1.2881927777691853 0.980234541395376
3.016353 3.431974e-05 1.2875096271884667 0.979714706314982
2.986589 3.417355e-05 1.2820252898246443 0.9755414668639786
2.956594 3.470644e-05 1.3020167293061924 0.9907537082693095
2.926519 3.489388e-05 1.3090485659261726 0.9961044983554721
2.89638 3.439555e-05 1.2903536494577836 0.9818788302822891
2.866436 3.490291e-05 1.3093873275815207 0.9963622748945143
2.836523 3.455522e-05 1.2963436908209518 0.9864368790075215
2.806593 3.36175e-05 1.2611649998516392 0.9596680843020349
2.776371 3.458621e-05 1.297506284807578 0.9873215406846992
2.7462779999999998 3.431203e-05 1.287220385509316 0.9794946113962653
2.716399 3.404739e-05 1.2772923805844782 0.9719400174547262
2.686427 3.459409e-05 1.297801904059421 0.9875464885393672
2.656371 3.461452e-05 1.2985683382364708 0.9881296972539442
2.6264760000000003 3.41487e-05 1.2810930387576012 0.9748320818146766
2.5963060000000002 3.423166e-05 1.2842052942313187 0.9772003145587445
2.566473 3.424081e-05 1.2845485577026845 0.9774615166996342
2.536251 3.394819e-05 1.2735708793430032 0.9691081865939315
2.506476 3.371487e-05 1.2648178483988406 0.9624476747346513
2.476649 3.394948e-05 1.2736192738651957 0.9691450118137946
2.44664 3.390263e-05 1.2718616898615354 0.9678075997590746
2.416445 3.412952e-05 1.280373498497405 0.9742845564526803
2.3864360000000002 3.435311e-05 1.2887615071927816 0.9806673090954733
2.3563899999999998 3.415362e-05 1.2812776132143358 0.9749725314904338
2.326158 3.411666e-05 1.2798910538808186 0.9739174461213315
2.296532 3.414884e-05 1.2810982908762887 0.9748360783501655
2.266621 3.387657e-05 1.2708840454829788 0.9670636732244748
2.236547 3.367169e-05 1.2631979449350617 0.961215029003108
2.206223 3.370434e-05 1.2644228140432687 0.9621470781725125
2.176466 3.338061e-05 1.2522780398809434 0.9529056607877844
2.1466860000000003 3.375238e-05 1.2662250410557734 0.9635184607788893
2.116695 3.433361e-05 1.288029962089871 0.9801106487952164
2.086371 3.415542e-05 1.2813451404546046 0.9750239155181499
2.056482 3.346276e-05 1.2553599080965396 0.9552507707193798
2.0261579999999997 3.407601e-05 1.2783660637047503 0.9727570234954109
1.9964469999999999 3.349177e-05 1.2564482221188704 0.95607890996607
1.966603 3.329876e-05 1.2492074262053918 0.9505691148608083
1.936566 3.332004e-05 1.250005748245902 0.9511765882551401
1.906547 3.342656e-05 1.2540018602644694 0.9542173808286465
1.87639 3.335438e-05 1.2512940179296947 0.9521568813172336
1.8462319999999999 3.384343e-05 1.2696407939593648 0.9661176361808584
1.816223 3.369366e-05 1.2640221524176747 0.9618421996080643
1.786391 3.340389e-05 1.2531513921884185 0.9535702275462451
1.756667 3.344381e-05 1.2546489963170446 0.9547098110942586
1.7263060000000001 3.331075e-05 1.2496572326558484 0.9509113895787612
1.696093 3.272217e-05 1.2275765753906538 0.9341093834492604
1.6661769999999998 3.281199e-05 1.230946184680062 0.9366734464322906
1.636223 3.309591e-05 1.2415974813784443 0.9447784204040321
1.606158 3.290182e-05 1.2343161691208047 0.939237794882141
1.57614 3.336983e-05 1.251873626742001 0.9525979275551296
1.545936 3.298153e-05 1.2373065004107036 0.9415132509094992
1.515973 3.267911e-05 1.2259611737428926 0.9328801633195647
1.485973 3.268861e-05 1.2263175675109774 0.9331513567991772
1.456121 3.232628e-05 1.2127247091962234 0.9228080374867608
1.426428 3.175683e-05 1.1913617164345511 0.9065521293851532
1.3963430000000001 3.229152e-05 1.211420683156368 0.9218157548182002
1.366205 3.208729e-05 1.2037589674452143 0.915985665940175
1.3361859999999999 3.208829e-05 1.2037964825786973 0.9160142126222397
1.3061669999999999 3.177132e-05 1.1919053107187143 0.9069657708082672
1.276103 3.192679e-05 1.1977377885212555 0.911403923468829
1.246029 3.133782e-05 1.1756425003540028 0.894590784133323
1.216112 3.116618e-05 1.1692034028430476 0.8896910316237789
1.186066 3.0957e-05 1.1613559872211554 0.883719636669535
1.156019 3.047851e-05 1.1434053710010612 0.8700603347685107
1.126362 3.017895e-05 1.1321673376150108 0.8615088906892807
1.096436 3.138541e-05 1.17742784555644 0.8959493207327708
1.06614 3.005741e-05 1.127607748291534 0.8580393269511659
1.036193 2.91734e-05 1.0944439951415723 0.8328037745393614
1.006529 2.948353e-05 1.106078563488534 0.8416569570480128
0.9762886 2.895076e-05 1.086091625823004 0.8264481412445297
0.9460983 2.780414e-05 1.0430760234691738 0.7937159446557768
0.916223 2.766234e-05 1.0377563775413396 0.7896680251390361
0.8863248 2.682649e-05 1.0063993532199003 0.765807280935456
0.8561489 2.625969e-05 0.985135775561957 0.7496270215413193
0.8260839999999999 2.580282e-05 0.967996236527757 0.7365848989065288
0.7961210999999999 2.521796e-05 0.9460551355591176 0.7198890864343077
0.7658804 2.482381e-05 0.9312685456969468 0.7086374116986002
0.7360193 2.422569e-05 0.9088299940583282 0.6915630702222044
0.7059452 2.392429e-05 0.8975229328266696 0.6829591002479758
0.675723 2.244363e-05 0.8419757752843083 0.6406911699824102
0.6459095 2.185002e-05 0.8197064168976964 0.6237455740421253
0.6159452 2.128787e-05 0.7986172846104472 0.6076980567195882
0.5858896 2.054719e-05 0.7708305755425479 0.586554100248083
0.5557137 1.939971e-05 0.7277827101739225 0.5537973535127546
0.5258804 1.861482e-05 0.6983374570547569 0.5313913482271795
0.49588119999999997 1.837966e-05 0.6895153982649862 0.5246783104729006
0.4660933 1.699981e-05 0.6377501413290069 0.48528817122625334
0.4357414 1.639801e-05 0.6151735339991723 0.46810877795986044
0.4056674 1.53548e-05 0.5760373715987788 0.43832859376339356
0.3758623 1.465137e-05 0.5496481012531065 0.4182480011987894
0.3457877 1.351221e-05 0.5069123617950566 0.38572876285823743
0.3155099 1.301316e-05 0.48819043443056004 0.3714825411739679
0.28553769999999995 1.197746e-05 0.449336010682621 0.34191674255980514
0.2555982 1.090852e-05 0.40923458389772 0.31140205223381967
0.22602850000000002 1.038903e-05 0.38974584720483896 0.29657233636815256
0.1957507 9.152526e-06 0.34335823459305786 0.26127424980871766
0.1658151 7.689413e-06 0.288469355097916 0.21950722817333715
0.13594509999999999 6.686248e-06 0.2508354862178336 0.19087019586014162
0.1057692 6.258462e-06 0.2347870373258418 0.17865832492651387
0.07570438 5.042931e-06 0.18918622960859155 0.14395894793001696
0.04554697 3.820974e-06 0.14334434964358195 0.10907612995457373
0.01564533 3.151573e-06 0.11823168177518939 0.08996695243394115
-0.01409192 2.212268e-06 0.08299352931930647 0.06315291123738212
-0.044082659999999996 1.112118e-06 0.04172125521841318 0.03174727896416481
-0.07426785 -2.210939e-07 -0.008294367170690807 -0.006311497269691845
-0.1042037 -9.37529e-07 -0.035171525578817794 -0.02676334228921253
-0.134166 -2.338694e-06 -0.08773641758497892 -0.06676195406406374
-0.1641567 -3.245354e-06 -0.12174988850832202 -0.0926440888246284
-0.1941568 -4.157952e-06 -0.1559861242942849 -0.11869573378329187
-0.2242586 -5.101236e-06 -0.1913735494662951 -0.14562336222778535
-0.2542679 -6.745848e-06 -0.2530713881733972 -0.19257157811118356
-0.2845086 -7.54221e-06 -0.2829470149038754 -0.21530507093340226
-0.3147679 -8.32159e-06 -0.31218555963755185 -0.2375537840008022
-0.34440190000000004 -9.839656e-06 -0.3691360082629636 -0.2808895314556711
-0.3744253 -1.117542e-05 -0.41924737302422854 -0.3190211616768244
-0.4042401 -1.200145e-05 -0.4502359987348688 -0.34260157746253156
-0.4346012 -1.322763e-05 -0.49623630510857547 -0.377604948076333
-0.464666 -1.467857e-05 -0.5506685128838334 -0.41902447095094275
-0.4945056 -1.570306e-05 -0.5891023919854325 -0.4482702612591629
-0.5243975000000001 -1.64848e-05 -0.6184294724341279 -0.47058634449623504
-0.5545456000000001 -1.836821e-05 -0.6890858499866104 -0.5243514509632625
-0.5846290000000001 -1.919803e-05 -0.7202166580531497 -0.548040058673994
-0.6146943 -2.02546e-05 -0.7598540226368709 -0.578201626542842
-0.6444715999999999 -2.129335e-05 -0.7988228675419319 -0.6078544925373014
-0.6747029999999999 -2.292113e-05 -0.8598892515222546 -0.6543222106681905
-0.7044113 -2.330434e-05 -0.8742654258241256 -0.6652615847021128
-0.7342401 -2.3999e-05 -0.9003256884491554 -0.6850918228650117
-0.7643975000000001 -2.537036e-05 -0.9517724419018675 -0.7242396007809317
-0.7947401 -2.558984e-05 -0.9600062633986306 -0.7305050265604397
-0.8248419 -2.602061e-05 -0.9761666574489345 -0.7428020807933478
-0.8546472 -2.646061e-05 -0.9926733161812828 -0.7553626209017108
-0.8845179000000001 -2.761255e-05 -1.0358884990452406 -0.7882466858390467
-0.9145272 -2.748458e-05 -1.031087687413471 -0.7845935669352574
-0.9446475000000001 -2.832179e-05 -1.0624957323164468 -0.8084931346264452
-0.9747603 -2.861775e-05 -1.07359871122196 -0.8169418106502433
-1.0045549999999999 -2.911006e-05 -1.0920677865867838 -0.8309956276973984
-1.03486 -2.950013e-05 -1.1067013147043454 -0.8421308319702829
-1.064694 -2.97617e-05 -1.1165141481693917 -0.8495977875978841
-1.094789 -3.045858e-05 -1.142657694390753 -0.869491399394966
-1.1243699999999999 -3.026916e-05 -1.1355515778064769 -0.8640840868783157
-1.154749 -3.052874e-05 -1.145289756155893 -0.8714942346086088
-1.184573 -3.139763e-05 -1.1778862804875976 -0.8962981611875985
-1.2146569999999999 -3.119604e-05 -1.1703236047288383 -0.8905434355502239
-1.244694 -3.161503e-05 -1.1860420705067172 -0.9025042098684125
-1.274786 -3.156647e-05 -1.1842203356248016 -0.9011179829873623
-1.3046659999999999 -3.191934e-05 -1.19745830077681 -0.9111912506874488
-1.334379 -3.159266e-05 -1.185202856970711 -0.9018656205906304
-1.364194 -3.171437e-05 -1.1897688238668795 -0.9053400372646961
-1.394518 -3.238078e-05 -1.2147692839710256 -0.9243638316592739
-1.424509 -3.224704e-05 -1.2097520100190615 -0.9205459983999729
-1.454768 -3.221392e-05 -1.2085095087981172 -0.9196005322899978
-1.484712 -3.213665e-05 -1.2056107144339159 -0.9173947301668768
-1.514268 -3.274739e-05 -1.2285227070570852 -0.9348293307709261
-1.5443140000000002 -3.281538e-05 -1.231073360982568 -0.9367702196844889
-1.57486 -3.266165e-05 -1.2253061595122865 -0.9323817382507193
-1.604749 -3.277736e-05 -1.229647035607559 -0.935684874832398
-1.63486 -3.298716e-05 -1.2375177106122106 -0.9416739687295221
-1.664833 -3.320704e-05 -1.2457665381623668 -0.9479508131818558
-1.694777 -3.277439e-05 -1.2295356156611157 -0.9356000911866666
-1.72477 -3.311834e-05 -1.2424389458224594 -0.9454187224827381
-1.754768 -3.312913e-05 -1.2428437341127367 -0.9457267411822137
-1.784444 -3.321888e-05 -1.2462107173428012 -0.9482888058974992
-1.814796 -3.291915e-05 -1.2349663063840584 -0.9397325088823181
-1.844732 -3.348141e-05 -1.2560595653359905 -0.9557831663398821
-1.874657 -3.358949e-05 -1.260114200962791 -0.9588684917374092
-1.904935 -3.366182e-05 -1.262827670567588 -0.9609332732511315
-1.934777 -3.349236e-05 -1.2564703560476251 -0.956095752508488
-1.964897 -3.379417e-05 -1.2677927984840116 -0.9647114266223632
-1.994823 -3.37626e-05 -1.2666084457199658 -0.9638102078695883
-2.024759 -3.375149e-05 -1.2661916525869739 -0.9634930542318519
-2.054907 -3.361547e-05 -1.2610888441306694 -0.9596101345374439
-2.08475 -3.377465e-05 -1.2670605030784308 -0.9641541953884647
-2.114962 -3.394535e-05 -1.2734643363639124 -0.9690271140168684
-2.1448449999999997 -3.367e-05 -1.263134544359476 -0.961166785110419
-2.174898 -3.371294e-05 -1.2647454441912194 -0.9623925796382671
-2.205009 -3.386482e-05 -1.2704432426645582 -0.9667282497102174
-2.2354070000000004 -3.418191e-05 -1.282338916340559 -0.9757801171260375
-2.264978 -3.365359e-05 -1.2625189210190262 -0.9606983340577411
-2.2949349999999997 -3.366161e-05 -1.2628197923895568 -0.960927278447898
-2.325213 -3.36827e-05 -1.2636109865547054 -0.9615293279726378
-2.3552220000000004 -3.400714e-05 -1.275782396461803 -0.9707910135016314
-2.385176 -3.345434e-05 -1.2550440306726163 -0.9550104076563971
-2.414953 -3.372599e-05 -1.2652350166831674 -0.9627651138392083
-2.445 -3.401829e-05 -1.276200690200134 -0.9711093090066502
-2.47512 -3.414059e-05 -1.2807887910250573 -0.9746005682231339
-2.505185 -3.369804e-05 -1.2641864687023283 -0.9619672340755064
-2.5351660000000003 -3.425377e-05 -1.2850347538326192 -0.9778314816991897
-2.564864 -3.437028e-05 -1.289405642034678 -0.98115745562652
-2.594546 -3.399136e-05 -1.2751904076554474 -0.9703405468586542
-2.6249119999999997 -3.361232e-05 -1.260970671460199 -0.9595202124889408
-2.655064 -3.423612e-05 -1.284372611726651 -0.9773276327607519
-2.685323 -3.415912e-05 -1.28148394644849 -0.9751295382417883
-2.7146660000000002 -3.43943e-05 -1.2903067555409302 -0.9818431469297083
-2.744676 -3.3976e-05 -1.2746141752051547 -0.9699020698221442
-2.7748049999999997 -3.457251e-05 -1.2969923274788664 -0.9869304511404162
-2.804647 -3.441592e-05 -1.2911178327268242 -0.9824603261959419
-2.8349810000000004 -3.398037e-05 -1.2747781163384735 -0.9700268188227659
-2.865157 -3.4479e-05 -1.2934842873469075 -0.9842610509005684
-2.895074 -3.485711e-05 -1.3076691344680171 -0.995054836855962
-2.924842 -3.451618e-05 -1.2948791000097906 -0.9853224165397249
-2.955027 -3.397733e-05 -1.2746640703326864 -0.9699400369092899
-2.985176 -3.411412e-05 -1.2797957654417729 -0.9738449375488877
-3.01475 -3.460019e-05 -1.298030746373665 -0.9877206232999604
-3.045073 -3.387222e-05 -1.2707208546523292 -0.9669394951574942
-3.074805 -3.427476e-05 -1.2858221964844192 -0.9784306765557228
-3.104949 -3.434478e-05 -1.2884490061308715 -0.9804295152338763
-3.1350830000000003 -3.455088e-05 -1.2961808751416375 -0.9863129864073619
-3.1651480000000003 -3.414295e-05 -1.2808773267400761 -0.974667938392806
-3.19511 -3.464485e-05 -1.299706172234998 -0.9889955181209592
-3.225009 -3.486033e-05 -1.3077899331978309 -0.9951467571722094
-3.255018 -3.488513e-05 -1.3087203085081995 -0.995854714887408
-3.285091 -3.469115e-05 -1.301443122915243 -0.9903172295005438
-3.315064 -3.454499e-05 -1.295959911005425 -0.9861448464500022
-3.3453139999999997 -3.409248e-05 -1.2789839379532089 -0.9732271873490126
-3.37493 -3.429072e-05 -1.2864209380148015 -0.9788862816014715
-3.405046 -3.42365e-05 -1.2843868674773746 -0.9773384804999365
-3.435185 -3.429716e-05 -1.2866625354744297 -0.9790701222339666
-3.465044 -3.456627e-05 -1.2967582330459346 -0.9867523198443338
-3.495 -3.494069e-05 -1.3108046493244936 -0.9974407685429095
-3.524935 -3.476236e-05 -1.30411457557054 -0.9923500387303542
-3.554898 -3.458701e-05 -1.2975362969143642 -0.9873443780303509
-3.585166 -3.53156e-05 -1.3248694480184589 -1.0081432051156969
-3.6151660000000003 -3.449865e-05 -1.2942214597198405 -0.9848219932031349
-3.645044 -3.401525e-05 -1.2760866441943473 -0.9710225270931744
-3.6748879999999997 -3.46427e-05 -1.2996255146980107 -0.9889341427545207
-3.70493 -3.460333e-05 -1.2981485438928004 -0.987810259881643
-3.734963 -3.439465e-05 -1.2903198858376494 -0.9818531382684311
-3.7649529999999998 -3.485648e-05 -1.3076454999339229 -0.9950368524462612
-3.795268 -3.461543e-05 -1.29860247700794 -0.988155674734623
-3.824921 -3.446416e-05 -1.2929275627660255 -0.9838374181387317
-3.854777 -3.485168e-05 -1.3074654272932065 -0.9948998283723519
-3.8848789999999997 -3.48412e-05 -1.3070722686943086 -0.9946006591443163
-3.914855 -3.444896e-05 -1.2923573327370899 -0.983403508571352
-3.944907 -3.419755e-05 -1.282925653028227 -0.9762265872335256
-3.9749160000000003 -3.483792e-05 -1.306949219056486 -0.994507026027145
-4.0050360000000005 -3.451756e-05 -1.2949308708939966 -0.9853618109609739
-4.034823 -3.448547e-05 -1.29372701026054 -0.9844457479335255
-4.06494 -3.484277e-05 -1.3071311674538764 -0.9946454774351575
-4.095148 -3.475273e-05 -1.3037533048351022 -0.9920751341820734
-4.12524 -3.472361e-05 -1.3026608641480886 -0.9912438548003563
-4.155222 -3.51185e-05 -1.3174752152090365 -1.0025166540807915
-4.1850249999999996 -3.457602e-05 -1.29712400559739 -0.9870306499944622
-4.2151760000000005 -3.472293e-05 -1.3026353538573205 -0.9912244430565526
-4.245397 -3.461207e-05 -1.2984764261594381 -0.9880597578828861
-4.2751850000000005 -3.500835e-05 -1.3133429232559268 -0.9993722370513909
-4.304981 -3.489104e-05 -1.308942022947082 -0.9960234257784091
-4.334954 -3.443856e-05 -1.2919671753488706 -0.9831066230778815
-4.365527 -3.506508e-05 -1.3154711567783957 -1.000991690324908
-4.395279 -3.483377e-05 -1.3067935312525332 -0.9943885572965775
-4.425314 -3.447518e-05 -1.2933409795370037 -0.984152002575082
-4.455454 -3.464866e-05 -1.2998491048935672 -0.989104280979625
-4.484808 -3.49515e-05 -1.3112101879174405 -0.9977493581760263
-4.515073999999999 -3.463039e-05 -1.2991637034048398 -0.9885827330983072
-4.545379 -3.4082e-05 -1.2785907793543114 -0.9729280181209772
-4.575602 -3.470543e-05 -1.3019788390213747 -0.9907248761204243
-4.605421000000001 -3.490907e-05 -1.3096184208037733 -0.9965381224560312
-4.635268 -3.481829e-05 -1.306212796986222 -0.9939466546582194
-4.665363999999999 -3.458007e-05 -1.2972759418879949 -0.9871462640568235
-4.695241 -3.54132e-05 -1.3285309250463617 -1.0109293612851884
-4.7253050000000005 -3.487897e-05 -1.3084892152859469 -0.9956788673258911
-4.755324 -3.496454e-05 -1.3116993852580539 -0.9981216069101471
-4.785308 -3.496875e-05 -1.3118573239700155 -0.9982417884416384
-4.815027 -3.503732e-05 -1.3144297366729183 -1.0001992344307986
-4.845426000000001 -3.451979e-05 -1.295014529641663 -0.9854254700619777
-4.875462000000001 -3.48334e-05 -1.3067796506531442 -0.9943779950242133
-4.9054020000000005 -3.463716e-05 -1.299417680858517 -0.9887759941358836
-4.935345999999999 -3.460934e-05 -1.2983740098450307 -0.9879818254408501
-4.965231 -3.446925e-05 -1.293118514795452 -0.9839827207504399
-4.995148 -3.484561e-05 -1.3072377104329669 -0.9947265500122204
-5.025024999999999 -3.504895e-05 -1.3148660376753207 -1.000531232343208
-5.055 -3.483146e-05 -1.306706871294188 -0.9943226144610083
-5.085 -3.520129e-05 -1.3205810931100617 -1.0048800338889081
-5.114789 -3.522832e-05 -1.3215951271680968 -1.0056516507051108
-5.14474 -3.473553e-05 -1.3031080445392014 -0.9915841312505647
-5.175046 -3.459898e-05 -1.2979853530621506 -0.9876860818146622
-5.205037 -3.485223e-05 -1.3074860606166219 -0.9949155290474873
-5.234864 -3.442555e-05 -1.2914791034622621 -0.982735230744223
-5.2647770000000005 -3.457581e-05 -1.2971161274193588 -0.9870246551912288
-5.294991 -3.489866e-05 -1.3092278882642194 -0.9962409514957402
-5.325279 -3.518062e-05 -1.319805655300976 -1.0042899739706357
-5.354704 -3.482601e-05 -1.306502413816708 -0.9941670350437573
-5.384944000000001 -3.51814e-05 -1.3198349171050927 -1.004312240382646
-5.414926 -3.513504e-05 -1.3180957155168387 -1.0029888162021376
-5.4448739999999995 -3.499622e-05 -1.3128878646867828 -0.999025965797949
-5.474814 -3.518009e-05 -1.3197857722802304 -1.0042748442291416
-5.505027 -3.534658e-05 -1.3260316668537504 -1.009027581326054
-5.535044 -3.451384e-05 -1.2947913145974415 -0.9852556173036942
-5.564686 -3.441087e-05 -1.2909283813027372 -0.9823161654515166
-5.594574 -3.517408e-05 -1.319560306328 -1.0041032786699342
-5.624611 -3.509958e-05 -1.3167654288835453 -1.0019765508561318
-5.654944 -3.454436e-05 -1.2959362764713307 -0.9861268620403014
-5.685324 -3.476224e-05 -1.304110073754522 -0.9923466131285065
-5.7148829999999995 -3.512196e-05 -1.3176050175708862 -1.0026154256007345
-5.744676 -3.480006e-05 -1.3055288961028344 -0.9934262486441845
-5.774879 -3.434181e-05 -1.2883375861844282 -0.9803447315881448
-5.805102 -3.512595e-05 -1.317754702953482 -1.0027293268621718
-5.835027 -3.476454e-05 -1.304196358561532 -0.9924122704972547
-5.864902 -3.504932e-05 -1.3148799182747097 -1.0005417946155721
-5.894527 -3.527617e-05 -1.3233902263052395 -1.007017609441895
-5.924759 -3.522644e-05 -1.3215245987171493 -1.0055979829428294
-5.954926 -3.497283e-05 -1.3120103857146248 -0.9983582589044614
-5.98499 -3.504574e-05 -1.3147456140968417 -1.0004395974937812
-6.014704 -3.530038e-05 -1.3242984676868534 -1.0077087246146756
-6.0446480000000005 -3.531835e-05 -1.324972614635536 -1.008221708491374
-6.074741 -3.455957e-05 -1.2965068816516012 -0.9865610570745019
-6.104997 -3.489291e-05 -1.3090121762466944 -0.9960768080738696
-6.134787 -3.497731e-05 -1.3121784535126269 -0.9984861480401102
-6.164731 -3.499116e-05 -1.312698038111361 -0.998881519586703
-6.194713 -3.496762e-05 -1.3118149318691803 -0.9982095306909056
-6.224827 -3.500807e-05 -1.3133324190185518 -0.9993642439804129
-6.2546289999999996 -3.508229e-05 -1.3161167922256312 -1.0014829787232373
-6.284296 -3.468856e-05 -1.3013459587195235 -0.9902432935939971
-6.314379 -3.480494e-05 -1.3057119699542292 -0.9935655564526589
-6.344509 -3.495072e-05 -1.311180926113324 -0.9977270917640161
-6.374537 -3.525326e-05 -1.322530754597153 -1.0063636049557982
-6.404497 -3.480618e-05 -1.3057584887197475 -0.9936009543384188
-6.434333 -3.534967e-05 -1.3261475886162115 -1.0091157905736332
-6.464459 -3.530659e-05 -1.3245314366657805 -1.007885999510296
-6.494167 -3.491842e-05 -1.309969187301836 -0.9968050339333341
-6.524583 -3.463279e-05 -1.2992537397251978 -0.9886512451352617
-6.554336 -3.530875e-05 -1.324612469354103 -1.0079476603435553
-6.584259 -3.493097e-05 -1.3104400022270426 -0.997163294793243
-6.614518 -3.454056e-05 -1.295793718964097 -0.9860183846484566
-6.64425 -3.500144e-05 -1.3130836936835621 -0.9991749794783257
-6.6745280000000005 -3.492522e-05 -1.3102242902095176 -0.9969991513713723
-6.704147 -3.437586e-05 -1.289614976479511 -0.9813167461124398
-6.734129 -3.497609e-05 -1.3121326850497779 -0.9984513210879915
-6.764259 -3.497815e-05 -1.3122099662247522 -0.9985101272530443
-6.794231 -3.520373e-05 -1.3206726300357592 -1.0049496877931454
-6.824222 -3.491596e-05 -1.3098769000734687 -0.9967348090954554
-6.853968 -3.555241e-05 -1.333753406778476 -1.0149033448953821
-6.884129 -3.554522e-05 -1.3334836729687356 -1.0146980942513384
-6.91462 -3.4893e-05 -1.3090155526087077 -0.9960793772752553
-6.94437 -3.515563e-05 -1.3188681521152459 -1.003576592385845
-6.974138 -3.549732e-05 -1.3316866980749187 -1.0133307081804508
-7.004046000000001 -3.501774e-05 -1.3136951903593286 -0.9996402903959762
-7.034389 -3.496727e-05 -1.3118018015724613 -0.9981995393521829
-7.064379 -3.493948e-05 -1.3107592560129797 -0.9974062270576116
-7.094082 -3.505794e-05 -1.3152032987253297 -1.0007878670149677
-7.124129 -3.469835e-05 -1.301713231876318 -0.9905227656114081
-7.153893 -3.480321e-05 -1.3056470687733044 -0.9935161706926874
-7.183981 -3.503854e-05 -1.314475505135767 -1.0002340613829173
-7.214037 -3.497494e-05 -1.3120895426462729 -0.9984184924036174
-7.244102 -3.472841e-05 -1.302840936788805 -0.9913808788742656
-7.274176000000001 -3.507538e-05 -1.3158575626532663 -1.0012857211501718
-7.304053 -3.529333e-05 -1.3240339859958012 -1.0075074705061213
-7.3338149999999995 -3.519865e-05 -1.320482053157668 -1.0048046706482583
-7.364074 -3.473165e-05 -1.3029624858212887 -0.9914733701241545
-7.394027 -3.520392e-05 -1.320679757911121 -1.0049551116627378
-7.4241850000000005 -3.515142e-05 -1.318710213403284 -1.0034564108543536
-7.453991 -3.51781e-05 -1.3197111171646003 -1.0042180363318336
-7.483827 -3.499552e-05 -1.3128616040933452 -0.999005983120504
-7.513592 -3.561497e-05 -1.336100353529148 -1.0166892253253348
-7.5437129999999994 -3.501771e-05 -1.3136940649053244 -0.9996394339955145
-7.573685 -3.485532e-05 -1.307601982379083 -0.9950037382950664
-7.603472 -3.508518e-05 -1.316225210961396 -1.0015654786344037
-7.633556 -3.544378e-05 -1.3296781378282596 -1.0118023188227194
-7.663619 -3.508326e-05 -1.3161531819051093 -1.0015106690048399
-7.6934629999999995 -3.491672e-05 -1.3099054115749156 -0.9967565045738245
-7.723527 -3.484719e-05 -1.3072969843438693 -0.9947716537698823
-7.753572 -3.505177e-05 -1.3149718303517417 -1.0006117339866298
-7.783269000000001 -3.463782e-05 -1.2994424408466154 -0.988794834946046
-7.8134809999999995 -3.459018e-05 -1.297655219887504 -0.9874348710124952
-7.843471999999999 -3.516659e-05 -1.3192793179782152 -1.0038894640212714
-7.873317 -3.494776e-05 -1.3110698813182158 -0.9976425935851054
-7.903129 -3.478101e-05 -1.3048142328099903 -0.9928824343508563
-7.933314 -3.478555e-05 -1.3049845515160015 -0.993012036287429
-7.9632510000000005 -3.518807e-05 -1.3200851430454217 -1.0045026467520162
-7.9932870000000005 -3.488747e-05 -1.308808093920549 -0.9959215141234389
-8.023128999999999 -3.495342e-05 -1.311282216973727 -0.9978041678055901
-8.053231 -3.504791e-05 -1.3148270219364993 -1.0005015437938614
-8.082969 -3.535991e-05 -1.3265317435830732 -1.0094081085979731
-8.113167 -3.541561e-05 -1.328621336518055 -1.0109981587889638
-8.143147 -3.486366e-05 -1.3079148585923281 -0.9952418176234842
-8.173176 -3.520485e-05 -1.32071464698526 -1.0049816600770578
-8.202971999999999 -3.525255e-05 -1.32250411885238 -1.0063433368115324
-8.233074 -3.504382e-05 -1.3146735850405549 -1.0003847878642174
-8.262816999999998 -3.504861e-05 -1.3148532825299368 -1.0005215264713063
-8.293055 -3.512534e-05 -1.3177318187220575 -1.0027119133861124
-8.323045 -3.542619e-05 -1.3290182466303004 -1.0113001826852055
-8.353369 -3.48545e-05 -1.3075712199696277 -0.9949803300157738
-8.382873 -3.510005e-05 -1.3167830609962825 -1.0019899677967024
-8.412759 -3.52638e-05 -1.32292616410406 -1.0066644869847579
-8.443147000000002 -3.513503e-05 -1.318095340365504 -1.002988530735317
-8.472935 -3.511607e-05 -1.3173840534346737 -1.0024472856433748
-8.502769 -3.500675e-05 -1.3132828990423548 -0.9993265623600879
-8.53287 -3.511337e-05 -1.3172827625742707 -1.0023702096018008
-8.56273 -3.502262e-05 -1.3138782642107238 -0.999779598204451
-8.592852 -3.486044e-05 -1.307794059862514 -0.9951498973072365
-8.622591 -3.510429e-05 -1.3169421251622486 -1.0021110057286555
-8.652343 -3.466716e-05 -1.3005431348629954 -0.9896323945978176
-8.682333 -3.493837e-05 -1.310717614214814 -0.9973745402405201
-8.712776 -3.475297e-05 -1.3037623084671381 -0.9920819853857689
-8.742325999999998 -3.507177e-05 -1.3157221330213942 -1.0011826676279192
-8.772036 -3.538344e-05 -1.3274144746739192 -1.0100798120269499
-8.802072 -3.479352e-05 -1.3052835471298578 -0.9932395533434828
-8.831842 -3.505373e-05 -1.315045360013368 -1.0006676854834764
-8.861915999999999 -3.485744e-05 -1.3076815144620662 -0.9950642572610431
-8.891853999999999 -3.531067e-05 -1.3246844984103894 -1.008002469973119
-8.921907 -3.492196e-05 -1.3101019908743643 -0.9969060891878423
-8.951852 -3.475952e-05 -1.3040080325914492 -0.9922689661532911
-8.981864 -3.535581e-05 -1.3263779315357949 -1.009291067201509
-9.011499 -3.526651e-05 -1.3230278301157976 -1.0067418484931525
-9.041573 -3.493816e-05 -1.3107097360367828 -0.9973685454372866
-9.071693999999999 -3.502177e-05 -1.3138463763472636 -0.9997553335246961
-9.101656 -3.57015e-05 -1.339346538029398 -1.0191593697243726
-9.131212999999999 -3.527758e-05 -1.32344312264345 -1.007057860263606
-9.160969 -3.485654e-05 -1.3076477508419317 -0.9950385652471849
-9.190676 -3.492291e-05 -1.3101376302511727 -0.9969332085358034
-9.221073 -3.550819e-05 -1.3320944875758747 -1.0136410106144915
-9.250879000000001 -3.492899e-05 -1.3103657222627472 -0.9971067723627555
-9.281073000000001 -3.498229e-05 -1.31236527887737 -0.9986283105167911
-9.310694 -3.497681e-05 -1.3121596959458854 -0.9984718746990779
-9.340416999999999 -3.495907e-05 -1.3114941774779039 -0.9979654565592544
-9.370277 -3.486972e-05 -1.3081422003012326 -0.9954148105167946
-9.400703 -3.469583e-05 -1.3016186937399419 -0.9904508279726056
-9.430468000000001 -3.475374e-05 -1.30379119511992 -0.9921039663309587
-9.460055 -3.479423e-05 -1.3053101828746305 -0.9932598214877485
-9.490082000000001 -3.453119e-05 -1.2954422021633647 -0.9857509022375125
-9.52023 -3.486071e-05 -1.3078041889485543 -0.9951576049113938
-9.550407 -3.480983e-05 -1.3058954189569594 -0.9937051497279542
-9.580165999999998 -3.477741e-05 -1.304679178329453 -0.9927796662954242
-9.610166 -3.474755e-05 -1.3035589764436624 -0.9919272623689795
-9.63998 -3.447695e-05 -1.2934073813232678 -0.9842025302023361
-9.67036 -3.50003e-05 -1.3130409264313918 -0.9991424362607719
-9.700389 -3.488118e-05 -1.3085721237309436 -0.9957419554932535
-9.730286 -3.483363e-05 -1.3067882791338452 -0.9943845607610883
-9.76037 -3.442107e-05 -1.2913110356642596 -0.982607341608574
-9.79009 -3.506881e-05 -1.3156110882262857 -1.0010981694490084
-9.819906999999999 -3.468285e-05 -1.3011317473073374 -0.9900802920394088
-9.850277 -3.478703e-05 -1.3050400739135557 -0.9930542853768843
-9.880277 -3.411232e-05 -1.279728238201504 -0.9737935535211716
-9.910279000000001 -3.495994e-05 -1.311526815644034 -0.9979902921726506
-9.939888999999999 -3.498704e-05 -1.3125434757614125 -0.9987639072565974
-9.970046 -3.529729e-05 -1.3241825459243919 -1.0076205153670963
-9.99216 -3.488305e-05 -1.3086422770305561 -0.9957953377887141
-9.993788 -3.518532e-05 -1.3199819764283445 -1.0044241433763388
-9.965235 -3.475237e-05 -1.3037397993870485 -0.9920648573765303
-9.935872999999999 -3.500999e-05 -1.3134044480748384 -0.9994190536099767
-9.90617 -3.496443e-05 -1.3116952585933708 -0.99811846677512
-9.876555 -3.478576e-05 -1.3049924296940327 -0.9930180310906624
-9.847068 -3.449828e-05 -1.2942075791204521 -0.9848114309307712
-9.817143 -3.474805e-05 -1.3035777340104033 -0.9919415357100115
-9.787134 -3.482709e-05 -1.3065429301608693 -0.9941978654603869
-9.757411 -3.484309e-05 -1.3071431722965907 -0.994654612373418
-9.727555 -3.448835e-05 -1.29383505384497 -0.9845279623778712
-9.698022000000002 -3.473042e-05 -1.302916342207105 -0.9914382577052151
-9.667624 -3.48894e-05 -1.3088804981281705 -0.9959766092198233
-9.637614 -3.487302e-05 -1.3082660002417252 -0.9955090145676074
-9.607633 -3.447238e-05 -1.2932359371632525 -0.9840720718653015
-9.577969999999999 -3.473649e-05 -1.3031440590673447 -0.9916115360653466
-9.548067999999999 -3.541004e-05 -1.3284123772245566 -1.0108391537698647
-9.518134 -3.485928e-05 -1.3077505423076743 -0.9951167831560417
-9.48779 -3.464499e-05 -1.2997114243536856 -0.9889995146564482
-9.45817 -3.478365e-05 -1.3049132727623847 -0.9929577975915066
-9.428244000000001 -3.479065e-05 -1.3051758786967629 -0.9931576243659579
-9.398374 -3.504699e-05 -1.3147925080136948 -1.0004752808463617
-9.368423 -3.464702e-05 -1.2997875800746554 -0.9890574644210391
-9.33867 -3.528662e-05 -1.3237822594501332 -1.007315922269469
-9.30881 -3.486868e-05 -1.3081031845624107 -0.9953851219674476
-9.279036 -3.499942e-05 -1.3130079131139272 -0.9991173151805554
-9.249134 -3.477879e-05 -1.304730949213659 -0.9928190607166733
-9.218735 -3.474829e-05 -1.3035867376424395 -0.9919483869137072
-9.189017 -3.502134e-05 -1.3138302448398662 -0.9997430584514084
-9.159142 -3.514705e-05 -1.3185462722699648 -1.0033316618537318
-9.129151 -3.48943e-05 -1.3090643222822353 -0.9961164879619392
-9.099459999999999 -3.509113e-05 -1.3164484260056173 -1.0017353313926871
-9.06956 -3.5445e-05 -1.3297239062911086 -1.011837145774838
-9.039114 -3.517258e-05 -1.3195040336277761 -1.0040604586468376
-9.009254 -3.510887e-05 -1.3171139444735989 -1.0022417495325107
-8.979467000000001 -3.538121e-05 -1.327330815926253 -1.0100161529259462
-8.949622999999999 -3.547772e-05 -1.3309514014586596 -1.0127711932119874
-8.919799999999999 -3.495007e-05 -1.3111565412765604 -0.9977085364206741
-8.88992 -3.493118e-05 -1.3104478804050739 -0.9971692895964764
-8.859957 -3.523339e-05 -1.3217853288948536 -1.0057963823831775
-8.829911 -3.560321e-05 -1.3356591755593923 -1.0163535163442565
-8.799873999999999 -3.490929e-05 -1.3096266741331397 -0.9965444027260855
-8.770004 -3.509162e-05 -1.316466808421024 -1.001749319266899
-8.740013000000001 -3.492354e-05 -1.310161264785267 -0.9969511929455042
-8.710003 -3.513238e-05 -1.3179959252617752 -1.0029128820278463
-8.680067999999999 -3.504113e-05 -1.314572669331487 -1.0003079972894642
-8.650395 -3.494175e-05 -1.3108444153659853 -0.9974710280258979
-8.62056 -3.474654e-05 -1.3035210861588447 -0.9918984302200943
-8.590522 -3.502737e-05 -1.3140564610947663 -0.9999151949442571
-8.560374 -3.490433e-05 -1.3094405990710658 -0.9964028111830457
-8.53029 -3.468229e-05 -1.301110738832587 -0.9900643058974526
-8.50054 -3.50042e-05 -1.313187235451974 -0.9992537683208235
-8.470448000000001 -3.495701e-05 -1.3114168963029296 -0.9979066503942015
-8.440401 -3.476496e-05 -1.3042121149175945 -0.9924242601037218
-8.410347 -3.488719e-05 -1.308797589683174 -0.9959135210524609
-8.380593000000001 -3.532761e-05 -1.325320004771585 -1.008486050767291
-8.350753000000001 -3.515482e-05 -1.3188377648571246 -1.0035534695733725
-8.320938 -3.482066e-05 -1.306301707852576 -0.9940143102947123
-8.290651 -3.534385e-05 -1.3259292505393427 -1.008949648884018
-8.260596 -3.525223e-05 -1.322492114009666 -1.006334201873272
-8.230404 -3.509274e-05 -1.3165088253705246 -1.001781291550811
-8.200790999999999 -3.512917e-05 -1.317875501683296 -1.0028212471784193
-8.170771 -3.544729e-05 -1.3298098159467837 -1.0119025176767658
-8.140799 -3.56273e-05 -1.3365629151249883 -1.0170412059151894
-8.110549 -3.525705e-05 -1.3226729369530523 -1.0064717968808228
-8.080484 -3.556641e-05 -1.3342786186472324 -1.0153029984442845
-8.050679 -3.545295e-05 -1.3300221516022952 -1.0120640918972506
-8.02104 -3.550673e-05 -1.3320397154809902 -1.0135993324586774
-7.990957000000001 -3.487278e-05 -1.3082569966096895 -0.995502163363912
-7.961253 -3.515129e-05 -1.3187053364359314 -1.0034526997856852
-7.9308819999999995 -3.545312e-05 -1.3300285291749874 -1.0120689448332016
-7.900716 -3.514248e-05 -1.3183748281099494 -1.0032012035166973
-7.871063 -3.518851e-05 -1.320101649704154 -1.0045152072921244
-7.8414470000000005 -3.515942e-05 -1.319010334471145 -1.0036847843108694
-7.811271 -3.520722e-05 -1.3208035578516135 -1.0050493157135505
-7.781026 -3.493453e-05 -1.3105735561022407 -0.9972649209813924
-7.751187 -3.492573e-05 -1.3102434229275937 -0.9970137101792251
-7.7211229999999995 -3.507201e-05 -1.31573113665343 -1.0011895188316147
-7.6909790000000005 -3.498587e-05 -1.312499583055238 -0.998730507638582
-7.661188 -3.495283e-05 -1.311260083044972 -0.9977873252631719
-7.6308940000000005 -3.479546e-05 -1.3053563264888142 -0.9932949339066878
-7.601045 -3.518276e-05 -1.319885937686629 -1.0043510638702537
-7.571262 -3.501499e-05 -1.3135920237422516 -0.9995617870202991
-7.541243000000001 -3.51979e-05 -1.3204539168075555 -1.0047832606367095
-7.511234 -3.484529e-05 -1.3072257055902528 -0.99471741507396
-7.481328 -3.489232e-05 -1.3089900423179397 -0.9960599655314516
-7.451586 -3.510742e-05 -1.317059547530049 -1.0022003568435172
-7.421641999999999 -3.503339e-05 -1.3142823021983316 -1.0000870459702853
-7.391512 -3.486522e-05 -1.307973382200561 -0.9952863504475047
-7.361345999999999 -3.514684e-05 -1.3185383940919337 -1.0033256670504984
-7.331438 -3.475438e-05 -1.3038152048053486 -0.9921222362074797
-7.301432 -3.481e-05 -1.3059017965296513 -0.9937100026639051
-7.2717160000000005 -3.429952e-05 -1.2867510711894488 -0.9791374924036389
-7.241697 -3.505938e-05 -1.3152573205175444 -1.0008289742371403
-7.211836 -3.51931e-05 -1.3202738441668393 -1.0046462365628004
-7.181614 -3.526674e-05 -1.3230364585964987 -1.0067484142300274
-7.15146 -3.458498e-05 -1.2974601411933944 -0.98728642826576
-7.121605 -3.507705e-05 -1.3159202129261822 -1.0013333941092195
-7.091610999999999 -3.517282e-05 -1.3195130372598118 -1.004067309850533
-7.0616509999999995 -3.530968e-05 -1.3246473584282417 -1.0079742087578751
-7.0313360000000005 -3.523108e-05 -1.3216986689365087 -1.0057304395476085
-7.001545 -3.491028e-05 -1.3096638141152874 -0.9965726639413294
-6.9716689999999994 -3.556965e-05 -1.334400167679716 -1.0153954896941733
-6.941733 -3.485077e-05 -1.3074312885217372 -0.9948738508916731
-6.911846 -3.479956e-05 -1.3055101385360928 -0.9934119753031521
-6.881716 -3.533065e-05 -1.3254340507773723 -1.008572832680767
-6.851705 -3.524891e-05 -1.3223675637665038 -1.006239426888818
-6.821771 -3.527181e-05 -1.3232266603232554 -1.006893145908094
-6.79166 -3.524826e-05 -1.3223431789297402 -1.0062208715454761
-6.761677 -3.534347e-05 -1.325914994788619 -1.0089388011448333
-6.731771 -3.494755e-05 -1.3110620031401843 -0.9976365987818718
-6.701854 -3.475096e-05 -1.303686903048838 -0.9920246065548193
-6.671716 -3.510094e-05 -1.3168164494650818 -1.0020153743437394
-6.6417340000000005 -3.510258e-05 -1.3168779742839933 -1.0020621909023253
-6.611743000000001 -3.489915e-05 -1.309246270679626 -0.9962549393699519
-6.581809 -3.494623e-05 -1.3110124831639876 -0.9975989171615469
-6.551818 -3.471914e-05 -1.3024931715014214 -0.9911162511315281
-6.521845 -3.503622e-05 -1.3143884700260875 -1.0001678330805277
-6.491929 -3.496464e-05 -1.311703136771402 -0.9981244615783533
-6.4616880000000005 -3.432631e-05 -1.2877561016154475 -0.9799022580161456
-6.432148 -3.538191e-05 -1.3273570765196907 -1.0100361356033913
-6.4019200000000005 -3.48821e-05 -1.3086066376537475 -0.9957682184407528
-6.371771 -3.508219e-05 -1.3161130407122827 -1.0014801240550308
-6.341827 -3.500974e-05 -1.3133950692914678 -0.9994119169394606
-6.311725 -3.485811e-05 -1.3077066496014997 -0.9950833835380264
-6.281998 -3.531551e-05 -1.3248660716564453 -1.008140635914311
-6.252169 -3.500548e-05 -1.3132352548228319 -0.999290308073866
-6.221818 -3.4833e-05 -1.3067646445997512 -0.9943665763513876
-6.192158 -3.517931e-05 -1.3197565104761138 -1.0042525778171312
-6.162114 -3.53475e-05 -1.326066180776554 -1.009053844273553
-6.132049 -3.490565e-05 -1.3094901190472628 -0.9964404928033708
-6.102158 -3.488515e-05 -1.3087210588108693 -0.9958552858210493
-6.072207000000001 -3.558848e-05 -1.3351065776431934 -1.015933023717447
-6.04213 -3.520141e-05 -1.3205855949260799 -1.004883459490756
-6.01229 -3.509258e-05 -1.316502822949167 -1.0017767240816806
-5.982207000000001 -3.484934e-05 -1.3073776418808571 -0.994833029136321
-5.95229 -3.542731e-05 -1.329060263579801 -1.0113321549691177
-5.922391999999999 -3.524507e-05 -1.3222235056539302 -1.0061298076296903
-5.892394 -3.492087e-05 -1.3100610993788682 -0.9968749733043919
-5.862466 -3.51425e-05 -1.318375578412619 -1.0032017744503385
-5.832529999999999 -3.525576e-05 -1.3226245424308596 -1.0064349716609595
-5.802059 -3.527732e-05 -1.323433368708745 -1.0070504381262695
-5.771998 -3.493202e-05 -1.3104793931171992 -0.9971932688094106
-5.742133 -3.51188e-05 -1.3174864697490813 -1.002525218085411
-5.712186 -3.532302e-05 -1.3251478103088996 -1.008355021496615
-5.682632 -3.489487e-05 -1.3090857059083205 -0.996132759570716
-5.652373 -3.494625e-05 -1.3110132334666569 -0.997599488095188
-5.62204 -3.48232e-05 -1.306396996291622 -0.9940868188671561
-5.591799 -3.499632e-05 -1.312891616200131 -0.9990288204661554
-5.562375 -3.447914e-05 -1.2934895394655952 -0.9842650474360575
-5.532401 -3.438795e-05 -1.2900685344433158 -0.9816618754985992
-5.502308 -3.512784e-05 -1.3178256065557639 -1.0027832800912735
-5.472639 -3.510919e-05 -1.3171259493163134 -1.0022508844707714
-5.442622999999999 -3.465637e-05 -1.3001383465727179 -0.9893243758983419
-5.412475000000001 -3.456759e-05 -1.2968077530221316 -0.9867900014646588
-5.382573000000001 -3.559308e-05 -1.3352791472572136 -1.0160643384549437
-5.352632 -3.492494e-05 -1.3102137859721426 -0.9969911583003943
-5.32241 -3.504493e-05 -1.314715226838721 -1.0004164746813091
-5.29229 -3.472282e-05 -1.3026312271926375 -0.9912213029215254
-5.26229 -3.536178e-05 -1.326601896882686 -1.0094614908934338
-5.232336 -3.490883e-05 -1.3096094171717376 -0.9965312712523359
-5.202336 -3.49924e-05 -1.3127445568768794 -0.9989169174724629
-5.172262 -3.476043e-05 -1.3040421713629184 -0.9922949436339699
-5.141921999999999 -3.502669e-05 -1.314030950803998 -0.9998957832004532
-5.112309 -3.520697e-05 -1.320794179068243 -1.0050421790430344
-5.082409999999999 -3.513672e-05 -1.3181587409410898 -1.003036774628006
-5.052469 -3.473825e-05 -1.3032100857022741 -0.99166177822578
-5.022457 -3.527667e-05 -1.3234089838719807 -1.0070318827829272
-4.992705 -3.517716e-05 -1.3196758529391266 -1.004191202450693
-4.962854999999999 -3.489449e-05 -1.309071450157597 -0.9961219118315314
-4.932771 -3.522229e-05 -1.3213689109131965 -1.005479514212262
-4.902929 -3.548029e-05 -1.3310478153517096 -1.0128445581848928
-4.872827 -3.528149e-05 -1.323589806815367 -1.007169477790478
-4.842632 -3.489722e-05 -1.3091738664720045 -0.9961998442735674
-4.812419 -3.500938e-05 -1.313381563843414 -0.9994016401339175
-4.782667 -3.511232e-05 -1.3172433716841139 -1.002340235585633
-4.752679 -3.461406e-05 -1.298551081275069 -0.9881165657801947
-4.722697 -3.490278e-05 -1.3093824506141678 -0.9963585638258458
-4.6925680000000005 -3.504667e-05 -1.3147805031709807 -1.0004661459081012
-4.662544 -3.523634e-05 -1.3218959985386272 -1.0058805950952676
-4.633031 -3.446243e-05 -1.2928626615851007 -0.9837880323787602
-4.602679 -3.502368e-05 -1.3139180302522155 -0.9998098576874394
-4.5727340000000005 -3.467739e-05 -1.3009269146785223 -0.9899244271553368
-4.542419 -3.481812e-05 -1.30620641941353 -0.9939418017222685
-4.512234 -3.468214e-05 -1.301105111562565 -0.9900600238951431
-4.482403000000001 -3.47658e-05 -1.3042436276297198 -0.9924482393166557
-4.452770999999999 -3.5067e-05 -1.3155431858346822 -1.001046499954472
-4.422632999999999 -3.500164e-05 -1.3130911967102588 -0.9991806888147385
-4.392677 -3.452299e-05 -1.2951345780688073 -0.9855168194445839
-4.362475000000001 -3.5367e-05 -1.326797725879465 -1.0096105045738102
-4.332438 -3.489171e-05 -1.3089671580865152 -0.9960425520553922
-4.302447 -3.496465e-05 -1.3117035119227367 -0.998124747045174
-4.27254 -3.490321e-05 -1.3093985821215655 -0.9963708388991337
-4.242629 -3.507341e-05 -1.3157836578403055 -1.0012294841865048
-4.2123919999999995 -3.453383e-05 -1.2955412421157588 -0.9858262654781627
-4.182394 -3.46755e-05 -1.3008560110762402 -0.989870473926235
-4.1525680000000005 -3.485321e-05 -1.307522825447435 -0.9949435047959105
-4.12228 -3.481138e-05 -1.3059535674138574 -0.9937493970851541
-4.092531 -3.443452e-05 -1.291815614209601 -0.982991294482341
-4.062073 -3.479977e-05 -1.3055180167141245 -0.9934179701063859
-4.03216 -3.484892e-05 -1.3073618855247944 -0.9948210395298539
-4.002054 -3.454454e-05 -1.2959430291953575 -0.986132000443073
-3.972558 -3.455878e-05 -1.2964772446961499 -0.986538505195671
-3.942401 -3.468255e-05 -1.3011204927672926 -0.9900717280347895
-3.911975 -3.500135e-05 -1.3130803173215486 -0.9991724102769398
-3.882082 -3.467535e-05 -1.300850383806218 -0.9898661919239254
-3.8520309999999998 -3.469313e-05 -1.3015174028795387 -0.9903737519310314
-3.822318 -3.499287e-05 -1.3127621889896162 -0.9989303344130331
-3.7925210000000003 -3.489266e-05 -1.3090027974633238 -0.9960696714033536
-3.7623919999999997 -3.46985e-05 -1.3017188591463404 -0.9905270476137177
-3.7323090000000003 -3.457713e-05 -1.2971656473955557 -0.9870623368115539
-3.702308 -3.48396e-05 -1.3070122444807366 -0.9945549844530132
-3.672507 -3.468018e-05 -1.3010315819009386 -0.9900040723982966
-3.6424659999999998 -3.443225e-05 -1.2917304548565953 -0.9829264935140547
-3.612526 -3.45558e-05 -1.2963654495983719 -0.986453436083119
-3.582457 -3.478919e-05 -1.3051211066018784 -0.9931159462101438
-3.552179 -3.436624e-05 -1.2892540808954083 -0.9810421270309797
-3.522169 -3.449723e-05 -1.2941681882302953 -0.9847814569146034
-3.492516 -3.491485e-05 -1.309835258275303 -0.9967031222783639
-3.462697 -3.461681e-05 -1.298654247892146 -0.9881950691558717
-3.43241 -3.438555e-05 -1.2899784981229576 -0.9815933634616445
-3.402205 -3.526244e-05 -1.3228751435225232 -1.00662566349715
-3.372475 -3.460646e-05 -1.2982659662606009 -0.9878996109965046
-3.342244 -3.478847e-05 -1.3050940957057706 -0.9930953925990572
-3.312516 -3.425992e-05 -1.285265471903537 -0.978007043793886
-3.2822620000000002 -3.484953e-05 -1.3073847697562189 -0.9948384530059132
-3.252151 -3.441745e-05 -1.291175230881053 -0.9825040026195008
-3.222271 -3.46369e-05 -1.2994079269238115 -0.9887685719985467
-3.192308 -3.439077e-05 -1.2901743271197368 -0.981742377142021
-3.162328 -3.484645e-05 -1.3072692231450926 -0.9947505292251548
-3.1328359999999997 -3.444196e-05 -1.2920947268027114 -0.9832036817969007
-3.102392 -3.41489e-05 -1.281100541784298 -0.9748377911510897
-3.072308 -3.447672e-05 -1.2933987528425672 -0.9841959644654614
-3.042401 -3.457331e-05 -1.2970223395856522 -0.9869532884860676
-3.012429 -3.432471e-05 -1.2876960774018755 -0.9798565833248426
-2.9823449999999996 -3.432529e-05 -1.2877178361792956 -0.97987314040044
-2.952262 -3.45511e-05 -1.2961891284710036 -0.9863192666774161
-2.922049 -3.456588e-05 -1.2967436021438765 -0.9867411866383288
-2.892328 -3.382345e-05 -1.2688912415923825 -0.9655472734732106
-2.862521 -3.414316e-05 -1.2808852049181074 -0.9746739331960395
-2.832364 -3.441478e-05 -1.2910750654746543 -0.9824277829783887
-2.801891 -3.428512e-05 -1.2862108532672991 -0.9787264201819106
-2.772035 -3.414154e-05 -1.2808244304018659 -0.9746276875710952
-2.742225 -3.417619e-05 -1.2821243297770384 -0.9756168301046287
-2.7121039999999996 -3.437917e-05 -1.2897391515713386 -0.9814112356300732
-2.6821770000000003 -3.412709e-05 -1.280282336723042 -0.9742151880152636
-2.6520210000000004 -3.405317e-05 -1.2775092180560077 -0.9721050172770587
-2.6221959999999997 -3.435757e-05 -1.288928824688114 -0.9807946272974808
-2.5922899999999998 -3.419117e-05 -1.2826863064766079 -0.9760444594019544
-2.561938 -3.41358e-05 -1.2806090935356758 -0.9744638296160452
-2.532158 -3.419622e-05 -1.2828757579006949 -0.9761886201463797
-2.502346 -3.478447e-05 -1.3049440351718402 -0.9929812058707993
-2.4723640000000002 -3.426985e-05 -1.2856379971790195 -0.9782905123467862
-2.442021 -3.423312e-05 -1.2842600663262034 -0.9772419927145586
-2.412243 -3.420846e-05 -1.283334943134522 -0.9765380315348489
-2.382438 -3.432555e-05 -1.2877275901140008 -0.9798805625377767
-2.3523449999999997 -3.396909e-05 -1.2743549456327898 -0.9697048122490788
-2.322243 -3.368779e-05 -1.2638019385841315 -0.9616746305843457
-2.292169 -3.413486e-05 -1.280573829310202 -0.9744369957349046
-2.262207 -3.40861e-05 -1.2787445914015898 -0.9730450595174414
-2.2324189999999997 -3.349917e-05 -1.2567258341066414 -0.9562901554133468
-2.202188 -3.362396e-05 -1.2614073476139365 -0.9598524958681711
-2.17216 -3.387121e-05 -1.2706829643675122 -0.9669106630086094
-2.142068 -3.390524e-05 -1.271959604359925 -0.9678821065992629
-2.11204 -3.439828e-05 -1.2904560657721909 -0.9819567627243249
-2.082243 -3.386659e-05 -1.2705096444508222 -0.9667787773374713
-2.052234 -3.370479e-05 -1.264439695853336 -0.9621599241794416
-2.021762 -3.365825e-05 -1.2626937415410553 -0.9608313615961616
-1.9916880000000001 -3.362777e-05 -1.2615502802725054 -0.9599612587268368
-1.9620540000000002 -3.373132e-05 -1.2654349723446296 -0.9629172676546118
-1.932132 -3.387934e-05 -1.2709879624027256 -0.9671427475337935
-1.9022249999999998 -3.323672e-05 -1.2468799873241307 -0.9487980787055291
-1.8720350000000001 -3.327728e-05 -1.2484016011381855 -0.9499559321300637
-1.8419469999999998 -3.376797e-05 -1.2668099019867671 -0.9639635035522742
-1.8117619999999999 -3.356533e-05 -1.259207835337851 -0.9581788038987317
-1.782132 -3.355452e-05 -1.2588022967449042 -0.9578702142656149
-1.752233 -3.323083e-05 -1.2466590231879182 -0.9486299387481694
-1.721994 -3.351642e-05 -1.2573729701592167 -0.9567825856789589
-1.692003 -3.311216e-05 -1.242207102297537 -0.9452423039875798
-1.6619190000000001 -3.30966e-05 -1.2416233668205472 -0.9447981176146566
-1.6321320000000001 -3.289588e-05 -1.2340933292279181 -0.9390682275906781
-1.602438 -3.319549e-05 -1.2453332383706426 -0.9476210990040111
-1.57216 -3.285356e-05 -1.2325056887789339 -0.93786013200571
-1.541894 -3.253531e-05 -1.2205664975480932 -0.9287751504386951
-1.511984 -3.267216e-05 -1.2257004435651884 -0.9326817638792166
-1.481947 -3.283659e-05 -1.2318690569637343 -0.9373756948110763
-1.451913 -3.239959e-05 -1.2154749436318335 -0.9249007947489064
-1.422271 -3.247305e-05 -1.2182308053374662 -0.9269978340133619
-1.391688 -3.223571e-05 -1.2093269635567037 -0.9202225644921826
-1.3616300000000001 -3.112675e-05 -1.1677241811298285 -0.8885654359499773
-1.3319290000000001 -3.153695e-05 -1.183112888884395 -0.9002752849328194
-1.302003 -3.146152e-05 -1.1802831223658017 -0.898122008704697
-1.2717619999999998 -3.157743e-05 -1.184631501487771 -0.9014308546227888
-1.2421579999999999 -3.129615e-05 -1.1740792447417825 -0.8934012438916971
-1.2119469999999999 -3.134088e-05 -1.1757572966624596 -0.8946781369804405
-1.181743 -3.080499e-05 -1.1556533117804637 -0.8793802555289161
-1.152196 -3.111008e-05 -1.167098803854673 -0.8880895627599625
-1.1222059999999998 -3.058022e-05 -1.1472210352275776 -0.8729638178012871
-1.091882 -3.015153e-05 -1.1311386726549173 -0.860726140667073
-1.06212 -3.027574e-05 -1.1357984273847925 -0.8642719240462999
-1.031882 -2.975989e-05 -1.116446245777788 -0.8495461181033473
-1.001688 -2.923374e-05 -1.096707658295913 -0.834526281335131
-0.9720027 -2.866781e-05 -1.0754767188040995 -0.8183708575543903
-0.9419409000000001 -2.861139e-05 -1.0733601149730105 -0.8167602537523133
-0.9119565000000001 -2.78904e-05 -1.0463120788833837 -0.7961783814506572
-0.8818452999999999 -2.69951e-05 -1.012724779876403 -0.7706205369983448
-0.8517619999999999 -2.677249e-05 -1.0043735360118393 -0.7642657601039751
-0.8218823 -2.643603e-05 -0.9917511942002804 -0.7546609434565664
-0.7918936999999999 -2.538101e-05 -0.9521719780734573 -0.7245436229449183
-0.7618638 -2.48305e-05 -0.9315195219399456 -0.7088283890016115
-0.7316046 -2.447573e-05 -0.91821027803432 -0.6987008826056024
-0.7017064000000001 -2.383842e-05 -0.8943015083145178 -0.6805077966591004
-0.6719974 -2.29883e-05 -0.8624091430382816 -0.6562396913024605
-0.6418731 -2.236644e-05 -0.8390799821307858 -0.6384876515938545
-0.6116956 -2.188152e-05 -0.8208881436023985 -0.6246447945271557
-0.5816046 -2.060646e-05 -0.7730540975040621 -0.5882460620940435
-0.5515952999999999 -1.996286e-05 -0.7489093575946543 -0.5698734175173561
-0.5217333 -1.922733e-05 -0.7213158514641902 -0.5488764764584827
-0.4916879 -1.84999e-05 -0.6940262179149351 -0.5281107635243314
-0.4617144 -1.735527e-05 -0.6510852706767355 -0.4954353748328869
-0.431623 -1.67511e-05 -0.628419752480547 -0.4781883259300012
-0.4016786 -1.606999e-05 -0.6028678199142066 -0.4587448953090758
-0.3716508 -1.478659e-05 -0.554720897602625 -0.42210808354754586
-0.3418175 -1.396547e-05 -0.5239164711973844 -0.39866783197077527
-0.3113082 -1.296999e-05 -0.4865709061181158 -0.3702501809092451
-0.2815446 -1.236524e-05 -0.4638836291445075 -0.352986574930762
-0.2516416 -1.11139e-05 -0.41693944201237837 -0.31726496979621877
-0.22163229999999998 -1.014953e-05 -0.38076097273575393 -0.28973540601371406
-0.1916601 -9.680542e-06 -0.3631668253140115 -0.2763473546856663
-0.1615446 -8.426368e-06 -0.31611632029359277 -0.24054484825415237
-0.1314193 -7.364504e-06 -0.27628035059321465 -0.21023215425045502
-0.10137479999999999 -6.511476e-06 -0.2442788913088109 -0.18588103514237156
-0.07139155999999999 -5.928209e-06 -0.22239755194780947 -0.1692306975346793
-0.04142859 -4.474543e-06 -0.1678630779186778 -0.12773335640476177
-0.011591760000000001 -3.351665e-06 -0.12573815986399178 -0.09567891514158339
0.018506599999999998 -2.754861e-06 -0.10334897814103625 -0.0786421410987845
0.04856216 -1.314917e-06 -0.049329286773552986 -0.03753651754015553
0.078729 -2.053343e-07 -0.00770314367305827 -0.005861612979028759
0.1084233 9.41326e-07 0.03531397054065127 0.026871734041011296
0.1385026 1.758468e-06 0.0659691617448981 0.050198426916529496
0.1686548 3.016165e-06 0.11315183258057615 0.08610150330895655
0.19866399999999998 3.920446e-06 0.14707605500136411 0.11191572551288985
0.22871029999999998 5.008334e-06 0.18788831853549368 0.14297131837063276
0.25857810000000003 5.920695e-06 0.22211566323482115 0.16901619776564694
0.2881918 7.183299e-06 0.26948242083049834 0.2050593527269643
0.31840480000000004 7.906038e-06 0.2965960708885864 0.2256911531755512
0.3485992 8.930378e-06 0.33502432272016297 0.2549326614814616
0.3787196 1.040394e-05 0.3903051978450646 0.29699796739773365
0.40874740000000004 1.162564e-05 0.43613743642076913 0.33187344887588627
0.4385215 1.248854e-05 0.4685092451029133 0.35650638082931013
0.4685344 1.426595e-05 0.535189018506239 0.40724553899750465
0.49863630000000003 1.525115e-05 0.5721489280133063 0.43536973016741215
0.5285899 1.640633e-05 0.6154856599097477 0.4683462863546368
0.558701 1.786876e-05 0.6703489165687208 0.5100938106061672
0.5888214 1.906184e-05 0.715107472024153 0.544152286043635
0.6185780999999999 1.975322e-05 0.7410446850113599 0.5638888910893624
0.6488029000000001 2.063401e-05 0.7740876394315079 0.5890325231849194
0.6788862 2.223638e-05 0.8342007638700375 0.6347748701245506
0.7085969 2.275916e-05 0.8538129253520763 0.6496985045742097
0.7386362000000001 2.352914e-05 0.8826988278310163 0.6716788788302038
0.7688398999999999 2.442216e-05 0.9162005923336566 0.6971716368474092
0.7988516 2.581766e-05 0.9685529611086389 0.7370085316683653
0.8286825 2.622254e-05 0.983742088353078 0.7485665123026245
0.85884 2.68021e-05 1.0054843591142593 0.7651110273599038
0.8887856000000001 2.723624e-05 1.0217711791643997 0.7775042839113692
0.9184233 2.754984e-05 1.0335359250245462 0.7864565234067843
0.9489048 2.794724e-05 1.0484444390705352 0.7978009748592012
0.9789047000000001 2.879876e-05 1.0803893255336472 0.8221090455707315
1.009034 2.934893e-05 1.1010290265217748 0.8378145736421363
1.038842 2.914725e-05 1.093462974401002 0.8320572788033758
1.068738 2.955771e-05 1.108861436090274 0.8437745499235546
1.0988959999999999 3.030268e-05 1.136809085080814 0.8650409716611164
1.1291179999999998 2.955294e-05 1.1086824889035618 0.843638382250107
1.15904 3.089037e-05 1.158856353877209 0.8818175712435798
1.188942 3.081841e-05 1.1561567648718 0.879763352002221
1.219118 3.102371e-05 1.1638586217757803 0.8856239858300552
1.248955 3.123748e-05 1.1718782318603576 0.891726410054975
1.278932 3.172945e-05 1.1903345520797972 0.9057705212302282
1.309229 3.191939e-05 1.197460176533484 0.9111926780215519
1.3388140000000002 3.197655e-05 1.19960454156335 0.9128244063683565
1.3690989999999998 3.191845e-05 1.1974249123080107 0.9111658441404115
1.398852 3.240689e-05 1.2157488041062567 0.9251091855279772
1.428849 3.215107e-05 1.2061516826587353 0.9178063733222465
1.458784 3.223854e-05 1.2094331313844593 0.920303351602425
1.4889970000000001 3.237723e-05 1.2146361052471624 0.9242624909379451
1.51884 3.264762e-05 1.224779822189525 0.9319812283013547
1.5488330000000001 3.23587e-05 1.2139409498237295 0.9237335209192905
1.5788769999999999 3.295355e-05 1.23625682697586 0.9407145147453355
1.60921 3.308776e-05 1.2412917330405613 0.944545764945207
1.639229 3.263421e-05 1.2242767442495235 0.9315984172948704
1.669433 3.315036e-05 1.2436401803965724 0.9463327872424421
1.699201 3.328262e-05 1.2486019319509827 0.950108371412288
1.729172 3.339425e-05 1.2527897463016464 0.9532950375311439
1.759173 3.3116e-05 1.24235116041011 0.9453519232467074
1.789034 3.344811e-05 1.2548103113910198 0.9548325618271357
1.819192 3.377121e-05 1.2669314510192509 0.9640559948021631
1.849021 3.345048e-05 1.2548992222573734 0.9549002174636283
1.879155 3.297121e-05 1.236919344233163 0.941218649150594
1.909465 3.314883e-05 1.2435827822423442 0.9462891108188836
1.939377 3.334336e-05 1.2508806011587161 0.9518422968808832
1.969163 3.305764e-05 1.2401617772200653 0.9436859388814255
1.999201 3.373791e-05 1.26568219707428 0.9631053902894166
2.0294790000000003 3.391668e-05 1.272388777486966 0.9682086806420802
2.059201 3.336184e-05 1.2515738808254748 0.9523698395654345
2.089553 3.397459e-05 1.274561278866944 0.9698618190004332
2.119191 3.415229e-05 1.281227718086804 0.9749345644032882
2.1489879999999997 3.38821e-05 1.2710915041711375 0.9672215363762913
2.179127 3.37096e-05 1.2646201436453874 0.9622972337201717
2.20938 3.392829e-05 1.2728243281866993 0.9685401076208487
2.23909 3.354112e-05 1.258299593956237 0.957487688725951
2.2693890000000003 3.363984e-05 1.2620030879336404 0.9603058171793548
2.2990500000000003 3.387272e-05 1.2707396122190706 0.9669537684985267
2.328988 3.395435e-05 1.273801972565256 0.9692840341554485
2.3595349999999997 3.383257e-05 1.269233379609744 0.9658076192136386
2.389305 3.405193e-05 1.2774626992904892 0.9720696193912988
2.419238 3.406437e-05 1.277929387551013 0.9724247401161807
2.449503 3.405984e-05 1.2777594439963367 0.9722954236464286
2.479349 3.384329e-05 1.2696355418406775 0.9661136396453696
2.5090410000000003 3.456398e-05 1.2966723233902597 0.9866869479424064
2.5388859999999998 3.390393e-05 1.271910459535063 0.9678447104457585
2.5690120000000003 3.416136e-05 1.2815679803474913 0.9751934828096128
2.598868 3.414511e-05 1.2809583594283989 0.9747295992260654
2.628998 3.413166e-05 1.2804537808830578 0.9743456463522984
2.659229 3.389672e-05 1.2716399754226533 0.9676388888680737
2.689386 3.407983e-05 1.278509371514654 0.9728660718208973
2.7191729999999996 3.40265e-05 1.2765086894460262 0.9713436772663994
2.7492379999999996 3.405262e-05 1.2774885847325923 0.9720893166019233
2.7790619999999997 3.44552e-05 1.2925914271700212 0.9835816398674341
2.808993 3.459202e-05 1.297724247733112 0.9874873969074937
2.839035 3.446964e-05 1.2931331456975101 0.983993853956445
2.869146 3.437095e-05 1.2894307771741114 0.9811765819035033
2.899201 3.429682e-05 1.2866497803290458 0.9790604163620649
2.92935 3.450341e-05 1.294400031755218 0.9849578754097619
2.959368 3.401777e-05 1.2761811823307234 0.9710944647319769
2.989427 3.392101e-05 1.2725512180149456 0.9683322877754192
3.0191640000000004 3.460563e-05 1.2982348286998102 0.987875917250391
3.0491460000000004 3.40617e-05 1.2778292221446141 0.9723485204750685
3.079275 3.431252e-05 1.2872387679247226 0.9795085992704768
3.1089879999999996 3.458334e-05 1.297398616374483 0.9872396117071743
3.13935 3.463511e-05 1.2993407748348775 0.9887174734376514
3.169812 3.439271e-05 1.290247106478693 0.9817977577052259
3.1995500000000003 3.490683e-05 1.3095343869047722 0.9964741778882068
3.229257 3.437018e-05 1.2894018905213298 0.9811546009583136
3.259535 3.450564e-05 1.2944836905028843 0.9850215345107657
3.289498 3.453501e-05 1.2955855099732683 0.9858599505629988
3.319859 3.463262e-05 1.2992473621525058 0.9886463921993108
3.3497939999999997 3.419838e-05 1.2829567905890173 0.9762502809796392
3.379475 3.459355e-05 1.2977816458873401 0.9875310733310523
3.409636 3.482876e-05 1.306605580433785 0.9942455384194344
3.439541 3.436857e-05 1.289341491156423 0.9811086408001899
3.4698960000000003 3.40371e-05 1.276906349860942 0.9716462720962827
3.4995410000000002 3.469662e-05 1.3016483306953928 0.9904733798514362
3.5294980000000002 3.455134e-05 1.2961981321030391 0.9863261178811114
3.559507 3.468124e-05 1.3010713479424303 0.990034331881285
3.589578 3.437906e-05 1.2897350249066553 0.981408095495046
3.619599 3.494655e-05 1.3110244880067017 0.9976080520998073
3.649803 3.481673e-05 1.3061542733779892 0.9939021218341988
3.679914 3.47113e-05 1.3021990528549177 0.9908924451441428
3.709484 3.490492e-05 1.3094627329998207 0.9964196537254638
3.7397199999999997 3.472708e-05 1.3027910416612734 0.99134291178712
3.769663 3.476961e-05 1.3043865602882887 0.9925570021753215
3.7996640000000004 3.457937e-05 1.297249681294557 0.9871262813793784
3.829599 3.470868e-05 1.3021007632051933 0.9908176528371339
3.859437 3.437534e-05 1.2895954686100999 0.9813019018377661
3.8893400000000002 3.442595e-05 1.291494109515655 0.9827466494170487
3.919609 3.456332e-05 1.2966475634021613 0.9866681071322438
3.949877 3.471868e-05 1.3024759145400193 0.9911031196577785
3.9797759999999998 3.455674e-05 1.2964007138238454 0.9864802699642594
4.00972 3.52243e-05 1.3214443163314966 1.0055368930432116
4.039784 3.515056e-05 1.318677950388489 1.0034318607077781
4.06988 3.475248e-05 1.3037439260517316 0.9920679975115574
4.09971 3.504868e-05 1.3148559085892806 1.0005235247390507
4.130081000000001 3.505829e-05 1.3152164290220485 1.0007978583536903
4.159914 3.467803e-05 1.3009509243639512 0.9899426970318581
4.189952 3.440226e-05 1.2906053760034517 0.9820703785189414
4.219926999999999 3.466079e-05 1.300304163462711 0.9894505522330668
4.250063 3.479871e-05 1.3054782506726326 0.9933877106233973
4.280201 3.442467e-05 1.2914460901447973 0.9827101096640062
4.310063 3.51245e-05 1.3177003060099322 1.0026879341731783
4.339937 3.485725e-05 1.3076743865867044 0.9950588333914508
4.36984 3.462183e-05 1.2988425738622287 0.9883383734998354
4.399997999999999 3.507755e-05 1.3159389704929234 1.0013476674502517
4.429988000000001 3.513955e-05 1.3182649087688454 1.0031175617382484
4.459887 3.499047e-05 1.312672152669258 0.9988618223760785
4.490081 3.463659e-05 1.2993962972324318 0.9887597225271068
4.519997999999999 3.493712e-05 1.3106707202979608 0.9973388568879396
4.550414 3.46048e-05 1.2982036911390198 0.9878522235042776
4.580313 3.439057e-05 1.2901668240930404 0.9817366678056081
4.610003 3.511692e-05 1.3174159412981337 1.0024715503231294
4.640109000000001 3.50275e-05 1.3140613380621189 0.9999189060129254
4.670285 3.480188e-05 1.3055971736457725 0.9934782036055417
4.700359000000001 3.548717e-05 1.3313059194700703 1.0130409593574965
4.730386 3.495924e-05 1.3115005550505958 0.9979703094952053
4.760361 3.50166e-05 1.3136524231071582 0.9996077471784227
4.790109 3.468985e-05 1.3013943532417156 0.9902801188138599
4.820183 3.443212e-05 1.2917255778892427 0.9829227824453863
4.850350000000001 3.419831e-05 1.2829541645296736 0.9762482827118947
4.88059 3.494918e-05 1.311123152807761 0.9976831298736368
4.910359000000001 3.513037e-05 1.3179205198434751 1.0028555031968966
4.940295 3.51357e-05 1.3181204755049374 1.0030076570123003
4.970136999999999 3.546358e-05 1.3304209374712155 1.0123675431275958
4.999975 3.515845e-05 1.3189739447916669 1.0036570940292668
5.029711 3.462109e-05 1.2988148126634513 0.9883172489551076
5.059905 3.490651e-05 1.309522382062058 0.9964650429499463
5.0901000000000005 3.477412e-05 1.3045557535402952 0.9926857477114323
5.120276 3.449855e-05 1.2942177082064923 0.9848191385349284
5.14989 3.483602e-05 1.3068779403028687 0.9944527873312223
5.179915 3.506365e-05 1.3154175101375152 1.0009508685695556
5.2100990000000005 3.499118e-05 1.3126987884140306 0.9988820905203444
5.240229 3.47761e-05 1.3046300335045908 0.9927422701419198
5.269914 3.519298e-05 1.3202693423508214 1.0046428109609526
5.300155 3.524087e-05 1.3220659420933034 1.0060099115650196
5.330377 3.482651e-05 1.306521171383449 0.9941813083847892
5.360173 3.527644e-05 1.3234003553912799 1.0070253170460526
5.390479 3.480899e-05 1.3058639062448336 0.9936811705150198
5.420313 3.463858e-05 1.2994709523480623 0.9888165304244152
5.450305 3.497344e-05 1.3120332699460493 0.9983756723805208
5.480303 3.511794e-05 1.317454206734286 1.0025006679388353
5.510350000000001 3.478344e-05 1.304905394584353 0.9929518027882729
5.540415 3.554157e-05 1.3333467427315244 1.0145938988618033
5.570488999999999 3.537505e-05 1.3270997227040002 1.0098403053644291
5.600294 3.490614e-05 1.3095085014626693 0.9964544806775824
5.63047 3.472011e-05 1.3025295611808996 0.9911439414131307
5.660609 3.483181e-05 1.306720001590907 0.994332605799731
5.69071 3.444306e-05 1.2921359934495422 0.9832350831471715
5.720267 3.496114e-05 1.311571833804213 0.998024548191128
5.750088 3.525778e-05 1.3227003230004943 1.0064926359587296
5.780155 3.511542e-05 1.31735966859791 1.002428730300033
5.81059 3.54842e-05 1.331194499523627 1.012956175711765
5.840191 3.544202e-05 1.3296121111933303 1.011752076662286
5.870284 3.464889e-05 1.2998577333742678 0.9891108467164996
5.900446 3.48777e-05 1.3084415710664241 0.9956426130396692
5.930267 3.506537e-05 1.3154820361671056 1.0009999688627067
5.960479 3.456686e-05 1.2967803669746896 0.9867691623867519
5.990748 3.498949e-05 1.3126353878384447 0.9988338466276552
6.0207939999999995 3.533817e-05 1.3257161645811613 1.0087875037298917
6.050503 3.525171e-05 1.322472606140255 1.0063193575985985
6.0805169999999995 3.55817e-05 1.3348522250381811 1.01573947721305
6.1106180000000005 3.485055e-05 1.307423035192371 0.9948675706216189
6.140998 3.489593e-05 1.3091254719498118 0.9961630190537042
6.170569 3.483467e-05 1.3068272948726671 0.9944142493104353
6.200563 3.487785e-05 1.3084471983364463 0.9956468950419787
6.230409 3.4938e-05 1.3107037336154252 0.9973639779681561
6.260267 3.547781e-05 1.3309547778206732 1.0127737624133732
6.290475000000001 3.53995e-05 1.3280169677176497 1.010538271740905
6.320683 3.517847e-05 1.3197249977639887 1.0042285986041972
6.350371 3.541195e-05 1.3284840311295085 1.0108936779326079
6.380526 3.488431e-05 1.308689546098744 0.9958313066081153
6.410525 3.467387e-05 1.3007948614086635 0.98982394283447
6.440479 3.505439e-05 1.3150701200014663 1.0006865262936389
6.470524999999999 3.499797e-05 1.3129535161703774 0.9990759224915619
6.500452 3.509734e-05 1.3166813949845444 1.0019126062883075
6.530323999999999 3.529271e-05 1.324010726613042 1.0074897715632414
6.560365 3.524658e-05 1.322280153505489 1.0061729131196078
6.5908310000000006 3.497937e-05 1.312255734687601 0.9985449542051629
6.620924 3.510337e-05 1.3169076112394444 1.0020847427811561
6.650868 3.473145e-05 1.3029549827945923 0.9914676607877416
6.680645 3.524516e-05 1.3222268820159442 1.0061323768310764
6.710405 3.548488e-05 1.3312200098143954 1.012975587455569
6.7407200000000005 3.491975e-05 1.3100190824293678 0.9968430010204797
6.770569 3.509752e-05 1.3166881477085715 1.0019177446910792
6.800489 3.470391e-05 1.3019218160184811 0.9906814851636864
6.830609000000001 3.512086e-05 1.3175637509240554 1.0025840242504636
6.860498 3.522716e-05 1.321551609613257 1.0056185365539159
6.890683 3.496358e-05 1.3116633707299103 0.9980942020953649
6.920729000000001 3.516503e-05 1.3192207943699823 1.0038449311972508
6.9505349999999995 3.529107e-05 1.3239492017941306 1.0074429550046557
6.980683 3.455653e-05 1.296392835645814 0.986474275161026
7.010563 3.52111e-05 1.3209491165695262 1.0051600768399607
7.040579 3.506718e-05 1.315549938558709 1.0010516383572434
7.070748 3.502719e-05 1.3140497083707392 0.9999100565414855
7.100739 3.57926e-05 1.3427641666896637 1.021759972460445
7.130933 3.495309e-05 1.311269836979678 0.997794747400509
7.160988000000001 3.486807e-05 1.3080803003309864 0.9953677084913883
7.190843 3.480444e-05 1.305693212387488 0.9935512831116267
7.220785 3.477576e-05 1.3046172783592067 0.9927325642700179
7.250909 3.519628e-05 1.320393142291314 1.0047370150117654
7.280952 3.5552e-05 1.3337380255737479 1.0148916407557356
7.310645 3.519381e-05 1.320300479911612 1.0046665047070662
7.340767 3.50546e-05 1.3150779981794976 1.0006925210968722
7.3711649999999995 3.458895e-05 1.2976090762733203 0.9873997585935559
7.400946 3.51823e-05 1.319868680725227 1.004337932396504
7.430905 3.567188e-05 1.3382353397756432 1.0183138170016233
7.460636999999999 3.51041e-05 1.316934997286887 1.0021055818590632
7.491053 3.500571e-05 1.313243883303533 0.9992968738107408
7.520823999999999 3.536397e-05 1.3266840550250127 1.0095240081271548
7.550618 3.459643e-05 1.2978896894717704 0.9876132877753981
7.580775 3.487186e-05 1.3082224826868856 0.9954759004164127
7.610417999999999 3.523533e-05 1.32185810825381 1.0058517629463826
7.640563 3.506476e-05 1.315459151935681 1.0009825553866474
7.670757 3.544798e-05 1.3298357013888868 1.0119222148873903
7.701137 3.525564e-05 1.3226200406148416 1.0064315460591118
7.730635 3.52147e-05 1.3210841710500638 1.0052628448953929
7.760674 3.503103e-05 1.3141937664833125 1.000019675800613
7.790655 3.467399e-05 1.3007993632246815 0.9898273684363177
7.820942 3.459247e-05 1.2977411295431793 0.987500242914423
7.851081 3.523494e-05 1.3218434773517513 1.0058406297403772
7.881041 3.518146e-05 1.3198371680131014 1.0043139531835699
7.910803 3.511403e-05 1.3173075225623692 1.0023890504119632
7.9407950000000005 3.538944e-05 1.3276395654748148 1.0102510921193366
7.970785 3.505332e-05 1.3150299788086401 1.00065598134383
8.001063 3.502764e-05 1.3140665901808066 0.9999229025484145
8.031088 3.515279e-05 1.3187616091361551 1.0034955198087818
8.060988 3.497548e-05 1.3121098008183538 0.9984339076119323
8.090831 3.463261e-05 1.299246987001171 0.9886461067324902
8.120861 3.528649e-05 1.32377738248278 1.0073122112008004
8.150914 3.549414e-05 1.331567399950444 1.0132399297314858
8.181007 3.505193e-05 1.3149778327730988 1.00061630145576
8.210987 3.538249e-05 1.3273788352971105 1.0100526926789886
8.240804 3.529121e-05 1.3239544539128179 1.0074469515401445
8.271106 3.450735e-05 1.2945478413811393 0.9850703493370958
8.30108 3.462704e-05 1.299038027707673 0.9884871017133913
8.331468999999998 3.512747e-05 1.3178117259563753 1.0027727178189096
8.361201 3.49306e-05 1.310426121627654 0.9971527325208792
8.390896000000001 3.53777e-05 1.3271991378077288 1.0099159540718998
8.421053 3.533299e-05 1.3255218361897214 1.0086396319167978
8.451478999999999 3.474094e-05 1.3033110014113423 0.9917385688005333
8.481512 3.482982e-05 1.3066453464752765 0.9942757979024227
8.511127 3.456334e-05 1.2966483137048306 0.9866686780658849
8.541054 3.472751e-05 1.3028071731686708 0.9913551868604077
8.571292999999999 3.543864e-05 1.3294853100421593 1.0116555888769083
8.6012 3.536671e-05 1.3267868464907553 1.0096022260360116
8.631137 3.507848e-05 1.3159738595670625 1.0013742158645718
8.661228999999999 3.529817e-05 1.324215559241857 1.0076456364473132
8.691081 3.503741e-05 1.3144331130349316 1.0002018036321842
8.721350000000001 3.470588e-05 1.3019957208314419 0.9907377221273533
8.751003 3.486984e-05 1.3081467021172506 0.9954182361186424
8.781016 3.511788e-05 1.3174519558262772 1.0024989551379115
8.811035 3.518274e-05 1.3198851873839594 1.0043504929366125
8.841044 3.553175e-05 1.3329783441207248 1.0143135704439301
8.870914 3.497634e-05 1.3121420638331487 0.9984584577585077
8.900765999999999 3.510221e-05 1.3168640936846048 1.0020516286299614
8.931108 3.509605e-05 1.316633000462352 1.0018757810684444
8.961081 3.448279e-05 1.2936264697028066 0.9843692428255927
8.991266 3.478207e-05 1.3048539988514818 0.9929126938338445
9.021164 3.495763e-05 1.3114401556856892 0.9979243493370816
9.051183000000002 3.521457e-05 1.3210792940827105 1.005259133826724
9.081408 3.529174e-05 1.323974336933564 1.0074620812816388
9.11109 3.532093e-05 1.325069403679921 1.0082953589311003
9.141433000000001 3.493957e-05 1.310762632374993 0.9974087962589974
9.171237999999999 3.486366e-05 1.3079148585923281 0.9952418176234842
9.201088 3.49308e-05 1.3104336246543506 0.9971584418572921
9.231209999999999 3.457764e-05 1.2971847801136323 0.9870768956194069
9.261071 3.521466e-05 1.321082670444724 1.00526170302811
9.291331 3.554148e-05 1.333343366369511 1.0145913296604174
9.321331 3.522322e-05 1.3214037999873354 1.005506062626582
9.351090000000001 3.503838e-05 1.3144695027144093 1.0002294939137866
9.381200000000002 3.483999e-05 1.3070268753827945 0.9945661176590181
9.411368 3.487354e-05 1.3082855081111364 0.995523858842281
9.441257 3.517725e-05 1.3196792293011397 1.0041937716520786
9.471321 3.495607e-05 1.311381632077456 0.997879816513061
9.501294 3.484024e-05 1.3070362541661653 0.9945732543295344
9.531321 3.544966e-05 1.3298987268131375 1.0119701733132584
9.56147 3.48959e-05 1.3091243464958073 0.9961621626532422
9.59138 3.480965e-05 1.3058886662329325 0.9937000113251827
9.621146000000001 3.460707e-05 1.2982888504920251 0.9879170244725639
9.651377 3.461884e-05 1.2987304036131155 0.9882530189204626
9.681664000000001 3.465266e-05 1.2999991654274974 0.9892184677078827
9.711446 3.51341e-05 1.318060451291365 1.002961982320997
9.741479 3.50047e-05 1.3132059930187154 0.9992680416618558
9.771673 3.508033e-05 1.316043262564005 1.0014270272263908
9.801523999999999 3.553316e-05 1.3330312404589353 1.0143538212656409
9.831498 3.467721e-05 1.3009201619544957 0.9899192887525653
9.861257 3.467189e-05 1.300720581444368 0.9897674204039824
9.891534 3.503221e-05 1.3142380343408222 1.0000533608854492
9.921683000000002 3.529531e-05 1.3241082659600967 1.007563992936609
9.951191000000001 3.525885e-05 1.3227404641933207 1.0065231809085387
9.981108 3.515638e-05 1.318896288465358 1.0035980023973934
10.00356 3.458799e-05 1.297573061745177 0.987372353778774
