Keff(MJ/m3):-0.033829086557656894 Ms(MA/m):1.4325954980953108
H(kOe) moment(emu) M(MA/m) M_norm()
9.966713 4.555898e-05 1.2001783179012135 1.016314663819881
9.938518 4.501544e-05 1.185859627647129 1.0041895531968454
9.910185 4.436647e-05 1.1687635529990938 0.9897125449894804
9.881518 4.531947e-05 1.1938688107761526 1.0109717539230507
9.852564000000001 4.460755e-05 1.1751144192581633 0.9950904779272611
9.823663 4.533765e-05 1.1943477337419308 1.0113773073526542
9.794595 4.522012e-05 1.1912515942387434 1.0087554869686433
9.765295 4.472285e-05 1.1781518129850206 0.9976625522085211
9.736175 4.457416e-05 1.1742348132170553 0.9943456248461574
9.706738999999999 4.445458e-05 1.1710846697490798 0.9916780737398863
9.676924999999999 4.459504e-05 1.1747848633559692 0.9948114089831279
9.647203 4.483592e-05 1.1811304609355473 1.0001848803870297
9.61749 4.42135e-05 1.16473380349001 0.9863001408021055
9.587425 4.481342e-05 1.1805377344927521 0.9996829578256391
9.557906000000001 4.46299e-05 1.1757031941913398 0.9955890543382425
9.527906000000002 4.547196e-05 1.1978859154544563 1.0143734504291158
9.497962 4.517411e-05 1.1900395345217207 1.0077291110997726
9.468588 4.490749e-05 1.183015857891585 1.00178144028564
9.438703 4.40113e-05 1.1594071685240908 0.9817895300504078
9.408610000000001 4.517043e-05 1.189942590819077 1.0076470188763986
9.37824 4.494e-05 1.1838722817429304 1.002506662617676
9.348625 4.498339e-05 1.1850153217586141 1.0034745923927313
9.318942999999999 4.491619e-05 1.183245045449466 1.0019755170093778
9.288915999999999 4.484556e-05 1.1813844112870382 1.000399926319999
9.258601 4.484136e-05 1.1812737690177162 1.0003062341085391
9.228729999999999 4.536467e-05 1.1950595323412345 1.0119800605797111
9.198352000000002 4.40294e-05 1.1598839840180726 0.9821932988664599
9.168619000000001 4.421607e-05 1.1648015060214763 0.9863574715124511
9.138965 4.486734e-05 1.181958170483664 1.000885787359425
9.109138000000002 4.505146e-05 1.1868085168235505 1.0049930754484584
9.079026 4.48449e-05 1.1813670246447163 1.0003852032581981
9.04898 4.468777e-05 1.1772276866022091 0.9968799991661393
9.018962 4.410002e-05 1.1617443547465258 0.9837686664791448
8.988804 4.474359e-05 1.1786981750482903 0.9981252132717763
8.958859 4.514664e-05 1.1893158813935616 1.0071163194214883
8.927723 4.468473e-05 1.177147602673938 0.9968121838511781
8.898786 4.499164e-05 1.185232654787639 1.003658630665241
8.868971 4.545237e-05 1.1973698482982627 1.013936443185665
8.839073 4.443673e-05 1.1706144401044623 0.9912798818411831
8.809185 4.476226e-05 1.1791900062788232 0.9985416974593836
8.778823000000001 4.527098e-05 1.192591419433435 1.0098900550340801
8.749073000000001 4.475753e-05 1.1790654020088487 0.9984361821831444
8.719026 4.464393e-05 1.1760727920576697 0.9959020309398565
8.688832 4.467919e-05 1.177001660252023 0.996688599362729
8.659145 4.419773e-05 1.1643183681121043 0.9859483488557441
8.629063 4.397468e-05 1.1584424733091947 0.9809726231971577
8.599210999999999 4.562991e-05 1.2020468550828787 1.0178969468100785
8.568999 4.465474e-05 1.1763575641841857 0.9961431768460178
8.538749 4.542568e-05 1.19666674302012 1.0133410514895085
8.508619000000001 4.451058e-05 1.1725599000067033 0.9929273032260143
8.478965 4.550705e-05 1.1988103052712422 1.0151562265481913
8.448999 4.519655e-05 1.1906306803606685 1.0082296952009997
8.418702 4.508702e-05 1.1877452880371415 1.0057863361721497
8.388924999999999 4.484607e-05 1.1813978464197414 1.0004113032313904
8.358647000000001 4.493025e-05 1.1836154336177194 1.0022891628410735
8.328592 4.51362e-05 1.1890408563241046 1.006883427353003
8.298776 4.470466e-05 1.1776726265852675 0.9972567757022235
8.268682 4.49418e-05 1.183919699858354 1.0025468164225873
8.238646000000001 4.52973e-05 1.1932847776545181 1.0104771928925602
8.208832000000001 4.524794e-05 1.1919844675560127 1.009376086331216
8.178666 4.512955e-05 1.1888656727310118 1.0067350813515252
8.148462 4.5392e-05 1.1957794973937494 1.0125897291842803
8.118268 4.481529e-05 1.1805869966459976 0.9997246731674079
8.088657 4.458439e-05 1.174504306173046 0.9945738323040696
8.058629 4.451276e-05 1.172617328613161 0.9929759339452957
8.028509 4.505987e-05 1.187030064796169 1.0051806829480718
7.998444 4.482201e-05 1.1807640242769124 0.9998745807057432
7.968425 4.442097e-05 1.170199268160531 0.9909283129715156
7.938503 4.499445e-05 1.1853066797344949 1.0037213152162416
7.908768 4.508622e-05 1.1877242133191752 1.0057684900366335
7.878444 4.525728e-05 1.1922305148882666 1.0095844399633669
7.848555 4.503219e-05 1.186300879554543 1.004563206659214
7.818555 4.496592e-05 1.1845551026050305 1.003084877408398
7.788295 4.457654e-05 1.1742975105030042 0.9943987170993178
7.758444000000001 4.449829e-05 1.1722361396519498 0.9926531419691479
7.728574 4.489037e-05 1.1825648589271116 1.0013995329855951
7.6986289999999995 4.454457e-05 1.1734553120862858 0.993685540908755
7.668425 4.536141e-05 1.1949736528655226 1.0119073375774827
7.638122999999999 4.550671e-05 1.1988013485161066 1.0151486419405968
7.607897 4.448936e-05 1.1720008931126538 0.9924539344814494
7.57799 4.582875e-05 1.2072849762333406 1.0223326037926084
7.548185 4.516316e-05 1.1897510743195605 1.0074848421198959
7.518212 4.457478e-05 1.174251146123479 0.9943594556011823
7.48811 4.523983e-05 1.1917708226026318 1.0091951711324214
7.458129 4.483756e-05 1.1811736641073778 1.0002214649648378
7.428353 4.473349e-05 1.178432106733969 0.9978999058108854
7.3986469999999995 4.473029e-05 1.1783478078621048 0.9978285212688208
7.368629 4.501166e-05 1.1857600496047396 1.0041052302065319
7.3382309999999995 4.488316e-05 1.1823749230314426 1.0012386946892562
7.30837 4.451337e-05 1.1726333980856096 0.9929895416236265
7.278435 4.434704e-05 1.1682517007864932 0.9892791069731326
7.248268 4.506808e-05 1.1872463440892953 1.0053638289138058
7.218425 4.503284e-05 1.1863180027628908 1.0045777066443211
7.188064000000001 4.500369e-05 1.1855500927270026 1.0039274380814525
7.157805000000001 4.55625e-05 1.2002710466602642 1.016393186816152
7.127981 4.525661e-05 1.1922128648119696 1.0095694938248718
7.098037000000001 4.460826e-05 1.1751331230703583 0.9951063163725318
7.067879 4.500653e-05 1.1856249079757821 1.0039907918625348
7.037943 4.525947e-05 1.1922882069286986 1.0096332937593422
7.008046 4.536977e-05 1.1951938836682678 1.0120938296936262
6.97811 4.525205e-05 1.1920927389195632 1.00946777085243
6.948259 4.49708e-05 1.1846836583846236 1.0031937388350465
6.918444 4.513595e-05 1.1890342704747399 1.006877850435654
6.888268 4.520056e-05 1.1907363173844734 1.0083191489552743
6.858175 4.484493e-05 1.1813678149466398 1.00038587248828
6.827832 4.476833e-05 1.1793499107013903 0.998677105012612
6.797814000000001 4.512747e-05 1.1888108784643001 1.0066886813991833
6.768117 4.576191e-05 1.205524183547277 1.0208415591702371
6.738323 4.563068e-05 1.2020671394989209 1.0179141237155127
6.708147 4.460634e-05 1.1750825437472396 0.995063485647293
6.678147 4.570267e-05 1.203963600681891 1.019520052835269
6.647888 4.518239e-05 1.1902576578526696 1.0079138186023646
6.617722 4.504572e-05 1.1866573057221443 1.0048650294261305
6.587777 4.464289e-05 1.1760453949243135 0.9958788309636853
6.557545 4.496632e-05 1.1845656399640134 1.003093800476156
6.52775 4.472116e-05 1.178107292643317 0.9976248522472431
6.497527 4.455039e-05 1.1736086306594888 0.9938153715446347
6.467862 4.52212e-05 1.1912800451079977 1.0087795792515901
6.4382399999999995 4.521215e-05 1.1910416373610064 1.0085776948435639
6.407979999999999 4.527372e-05 1.1926636003424689 1.0099511780482229
6.378 4.482938e-05 1.1809581751161748 1.0000389882291856
6.347916000000001 4.545532e-05 1.1974475613207625 1.0140022508103805
6.317712 4.440513e-05 1.169781988744803 0.9905749594882964
6.288117000000001 4.404055e-05 1.1601777128997246 0.9824420293802157
6.258027 4.500965e-05 1.1857070993758496 1.0040603917910476
6.228101 4.467039e-05 1.1767698383543965 0.9964922918720518
6.197944000000001 4.45753e-05 1.1742648446901567 0.9943710555892677
6.168064 4.446953e-05 1.1714785035410704 0.9920115733973437
6.137879 4.458602e-05 1.174547245910902 0.9946101938051838
6.107722 4.407531e-05 1.1610934093953493 0.9832174439683908
6.07787 4.421355e-05 1.164735120659883 0.9863012561855753
6.047956 4.449769e-05 1.1722203336134753 0.9926397573675109
6.018259 4.556071e-05 1.200223891978815 1.0163532560879345
5.9881660000000005 4.525702e-05 1.1922236656049277 1.009578639969324
5.958064 4.479658e-05 1.1800941116795667 0.9993072966730249
5.9279530000000005 4.519955e-05 1.1907097105530413 1.0082966182091853
5.8978969999999995 4.511834e-05 1.1885703632455125 1.0064850123776057
5.867897 4.476292e-05 1.179207392921145 0.9985564205211843
5.837741 4.557989e-05 1.200729158342051 1.0167811171869332
5.807666 4.577059e-05 1.2057528442372087 1.021035189740587
5.777908999999999 4.488289e-05 1.182367810314129 1.0012326716185196
5.747629 4.463195e-05 1.175757198156128 0.9956347850605026
5.717703 4.43897e-05 1.169375510122033 0.9902307521495295
5.687654 4.51476e-05 1.1893411710551207 1.0071377347841075
5.657509 4.550379e-05 1.1987244257955305 1.015083503545963
5.627749 4.477168e-05 1.1794381610828732 0.9987518357050857
5.597685 4.452497e-05 1.1729389814961177 0.9932483105886104
5.567518 4.557891e-05 1.2007033418125428 1.0167592556709262
5.537342 4.509732e-05 1.1880166250309545 1.0060161051669199
5.507475 4.46051e-05 1.1750498779343923 0.995035824137243
5.47799 4.498992e-05 1.1851873441440122 1.0036202614738816
5.447897 4.437571e-05 1.1690069659916016 0.9899186678546914
5.41773 4.479187e-05 1.1799700342775414 0.9992022275501736
5.387532 4.466116e-05 1.1765266887958632 0.9962863920835346
5.357314000000001 4.488616e-05 1.1824539532238154 1.0013056176974418
5.3272770000000005 4.500971e-05 1.1857086799796972 1.0040617302512114
5.297249 4.507069e-05 1.1873151003566595 1.0054220519309272
5.267462 4.474336e-05 1.178692116066875 0.9981200825078154
5.2373140000000005 4.531467e-05 1.193742362468356 1.0108646771099539
5.207397 4.50903e-05 1.1878316943808025 1.005859505327766
5.1772860000000005 4.573503e-05 1.2048160730236175 1.0202419290168956
5.14687 4.478792e-05 1.1798659778575842 0.9991141122560628
5.117138 4.491768e-05 1.1832842971116777 1.0020087554367765
5.087277 4.48057e-05 1.1803343634643795 0.9995107426179084
5.057569 4.473672e-05 1.178517195907757 0.9979719595830316
5.0273509999999995 4.464868e-05 1.1761979231955928 0.9960079923694832
4.997768 4.512053e-05 1.1886280552859445 1.006533866173581
4.967841999999999 4.470105e-05 1.1775775269204456 0.9971762450157069
4.937842 4.475206e-05 1.1789213036247557 0.998314159231553
4.907832999999999 4.402419e-05 1.1597467349173187 0.9820770759089111
4.877805 4.490547e-05 1.1829626442287207 1.0017363787934617
4.847685 4.433551e-05 1.1679479614138077 0.9890218995450069
4.817545 4.460321e-05 1.1750000889131975 0.9949936626420863
4.787645 4.476811e-05 1.17934411515395 0.9986721973253453
4.757462 4.456632e-05 1.1740282809809879 0.9941707327180994
4.727672999999999 4.4616e-05 1.1753370209666798 0.9952789777336501
4.697731 4.41783e-05 1.163806515899504 0.9855149108393965
4.667647 4.438564e-05 1.1692685559283553 0.9901401830117852
4.637453000000001 4.541616e-05 1.1964159538763242 1.0131286824768668
4.607435000000001 4.395773e-05 1.1579959527222892 0.9805945082009102
4.577738999999999 4.452707e-05 1.1729943026307788 0.9932951566943402
4.547657 4.42142e-05 1.1647522438682305 0.9863157561706821
4.51736 4.470347e-05 1.177641277942293 0.9972302295756431
4.487018 4.517178e-05 1.1899781544056447 1.007677134230082
4.4574560000000005 4.567226e-05 1.2031624979652062 1.0188416766089625
4.427379 4.49472e-05 1.184061954204625 1.0026672778373211
4.397166 4.395831e-05 1.1580112318928146 0.9806074466491593
4.367041 4.278346e-05 1.127061691389795 0.9543992812602767
4.337212 4.464122e-05 1.1760014014505595 0.9958415771557956
4.30721 4.445669e-05 1.1711402543177152 0.99172514292231
4.277470999999999 4.498085e-05 1.1849484095290719 1.0034179309124676
4.247494 4.407023e-05 1.160959584936265 0.9831041210078635
4.217333 4.401106e-05 1.1594008461087009 0.981784176209753
4.187362 4.446849e-05 1.1714511064077144 0.9919883734211727
4.157407 4.446069e-05 1.1712456279075454 0.9918143735998906
4.127407 4.452565e-05 1.1729568950063889 0.993263479803799
4.097212000000001 4.454541e-05 1.1734774405401502 0.993704279351047
4.066916 4.44133e-05 1.1699972143020314 0.9907572131472547
4.037064 4.496385e-05 1.1845005717722936 1.0030387005327503
4.006888 4.47918e-05 1.1799681902397194 0.999200666013316
3.97699 4.429533e-05 1.1668894837039625 0.9881255773887099
3.9468229999999997 4.384403e-05 1.155000708431364 0.9780581261906824
3.917022 4.462972e-05 1.1756984523797975 0.9955850389577514
3.886925 4.448475e-05 1.1718794500503744 0.9923510961255377
3.85687 4.447608e-05 1.1716510527944173 0.9921576886318818
3.826767 4.430013e-05 1.167015932011759 0.9882326542018067
3.796944 4.425039e-05 1.1657056114222197 0.9871230707260923
3.7668049999999997 4.436139e-05 1.1686297285400091 0.9895992220289529
3.7371260000000004 4.440039e-05 1.1696571210408544 0.9904692211353636
3.706925 4.406909e-05 1.1609295534631634 0.983078690264753
3.677116 4.468393e-05 1.1771265279559722 0.9967943377156622
3.647351 4.384367e-05 1.1549912248082794 0.9780500954297002
3.617203 4.452606e-05 1.1729676957993462 0.9932726259482509
3.586888 4.413093e-05 1.1625586291619392 0.9844581965401488
3.5565830000000003 4.384284e-05 1.1549693597883894 0.9780315800641022
3.5269369999999998 4.388217e-05 1.1560054456103956 0.9789089407014132
3.497018 4.470421e-05 1.1776607720564114 0.9972467372509956
3.4666840000000003 4.432825e-05 1.1677567083482656 0.988859945865198
3.4367579999999998 4.439308e-05 1.1694645508054395 0.990306152072085
3.4065920000000003 4.461844e-05 1.1754012988564764 0.9953334084469744
3.3766260000000003 4.468967e-05 1.1772777390573783 0.99692238373799
3.347009 4.450006e-05 1.17228276746545 0.9926926265439775
3.316871 4.414288e-05 1.1628734327615569 0.9847247731894205
3.2869070000000002 4.424378e-05 1.165531481565025 0.9869756170313903
3.256824 4.457797e-05 1.1743351815613685 0.9944306170665528
3.22687 4.382664e-05 1.1545425967495768 0.9776701958199009
3.196759 4.33162e-05 1.1410958729513379 0.9662834690538447
3.1666819999999998 4.411319e-05 1.162091297291042 0.9840624584850789
3.136379 4.424106e-05 1.1654598275239407 0.9869149401706356
3.1063330000000002 4.454352e-05 1.1734276515189555 0.9936621178558902
3.076295 4.404879e-05 1.1603947824947747 0.9826258445760315
3.046295 4.419858e-05 1.1643407599999434 0.98596731037473
3.016453 4.431651e-05 1.1674474368621137 0.988598053826499
2.986471 4.379121e-05 1.1536092501776556 0.9768798350932311
2.956286 4.37882e-05 1.1535299565513082 0.9768126890083517
2.926397 4.360331e-05 1.148659325795379 0.9726882240138838
2.896351 4.474444e-05 1.1787205669361294 0.9981441747907621
2.866462 4.402941e-05 1.1598842474520472 0.9821935219431539
2.8362399999999997 4.38047e-05 1.1539646226093578 0.9771807655533714
2.8060549999999997 4.339052e-05 1.143053714250384 0.9679413750432916
2.776018 4.383855e-05 1.1548563466132966 0.9779358801623971
2.7461819999999997 4.403434e-05 1.1600141204015129 0.9823034987532718
2.7164810000000004 4.457748e-05 1.1743222732966145 0.9944196863085494
2.686212 4.440501e-05 1.1697788275371084 0.9905722825679691
2.656399 4.390371e-05 1.1565728823916313 0.9793894479001843
2.626351 4.341124e-05 1.1435995494457047 0.9684035899531589
2.596453 4.347813e-05 1.1453616593016411 0.969895749959
2.566397 4.42894e-05 1.1667332673570394 0.9879932929091969
2.536277 4.416585e-05 1.1634785406011572 0.985237180355427
2.506154 4.376841e-05 1.153008620715623 0.9763712202310217
2.476351 4.374669e-05 1.1524364421228446 0.9758866976517593
2.446295 4.386183e-05 1.1554696209061086 0.978455202705916
2.416277 4.356832e-05 1.1477375703183392 0.971907678661748
2.386212 4.41513e-05 1.1630952441681497 0.9849126037657276
2.356541 4.336136e-05 1.1422855407805215 0.9672908834037293
2.326656 4.396231e-05 1.1581166054826446 0.9806966773267397
2.2965079999999998 4.391158e-05 1.1567802049296225 0.9795650092583242
2.266555 4.346628e-05 1.1450494900417691 0.9696314040766676
2.236703 4.304582e-05 1.1339731451467616 0.9602519214027861
2.206462 4.348359e-05 1.1455054942517595 0.9700175498338974
2.176333 4.382632e-05 1.1545341668623905 0.9776630573656944
2.146509 4.417326e-05 1.163673745176318 0.985402480185645
2.1165920000000003 4.392962e-05 1.157255439819757 0.9799674396142126
2.086545 4.350483e-05 1.1460650280137583 0.9704913647318503
2.056453 4.12371e-05 1.0863253152973165 0.9199035936144052
2.0266189999999997 4.422556e-05 1.1650515048633485 0.986569171295011
1.9966469999999998 4.306807e-05 1.1345592857401925 0.960748267046828
1.966619 4.33527e-05 1.142057406958539 0.9670976989867673
1.936656 4.373383e-05 1.1520976660315405 0.9755998210233379
1.906749 4.350187e-05 1.1459870515572839 0.9704253340304406
1.876314 4.394605e-05 1.1576882618399846 0.9803339546223747
1.846258 4.342774e-05 1.1440342155037546 0.9687716664981788
1.816314 4.2927e-05 1.130843022660854 0.9576013241252553
1.786305 4.27681e-05 1.126657056804847 0.9540566354583674
1.756156 4.322457e-05 1.1386820274423013 0.9642394173071678
1.726027 4.319808e-05 1.1379841908436505 0.9636484871448906
1.696173 4.319286e-05 1.1378466783089218 0.9635320411106478
1.666422 4.350413e-05 1.146046587635538 0.9704757493632736
1.6363800000000002 4.291315e-05 1.1304781666060666 0.9572923629041327
1.606388 4.177096e-05 1.1003890014640116 0.9318127659976957
1.576573 4.260634e-05 1.1223957488321115 0.9504481468570093
1.546212 4.242114e-05 1.1175169516229706 0.946316766485029
1.516305 4.215851e-05 1.1105983851486907 0.9404581032717829
1.486304 4.074359e-05 1.073324585218034 0.9088945356912087
1.456258 4.206745e-05 1.1081995553762047 0.9384267668966612
1.425999 4.241043e-05 1.1172348138362 0.946077851345807
1.39598 4.195445e-05 1.1052227514635 0.9359060002550103
1.366012 4.223112e-05 1.1125111792380842 0.942077863146564
1.336258 4.215122e-05 1.1104063417812249 0.9402954803618923
1.306221 4.185815e-05 1.1026858822883367 0.9337577716922582
1.2761099999999999 4.098846e-05 1.0797752929534676 0.9143570146959972
1.2461099999999998 4.169573e-05 1.098407187673279 0.9301345600290991
1.215962 4.086303e-05 1.0764710406103655 0.9115589637237645
1.186045 4.131442e-05 1.0883621867887352 0.9216284226120376
1.15623 3.995253e-05 1.0524853772252534 0.8912478307394878
1.125943 4.091861e-05 1.0779352066410568 0.9127988239887465
1.096073 4.044888e-05 1.0655609225533151 0.9023202424437664
1.065814 3.972218e-05 1.0464171756209035 0.8861092590943169
1.03606 3.919987e-05 1.032657755694843 0.8744577402925403
1.006434 3.911151e-05 1.0303300530954926 0.8724866346247855
0.9762025999999999 3.967569e-05 1.0451924710731013 0.8850721755441368
0.9459434 3.865651e-05 1.0183438072523012 0.8623366450499961
0.9158803 3.845095e-05 1.012928658470924 0.8577510805291305
0.8861008 3.77499e-05 0.9944606196832989 0.8421122888996665
0.8560359999999999 3.779168e-05 0.9955612468290759 0.8430443033269954
0.8261633 3.77897e-05 0.99550908690211 0.8430001341415931
0.7962859 3.619821e-05 0.9535838332823714 0.8074977013759188
0.7659249 3.585875e-05 0.9446413035814266 0.7999251399230439
0.7359249 3.435269e-05 0.9049665664064875 0.7663284513537965
0.7058137 3.371689e-05 0.8882174343029683 0.7521452351523653
0.6758521 3.340471e-05 0.8799935524846659 0.7451812269205899
0.6459156 3.159377e-05 0.8322872402928649 0.7047833761061517
0.6158416 3.080557e-05 0.8115233744168128 0.6872004710889008
0.5858049 2.99171e-05 0.7881180560776908 0.6673807760613991
0.5561008000000001 2.865899e-05 0.7549751643023549 0.6393152741186772
0.5259249 2.747341e-05 0.7237429591446161 0.6128677474371849
0.4959249 2.625917e-05 0.6917557522157434 0.5857808829508278
0.46555450000000004 2.487722e-05 0.6553504940992627 0.5549527992302115
0.4357199 2.383133e-05 0.6277981981323709 0.5316214308865265
0.4059275 2.248865e-05 0.5924274452340489 0.5016693693430575
0.3760638 2.100887e-05 0.5534450125442946 0.46865892632551437
0.3458508 1.996482e-05 0.5259411884287248 0.4453686040935165
0.3156471 1.841019e-05 0.484986952439272 0.4106884320217471
0.2858615 1.712854e-05 0.45122393708778497 0.3820978075414635
0.2554341 1.527016e-05 0.4022678941205969 0.3406416808909197
0.22566329999999998 1.481164e-05 0.3901889195183547 0.3304131683198593
0.196036 1.337563e-05 0.352359537335318 0.29837913199174154
0.16586 1.21638e-05 0.3204358179943182 0.2713460289886268
0.13565629999999998 1.093176e-05 0.2879796985907009 0.24386208798703618
0.10561 9.77019e-06 0.25737999840591813 0.21795016844772122
0.07554523 7.046019e-06 0.18561607901054836 0.15718026240388822
0.04551238 6.565134e-06 0.17294793432416758 0.14645283880680537
0.01563781 4.912763e-06 0.12941886832381497 0.10959229282068542
-0.01450108 3.436469e-06 0.09052826871759782 0.07665961433865381
-0.044362189999999996 1.888475e-06 0.04974884751367336 0.04212747596099056
-0.0740631 -4.989659e-07 -0.013144457021471182 -0.011130766336649424
-0.1040196 -2.678926e-06 -0.07057201237740236 -0.059760595542049856
-0.13399180000000002 -4.212947e-06 -0.11098333728865228 -0.09398102885525479
-0.1643413 -4.891509e-06 -0.1288589657542519 -0.10911816561536107
-0.19474180000000002 -6.398711e-06 -0.16856378708908745 -0.1427403295430577
-0.22439920000000002 -8.09248e-06 -0.2131834170573883 -0.18052436842679775
-0.25439 -9.912661e-06 -0.2611331685850948 -0.2211283644141165
-0.2844733 -1.244092e-05 -0.3277361002977583 -0.2775279303314085
-0.3145196 -1.292308e-05 -0.34043783281589746 -0.28828379620697014
-0.34476029999999996 -1.571527e-05 -0.4139936037629333 -0.3505710476153913
-0.3746307 -1.767174e-05 -0.4655336705867338 -0.3942153335569046
-0.4046029 -1.972261e-05 -0.5195605541305283 -0.4399654634893192
-0.43443099999999996 -2.213712e-05 -0.5831669507257913 -0.4938275543205832
-0.46442700000000003 -2.34254e-05 -0.6171046228024221 -0.5225660786489567
-0.4946307 -2.515246e-05 -0.6626012508154826 -0.5610927621545303
-0.5246669 -2.606362e-05 -0.6866043008429168 -0.5814186182006078
-0.5542604 -2.895269e-05 -0.7627122201356415 -0.6458670366200304
-0.5845474 -3.003293e-05 -0.7911694118052004 -0.6699646734074384
-0.6143273 -3.058423e-05 -0.8056925268235555 -0.6822628915449801
-0.6444086 -3.163513e-05 -0.8333768032117097 -0.7057060213123347
-0.6744641 -3.296974e-05 -0.8685349648925491 -0.7354780599637849
-0.7045289 -3.343827e-05 -0.8808776369033418 -0.7459298723054908
-0.7344918 -3.436458e-05 -0.9052797894022578 -0.7665936895429046
-0.7645104 -3.537871e-05 -0.9319954190658974 -0.7892165663066
-0.7946104 -3.61666e-05 -0.9527511184887376 -0.8067925559463383
-0.8247322 -3.747466e-05 -0.9872098629670789 -0.8359723259753475
-0.854853 -3.761974e-05 -0.9910317630702223 -0.8392087226511947
-0.8846103000000001 -3.787341e-05 -0.9977142927032828 -0.8448675091466605
-0.9143993 -3.792196e-05 -0.9989932646498473 -0.8459505464957945
-0.9446481 -3.900768e-05 -1.0275948181374739 -0.870170429311488
-0.974603 -3.965383e-05 -1.044616604404679 -0.8845845298911589
-1.00451 -3.894125e-05 -1.025844826244368 -0.8686885308335688
-1.034797 -3.962592e-05 -1.0438813601816381 -0.8839619228383404
-1.064714 -3.967775e-05 -1.0452467384718638 -0.8851181293430908
-1.094837 -4.066319e-05 -1.0712065760624458 -0.9071009990718394
-1.124825 -4.030651e-05 -1.0618104130572819 -0.89914429955198
-1.1548530000000001 -4.062477e-05 -1.0701944627321263 -0.906243938413678
-1.184973 -4.157094e-05 -1.0951197951045495 -0.9273507859652793
-1.2147970000000001 -4.069741e-05 -1.0721080471234437 -0.907864367518541
-1.244964 -4.077705e-05 -1.074206035296964 -0.9096409503091701
-1.274761 -4.079677e-05 -1.0747255270948273 -0.9100808575496424
-1.3044829999999998 -4.139683e-05 -1.090533146173213 -0.9234667976468911
-1.3346959999999999 -4.12279e-05 -1.0860829560407068 -0.9196983630559699
-1.36464 -4.173372e-05 -1.0994079733426918 -0.9309820283894206
-1.394676 -4.214534e-05 -1.1102514426041745 -0.9401643112658489
-1.4248340000000002 -4.28488e-05 -1.1287829689796725 -0.9558568643785554
-1.454818 -4.271908e-05 -1.1253657034614772 -0.9529631135046176
-1.4846679999999999 -4.245843e-05 -1.1184992969141632 -0.9471486194767739
-1.514594 -4.234542e-05 -1.1155222295674838 -0.9446276297584287
-1.544797 -4.228308e-05 -1.1138799821699794 -0.9432369696483357
-1.57501 -4.186431e-05 -1.102848157616675 -0.933895186935732
-1.604592 -4.275077e-05 -1.1262005257269074 -0.9536700435477496
-1.634797 -4.297481e-05 -1.1321025004933 -0.9586678537990372
-1.6647509999999999 -4.257136e-05 -1.1214742567890459 -0.9496678245815672
-1.694797 -4.23751e-05 -1.1163041016040245 -0.9452897213860767
-1.724807 -4.220853e-05 -1.111916081889518 -0.941573932894928
-1.7549919999999999 -4.353459e-05 -1.1468490075220954 -0.9711552409730497
-1.7849179999999998 -4.444175e-05 -1.1707466839596992 -0.9913918663415466
-1.814818 -4.328839e-05 -1.1403632630680431 -0.9656630927679659
-1.844723 -4.328554e-05 -1.140288184385289 -0.9655995159101896
-1.8750470000000001 -4.329245e-05 -1.140470217261721 -0.9657536619057101
-1.9049690000000001 -4.301235e-05 -1.133091431633857 -0.9595052837081307
-1.934816 -4.342132e-05 -1.1438650908920769 -0.9686284512606619
-1.964563 -4.376143e-05 -1.1528247438013692 -0.9762155126986437
-1.9944549999999999 -4.289239e-05 -1.1299312776748478 -0.9568292556874897
-2.0246310000000003 -4.360078e-05 -1.1485926769998116 -0.9726317856103142
-2.054844 -4.346639e-05 -1.1450523878154895 -0.9696338579203011
-2.084779 -4.44715e-05 -1.1715304000340616 -0.9920555195060521
-2.114862 -4.322406e-05 -1.138668592309598 -0.9642280403957764
-2.1447800000000004 -4.366426e-05 -1.1502649558704174 -0.9740478764635176
-2.174658 -4.397004e-05 -1.1583202399449917 -0.9808691156111642
-2.20489 -4.386445e-05 -1.1555386406074475 -0.9785136487997312
-2.234788 -4.415837e-05 -1.1632814919881744 -0.9850703189883512
-2.265103 -4.398881e-05 -1.1588147055152702 -0.9812878305657111
-2.2951680000000003 -4.354614e-05 -1.1471532737627301 -0.9714128945545636
-2.325091 -4.352568e-05 -1.1466142878507484 -0.970956479638739
-2.3553249999999997 -4.365977e-05 -1.1501466740158333 -0.9739477150279336
-2.3849780000000003 -4.368701e-05 -1.1508642681625771 -0.9745553759422572
-2.4148989999999997 -4.339658e-05 -1.1432133552389772 -0.9680765595198263
-2.44489 -4.354386e-05 -1.1470932108165268 -0.9713620330683426
-2.475094 -4.438419e-05 -1.1692303580020418 -0.9901078368911623
-2.505029 -4.392605e-05 -1.1571613938908334 -0.979887801234472
-2.5350569999999997 -4.383832e-05 -1.1548502876318814 -0.9779307493984362
-2.564959 -4.367536e-05 -1.1505573675821965 -0.9742954915938038
-2.594529 -4.382848e-05 -1.1545910686008987 -0.9777112419315879
-2.624714 -4.372406e-05 -1.15184029103838 -0.9753818750933473
-2.654788 -4.382586e-05 -1.15452204889956 -0.9776527958377726
-2.684941 -4.341677e-05 -1.1437452284336451 -0.9685269513649141
-2.71478 -4.37309e-05 -1.1520204798769897 -0.97553445955201
-2.745047 -4.392329e-05 -1.1570886861138505 -0.9798262320669414
-2.774875 -4.429817e-05 -1.1669642989527422 -0.9881889311697922
-2.8045940000000003 -4.375219e-05 -1.1525813308088613 -0.9760093898334326
-2.834964 -4.391939e-05 -1.156985946863766 -0.9797392321563002
-2.8649459999999998 -4.399762e-05 -1.1590467908468711 -0.9814843611330822
-2.8951770000000003 -4.42823e-05 -1.1665462292350908 -0.9878349084564914
-2.92478 -4.4079e-05 -1.1611906165319679 -0.9832997592684589
-2.954955 -4.395573e-05 -1.1579432659273738 -0.9805498928621197
-2.984816 -4.35668e-05 -1.1476975283542035 -0.9718737710042672
-3.014893 -4.395327e-05 -1.1578784611696284 -0.9804950159954078
-3.044575 -4.440017e-05 -1.1696513254934136 -0.9904643134480966
-3.074742 -4.340804e-05 -1.1435152505738406 -0.9683322054110945
-3.104816 -4.3595e-05 -1.1484404121625067 -0.9725028472812102
-3.135084 -4.365341e-05 -1.1499791300080031 -0.9738058382505804
-3.165103 -4.392024e-05 -1.157008338751605 -0.9797581936752863
-3.195139 -4.420628e-05 -1.1645436041603667 -0.9861390794290726
-3.224723 -4.333084e-05 -1.1414815402901166 -0.9666100533337895
-3.254946 -4.420827e-05 -1.1645960275213072 -0.9861834716911689
-3.285103 -4.413293e-05 -1.162611315956854 -0.9845028118789388
-3.315214 -4.457526e-05 -1.1742637909542586 -0.9943701632824921
-3.345362 -4.426652e-05 -1.1661305304232101 -0.9874828934334359
-3.375223 -4.433919e-05 -1.1680449051164514 -0.9891039917683809
-3.4053620000000002 -4.436506e-05 -1.1687264088086784 -0.9896810911756331
-3.435223 -4.365864e-05 -1.150116905976706 -0.973922507361517
-3.465418 -4.436725e-05 -1.1687841008491107 -0.9897299449716086
-3.495112 -4.371202e-05 -1.151523116532991 -0.9751132907538298
-3.525038 -4.414309e-05 -1.162878964875023 -0.9847294577999935
-3.55511 -4.35698e-05 -1.1477765585465762 -0.9719406940124526
-3.584797 -4.366469e-05 -1.1502762835313245 -0.9740574687613577
-3.615177 -4.39057e-05 -1.156625305752572 -0.9794338401622809
-3.644844 -4.39026e-05 -1.1565436412204535 -0.9793646863871559
-3.675029 -4.396041e-05 -1.1580665530274752 -0.980654292754889
-3.705168 -4.383369e-05 -1.1547283177016527 -0.9778274648891366
-3.735149 -4.449864e-05 -1.1722453598410598 -0.9926609496534361
-3.765251 -4.436771e-05 -1.168796218811941 -0.9897402064995302
-3.794922 -4.417139e-05 -1.1636244830230722 -0.9853607648438761
-3.8249920000000004 -4.383373e-05 -1.1547293714375513 -0.9778283571959125
-3.8549729999999998 -4.443456e-05 -1.1705572749319793 -0.9912314741985956
-3.884908 -4.375093e-05 -1.1525481381280647 -0.9759812821699947
-3.915298 -4.373064e-05 -1.1520136305936508 -0.9755286595579673
-3.94514 -4.446124e-05 -1.1712601167761472 -0.991826642818058
-3.97526 -4.44302e-05 -1.1704424177190644 -0.9911342127600328
-4.005016 -4.470417e-05 -1.177659718320513 -0.9972458449442198
-4.035010000000001 -4.42574e-05 -1.1658902786383973 -0.9872794474885522
-4.0650070000000005 -4.412197e-05 -1.1623225923207192 -0.9842583198223681
-4.095149 -4.424799e-05 -1.1656423872683215 -0.9870695323195439
-4.125297 -4.402542e-05 -1.1597791372961916 -0.9821045143422673
-4.155437 -4.448563e-05 -1.1719026322401371 -0.9923707268746055
-4.1850439999999995 -4.514764e-05 -1.189342224791019 -1.0071386270908833
-4.215205 -4.460453e-05 -1.1750348621978413 -0.9950231087656877
-4.244899 -4.38163e-05 -1.1542702060198657 -0.9774395345183552
-4.275103 -4.425884e-05 -1.165928213130736 -0.9873115705324812
-4.305205 -4.434186e-05 -1.168115241987663 -0.9891635532456658
-4.334992000000001 -4.465851e-05 -1.1764568787926006 -0.9962272767596375
-4.365223 -4.464993e-05 -1.176230852442415 -0.9960358769562274
-4.39552 -4.332044e-05 -1.1412075689565582 -0.9663780535720802
-4.425511 -4.47054e-05 -1.1776921206993858 -0.9972732833775757
-4.455437 -4.451586e-05 -1.1726989931452794 -0.9930450877204207
-4.48526 -4.455453e-05 -1.1737176923249633 -0.9939077252959307
-4.515309 -4.425194e-05 -1.165746443688279 -0.9871576476136547
-4.545167 -4.386923e-05 -1.1556645620472945 -0.97862027945944
-4.575224 -4.487695e-05 -1.182211330533231 -1.0011001640623123
-4.605159 -4.502765e-05 -1.186181280530086 -1.0044619298401603
-4.6352139999999995 -4.454274e-05 -1.1734071036689386 -0.993644717873762
-4.665196 -4.489196e-05 -1.1826067449290691 -1.0014350021799334
-4.695696 -4.571751e-05 -1.2043545367001613 -1.019851098649093
-4.72529 -4.487524e-05 -1.1821662833235786 -1.0010620179476466
-4.755381000000001 -4.491532e-05 -1.1832221266936778 -1.001956109337004
-4.785131000000001 -4.399063e-05 -1.1588626504986428 -0.9813284305240102
-4.815251 -4.432272e-05 -1.1676110293603255 -0.9887365844534429
-4.845584 -4.423865e-05 -1.1653963399360678 -0.9868611786873933
-4.875677 -4.452097e-05 -1.1728336079062873 -0.9931590799110297
-4.905474 -4.4166e-05 -1.1634824921107758 -0.9852405265058362
-4.9353180000000005 -4.428552e-05 -1.166631054974904 -0.9879067391519436
-4.964973 -4.421058e-05 -1.1646568807694342 -0.9862350024074718
-4.995057 -4.493527e-05 -1.183747677472956 -1.002401147341437
-5.02477 -4.450075e-05 -1.1723009444096955 -0.99270801883586
-5.054806999999999 -4.479293e-05 -1.1799979582788467 -0.9992258736797326
-5.084974 -4.433646e-05 -1.1679729876413922 -0.9890430918309322
-5.11489 -4.400289e-05 -1.1591856205514726 -0.9816019225507946
-5.145006 -4.456975e-05 -1.1741186388342675 -0.9942472480241248
-5.175038 -4.421946e-05 -1.1648908101388573 -0.9864330945117006
-5.204964 -4.477911e-05 -1.1796338925259828 -0.9989175816886916
-5.234959 -4.461889e-05 -1.175413153385332 -0.995343446898202
-5.264437 -4.437834e-05 -1.169076249126915 -0.9899773370252006
-5.294834 -4.439974e-05 -1.169639997832507 -0.9904547211502567
-5.324964 -4.421703e-05 -1.1648267956830354 -0.9863788868750704
-5.354927 -4.449849e-05 -1.1722414083314412 -0.9926576035030269
-5.385020000000001 -4.414479e-05 -1.162923748650701 -0.9847673808379652
-5.414899 -4.399574e-05 -1.1589972652596512 -0.9814424227146195
-5.444862 -4.455129e-05 -1.1736323397172006 -0.9938354484470904
-5.475020000000001 -4.448059e-05 -1.171769861516951 -0.9922582962208539
-5.504771 -4.436816e-05 -1.1688080733407968 -0.989750244950758
-5.534732 -4.423017e-05 -1.1651729479256279 -0.9866720096509226
-5.564705 -4.426206e-05 -1.1660130388705496 -0.9873834012279337
-5.594931 -4.490323e-05 -1.1829036350184159 -1.0016864096140168
-5.624946 -4.486765e-05 -1.1819663369368758 -1.0008927027369376
-5.655149000000001 -4.482325e-05 -1.18079669008976 -0.9999022422157933
-5.684894 -4.452388e-05 -1.172910267192889 -0.9932239952289696
-5.714844 -4.462909e-05 -1.1756818560393991 -0.9955709851260325
-5.744881 -4.499126e-05 -1.1852226442966052 -1.003650153750871
-5.774955 -4.476737e-05 -1.1793246210398312 -0.9986556896499927
-5.8048649999999995 -4.435844e-05 -1.1685520155175095 -0.9895334144042374
-5.834714 -4.4515e-05 -1.172676337823466 -0.9930259031247409
-5.864761000000001 -4.496892e-05 -1.184634132797403 -1.0031518004165834
-5.894788999999999 -4.519316e-05 -1.1905413762432873 -1.0081540722017501
-5.924872000000001 -4.430253e-05 -1.1670791561656573 -0.988286192608355
-5.955101 -4.491251e-05 -1.1831481017468222 -1.0018934247860036
-5.984863000000001 -4.490501e-05 -1.1829505262658904 -1.00172611726554
-6.014779000000001 -4.313621e-05 -1.136354324842951 -0.9622683116394132
-6.044788 -4.443722e-05 -1.1706273483692164 -0.9912908125991866
-6.0745249999999995 -4.413414e-05 -1.162643191467778 -0.984529804158907
-6.104575 -4.441702e-05 -1.1700952117405736 -0.9908401976774048
-6.1345469999999995 -4.431889e-05 -1.1675101341480627 -0.9886511460796594
-6.164872 -4.420819e-05 -1.1645939200495103 -0.9861816870776172
-6.194733 -4.378908e-05 -1.153553138741071 -0.9768323197574195
-6.224677 -4.412565e-05 -1.1624195360233631 -0.9843404120457422
-6.254899 -4.384547e-05 -1.1550386429237027 -0.9780902492346113
-6.284779 -4.485358e-05 -1.1815956853346476 -1.0005788338285477
-6.314478 -4.527635e-05 -1.1927328834777822 -1.010009847218732
-6.344112 -4.435898e-05 -1.1685662409521365 -0.9895454605457107
-6.374232 -4.401907e-05 -1.1596118567223361 -0.9819628606416081
-6.404399000000001 -4.429861e-05 -1.1669758900476235 -0.9881987465443259
-6.434381 -4.513333e-05 -1.1889652507734014 -1.0068194043418388
-6.464437 -4.460046e-05 -1.1749276445701893 -0.9949323165512496
-6.4945200000000005 -4.450985e-05 -1.1725406693265594 -0.9929110186273559
-6.524464 -4.427457e-05 -1.1663425947727437 -0.9876624701720669
-6.554714 -4.476777e-05 -1.1793351583988143 -0.9986646127177508
-6.584432 -4.492219e-05 -1.1834031058342114 -1.0021093630257487
-6.614167999999999 -4.471507e-05 -1.1779468613528008 -0.9974889985406269
-6.644270000000001 -4.473486e-05 -1.1784681971884858 -0.9979304673179568
-6.674233 -4.489317e-05 -1.1826386204399926 -1.0014619944599015
-6.7045010000000005 -4.430905e-05 -1.1672509151170805 -0.9884316386128114
-6.734426999999999 -4.376446e-05 -1.1529045642956657 -0.976283104936911
-6.764327000000001 -4.480872e-05 -1.1804139205247015 -0.9995781117794819
-6.794057 -4.497582e-05 -1.1848159022398603 -1.00330572333541
-6.824223 -4.389553e-05 -1.1563573934004285 -0.9792069711645323
-6.854243 -4.436332e-05 -1.1686805712971022 -0.9896422758308855
-6.884084 -4.441863e-05 -1.1701376246104802 -0.9908761130251309
-6.914029 -4.429144e-05 -1.1667870078878526 -0.9880388005547628
-6.944075 -4.402486e-05 -1.1597643849936154 -0.9820920220474061
-6.97426 -4.430771e-05 -1.1672156149644872 -0.9884017463358217
-7.004111 -4.434049e-05 -1.1680791515331461 -0.9891329917385945
-7.033844 -4.456297e-05 -1.173940030599505 -0.9940960020256256
-7.063927 -4.44976e-05 -1.172217962707704 -0.9926377496772653
-7.094113 -4.498744e-05 -1.1851220125183173 -1.0035649384537815
-7.123779000000001 -4.398331e-05 -1.1586698168292535 -0.9811651383840377
-7.1538260000000005 -4.447466e-05 -1.1716136451700276 -0.9921260117413407
-7.184149000000001 -4.398101e-05 -1.158609227015101 -0.9811138307444288
-7.214437 -4.438682e-05 -1.1692996411373553 -0.9901665060616716
-7.244177 -4.377844e-05 -1.1532728449921223 -0.976594966155055
-7.273964 -4.486568e-05 -1.1819144404438842 -1.000848756628229
-7.304029000000001 -4.458094e-05 -1.1744134214518176 -0.9944968708446564
-7.334112 -4.484016e-05 -1.1812421569407674 -1.000279464905265
-7.364129 -4.489444e-05 -1.1826720765547638 -1.0014903252000333
-7.394158999999999 -4.489677e-05 -1.18273345667084 -1.001542302069724
-7.424075 -4.453431e-05 -1.1731850288283714 -0.993456664220761
-7.454177 -4.424347e-05 -1.1655233151118134 -0.986968701653878
-7.483979000000001 -4.401405e-05 -1.159479612867099 -0.9818508761412443
-7.513964 -4.463458e-05 -1.1758264812914414 -0.9956934542310119
-7.543771 -4.500438e-05 -1.1855682696712482 -1.003942830373335
-7.573372 -4.440265e-05 -1.1697166571191084 -0.9905196364681965
-7.603511 -4.429619e-05 -1.166912139025776 -0.9881447619843896
-7.633529 -4.5806e-05 -1.2066856639411812 -1.021825104313869
-7.663557 -4.49125e-05 -1.1831478383128475 -1.0018932017093096
-7.693696 -4.463881e-05 -1.1759379138626866 -0.9957878156725533
-7.723724 -4.459484e-05 -1.1747795946764776 -0.9948069474492489
-7.7534030000000005 -4.56436e-05 -1.2024074961940725 -1.0182023388040977
-7.783529000000001 -4.523467e-05 -1.1916348906717509 -1.0090800635583426
-7.813742 -4.499973e-05 -1.1854457728730707 -1.0038390997106479
-7.843992 -4.477874e-05 -1.1796241454689238 -0.9989093278510155
-7.873743 -4.469812e-05 -1.1775003407658948 -0.997110883544379
-7.903122000000001 -4.581787e-05 -1.2069983600690022 -1.0220898963495892
-7.933362 -4.44864e-05 -1.1719229166561795 -0.9923879037800398
-7.963474 -4.46851e-05 -1.1771573497309973 -0.9968204376888543
-7.993474 -4.502911e-05 -1.186219741890374 -1.0044944990374771
-8.023557 -4.444424e-05 -1.1708122790193685 -0.9914474124383406
-8.053325 -4.41261e-05 -1.162431390552219 -0.98435045049697
-8.083233 -4.522863e-05 -1.1914757765511073 -1.0089453252351959
-8.113223 -4.484375e-05 -1.18133672973764 -1.0003595494383937
-8.143409 -4.491511e-05 -1.1832165945802118 -1.001951424726431
-8.173158 -4.495819e-05 -1.1843514681426834 -1.0029124391239737
-8.203178 -4.503324e-05 -1.1863285401218735 -1.004586629712079
-8.233158999999999 -4.473516e-05 -1.178476100207723 -0.9979371596187752
-8.263382 -4.454602e-05 -1.1734935100125994 -0.993717887029378
-8.292959999999999 -4.489343e-05 -1.1826454697233317 -1.0014677944539443
-8.322789 -4.460834e-05 -1.1751352305421547 -0.9951081009860833
-8.352956 -4.458609e-05 -1.174549089948724 -0.9946117553420415
-8.38281 -4.49863e-05 -1.1850919810452158 -1.0035395077106712
-8.412659 -4.489598e-05 -1.1827126453868484 -1.0015246790109018
-8.442928 -4.492261e-05 -1.1834141700611434 -1.0021187322468945
-8.472974 -4.530056e-05 -1.1933706571302298 -1.0105499158947884
-8.5029 -4.535998e-05 -1.194935981807158 -1.0118754376102477
-8.53278 -4.49977e-05 -1.185392295776232 -1.0037938151417758
-8.562299000000001 -4.453142e-05 -1.173108896409719 -0.993392195056209
-8.592780000000001 -4.497502e-05 -1.1847948275218942 -1.0032878771998939
-8.622573000000001 -4.491186e-05 -1.1831309785384747 -1.0018789248008968
-8.652455 -4.484564e-05 -1.1813865187588348 -1.0004017109335506
-8.682539 -4.473255e-05 -1.1784073439403588 -0.9978789366016539
-8.712613 -4.500058e-05 -1.1854681647609098 -1.0038580612296337
-8.742271 -4.444108e-05 -1.1707290338834027 -0.9913769202030519
-8.772148999999999 -4.543985e-05 -1.197040028962094 -1.0136571511648378
-8.802095 -4.505097e-05 -1.1867956085587965 -1.004982144690455
-8.832030000000001 -4.382913e-05 -1.1546081918092461 -0.9777257419166947
-8.861816999999999 -4.506783e-05 -1.1872397582399308 -1.005358251996457
-8.891946 -4.454469e-05 -1.1734584732939808 -0.9936882178290825
-8.922122 -4.481321e-05 -1.180532202379286 -0.9996782732150661
-8.951668 -4.439798e-05 -1.1695936334529817 -0.9904154596521213
-8.981391 -4.516288e-05 -1.1897436981682723 -1.0074785959724653
-9.011325000000001 -4.455278e-05 -1.1736715913794122 -0.993868686874489
-9.041659 -4.574227e-05 -1.2050067992212106 -1.0204034365433166
-9.071688 -4.492586e-05 -1.1834997861028804 -1.0021912321724287
-9.101432 -4.445093e-05 -1.1709885163483598 -0.9915966507465941
-9.131103999999999 -4.461878e-05 -1.1754102556116117 -0.9953409930545686
-9.160909 -4.466366e-05 -1.1765925472895074 -0.9963421612570226
-9.190845 -4.457285e-05 -1.1742003033663857 -0.9943164017992496
-9.221011 -4.467208e-05 -1.1768143586961 -0.9965299918333297
-9.2509 -4.53004e-05 -1.1933664421866366 -1.0105463466676852
-9.280892 -4.536707e-05 -1.1951227564951326 -1.0120335989862594
-9.310816 -4.455857e-05 -1.1738241196506918 -0.993997848280287
-9.340918 -4.474337e-05 -1.1786923795008497 -0.9981203055845094
-9.370545 -4.486955e-05 -1.1820163893920452 -1.0009350873087883
-9.400595 -4.526219e-05 -1.1923598609697832 -1.009693970620097
-9.430391 -4.477178e-05 -1.1794407954226191 -0.9987540664720254
-9.460372999999999 -4.492965e-05 -1.1835996275792446 -1.0022757782394363
-9.490337 -4.504156e-05 -1.1865477171887209 -1.0047722295214467
-9.520271000000001 -4.502693e-05 -1.1861623132839167 -1.0044458683181958
-9.550437 -4.497655e-05 -1.1848351329200046 -1.0033220079340686
-9.580243000000001 -4.455874e-05 -1.1738285980282597 -0.9940016405840844
-9.610038000000001 -4.543713e-05 -1.1969683749210092 -1.0135964743040828
-9.639965 -4.453628e-05 -1.1732369253213628 -0.9935006103294695
-9.670112999999999 -4.466122e-05 -1.1765282693997108 -0.9962877305436983
-9.70041 -4.535458e-05 -1.1947937274608875 -1.011754976195514
-9.730225 -4.494535e-05 -1.1840132189193284 -1.00262600864894
-9.760066 -4.571702e-05 -1.204341628435407 -1.0198401678910891
-9.789974 -4.498451e-05 -1.1850448263637665 -1.0034995769824537
-9.820141 -4.482705e-05 -1.1808967950000988 -0.9999870113594949
-9.850058 -4.508597e-05 -1.1877176274698111 -1.005762913119285
-9.880075999999999 -4.550086e-05 -1.19864723964098 -1.0150181420746354
-9.909882 -4.518316e-05 -1.190277942268712 -1.0079309955077989
-9.939743 -4.555206e-05 -1.199996021590807 -1.0161602947476664
-9.97017 -4.462304e-05 -1.1755224784847809 -0.9954360237261918
-9.992004999999999 -4.531988e-05 -1.19387961156911 -1.0109809000675025
-9.993797 -4.54583e-05 -1.197526064645186 -1.014068727665178
-9.965005 -4.464875e-05 -1.176199767233415 -0.996009553906341
-9.933807 -4.538665e-05 -1.1956385602173516 -1.0124703831530162
-9.906139999999999 -4.591097e-05 -1.2094509303723016 -1.024166740370277
-9.876316000000001 -4.514183e-05 -1.1891891696517904 -1.0070090195316974
-9.846846 -4.542847e-05 -1.1967402410990267 -1.0134032898871208
-9.81739 -4.432958e-05 -1.1677917450668842 -0.9888896150654936
-9.787621999999999 -4.506456e-05 -1.1871536153302447 -1.0052853059175348
-9.757732 -4.608134e-05 -1.2139390549971467 -1.0279672980051273
-9.727732 -4.568938e-05 -1.20361349692968 -1.0192235839090076
-9.697610000000001 -4.465397e-05 -1.1763372797681435 -0.9961259999405836
-9.668057000000001 -4.472105e-05 -1.1781043948695968 -0.9976223984036097
-9.637714 -4.60835e-05 -1.213995956735655 -1.0280154825710208
-9.607724000000001 -4.551074e-05 -1.1989075124078608 -1.0152385418482595
-9.577649 -4.523341e-05 -1.1916016979909545 -1.0090519558949047
-9.548112 -4.433935e-05 -1.1680491200600445 -0.989107560995484
-9.517928 -4.475542e-05 -1.1790098174402135 -0.9983891130007209
-9.488028 -4.495385e-05 -1.1842371377977179 -1.0028156238387989
-9.457982 -4.448576e-05 -1.1719060568818065 -0.9923736268716268
-9.428344 -4.496501e-05 -1.1845311301133443 -1.0030645774292486
-9.398261 -4.484865e-05 -1.181465812385182 -1.00046885701843
-9.368148999999999 -4.501064e-05 -1.1857331793393326 -1.0040824763837488
-9.338370999999999 -4.509062e-05 -1.1878401242679888 -1.0058666437819723
-9.308529 -4.509858e-05 -1.188049817711751 -1.0060442128303577
-9.278649 -4.41609e-05 -1.1633481407837423 -0.985126757391921
-9.24889 -4.460179e-05 -1.1749626812888079 -0.9949619857515452
-9.218853999999999 -4.410984e-05 -1.162003046909559 -0.983987727792605
-9.18888 -4.509402e-05 -1.1879296918193447 -1.005942489857916
-9.158881 -4.486098e-05 -1.1817906264758338 -1.000743910582072
-9.129038000000001 -4.442917e-05 -1.170415284019683 -0.9911112358605557
-9.099204 -4.503508e-05 -1.1863770119731956 -1.004627675823766
-9.069111999999999 -4.491922e-05 -1.1833248659437623 -1.002043109247645
-9.039038 -4.461265e-05 -1.1752487705851968 -0.9952042470411764
-9.009334 -4.433702e-05 -1.1679877399439684 -0.9890555841257934
-8.979437 -4.4375e-05 -1.168988262179407 -0.989902829409421
-8.949538 -4.45771e-05 -1.1743122628055804 -0.994411209394179
-8.919861999999998 -4.506477e-05 -1.1871591474437106 -1.0052899905281079
-8.889686 -4.513735e-05 -1.189071151231181 -1.0069090811728074
-8.859714 -4.477235e-05 -1.17945581115917 -0.9987667818435806
-8.829964 -4.45928e-05 -1.1747258541456642 -0.9947614398036828
-8.800001 -4.460936e-05 -1.1751621008075612 -0.9951308548088662
-8.769862 -4.453066e-05 -1.1730888754276512 -0.9933752412274687
-8.740065000000001 -4.449912e-05 -1.1722580046718396 -0.9926716573347458
-8.71002 -4.468365e-05 -1.1771191518046837 -0.9967880915682313
-8.680057000000001 -4.49094e-05 -1.1830661737807289 -1.0018240479341847
-8.650120999999999 -4.469832e-05 -1.1775056094453866 -0.9971153450782583
-8.620353999999999 -4.554293e-05 -1.1997555063720198 -1.015956625726089
-8.590454 -4.519807e-05 -1.190670722324804 -1.0082636028584804
-8.560426999999999 -4.450705e-05 -1.172466907813678 -0.9928485571530493
-8.53051 -4.4453e-05 -1.1710430471810969 -0.991642827622242
-8.500723 -4.456726e-05 -1.174053043774598 -0.9941917019273309
-8.470724 -4.465294e-05 -1.1763101460687622 -0.9961030230411066
-8.440492 -4.449574e-05 -1.172168963988433 -0.9925962574121903
-8.410511 -4.461773e-05 -1.1753825950442813 -0.9953175700017037
-8.380621 -4.495942e-05 -1.1843838705215564 -1.0029398775573297
-8.350610000000001 -4.460252e-05 -1.1749819119689517 -0.9949782703502036
-8.32075 -4.447702e-05 -1.1716758155880276 -0.9921786578411134
-8.290678 -4.467611e-05 -1.1769205225878538 -0.996619891740992
-8.260399 -4.479506e-05 -1.1800540697154311 -0.9992733890155442
-8.230547 -4.459022e-05 -1.1746578881802239 -0.9947038860166434
-8.200686 -4.405265e-05 -1.1604964680089611 -0.9827119521798969
-8.170576 -4.450713e-05 -1.1724690152854749 -0.992850341766601
-8.140931 -4.466474e-05 -1.1766209981587614 -0.9963662535399693
-8.110992 -4.463559e-05 -1.1758530881228735 -0.995715984977101
-8.080936 -4.459702e-05 -1.1748370232829353 -0.9948555781685303
-8.051029 -4.496773e-05 -1.1846027841544287 -1.0031252542900033
-8.02089 -4.513178e-05 -1.1889244185073422 -1.0067848274542763
-7.990881 -4.485582e-05 -1.1816546945449529 -1.000628803007993
-7.9608360000000005 -4.481756e-05 -1.1806467961582263 -0.9997753115769349
-7.931224 -4.490036e-05 -1.1828280294677127 -1.0016223866028526
-7.901279000000001 -4.548836e-05 -1.1983179471727605 -1.0147392962071962
-7.871296999999999 -4.539794e-05 -1.1959359771746474 -1.0127222367404873
-7.841298 -4.518106e-05 -1.190222621134051 -1.007884149402069
-7.811224 -4.474448e-05 -1.1787216206720275 -0.9981450670975379
-7.781104 -4.51423e-05 -1.1892015510485956 -1.0070195041363132
-7.750946 -4.477157e-05 -1.179435263309153 -0.9987493818614523
-7.720807 -4.472288e-05 -1.1781526032869443 -0.9976632214386029
-7.6908900000000004 -4.555379e-05 -1.2000415956684087 -1.0161988870157201
-7.661271 -4.470984e-05 -1.1778090853840977 -0.9973723294296902
-7.631399 -4.484756e-05 -1.181437098081953 -1.000444541658789
-7.6012889999999995 -4.483635e-05 -1.1811417885964541 -1.0001944726848697
-7.571427 -4.47298e-05 -1.1783348995973506 -0.9978175905108173
-7.541399999999999 -4.434244e-05 -1.1681305211581887 -0.9891764916939152
-7.511566 -4.47828e-05 -1.1797310996626014 -0.9989998969887598
-7.481396 -4.459537e-05 -1.1747935566771301 -0.9948187705140283
-7.4513620000000005 -4.51843e-05 -1.1903079737418134 -1.0079564262509093
-7.421307 -4.468669e-05 -1.1771992357329548 -0.9968559068831926
-7.391426999999999 -4.528814e-05 -1.1930434721338068 -1.0102728546409008
-7.361474 -4.491881e-05 -1.1833140651508047 -1.002033963103193
-7.331427 -4.47835e-05 -1.1797495400408218 -0.9990155123573364
-7.301566 -4.459843e-05 -1.1748741674733503 -0.9948870319823774
-7.271649 -4.443829e-05 -1.1706555358044959 -0.9913146818054394
-7.241733 -4.483298e-05 -1.181053011347022 -1.000119295839008
-7.211761 -4.520819e-05 -1.1909373175070745 -1.008489356472759
-7.181622 -4.43669e-05 -1.1687748806600005 -0.9897221372873202
-7.1515569999999995 -4.498687e-05 -1.1851069967817665 -1.0035522230822262
-7.1217049999999995 -4.475203e-05 -1.1789205133228322 -0.9983134900014712
-7.091667999999999 -4.475077e-05 -1.1788873206420358 -0.9982853823380335
-7.061826 -4.457201e-05 -1.1741781749125215 -0.9942976633569579
-7.0317240000000005 -4.478157e-05 -1.1796986972837287 -0.9989724585554037
-7.0017700000000005 -4.512754e-05 -1.188812722502122 -1.006690242936041
-6.971659 -4.426803e-05 -1.1661703089533713 -0.9875165780142227
-6.941807 -4.466675e-05 -1.1766739483876512 -0.9964110919554535
-6.912029 -4.464916e-05 -1.1762105680263726 -0.9960187000507931
-6.882168 -4.419378e-05 -1.164214311692147 -0.9858602335616333
-6.851798 -4.433954e-05 -1.1680541253055616 -0.9891117994526692
-6.821632999999999 -4.470418e-05 -1.1776599817544877 -0.9972460680209138
-6.791779 -4.436504e-05 -1.1687258819407296 -0.9896806450222454
-6.76189 -4.430905e-05 -1.1672509151170805 -0.9884316386128114
-6.731872 -4.525122e-05 -1.1920708738996737 -1.0094492554868322
-6.701668 -4.49903e-05 -1.185197354635046 -1.0036287383882518
-6.671826 -4.415339e-05 -1.1631503018688363 -0.9849592267947637
-6.641551000000001 -4.481777e-05 -1.1806523282716925 -0.9997799961875079
-6.611575 -4.505552e-05 -1.1869154710172283 -1.0050836445862028
-6.581816 -4.462774e-05 -1.1756462924528317 -0.9955408697723492
-6.551714 -4.494926e-05 -1.1841162216033874 -1.002713231636275
-6.521815999999999 -4.49848e-05 -1.1850524659490296 -1.0035060462065786
-6.491918 -4.507793e-05 -1.1875058265542522 -1.005583559457348
-6.461964 -4.476409e-05 -1.1792382146961704 -0.9985825204943767
-6.431881000000001 -4.520698e-05 -1.190905441996151 -1.008462364192791
-6.401779 -4.48699e-05 -1.1820256095811554 -1.0009428949930768
-6.37202 -4.419063e-05 -1.1641313299901557 -0.9857899644030386
-6.342057 -4.486213e-05 -1.18182092138291 -1.0007695644018764
-6.312113 -4.447115e-05 -1.1715211798449514 -0.9920477118217637
-6.281992 -4.509522e-05 -1.1879613038962935 -1.00596925906119
-6.252084 -4.462439e-05 -1.1755580420713485 -0.9954661390798752
-6.221933 -4.463515e-05 -1.175841497027992 -0.995706169602567
-6.191862 -4.463752e-05 -1.1759039308799666 -0.9957590387790336
-6.161807 -4.491114e-05 -1.1831120112923053 -1.0018628632789324
-6.132076 -4.501432e-05 -1.1858301230419765 -1.004164568607123
-6.102131 -4.476908e-05 -1.1793696682494836 -0.9986938357646584
-6.071909 -4.509875e-05 -1.188054296089319 -1.006048005134155
-6.04212 -4.470237e-05 -1.1776123002050896 -0.9972056911393085
-6.012196 -4.53673e-05 -1.1951288154765478 -1.0120387297502202
-5.98214 -4.532301e-05 -1.193962066403152 -1.0110507230727093
-5.952149 -4.48147e-05 -1.1805714540414978 -0.9997115116424649
-5.921936 -4.495473e-05 -1.1842603199874804 -1.0028352545878665
-5.891964 -4.522097e-05 -1.1912739861265822 -1.008774448487629
-5.862094 -4.536199e-05 -1.194988932036048 -1.011920276025732
-5.832094 -4.621777e-05 -1.2175330847122823 -1.0310107333407066
-5.802074999999999 -4.477086e-05 -1.1794165594969581 -0.9987335434161817
-5.771917999999999 -4.531743e-05 -1.193815070245339 -1.0109262462774844
-5.742001 -4.551975e-05 -1.1991448664189532 -1.0154395339495095
-5.712196 -4.55648e-05 -1.2003316364744168 -1.016444494455761
-5.682131 -4.521332e-05 -1.1910724591360318 -1.008603794816756
-5.652158999999999 -4.460147e-05 -1.1749542514016214 -0.9949548472973387
-5.621824999999999 -4.447391e-05 -1.1715938876219345 -0.9921092809892944
-5.591918 -4.521362e-05 -1.191080362155269 -1.0086104871175747
-5.562066 -4.544057e-05 -1.1970589962082634 -1.0136732126868022
-5.5322510000000005 -4.530262e-05 -1.1934249245289923 -1.0105958696937423
-5.502375 -4.531752e-05 -1.19381744115111 -1.01092825396773
-5.472296999999999 -4.512351e-05 -1.188706558610368 -1.0066003430283785
-5.442214 -4.473382e-05 -1.1784408000551299 -0.9979072673417857
-5.412316 -4.479583e-05 -1.1800743541314733 -0.9992905659209783
-5.382149 -4.480058e-05 -1.1801994852693969 -0.9993965273506054
-5.352214 -4.429094e-05 -1.166773836189124 -0.9880276467200654
-5.322196 -4.465115e-05 -1.176262991387313 -0.9960630923128894
-5.292186 -4.421065e-05 -1.1646587248072562 -0.9862365639443293
-5.262334 -4.429904e-05 -1.1669872177085303 -0.988208338842166
-5.2324459999999995 -4.443054e-05 -1.1704513744741998 -0.991141797367627
-5.202046999999999 -4.497293e-05 -1.1847397698212079 -1.003241254170858
-5.172399 -4.415099e-05 -1.1630870777149378 -0.9849056883882151
-5.141983 -4.487612e-05 -1.1821894655133411 -1.0010816486967142
-5.111955 -4.464524e-05 -1.176107301908339 -0.9959312539867641
-5.082205 -4.48935e-05 -1.1826473137611537 -1.001469355990802
-5.052186 -4.469256e-05 -1.1773538714760308 -0.9969868529025422
-5.022288 -4.458525e-05 -1.1745269614948597 -0.9945930168997494
-4.992548 -4.407231e-05 -1.1610143792029768 -0.9831505209602055
-4.9626589999999995 -4.402916e-05 -1.159877661602683 -0.9821879450258051
-4.932742 -4.436626e-05 -1.1687580208856276 -0.9897078603789073
-4.902566 -4.419532e-05 -1.1642548805242317 -0.9858945873725018
-4.872659 -4.402216e-05 -1.1596932578204797 -0.9820317913400389
-4.842524999999999 -4.414465e-05 -1.162920060575057 -0.98476425776425
-4.8126679999999995 -4.484761e-05 -1.181438415251826 -1.0004456570422589
-4.78289 -4.487178e-05 -1.1820751351683754 -1.0009848334115394
-4.752695 -4.467676e-05 -1.1769376457962015 -0.996634391726099
-4.722844 -4.485083e-05 -1.1815232409916394 -1.0005174877377112
-4.692937 -4.497181e-05 -1.1847102652160557 -1.0032162695811355
-4.662788 -4.499848e-05 -1.1854128436262488 -1.0038112151239038
-4.632594 -4.491282e-05 -1.183156268200034 -1.0019003401635163
-4.602557 -4.462429e-05 -1.175555407731603 -0.9954639083129359
-4.572455 -4.462399e-05 -1.1755475047123656 -0.9954572160121172
-4.542520000000001 -4.415465e-05 -1.1631834945496327 -0.9849873344582014
-4.512417999999999 -4.44816e-05 -1.171796468348383 -0.992280826966943
-4.482316 -4.496138e-05 -1.1844355035805731 -1.0029836005893442
-4.452511 -4.397606e-05 -1.1584788271976862 -0.981003407780923
-4.422556999999999 -4.489558e-05 -1.1827021080278657 -1.001515755943144
-4.392601 -4.420925e-05 -1.1646218440508156 -0.9862053332071762
-4.3627139999999995 -4.451023e-05 -1.1725506798175933 -0.992919495541726
-4.3326400000000005 -4.441076e-05 -1.1699303020724894 -0.9907005516669912
-4.302816 -4.426323e-05 -1.166043860645575 -0.9874095012011259
-4.272844 -4.526026e-05 -1.19230901821269 -1.0096509168181642
-4.242594 -4.453782e-05 -1.1732774941534474 -0.9935349641403379
-4.212445 -4.423558e-05 -1.165315465705873 -0.9867926941423502
-4.182529000000001 -4.446394e-05 -1.1713312439492827 -0.9918868735254249
-4.152631 -4.414787e-05 -1.16300488631487 -0.9848360884597023
-4.122723 -4.484693e-05 -1.181420501741555 -1.0004304878270702
-4.092742 -4.445496e-05 -1.1710946802401134 -0.9916865506542564
-4.062372 -4.413306e-05 -1.1626147405985239 -0.9845057118759604
-4.032094 -4.457836e-05 -1.174345455486377 -0.994439317057617
-4.001844 -4.429647e-05 -1.1669195151770644 -0.9881510081318204
-3.972374 -4.44706e-05 -1.1715066909763499 -0.9920354426035964
-3.9422330000000003 -4.442808e-05 -1.1703865697164542 -0.991086920500915
-3.9119360000000003 -4.459422e-05 -1.174763261770054 -0.994793116694224
-3.882214 -4.476157e-05 -1.1791718293345772 -0.9985263051675008
-3.8522600000000002 -4.458516e-05 -1.1745245905890884 -0.9945910092095039
-3.822205 -4.474792e-05 -1.1788122419592815 -0.9982218054802572
-3.791918 -4.439205e-05 -1.1694374171060582 -0.9902831751726081
-3.762075 -4.436944e-05 -1.1688417928895427 -0.9897787987675839
-3.7323359999999997 -4.495823e-05 -1.1843525218785818 -1.0029133314307495
-3.7025479999999997 -4.450565e-05 -1.1724300270572374 -0.9928173264158962
-3.672399 -4.367228e-05 -1.1504762299180273 -0.9742267839720667
-3.642464 -4.413752e-05 -1.1627322321511844 -0.9846052040814625
-3.61261 -4.348078e-05 -1.1454314693049037 -0.9699548652828971
-3.582446 -4.401352e-05 -1.1594656508664467 -0.9818390530764651
-3.55239 -4.419699e-05 -1.1642988739979858 -0.9859318411803917
-3.522316 -4.426805e-05 -1.1661708358213203 -0.9875170241676104
-3.492631 -4.40386e-05 -1.1601263432746822 -0.9823985294248953
-3.462492 -4.455903e-05 -1.1738362376135225 -0.994008109808209
-3.432279 -4.44542e-05 -1.1710746592580457 -0.991669596825516
-3.402177 -4.467362e-05 -1.1768549275281845 -0.9965643456441982
-3.372066 -4.3712e-05 -1.1515225896650416 -0.9751128446004417
-3.34244 -4.439627e-05 -1.169548586243329 -0.9903773135374555
-3.312451 -4.436429e-05 -1.1687061243926362 -0.9896639142701988
-3.282167 -4.51198e-05 -1.1886088246058004 -1.0065175815749225
-3.252169 -4.43346e-05 -1.1679239889221213 -0.9890015995658572
-3.222066 -4.415487e-05 -1.163189290097073 -0.9849922421454682
-3.1923739999999996 -4.43076e-05 -1.167212717190767 -0.9883992924921884
-3.162446 -4.358433e-05 -1.1481593281116345 -0.972264824448764
-3.132353 -4.406471e-05 -1.1608141693822993 -0.9829809826728023
-3.10202 -4.399086e-05 -1.1588687094800583 -0.9813335612879712
-3.072307 -4.456923e-05 -1.1741049402675896 -0.9942356480360394
-3.0423069999999997 -4.41127e-05 -1.1620783890262878 -0.9840515277270752
-3.012168 -4.365349e-05 -1.1499812374797997 -0.9738076228641321
-2.981964 -4.347784e-05 -1.1453540197163787 -0.9698892807348755
-2.952001 -4.440017e-05 -1.1696513254934136 -0.9904643134480966
-2.921983 -4.437278e-05 -1.168929779837051 -0.9898533063833638
-2.892066 -4.404775e-05 -1.160367385361419 -0.9826026445998607
-2.86226 -4.407042e-05 -1.1609645901817818 -0.9831083594650485
-2.832214 -4.414525e-05 -1.1629358666135314 -0.984777642365887
-2.802288 -4.461071e-05 -1.175197664394129 -0.9951609701625497
-2.772168 -4.429689e-05 -1.1669305794039964 -0.9881603773529664
-2.7422600000000004 -4.438011e-05 -1.169122876940415 -0.99001682160003
-2.7120569999999997 -4.404444e-05 -1.1602801887158343 -0.9825288062141627
-2.6818809999999997 -4.420606e-05 -1.1645378086129259 -0.9861341717418056
-2.652044 -4.427451e-05 -1.1663410141688961 -0.9876611317119031
-2.622187 -4.391405e-05 -1.1568452731213426 -0.9796201092017303
-2.592381 -4.499046e-05 -1.1852015695786393 -1.003632307615355
-2.562418 -4.398297e-05 -1.1586608600741177 -0.9811575537764433
-2.532279 -4.370559e-05 -1.151353728487339 -0.9749698524396191
-2.502014 -4.349188e-05 -1.1457238810166828 -0.9702024804131832
-2.4718620000000002 -4.350486e-05 -1.146065818315682 -0.9704920339619322
-2.442103 -4.416336e-05 -1.163412945541488 -0.9851816342586331
-2.412242 -4.277572e-05 -1.1268577934934738 -0.9542266198991585
-2.38239 -4.400902e-05 -1.1593471055778874 -0.9817386685641868
-2.35252 -4.371415e-05 -1.1515792279695756 -0.9751608060896414
-2.322344 -4.365217e-05 -1.1499464641951558 -0.9737781767405306
-2.2922420000000003 -4.341654e-05 -1.1437391694522299 -0.9685218206009533
-2.262278 -4.349037e-05 -1.1456841024865219 -0.9701687958323966
-2.2319459999999998 -4.329901e-05 -1.1406430299490424 -0.9659000002169422
-2.2022049999999997 -4.408221e-05 -1.1612751788378064 -0.9833713668872172
-2.172094 -4.340997e-05 -1.1435660933309337 -0.9683752592130271
-2.14177 -4.422779e-05 -1.1651102506396789 -0.9866189173977621
-2.111853 -4.399278e-05 -1.1589192888031767 -0.9813763920132098
-2.082072 -4.378344e-05 -1.1534045619794102 -0.9767065045020308
-2.0521309999999997 -4.362242e-05 -1.149162748120793 -0.973114523576025
-2.02177 -4.398939e-05 -1.1588299846857957 -0.9813007690139604
-1.991807 -4.317382e-05 -1.13734510002133 -0.9631073030853644
-1.96176 -4.442082e-05 -1.1701953166509125 -0.9909249668211063
-1.931846 -4.350597e-05 -1.1460950594868597 -0.9705167954749607
-1.902288 -4.270128e-05 -1.1248967909867327 -0.9525660369893841
-1.871908 -4.274544e-05 -1.1260601154184586 -0.9535511436698735
-1.8416579999999998 -4.385437e-05 -1.1552730991610753 -0.9782887874922283
-1.811733 -4.372253e-05 -1.15179998564027 -0.9753477443591727
-1.7816489999999998 -4.329497e-05 -1.140536602623314 -0.9658098772325859
-1.75176 -4.327553e-05 -1.1400244869767389 -0.9653762161395443
-1.7218930000000001 -4.363261e-05 -1.149431187340886 -0.9733418387271616
-1.691992 -4.311875e-05 -1.1358943691233419 -0.9618788197317739
-1.662177 -4.312787e-05 -1.1361346209081549 -0.9620822656766577
-1.631902 -4.33023e-05 -1.1407296997266778 -0.9659733924492522
-1.602223 -4.32925e-05 -1.1404715344315934 -0.9657547772891797
-1.5722049999999999 -4.298338e-05 -1.1323282634095113 -0.9588590305257535
-1.541862 -4.31468e-05 -1.1366333014220267 -0.9625045498583077
-1.511949 -4.377916e-05 -1.1532918122382916 -0.9766110276770195
-1.482112 -4.294794e-05 -1.1313946534036152 -0.9580684467223897
-1.4520840000000002 -4.296501e-05 -1.131844335198216 -0.9584492386389647
-1.4221030000000001 -4.250327e-05 -1.1196805348561603 -0.948148895372452
-1.392029 -4.261941e-05 -1.122740057036882 -0.9507397080960038
-1.361723 -4.231995e-05 -1.1148512632342396 -0.9440594534189345
-1.331566 -4.197565e-05 -1.1057812314896005 -0.9363789228461873
-1.3016210000000001 -4.217073e-05 -1.110920301465622 -0.9407307029917915
-1.271714 -4.267599e-05 -1.124230566465031 -0.952001876030381
-1.241732 -4.197737e-05 -1.1058265421332274 -0.9364172920375469
-1.211668 -4.105612e-05 -1.0815576872254467 -0.9158663516072726
-1.182129 -4.136148e-05 -1.0896019070730882 -0.9226782215337729
-1.1521949999999999 -4.001322e-05 -1.0540841580169529 -0.892601683195079
-1.1221869999999998 -4.099537e-05 -1.0799573258298993 -0.9145111606915175
-1.092001 -4.0919e-05 -1.077945480566065 -0.9128075239798105
-1.0619079999999999 -4.025008e-05 -1.0603238551387515 -0.8978854777680122
-1.031529 -4.033012e-05 -1.062432380671255 -0.8996709836263994
-1.001566 -3.939207e-05 -1.0377209566861871 -0.8787452743502867
-0.9719116 -3.909463e-05 -1.029885376546409 -0.8721100811653956
-0.9419176 -3.953688e-05 -1.041535744072017 -0.8819756479553972
-0.9118434999999999 -3.853107e-05 -1.0150392914752242 -0.8595383710010693
-0.8819731000000001 -3.740496e-05 -0.9853737281642868 -0.8344174814185062
-0.8516769000000001 -3.744783e-05 -0.9865030696132925 -0.8353738112054759
-0.8219083 -3.763096e-05 -0.9913273359896962 -0.8394590147018083
-0.7920102000000001 -3.64955e-05 -0.9614154619125306 -0.8141295484104005
-0.7617602000000001 -3.648016e-05 -0.9610113541955315 -0.8137873487618791
-0.7319176 -3.537559e-05 -0.9319132276658298 -0.7891469663780871
-0.701862 -3.503501e-05 -0.9229411933597328 -0.7815494203354898
-0.6720009 -3.423033e-05 -0.9017431882935799 -0.7635988849266069
-0.6418528 -3.245575e-05 -0.8549947220333358 -0.724012140971376
-0.6116028 -3.093142e-05 -0.8148386909868472 -0.6900078912822795
-0.5814454 -3.030852e-05 -0.7984293887105307 -0.6761124440160456
-0.5514639 -2.94934e-05 -0.776956358574921 -0.6579290165386775
-0.5216305999999999 -2.881136e-05 -0.7589891077729639 -0.6427142937044149
-0.4916028 -2.768899e-05 -0.7294220687685177 -0.6176768348053895
-0.4615815 -2.599217e-05 -0.6847220650945738 -0.5798247352223249
-0.4317417 -2.503451e-05 -0.659494047085363 -0.5584615725493733
-0.4017602 -2.354683e-05 -0.620303501555694 -0.5252748989436087
-0.3719824 -2.120274e-05 -0.5585522070093926 -0.47298371419115054
-0.3422417 -2.154075e-05 -0.5674565387840238 -0.4805239295234024
-0.3116597 -1.953506e-05 -0.514619849937362 -0.4357816600942603
-0.2811398 -1.840143e-05 -0.4847561842775436 -0.41049301683784556
-0.2510472 -1.701644e-05 -0.44827084223279196 -0.37959711780226807
-0.2213805 -1.494753e-05 -0.3937687237988631 -0.3334445575139651
-0.1917972 -1.343359e-05 -0.35388640065195853 -0.29967208450988403
-0.16166640000000002 -1.224017e-05 -0.3224476632581523 -0.27304966570033373
-0.1316305 -1.085929e-05 -0.2860705925769513 -0.2422454511859703
-0.10163979999999999 -9.936026e-06 -0.2617486820666908 -0.221649583109534
-0.07153794999999999 -7.77123e-06 -0.20472060062414585 -0.17335802963360844
-0.04162128 -6.613065e-06 -0.1742105997077061 -0.14752206770858392
-0.01170409 -5.328486e-06 -0.14037042454506587 -0.11886610406464196
0.01829539 -2.679831e-06 -0.07059585315210144 -0.059780783982852456
0.04863798 -1.975239e-06 -0.052034506050681446 -0.04406297858839065
0.07830535000000001 2.711492e-07 0.007142991145900539 0.0060487067103572045
0.1085176 2.30297e-06 0.06066805404284638 0.05137389338692989
0.13836199999999999 3.296613e-06 0.08684398652277274 0.07353975292772685
0.1684343 4.410919e-06 0.11619859237012119 0.09839732278074984
0.1984469 6.671461e-06 0.175748948745638 0.14882474637058263
0.2280732 7.709307e-06 0.2030893384233811 0.17197667182165305
0.25845280000000004 1.086211e-05 0.28614488095778157 0.24230835881366455
0.2884065 1.187021e-05 0.3127016599347519 0.26479672033090706
0.3184131 1.353189e-05 0.356475956622037 0.3018649284114264
0.3488417 1.491208e-05 0.39283485035899235 0.3326537506339073
0.3785639 1.70667e-05 0.44959486138900917 0.3807183012660679
0.4086472 2.014093e-05 0.5305805241549765 0.4492972077506949
0.4386843 2.063998e-05 0.5437271966561739 0.46042985016234056
0.4688139 2.337948e-05 0.6158949339911707 0.5215417104703317
0.4990454 2.49335e-05 0.6568331005081745 0.5562082748637701
0.5289899 2.684012e-05 0.7070599489687153 0.5987405234859354
0.5587953999999999 2.927098e-05 0.7710970601124095 0.6529673447118101
0.5887121 3.029393e-05 0.7980450385416247 0.6757869751195704
0.6187029 3.173315e-05 0.8359589830305001 0.7078926190664465
0.6489621 3.200026e-05 0.84299556792539 0.7138512206385829
0.6789622000000001 3.261172e-05 0.8591035017347922 0.7274914681669363
0.7087121 3.430636e-05 0.9037460768022785 0.7652949370307195
0.7385547 3.590474e-05 0.9458528364305 0.8009510696385265
0.7685978 3.557304e-05 0.9371147314938261 0.793551615700158
0.7989343999999999 3.635444e-05 0.9576994622671666 0.8109828285655218
0.8290825 3.739224e-05 0.9850386401486265 0.8341337278638
0.8590413 3.766189e-05 0.9921421372730586 0.8401489909161999
0.8889158 3.884842e-05 1.0233993686583822 0.8666177098836177
0.9188232000000001 3.997574e-05 1.0530968074802434 0.891765591746149
0.9490547 3.936859e-05 1.0371024137138836 0.8782214902728888
0.9789714 3.992309e-05 1.0517098276041026 0.8905910929524948
1.00912 3.920482e-05 1.0327881555122582 0.8745681632560464
1.039064 4.080734e-05 1.0750039768059536 0.9103166496151489
1.069129 4.081064e-05 1.0750909100175638 0.9103902649241531
1.099018 4.033107e-05 1.0624574068988397 0.8996921759123249
1.129138 4.08068e-05 1.0749897513713265 0.9103046034736756
1.1588969999999998 4.10534e-05 1.081486033184362 0.9158056747465178
1.1889159999999999 4.16622e-05 1.097523893556527 0.9293865838742801
1.2188510000000001 4.093328e-05 1.0783216642817595 0.9131260774987733
1.249073 4.12251e-05 1.0860091945278256 0.9196359015816635
1.278842 4.228052e-05 1.113812543072488 0.9431798620146841
1.3086010000000001 4.186963e-05 1.1029883044911493 0.9340138637369142
1.3388399999999998 4.247277e-05 1.1188770612337047 0.9474685114559002
1.368925 4.169319e-05 1.0983402754437368 0.9300778985488355
1.399203 4.340529e-05 1.1434428062308324 0.9682708593202579
1.429305 4.182793e-05 1.1018897848171691 0.933083633923137
1.459166 4.224623e-05 1.112909227973668 0.9424149320311247
1.489092 4.292359e-05 1.1307531916755238 0.9575252549726181
1.518928 4.318065e-05 1.1375250254259652 0.9632596644673332
1.548842 4.279499e-05 1.127365430762481 0.9546564886884028
1.5792680000000001 4.285309e-05 1.1288959821547653 0.9559525642802604
1.6090360000000001 4.287782e-05 1.129547454373891 0.9565042329444025
1.638981 4.326204e-05 1.1396691145450362 0.9650752856794038
1.66905 4.297897e-05 1.1322120890267235 0.958760653703721
1.6993230000000001 4.35608e-05 1.1475394679694582 0.9717399249878964
1.7293699999999999 4.328791e-05 1.1403506182372634 0.965652385086656
1.759453 4.292774e-05 1.1308625167749726 0.9576178318006079
1.78923 4.264821e-05 1.1234987468836597 0.9513821689745838
1.8188330000000001 4.382912e-05 1.1546079283752717 0.9777255188400009
1.849046 4.347513e-05 1.1452826291092686 0.9698288269508146
1.878999 4.314511e-05 1.1365887810803232 0.9624668498970298
1.909379 4.363773e-05 1.1495660655358686 0.9734560539944647
1.9390319999999999 4.391277e-05 1.156811553572597 0.9795915553849044
1.968944 4.360395e-05 1.148676185569752 0.9727025009222968
1.99899 4.346794e-05 1.1450932200815487 0.9696684348078636
2.029212 4.410704e-05 1.1619292853966778 0.9839252663182987
2.059221 4.385287e-05 1.1552335840648889 0.9782553259881355
2.089203 4.331027e-05 1.1409396566044148 0.9661511845743316
2.119183 4.278528e-05 1.1271096363731679 0.9544398812185759
2.14899 4.369396e-05 1.1510473547749074 0.9747104142445535
2.178953 4.280097e-05 1.1275229642792772 0.9547898885513857
2.20912 4.356368e-05 1.147615336954136 0.9718041710757545
2.239135 4.411128e-05 1.162040981401898 0.9840198508365341
2.269277 4.393025e-05 1.1572720361601552 0.9799814934459316
2.2995729999999996 4.415173e-05 1.1631065718290565 0.9849221960635676
2.329098 4.369378e-05 1.1510426129633649 0.9747063988640623
2.358888 4.42392e-05 1.1654108288046696 0.9868734479055608
2.3889810000000002 4.420999e-05 1.164641338164934 0.9862218408825285
2.419129 4.369306e-05 1.1510236457171956 0.9746903373420979
2.4489810000000003 4.432769e-05 1.1677419560456894 0.9888474535703367
2.478879 4.336909e-05 1.1424891752428685 0.9674633216881537
2.509286 4.282984e-05 1.1282834981638772 0.9554339109668235
2.539601 4.471891e-05 1.1780480199990375 0.9975746599911041
2.569192 4.453712e-05 1.173259053775227 0.9935193487717613
2.599259 4.409518e-05 1.1616168527028314 0.9836606973592724
2.629045 4.405302e-05 1.1605062150660204 0.9827202060175733
2.6595549999999997 4.428215e-05 1.166542277725472 0.9878315623060819
2.689342 4.455428e-05 1.173711106475599 0.9939021483785819
2.719022 4.317981e-05 1.1375028969721008 0.9632409260250413
2.749045 4.491899e-05 1.183318806962347 1.0020379784836841
2.779064 4.497872e-05 1.1848922980924872 1.0033704155766558
2.80923 4.37116e-05 1.1515120523060587 0.9751039215326837
2.839221 4.399343e-05 1.158936412011524 0.9813908919983166
2.869295 4.431539e-05 1.1674179322569613 0.9885730692367765
2.8991100000000003 4.417915e-05 1.163828907787343 0.9855338723583825
2.9291840000000002 4.37032e-05 1.1512907677674151 0.9749165371097644
2.959249 4.445679e-05 1.171142888657461 0.9917273736892496
2.9894160000000003 4.442901e-05 1.1704110690760898 0.9911076666334525
3.019638 4.369312e-05 1.1510252263210428 0.9746916758022615
3.049397 4.477052e-05 1.1794076027418225 0.9987259588085875
3.079518 4.434146e-05 1.16810470462868 0.9891546301779078
3.109481 4.425635e-05 1.165862618071067 0.9872560244356874
3.1396100000000002 4.454287e-05 1.173410528310608 0.9936476178707834
3.1695219999999997 4.469868e-05 1.177515093068471 0.9971233758392404
3.199462 4.473512e-05 1.1784750464718248 0.9979362673119994
3.229295 4.460607e-05 1.175075431029926 0.9950574625765564
3.259277 4.454155e-05 1.173375755025964 0.9936181717471818
3.2895459999999996 4.51075e-05 1.1882848008170726 1.0062431972413624
3.319471 4.444465e-05 1.1708230798123263 0.9914565585827926
3.349758 4.472189e-05 1.1781265233234612 0.9976411368459016
3.379851 4.420773e-05 1.16458180208668 0.9861714255496956
3.4099250000000003 4.399281e-05 1.1589200791051004 0.9813770612432916
3.440064 4.452113e-05 1.1728378228498806 0.9931626491381329
3.4699340000000003 4.457513e-05 1.174260366312589 0.9943672632854706
3.4998139999999998 4.408631e-05 1.1613831867673825 0.9834628283317374
3.529906 4.418346e-05 1.163942447830385 0.9856300184134754
3.559934 4.424657e-05 1.1656049796439318 0.9870378554290029
3.5898049999999997 4.49462e-05 1.1840356108071672 1.0026449701679259
3.61986 4.48407e-05 1.1812563823753945 1.0002915110467385
3.649656 4.327873e-05 1.140108785848603 0.9654476006816086
3.679675 4.429098e-05 1.1667748899250223 0.9880285390268411
3.7098139999999997 4.496039e-05 1.1844094236170901 1.002961515996643
3.739694 4.356702e-05 1.147703323901644 0.9718786786915341
3.769471 4.454021e-05 1.1733404548733708 0.9935882794701922
3.7994899999999996 4.465155e-05 1.1762735287462962 0.9960720153806474
3.829703 4.497398e-05 1.1847674303885383 1.0032646772237228
3.859786 4.417018e-05 1.1635926075121483 0.9853337725639079
3.8896100000000002 4.390817e-05 1.156690373944292 0.9794889401056868
3.919925 4.470895e-05 1.1777856397603603 0.9973524756039285
3.949962 4.404453e-05 1.1602825596216055 0.9825308139044083
3.9800549999999997 4.548843e-05 1.1983197912105825 1.0147408577440538
4.009654 4.408171e-05 1.1612620071390778 0.9833602130525197
4.039668 4.422839e-05 1.1651260566781532 0.986632301999399
4.069909 4.488369e-05 1.1823888850320947 1.0012505177540354
4.100022 4.506158e-05 1.1870751120058212 1.0052188290627375
4.13025 4.432265e-05 1.1676091853225032 0.9887350229165851
4.160175000000001 4.516547e-05 1.1898119275676875 1.0075363728361988
4.19036 4.488009e-05 1.1822940488012477 1.001170210144213
4.220231 4.452046e-05 1.172820172773584 0.9931477029996383
4.250462000000001 4.526206e-05 1.1923564363281136 1.0096910706230755
4.280333 4.453985e-05 1.1733309712502864 0.9935802487092101
4.310268 4.476034e-05 1.1791394269557045 0.9984988667341449
4.340286 4.447699e-05 1.171675025286104 0.9921779886110315
4.370147 4.502762e-05 1.1861804902281623 1.0044612606100785
4.4003879999999995 4.482009e-05 1.180713444953794 0.9998317499805046
4.430471 4.410609e-05 1.1619042591690931 0.9839040740323732
4.46049 4.472963e-05 1.1783304212197827 0.9978137982070201
4.490088 4.470816e-05 1.1777648284763689 0.9973348525451063
4.519953 4.443335e-05 1.1705253994210556 0.9912044819186273
4.550083 4.48821e-05 1.1823469990301376 1.0012150485596973
4.580007999999999 4.52588e-05 1.192270556852402 1.0096183476208473
4.610138 4.501274e-05 1.1857885004739939 1.0041293224894787
4.639953 4.580531e-05 1.2066674869969354 1.0218097120219864
4.669833 4.597631e-05 1.2111722079621787 1.0256243234885556
4.69999 4.522321e-05 1.1913329953368872 1.0088244176670742
4.730203 4.473322e-05 1.1784249940166553 0.9978938827401487
4.760277 4.448928e-05 1.1719987856408571 0.9924521498678976
4.790259 4.546776e-05 1.1977752731851345 1.0142797582176561
4.820425 4.459887e-05 1.1748857585682317 0.9948968473569113
4.850295 4.450835e-05 1.172501154230373 0.9928775571232631
4.880379 4.495617e-05 1.184298254479819 1.0028673776317953
4.910425 4.448172e-05 1.1717996295560782 0.9922835038872705
4.940353 4.521422e-05 1.1910961681937435 1.0086238717192118
4.970231 4.510993e-05 1.1883488152728943 1.0062974048779925
5.000129 4.545645e-05 1.1974773293598893 1.014027458476797
5.030055 4.500313e-05 1.1855353404244264 1.0039149457865912
5.0599620000000005 4.52662e-05 1.1924654979935878 1.0097834243743713
5.09037 4.417003e-05 1.16358865600253 0.9853304264134987
5.119909 4.50198e-05 1.185974484860044 1.0042868146354083
5.1497399999999995 4.526195e-05 1.192353538554393 1.0096886167794419
5.180156 4.496207e-05 1.184453680524819 1.0029989928812268
5.210305 4.515091e-05 1.1894283677007054 1.0072115731698055
5.240435000000001 4.43786e-05 1.169083098410254 0.9899831370192435
5.27011 4.560702e-05 1.2014438547150752 1.0173863242576238
5.299970999999999 4.475663e-05 1.179041692951137 0.9984161052806888
5.3302950000000004 4.494383e-05 1.1839731769551929 1.0025921009914593
5.360277 4.554552e-05 1.1998237357714348 1.0160144025898223
5.390147 4.536322e-05 1.1950213344149208 1.011947714459088
5.420045 4.484505e-05 1.1813709761543347 1.0003885494086073
5.449962 4.504883e-05 1.1867392336882372 1.0049344062779493
5.480462 4.476384e-05 1.179231628846806 0.998576943577028
5.510257999999999 4.472201e-05 1.178129684531156 0.997643813766229
5.540109999999999 4.475834e-05 1.1790867401607894 0.9984542513953546
5.570323 4.405672e-05 1.1606036856366133 0.9828027443943352
5.600211 4.483061e-05 1.1809905774950475 1.0000664266625414
5.630352 4.489852e-05 1.1827795576163906 1.0015813404911655
5.660573 4.478788e-05 1.1798649241216856 0.9991132199492869
5.690457 4.452296e-05 1.1728860312672278 0.993203472173126
5.720351 4.429232e-05 1.1668101900776153 0.9880584313038305
5.7503969999999995 4.41758e-05 1.16374065740586 0.9854591416659085
5.780692 4.462858e-05 1.1756684209066959 0.995559608214641
5.810480999999999 4.512977e-05 1.1888714682784525 1.0067399890387922
5.84049 4.448788e-05 1.1719619048844165 0.9924209191307444
5.870569000000001 4.416151e-05 1.1633642102561916 0.9851403650702522
5.9003879999999995 4.492936e-05 1.1835919879939818 1.0022693090153116
5.930462 4.56748e-05 1.2032294101947485 1.0188983380892263
5.960758 4.581068e-05 1.2068089510412823 1.021929504206638
5.990626 4.484856e-05 1.181463441479411 1.0004668493281843
6.020268 4.450778e-05 1.172486138493822 0.9928648417517079
6.05049 4.538654e-05 1.1956356624436313 1.0124679293093828
6.080470999999999 4.474914e-05 1.1788443809041795 0.9982490208369191
6.110777 4.501487e-05 1.1858446119105785 1.0041768378252904
6.140664 4.617756e-05 1.2164738167005136 1.0301137419543278
6.170796 4.500011e-05 1.1854557833641048 1.0038475766250181
6.200729999999999 4.522096e-05 1.1912737226926076 1.008774225410935
6.230536 4.50596e-05 1.187022952078855 1.005174659877335
6.2607219999999995 4.53666e-05 1.1951103750983274 1.0120231143816436
6.290518 4.466854e-05 1.1767211030691 0.9964510226836708
6.320730999999999 4.544802e-05 1.1972552545193222 1.013839404823796
6.350561 4.503216e-05 1.1863000892526194 1.0045625374291323
6.380064 4.493637e-05 1.1837766552101594 1.0024256857777716
6.410457 4.469955e-05 1.177538011824259 0.9971427835116141
6.440444 4.529016e-05 1.193096685796671 1.0103179161330789
6.470435 4.480542e-05 1.1803269873130915 0.9995044964704778
6.500601 4.491707e-05 1.1832682276392286 1.0019951477584454
6.530435000000001 4.512523e-05 1.1887518692539951 1.0066387122197382
6.560685 4.436857e-05 1.1688188741337546 0.9897593910952102
6.5907860000000005 4.463477e-05 1.1758314865369581 0.9956976926881969
6.620444 4.4379e-05 1.169093635769237 0.9899920600870015
6.650721 4.437456e-05 1.1689766710845253 0.9898930140348869
6.680685 4.469699e-05 1.177470572726768 0.9970856758779627
6.710513 4.549851e-05 1.1985853326569544 1.0149657190515566
6.740684 4.564404e-05 1.202419087288954 1.0182121541786318
6.770579 4.538883e-05 1.1956959888238088 1.0125190138722975
6.80037 4.526456e-05 1.1924222948217573 1.0097468397965632
6.830462000000001 4.482516e-05 1.1808470059789038 0.999944849864338
6.860638 4.435201e-05 1.1683826274718574 0.9893899760900265
6.890833 4.50264e-05 1.1861483512832638 1.0044340452534162
6.9208050000000005 4.430378e-05 1.167112085412479 0.9883140771950989
6.950685 4.457534e-05 1.1742658984260552 0.9943719478960437
6.980592 4.480807e-05 1.180396797316354 0.999563611794375
7.010668 4.47339e-05 1.1784429075269267 0.9979090519553374
7.040654000000001 4.505547e-05 1.1869141538473553 1.005082529202733
7.07064 4.508254e-05 1.1876272696165315 1.0056863978132595
7.1009530000000005 4.527115e-05 1.1925958978110027 1.0098938473378771
7.130796 4.489076e-05 1.1825751328521201 1.0014082329766594
7.160795 4.475226e-05 1.1789265723042475 0.9983186207654322
7.190879 4.531526e-05 1.1937579050728562 1.010877838634897
7.221027 4.576523e-05 1.2056116436268363 1.020915620632629
7.250962 4.465657e-05 1.1764057726015331 0.996183999881011
7.2808969999999995 4.453718e-05 1.1732606343790746 0.9935206872319251
7.310777 4.471704e-05 1.177998757845792 0.9975329446493352
7.340657 4.474186e-05 1.1786526009706888 0.9980866210037227
7.370842 4.554919e-05 1.199920416040104 1.0160962717365025
7.40074 4.541221e-05 1.196311897456367 1.013040567182756
7.430749 4.499945e-05 1.1854383967217828 1.0038328535632173
7.460694 4.497371e-05 1.184760317671225 1.0032586541529862
7.490573 4.517383e-05 1.1900321583704327 1.0077228649523422
7.520388 4.459627e-05 1.1748172657348421 0.994838847416484
7.550759 4.417162e-05 1.1636305420044872 0.9853658956078368
7.580881000000001 4.447008e-05 1.171492992409672 0.9920238426155109
7.610629 4.452326e-05 1.1728939342864653 0.9932101644739446
7.640666 4.525986e-05 1.192298480853707 1.0096419937504062
7.670629 4.480752e-05 1.1803823084477525 0.9995513425762078
7.700675 4.557041e-05 1.2004794229341536 1.0165696404810676
7.7306289999999995 4.527672e-05 1.1927426305348414 1.0100181010564082
7.760986 4.502609e-05 1.1861401848300521 1.0044271298759038
7.791092 4.533663e-05 1.194320863476524 1.0113545535298711
7.8211379999999995 4.511712e-05 1.188538224300614 1.0064577970209434
7.851018 4.489409e-05 1.1826628563656538 1.0014825175157451
7.88136 4.417418e-05 1.1636979811019788 0.9854230032414886
7.9110320000000005 4.49512e-05 1.184167327794455 1.0027565085149015
7.941185000000001 4.536508e-05 1.195070333134192 1.0119892067241631
7.970993999999999 4.537688e-05 1.1953811852241911 1.0122524372230257
8.000833 4.486865e-05 1.1819926803343332 1.0009150104063327
8.031018 4.45486e-05 1.17356147597804 0.9937754408164176
8.060787 4.450058e-05 1.1722964660321278 0.9927042265320628
8.091018 4.534406e-05 1.194516594919634 1.011520299513477
8.120881 4.501374e-05 1.1858148438714513 1.0041516301588738
8.151092 4.476317e-05 1.1792139787705094 0.9985619974385331
8.181148 4.488314e-05 1.1823743961634934 1.0012382485358682
8.210963 4.551069e-05 1.1989061952379876 1.0152374264647894
8.241010000000001 4.486393e-05 1.1818683394983334 1.0008097182067874
8.271047000000001 4.520008e-05 1.1907236725536936 1.0083084412739645
8.301296 4.55534e-05 1.2000313217434004 1.0161901870246561
8.331194 4.51359e-05 1.1890329533048674 1.0068767350521843
8.361013999999999 4.536569e-05 1.195086402606641 1.012002814402494
8.391121 4.450089e-05 1.1723046324853394 0.9927111419095752
8.420952999999999 4.540319e-05 1.1960742800112996 1.0128393520048118
8.451139999999999 4.440263e-05 1.1697161302511594 0.9905191903148087
8.481251 4.498857e-05 1.1851517805574445 1.0035901461201981
8.511415999999999 4.447431e-05 1.1716044249809174 0.9921182040570524
8.541277000000001 4.479294e-05 1.1799982217128209 0.9992260967564264
8.571389 4.500493e-05 1.1855827585398502 1.0039550995915028
8.601546 4.493346e-05 1.1836999959235581 1.0023607704598319
8.631089 4.563091e-05 1.2020731984803361 1.0179192544794735
8.661185999999999 4.500045e-05 1.1854647401192402 1.0038551612326123
8.691055 4.479408e-05 1.1800282531859225 0.9992515274995368
8.721278 4.556842e-05 1.2004269995732129 1.016525248218971
8.751093000000001 4.464001e-05 1.1759695259396359 0.9958145848758274
8.780973 4.46223e-05 1.1755029843706624 0.9954195160508396
8.811333000000001 4.507317e-05 1.1873804319823542 1.005477374951027
8.841231 4.561494e-05 1.2016524944229388 1.0175630009992331
8.870861999999999 4.541321e-05 1.1963382408538243 1.013062874852151
8.900972 4.504297e-05 1.1865848613791359 1.0048036833352938
8.931222 4.415098e-05 1.1630868142809634 0.9849054653115212
8.961193999999999 4.505597e-05 1.1869273255460842 1.0050936830374306
8.99124 4.498973e-05 1.1851823388984952 1.0036160230166966
9.021222 4.525999e-05 1.1923019054953765 1.0096448937474276
9.051102 4.370593e-05 1.1513626852424743 0.9749774370472133
9.081467 4.466447e-05 1.1766138854414476 0.9963602304692325
9.111156999999999 4.551302e-05 1.198967575354064 1.0152894033344804
9.141306 4.523274e-05 1.1915840479146578 1.0090370097564099
9.171277 4.489308e-05 1.1826362495342215 1.0014599867696559
9.201204 4.52679e-05 1.1925102817692657 1.009821347412343
9.231583 4.468331e-05 1.1771101950495484 0.9967805069606371
9.261527 4.521338e-05 1.1910740397398794 1.00860513327692
9.291139 4.490607e-05 1.1829784502671954 1.001749763395099
9.321417 4.489632e-05 1.182721602141984 1.0015322636184962
9.351296 4.523e-05 1.191511867005624 1.0089758867422671
9.381352999999999 4.484653e-05 1.1814099643825717 1.000421564759312
9.411629999999999 4.503158e-05 1.1862848100820944 1.0045495989808833
9.441621 4.526314e-05 1.1923848871973677 1.0097151629060221
9.471583 4.509673e-05 1.1880010824264544 1.0060029436419766
9.50124 4.55251e-05 1.1992858035953513 1.0155588799807735
9.531334000000001 4.495672e-05 1.1843127433484208 1.0028796468499628
9.561816 4.471848e-05 1.178036692338131 0.9975650676932643
9.591531999999999 4.450078e-05 1.1723017347116191 0.9927086880659418
9.621147 4.420127e-05 1.1644116237391042 0.9860273180054029
9.651297000000001 4.472966e-05 1.1783312115217064 0.9978144674371019
9.6815 4.490009e-05 1.182820916750399 1.0016163635321158
9.711547000000001 4.523497e-05 1.1916427936909884 1.0090867558591612
9.741620000000001 4.48269e-05 1.1808928434904802 0.9999836652090857
9.771657999999999 4.491377e-05 1.1831812944276185 1.0019215324494415
9.801573000000001 4.53491e-05 1.1946493656428199 1.0116327301672285
9.8315 4.467971e-05 1.1770153588187011 0.9967001993508146
9.861533 4.489984e-05 1.1828143309010348 1.0016107866147672
9.891463 4.456884e-05 1.174094666342581 0.9942269480449752
9.921353 4.413379e-05 1.1626339712786677 0.9845219964746187
9.951491 4.446477e-05 1.1713531089691724 0.9919053888910229
9.981306 4.46984e-05 1.177507716917183 0.9971171296918098
10.00351 4.444289e-05 1.1707767154328008 0.9914172970846571
