Keff(MJ/m3):-0.015273494679714925 Ms(MA/m):1.3141679091775595
H(kOe) moment(emu) M(MA/m) M_norm()
9.968112 3.895169e-05 1.3259698393246184 1.0089805344238278
9.940057000000001 3.852516e-05 1.3114501633986924 0.9979319645839108
9.911121999999999 3.914813e-05 1.3326569308278864 1.0140689949291926
9.882738 3.861004e-05 1.3143395969498908 1.0001306437108473
9.853937 3.878343e-05 1.320242034313725 1.0046220312440646
9.824917 3.915035e-05 1.3327325027233112 1.0141265004388746
9.795881 3.809258e-05 1.2967245370370368 0.9867266792784194
9.766603 3.882462e-05 1.321644199346405 1.0056889915791083
9.737168 3.857144e-05 1.3130255991285398 0.999130773137099
9.707288 3.875465e-05 1.319262322984749 1.0038765318888192
9.67788 3.830911e-05 1.3040955201525053 0.9923355387430227
9.648444999999999 3.952019e-05 1.345322372004357 1.0237066075112844
9.618881 3.897154e-05 1.3266455610021783 1.0094947165712087
9.589049999999999 3.873269e-05 1.3185147739651413 1.0033076936038579
9.559391 3.889153e-05 1.323921909041394 1.007422186918214
9.529455 3.840228e-05 1.3072671568627448 0.9947489569128701
9.499446 3.871583e-05 1.3179408360566447 1.0028709625708685
9.469325000000001 3.882439e-05 1.3216363698257079 1.005683033801078
9.439625 3.866914e-05 1.3163514433551196 1.0016615336307568
9.409880999999999 3.847013e-05 1.309576865468409 0.9965065014317511
9.379482 3.886626e-05 1.3230616830065358 1.0067676084363848
9.349649 3.878186e-05 1.3201885893246184 1.0045813629331632
9.319778 3.847876e-05 1.3098706427015248 0.9967300476247939
9.289826 3.86561e-05 1.3159075435729843 1.0013237535198327
9.260041 3.858758e-05 1.3135750272331153 0.9995488537345161
9.230177 3.887478e-05 1.3233517156862742 1.006988305257326
9.200011 3.880834e-05 1.3210900054466228 1.0052672845081079
9.170187 3.866197e-05 1.3161073665577339 1.0014758063765141
9.139864 3.888859e-05 1.3238218273420475 1.0073460309729596
9.109778 3.815406e-05 1.2988174019607839 0.9883192192492491
9.079696 3.828597e-05 1.3033078022875813 0.9917361344664285
9.049659 3.850295e-05 1.3106941040305007 0.9973566504532645
9.019908 3.859474e-05 1.3138187636165575 0.9997343219549314
8.989982 3.824686e-05 1.3019764433551195 0.9907230531674832
8.959937 3.920144e-05 1.3344716775599126 1.0154499042630403
8.929779 3.903678e-05 1.328866421568627 1.0111846532611393
8.899428 3.887531e-05 1.3233697576252719 1.007002034050178
8.869653 3.859327e-05 1.3137687227668842 0.9996962439823042
8.840214 3.825891e-05 1.3023866421568626 0.9910351889294953
8.810159 3.826478e-05 1.302586465141612 0.9911872417861766
8.779807 3.90225e-05 1.328380310457516 1.0108147529556182
8.749983 3.886218e-05 1.322922794117647 1.0066619226348072
8.720066000000001 3.849204e-05 1.3103227124183003 0.9970740445475756
8.689907999999999 3.938748e-05 1.3408047385620911 1.0202689695879135
8.659945 3.884016e-05 1.3221732026143787 1.0060915301468814
8.629696 3.861338e-05 1.3144532952069712 1.0002171610091972
8.599889 3.887287e-05 1.3232866966230934 1.0069388297962933
8.569982 3.850277e-05 1.31068797657952 0.9973519878443713
8.539899 3.827126e-05 1.302807053376906 0.9913550957063292
8.510087 3.876096e-05 1.3194771241830063 1.004039982233906
8.479928 3.867648e-05 1.3166013071895422 1.0018516644600655
8.449825 3.82033e-05 1.3004936002178646 0.9895947018153467
8.419611999999999 3.916585e-05 1.3332601443355114 1.0145280028713382
8.389465 3.869443e-05 1.3172123502178648 1.002316630180241
8.359852 3.856747e-05 1.3128904547930278 0.9990279367076228
8.329798 3.857112e-05 1.3130147058823527 0.9991224840546225
8.299816 3.888721e-05 1.3237748502178648 1.0073102843047792
8.269501 3.857817e-05 1.313254697712418 0.9993051029029365
8.239501 3.880199e-05 1.320873842592592 1.0051027980277112
8.20987 3.902026e-05 1.3283040577342045 1.0107567293782813
8.179834 3.853723e-05 1.3118610430283222 0.9982446184135778
8.149761 3.901209e-05 1.3280259395424832 1.010545098741299
8.119455 3.895237e-05 1.3259929874727665 1.0089981487240907
8.08939 3.845533e-05 1.3090730528322436 0.9961231313672052
8.05955 3.845801e-05 1.3091642837690627 0.9961925524329472
8.029603 3.868531e-05 1.3169018927015248 1.002080391329656
7.999568 3.92596e-05 1.336451525054466 1.0169564450031747
7.969409 3.893068e-05 1.3252546296296293 1.0084363043524691
7.939492 3.860011e-05 1.3140015659041389 0.999873423120243
7.909474 3.865223e-05 1.315775803376906 1.0012235074286304
7.879537999999999 3.89964e-05 1.3274918300653589 1.0101386746661147
7.849455 3.832966e-05 1.3047950708060998 0.992867853258321
7.819279000000001 3.834707e-05 1.3053877314814812 0.9933188311518175
7.789232 3.857827e-05 1.3132581018518514 0.9993076932412104
7.759510000000001 3.878894e-05 1.3204296023965136 1.0047647588829596
7.7294920000000005 3.916113e-05 1.3330994689542481 1.0144057389048073
7.699427 3.87775e-05 1.3200401688453156 1.0044684241844186
7.669289 3.887937e-05 1.323507965686274 1.0071072017841005
7.639214 3.85299e-05 1.3116115196078426 0.9980547466180963
7.609012 3.887069e-05 1.323212486383442 1.006882360421921
7.5794369999999995 3.815734e-05 1.2989290577342045 0.9884041823446351
7.549066 3.862821e-05 1.314958129084967 1.0006013081752254
7.519083999999999 3.871685e-05 1.3179755582788666 1.0028973840212625
7.489177 3.84363e-05 1.308425245098039 0.9956301899936709
7.4593810000000005 3.89007e-05 1.3242340686274505 1.007659720937936
7.429307 3.850942e-05 1.3109143518518516 0.9975242453395897
7.39926 3.888956e-05 1.323854847494553 1.0073711572542172
7.369446 3.859376e-05 1.3137854030501086 0.9997089366398467
7.339538999999999 3.844118e-05 1.308591367102396 0.99575659850144
7.3093069999999996 3.87998e-05 1.3207992919389977 1.0050460696195116
7.27937 3.853947e-05 1.3119372957516338 0.9983026419909143
7.249455 3.816377e-05 1.2991479438997817 0.9885707410956506
7.219187 3.892087e-05 1.324920683551198 1.0081821921677936
7.188974 3.884005e-05 1.3221694580610017 1.00608868077478
7.159029 3.84487e-05 1.3088473583877993 0.9959513919396418
7.128724 3.87487e-05 1.3190597766884529 1.0037224067615185
7.098927 3.899837e-05 1.3275588916122 1.0101897043301118
7.068853 3.842246e-05 1.3079541122004352 0.9952716871765549
7.038964 3.913852e-05 1.332329793028322 1.0138200634210652
7.0091220000000005 3.873642e-05 1.3186417483660127 1.0034043132214765
6.979047 3.897481e-05 1.3267568763616555 1.009579420632767
6.948732 3.868975e-05 1.3170530364923743 1.0021954023490198
6.918964 3.887008e-05 1.3231917211328972 1.0068665593584498
6.888909 3.853305e-05 1.3117187499999998 0.9981363422737263
6.85887 3.859279e-05 1.3137523828976032 0.9996838103585892
6.8288530000000005 3.898649e-05 1.3271544798474944 1.0098819721431656
6.798881000000001 3.841151e-05 1.3075813589324614 0.9949880451355564
6.768881 3.890234e-05 1.3242898965141607 1.007702202485629
6.738861 3.87697e-05 1.3197746459694986 1.00426637779905
6.7091400000000005 3.858289e-05 1.3134153730936817 0.9994273668694673
6.6789 3.868777e-05 1.31698563453159 1.0021441136511953
6.648616 3.920658e-05 1.3346466503267969 1.0155830476503216
6.618835 3.844373e-05 1.3086781726579517 0.9958226521274262
6.588672 3.844783e-05 1.3088177423747271 0.9959288559966584
6.558612 3.878621e-05 1.3203366693899776 1.0046940426480804
6.528767 3.841655e-05 1.3077529275599125 0.995118598184564
6.4987330000000005 3.901855e-05 1.3282458469498908 1.0107124345937968
6.468823 3.897569e-05 1.3267868327886707 1.0096022156095779
6.438733 3.911434e-05 1.3315066721132893 1.013193719626422
6.408437 3.846697e-05 1.309469294662309 0.9964246467422941
6.378474 3.945609e-05 1.3431403186274509 1.0220462006776767
6.3484359999999995 3.801316e-05 1.2940209694989102 0.9846694326212412
6.3184830000000005 3.853285e-05 1.3117119417211327 0.9981311615971784
6.2884459999999995 3.873589e-05 1.318623706427015 1.0033905844286244
6.258512 3.832417e-05 1.304608183551198 0.9927256436870808
6.228631 3.874853e-05 1.3190539896514157 1.0037180031864528
6.198757 3.917398e-05 1.3335369008714593 1.014738597373011
6.168751 3.877224e-05 1.3198611111111107 1.0043321723912084
6.138859999999999 3.840982e-05 1.3075238289760345 0.9949442684187266
6.108779 3.900492e-05 1.3277818627450977 1.010359371487056
6.078390000000001 3.823805e-05 1.3016765386710236 0.9904948443655474
6.048350999999999 3.839854e-05 1.3071398420479299 0.9946520782614241
6.018899 3.899215e-05 1.327347154139433 1.0100285852894715
5.988770000000001 3.852276e-05 1.3113684640522871 0.9978697964653358
5.958787999999999 3.902349e-05 1.3284140114379082 1.0108403973045303
5.92851 3.928322e-05 1.3372555827886705 1.0175682829034838
5.898738000000001 3.889049e-05 1.323886505991285 1.0073952474001648
5.868584 3.840006e-05 1.3071915849673201 0.9946914514031884
5.838631 3.883168e-05 1.3218845315904137 1.0058718694612496
5.80839 3.849828e-05 1.3105351307189539 0.9972356816558707
5.778325 3.851999e-05 1.3112741693899779 0.9977980440951472
5.7484269999999995 3.874736e-05 1.3190141612200432 1.0036876962286476
5.718426999999999 3.868774e-05 1.31698461328976 1.0021433365497132
5.688307 3.896815e-05 1.326530160675381 1.0094069041037215
5.658307 3.901928e-05 1.3282706971677556 1.0107313440631966
5.628001 3.848277e-05 1.3100071486928102 0.9968339201895797
5.598285 3.873927e-05 1.318738766339869 1.0034781378622843
5.568264 3.859205e-05 1.313727192265795 0.999664641855362
5.538351 3.874116e-05 1.318803104575163 1.003527095255662
5.508659 3.884703e-05 1.3224070669934636 1.0062694863863022
5.478435999999999 3.843259e-05 1.3082989515250543 0.9955340884437072
5.448167000000001 3.857205e-05 1.3130463643790846 0.9991465742005702
5.418049 3.865641e-05 1.3159180964052284 1.0013317835684818
5.38839 3.866164e-05 1.316096132897603 1.00146725826021
5.357899000000001 3.869648e-05 1.3172821350762525 1.0023697321148572
5.328144 3.861505e-05 1.3145101443355116 1.0002604196583724
5.298177 3.846305e-05 1.3093358523965137 0.9963231054819549
5.267862 3.901389e-05 1.3280872140522872 1.0105917248302303
5.238205 3.894069e-05 1.3255953839869277 1.0086955972136922
5.208158999999999 3.857564e-05 1.313168572984749 0.9992395673446053
5.178084 3.864141e-05 1.3154074754901959 1.0009432328273882
5.1479930000000005 3.841092e-05 1.3075612745098038 0.9949727621397403
5.118307 3.849476e-05 1.310415305010893 0.9971445017486273
5.088158 3.846967e-05 1.3095612064270148 0.9964945858756911
5.058122 3.892544e-05 1.3250762527233113 1.0083005706269135
5.027908 3.841495e-05 1.3076984613289757 0.9950771527721808
4.998112 3.924222e-05 1.3358598856209147 1.0165062442111608
4.968316 3.891407e-05 1.3246892020697165 1.0080060491651643
4.9382790000000005 3.873956e-05 1.3187486383442262 1.0034856498432787
4.9081220000000005 3.872684e-05 1.3183156318082785 1.0031561588148312
4.878333 3.822619e-05 1.3012728077342044 0.9901876302462559
4.848417 3.873761e-05 1.3186822576252721 1.0034351382469366
4.818315999999999 3.88415e-05 1.322218818082788 1.0061262406797524
4.788066 3.839413e-05 1.3069897194989102 0.9945378443435424
4.75827 3.876528e-05 1.3196241830065356 1.004151884847341
4.728002 3.853652e-05 1.311836873638344 0.9982262270118325
4.698186 3.891353e-05 1.3246708197167751 1.007992061338485
4.668057 3.86894e-05 1.317041122004357 1.002186336165061
4.6380680000000005 3.852833e-05 1.3115580746187359 0.9980140783071952
4.608131 3.825041e-05 1.3020972903050105 0.9908150101762088
4.577843 3.864576e-05 1.3155555555555551 1.0010559125423053
4.5479080000000005 3.877133e-05 1.3198301334422655 1.0043086003129156
4.5177510000000005 3.873241e-05 1.3185052423747274 1.0033004406566908
4.487964 3.852195e-05 1.3113408905228754 0.9978488147253167
4.45801 3.864188e-05 1.3154234749455334 1.0009554074172757
4.428001 3.862887e-05 1.3149805964052281 1.0006184044078335
4.397946 3.868399e-05 1.3168569580610017 1.0020461988644396
4.368047 3.859811e-05 1.313933483115468 0.9998216163547639
4.337946 3.830434e-05 1.3039331427015248 0.9922119796073547
4.307899 3.87923e-05 1.320543981481481 1.0048517942489645
4.277732 3.875924e-05 1.3194185729847492 1.003995428415594
4.247853 3.86742e-05 1.3165236928104573 1.0017926047474193
4.217742 3.884104e-05 1.322203159041394 1.0061143251236921
4.18804 3.821445e-05 1.3008731617647056 0.9898835245328932
4.157955 3.841144e-05 1.307578976034858 0.9949862318987647
4.127853 3.842986e-05 1.3082060185185183 0.9954633722088281
4.0975839999999994 3.854257e-05 1.3120428240740736 0.998382942477407
4.067625 3.852662e-05 1.3114998638344222 0.9979697835227106
4.037788 3.907013e-05 1.3300017020697164 1.0120485310755047
4.007529 3.88797e-05 1.3235191993464048 1.0071157499004046
3.977436 3.819293e-05 1.3001405909586052 0.9893260837363371
3.947531 3.876548e-05 1.3196309912854025 1.0041570655238887
3.9177600000000004 3.801736e-05 1.2941639433551193 0.9847782268287473
3.887362 3.839006e-05 1.3068511710239648 0.9944324175757923
3.857297 3.827116e-05 1.3028036492374724 0.9913525053680552
3.827057 3.852801e-05 1.3115471813725488 0.9980057892247187
3.797342 3.857539e-05 1.3131600626361652 0.9992330914989205
3.767436 3.859947e-05 1.3139797794117645 0.9998568449552897
3.737473 3.822368e-05 1.3011873638344225 0.9901226127555797
3.707625 3.856004e-05 1.3126375272331152 0.9988354745738678
3.67764 3.823028e-05 1.3014120370370366 0.9902935750816606
3.647501 3.883575e-05 1.3220230800653592 1.005977296229
3.6172600000000004 3.839738e-05 1.3071003540305008 0.9946220303374461
3.587214 3.845652e-05 1.3091135620915029 0.9961539563926654
3.55727 3.875098e-05 1.3191373910675377 1.0037814664741649
3.527168 3.820021e-05 1.3003884123093679 0.9895146603626813
3.497398 3.818928e-05 1.3000163398692808 0.9892315363893376
3.467473 3.84239e-05 1.3080031318082785 0.9953089880477001
3.4372510000000003 3.853107e-05 1.3116513480392151 0.9980850535759017
3.407251 3.845672e-05 1.30912037037037 0.9961591370692133
3.37714 3.809139e-05 1.2966840277777774 0.9866958542529591
3.347436 3.82976e-05 1.3037037037037031 0.9920373908076898
3.317334 3.853422e-05 1.3117585784313723 0.9981666492315316
3.287057 3.815465e-05 1.298837486383442 0.9883345022450657
3.2570680000000003 3.865335e-05 1.3158139297385616 1.0012525192172987
3.227223 3.883889e-05 1.3221299700435725 1.006058632850802
3.197196 3.835624e-05 1.3056998910675377 0.9935563651715393
3.167257 3.866413e-05 1.3161808959694983 1.0015317576832314
3.137353 3.820384e-05 1.3005119825708056 0.989608689642026
3.1071489999999997 3.821292e-05 1.3008210784313723 0.9898438923573016
3.077149 3.866859e-05 1.316332720588235 1.0016472867702502
3.047177 3.840049e-05 1.3072062227668841 0.9947025898577662
3.016751 3.852337e-05 1.311389229302832 0.9978855975288071
2.98702 3.807402e-05 1.2960927287581696 0.9862459124947726
2.957011 3.803788e-05 1.2948624727668843 0.985309764242564
2.927196 3.835887e-05 1.30578941993464 0.9936244910681445
2.897029 3.801854e-05 1.2942041122004353 0.98480879282038
2.867306 3.878042e-05 1.3201395697167753 1.0045440620620183
2.837177 3.824987e-05 1.3020789079520694 0.9908010223495293
2.807011 3.802113e-05 1.2942922794117644 0.9848758825816757
2.776881 3.831136e-05 1.30417211328976 0.9923938213541865
2.74687 3.838518e-05 1.3066850490196076 0.9943060090680231
2.717279 3.832562e-05 1.3046575435729844 0.9927632035920532
2.6870749999999997 3.891824e-05 1.3248311546840954 1.0081140662711885
2.656825 3.815273e-05 1.2987721269063177 0.9882847677502056
2.6268249999999997 3.83966e-05 1.3070738017429189 0.9946018256989092
2.596631 3.763787e-05 1.2812455746187361 0.9749481521129008
2.566556 3.78474e-05 1.2883782679738558 0.9803756878983269
2.536625 3.81586e-05 1.2989719498910672 0.988436820606887
2.50689 3.832175e-05 1.304525803376906 0.992662957500851
2.4769639999999997 3.813383e-05 1.2981287445533765 0.9877951938164273
2.447047 3.849683e-05 1.3104857706971675 0.9971981217508983
2.416825 3.813831e-05 1.2982812499999998 0.9879112409711008
2.386779 3.793113e-05 1.2912285539215684 0.9825445781351128
2.356983 3.796334e-05 1.2923250272331153 0.9833789260931549
2.326899 3.831533e-05 1.3043072576252719 0.9924966577836627
2.296658 3.796689e-05 1.2924458741830063 0.9834708831018805
2.266757 3.798894e-05 1.2931964869281043 0.9840420526912884
2.23689 3.814429e-05 1.298484817538126 0.9880661431998835
2.207078 3.809829e-05 1.2969189133986925 0.9868745875938624
2.1767510000000003 3.785093e-05 1.2884984340958603 0.9804671268393977
2.146668 3.784647e-05 1.2883466094771239 0.980351597752379
2.116723 3.807614e-05 1.296164896514161 0.9863008276661805
2.086606 3.757452e-05 1.2790890522875813 0.9733071728163478
2.056964 3.859596e-05 1.3138602941176467 0.9997659240818737
2.026816 3.804348e-05 1.2950531045751632 0.9854548231859056
1.996723 3.802555e-05 1.2944427423747276 0.9849903755333848
1.9666679999999999 3.788249e-05 1.289572780501089 0.9812846375986591
1.9367940000000001 3.782353e-05 1.2875656998910672 0.9797573741523329
1.90702 3.770252e-05 1.2834463507625269 0.9766228058070152
1.876482 3.812799e-05 1.2979299428104571 0.9876439180612281
1.846566 3.818328e-05 1.2998120915032678 0.9890761160929001
1.816634 3.798517e-05 1.2930681508714594 0.9839443969383601
1.78689 3.791084e-05 1.2905378540305008 0.9820189984993264
1.756871 3.789609e-05 1.290035743464052 0.9816369236039174
1.72676 3.789009e-05 1.289831495098039 0.98148150330748
1.696399 3.815014e-05 1.2986839596949888 0.98821767798891
1.6667 3.767976e-05 1.2826715686274506 0.9760332448158621
1.636742 3.838437e-05 1.3066574754901958 0.9942850273280041
1.60686 3.759705e-05 1.2798560049019605 0.9738907760294707
1.5767419999999999 3.760987e-05 1.2802924155773416 0.9742228573961922
1.5464449999999998 3.782463e-05 1.2876031454248362 0.9797858678733463
1.5163250000000001 3.746687e-05 1.2754244961873635 0.970518673664431
1.486521 3.775593e-05 1.2852645016339865 0.9780063054791367
1.456473 3.794601e-05 1.2917350898692808 0.9829300204702778
1.426389 3.757311e-05 1.2790410539215684 0.973270649046685
1.396519 3.78578e-05 1.2887322984749454 0.9806450830788187
1.366288 3.748334e-05 1.2759851579520693 0.970945302378152
1.336511 3.761135e-05 1.2803427968409582 0.9742611944026468
1.3063989999999999 3.762007e-05 1.280639637799564 0.974487071900136
1.27636 3.698303e-05 1.2589539079520693 0.9579855809597082
1.2466210000000002 3.794419e-05 1.29167313453159 0.9828828763136916
1.2162789999999999 3.761371e-05 1.2804231345315902 0.9743223263859124
1.186242 3.707664e-05 1.2621405228758167 0.9604103966179611
1.156568 3.690384e-05 1.2562581699346402 0.9559342920805601
1.126381 3.640307e-05 1.239211260893246 0.9429626551060561
1.096399 3.643664e-05 1.240354030501089 0.943832231664624
1.066455 3.570693e-05 1.2155136846405226 0.9249302742457185
1.036557 3.508493e-05 1.1943399373638341 0.9088183701816941
1.006362 3.411032e-05 1.1611628540305008 0.883572674329863
0.9763793 3.287235e-05 1.119020629084967 0.8515050635997338
0.9463621000000001 3.170113e-05 1.0791506672113287 0.8211665036674722
0.9157972 3.007736e-05 1.0238752723311546 0.7791053678764096
0.8859638999999999 2.84822e-05 0.9695738017429192 0.7377853278655264
0.8560101 2.613928e-05 0.8898175381263614 0.6770957743772882
0.826351 2.538926e-05 0.8642858115468408 0.6576677192549416
0.796575 2.35744e-05 0.8025054466230934 0.6106567060561707
0.766399 2.197177e-05 0.747949686819172 0.569143167776223
0.7362415999999999 2.037757e-05 0.6936808959694988 0.52784799501277
0.7061767999999999 1.900808e-05 0.6470615468409585 0.49237357138473004
0.6761028 1.788249e-05 0.6087448937908495 0.4632169828068758
0.6461624 1.68725e-05 0.5743634259259258 0.4370548252737182
0.6161953 1.556827e-05 0.5299656181917209 0.40327085640326377
0.5863527000000001 1.500332e-05 0.5107339324618735 0.3886367403245329
0.5560842 1.373377e-05 0.4675166802832243 0.35575110076748745
0.526399 1.320576e-05 0.44954248366013067 0.34207385564715703
0.4962138 1.217598e-05 0.4144873366013071 0.31539907016958285
0.4658897 1.147986e-05 0.3907904411764705 0.29736720737690003
0.435936 1.120855e-05 0.38155467047930275 0.2903393606058221
0.4060009 1.004021e-05 0.34178274782135065 0.2600754024158505
0.37578789999999995 9.465011e-06 0.3222021718409585 0.24517580256742155
0.345862 8.712349e-06 0.29658050789760343 0.2256793107078769
0.3159076 8.453751e-06 0.28777747140522864 0.2189807477381846
0.2857971 6.852179e-06 0.2332577273965141 0.17749461523717533
0.2557755 6.760437e-06 0.23013470179738557 0.17511818709787993
0.2260471 6.232968e-06 0.21217892156862742 0.1614549557076116
0.19615280000000002 5.493733e-06 0.1870143314270152 0.1423062685681114
0.1660564 5.581996e-06 0.19001892701525047 0.14459257883885573
0.1358712 5.710649e-06 0.1943984545206971 0.1479251267384521
0.1056675 3.718231e-06 0.12657376770152504 0.09631476070720536
0.07572308 3.208494e-06 0.10922160947712416 0.0831108480996754
0.04573774 2.691942e-06 0.09163745915032678 0.06973040393877514
0.016047139999999998 2.03468e-06 0.06926334422657951 0.05270509479258728
-0.01410101 1.660053e-06 0.05651051879084966 0.04300098822700321
-0.04410101 1.017669e-06 0.03464287173202614 0.026361069609214964
-0.07422137999999999 1.889166e-07 0.006430984477124181 0.00489357899566187
-0.10427689999999999 4.672225e-09 0.00015904905364923742 0.00012102643242047698
-0.1339992 -1.279219e-06 -0.04354639842047929 -0.03313609936475451
-0.1642955 -1.371359e-06 -0.04668297249455337 -0.03552283705038026
-0.1941774 -1.718526e-06 -0.05850102124183005 -0.044515636725935205
-0.2240455 -2.788519e-06 -0.09492507489106751 -0.07223207493361643
-0.2539981 -2.377054e-06 -0.08091823257080609 -0.06157373955467138
-0.2841936 -3.09728e-06 -0.10543572984749451 -0.0802300292916747
-0.3144992 -4.031997e-06 -0.13725479983660124 -0.10444236149587527
-0.34448070000000003 -4.786732e-06 -0.1629470315904139 -0.12399255106783912
-0.3746103 -5.250958e-06 -0.17874993191721128 -0.13601757482350763
-0.4043943 -6.136415e-06 -0.2088921228213507 -0.158953906393956
-0.434101 -6.184221e-06 -0.21051950571895417 -0.16019224350920483
-0.46443439999999997 -6.790375e-06 -0.23115383306100212 -0.17589368257033777
-0.494601 -7.721876e-06 -0.2628634259259259 -0.20002270949564782
-0.524517 -8.100035e-06 -0.2757364855664487 -0.2098183068090681
-0.5543325 -8.834211e-06 -0.30072886029411755 -0.2288359487352887
-0.5843695 -9.602511e-06 -0.3268828635620914 -0.24873751769411506
-0.6142491 -1.016542e-05 -0.3460450708061002 -0.2633187649686745
-0.6444226 -1.09048e-05 -0.37121459694989095 -0.2824712080986719
-0.6743325 -1.139912e-05 -0.38804193899782125 -0.29527576825450563
-0.7045454999999999 -1.174741e-05 -0.3998982162309367 -0.3042976574288771
-0.734564 -1.306544e-05 -0.44476579520697157 -0.33843909298113783
-0.7644132 -1.341079e-05 -0.45652199074074057 -0.3473848262102549
-0.7943881 -1.53553e-05 -0.522715822440087 -0.39775421298121344
-0.824601 -1.543149e-05 -0.5253094362745097 -0.39972779171214273
-0.8545076 -1.602639e-05 -0.5455606617647057 -0.41513771410392436
-0.8847307 -1.720563e-05 -0.5857036356209149 -0.44568401916575745
-0.9145736000000001 -1.831727e-05 -0.6235454112200435 -0.4744792555543944
-0.9444344 -1.883502e-05 -0.6411703431372547 -0.4878907319678166
-0.9745547 -1.997721e-05 -0.6800520833333331 -0.517477316699148
-1.004684 -2.147138e-05 -0.7309157135076251 -0.55618137408716
-1.034694 -2.251187e-05 -0.7663354438997819 -0.5831335847938751
-1.064659 -2.433771e-05 -0.8284895833333331 -0.6304290171351266
-1.094687 -2.495137e-05 -0.8493794253812634 -0.6463248869871029
-1.1246939999999999 -2.605829e-05 -0.8870605255991284 -0.674997859409209
-1.1549159999999998 -2.734718e-05 -0.9309361383442264 -0.708384470388438
-1.184734 -2.850969e-05 -0.9705095996732023 -0.7384974118570377
-1.214416 -2.878313e-05 -0.9798178785403049 -0.7455804328333511
-1.2444439999999999 -3.020301e-05 -1.0281525735294115 -0.7823601279176389
-1.274629 -3.146703e-05 -1.0711815767973853 -0.8151025217681344
-1.304796 -3.220819e-05 -1.0964116966230935 -0.8343010729194082
-1.3345550000000002 -3.290608e-05 -1.1201688453159038 -0.8523787846995401
-1.364536 -3.35056e-05 -1.14057734204793 -0.8679083807195787
-1.3943510000000001 -3.382737e-05 -1.1515308415032675 -0.8762433121836961
-1.424397 -3.410558e-05 -1.1610014978213505 -0.8834498922956774
-1.454703 -3.424389e-05 -1.165709763071895 -0.8870325891623899
-1.484638 -3.434867e-05 -1.1692766203703702 -0.8897467456058442
-1.5146659999999998 -3.498951e-05 -1.1910917075163394 -0.9063466694006823
-1.544796 -3.532038e-05 -1.2023549836601304 -0.9149173216477302
-1.57481 -3.530087e-05 -1.2016908360566445 -0.9144119466504808
-1.6046749999999999 -3.568477e-05 -1.2147593273420476 -0.9243562552842091
-1.634758 -3.558102e-05 -1.2112275326797382 -0.9216687793249768
-1.6648230000000002 -3.595535e-05 -1.2239702478213506 -0.9313651925858872
-1.694851 -3.623462e-05 -1.233476988017429 -0.9385992302835724
-1.7248379999999999 -3.651465e-05 -1.2430095996732022 -0.9458529545521394
-1.754944 -3.621437e-05 -1.2327876497821348 -0.9380746867830957
-1.78487 -3.673033e-05 -1.2503516476034855 -0.9514397961414139
-1.814897 -3.698994e-05 -1.2591891339869279 -0.9581645733344387
-1.844744 -3.697007e-05 -1.258512731481481 -0.9576498731194031
-1.87486 -3.726068e-05 -1.2684055010893243 -0.965177655177355
-1.905036 -3.748529e-05 -1.2760515386710236 -0.9709958139744942
-1.934923 -3.78978e-05 -1.2900939542483656 -0.9816812183884022
-1.964731 -3.726514e-05 -1.2685573257080607 -0.9652931842643737
-1.9948 -3.781891e-05 -1.287408428649237 -0.979637700524076
-2.02487 -3.753753e-05 -1.277829861111111 -0.9723490066888104
-2.0551489999999997 -3.768519e-05 -1.2828564133986924 -0.9761739001841381
-2.084991 -3.816849e-05 -1.2993086192810455 -0.9886930050621815
-2.115017 -3.7744e-05 -1.284858387799564 -0.9776972781230534
-2.14499 -3.787753e-05 -1.2894039351851847 -0.9811561568202707
-2.174941 -3.757146e-05 -1.278984885620915 -0.9732279084651647
-2.2050639999999997 -3.777204e-05 -1.2858129084967318 -0.9784236089750715
-2.235453 -3.789853e-05 -1.2901188044662306 -0.981700127857802
-2.265221 -3.795012e-05 -1.2918749999999997 -0.9830364833733376
-2.295074 -3.828655e-05 -1.3033275462962959 -0.9917511584284173
-2.324694 -3.814209e-05 -1.2984099264705877 -0.9880091557578563
-2.355185 -3.798185e-05 -1.2929551334422653 -0.9838583977076646
-2.385185 -3.799295e-05 -1.2933329929193895 -0.9841459252560739
-2.415416 -3.826907e-05 -1.3027325027233112 -0.9912983672981295
-2.445296 -3.786452e-05 -1.28896105664488 -0.9808191538108286
-2.475314 -3.804123e-05 -1.2949765114379082 -0.9853965405747415
-2.505138 -3.817511e-05 -1.2995339733115465 -0.9888644854559177
-2.535147 -3.779839e-05 -1.2867098992374724 -0.9791061631102596
-2.5650549999999996 -3.846555e-05 -1.3094209558823526 -0.996387863938804
-2.594981 -3.832002e-05 -1.3044669117647056 -0.9926181446487116
-2.625147 -3.805969e-05 -1.2956049155773417 -0.9858747170201142
-2.6549229999999997 -3.786334e-05 -1.2889208877995642 -0.980788587819196
-2.684796 -3.811287e-05 -1.2974152369281042 -0.9872522589142055
-2.715027 -3.853229e-05 -1.3116928785403048 -0.9981166557028441
-2.745101 -3.848171e-05 -1.3099710648148146 -0.9968064626038757
-2.775194 -3.825322e-05 -1.3021929466230933 -0.990887798681707
-2.8048 -3.837757e-05 -1.3064259940087142 -0.9941088843253749
-2.835147 -3.779152e-05 -1.2864760348583875 -0.9789282068708387
-2.865185 -3.82915e-05 -1.3034960511982567 -0.9918793801729784
-2.895234 -3.826012e-05 -1.3024278322440082 -0.99106653202261
-2.9248049999999997 -3.822182e-05 -1.3011240468409582 -0.9900744324636839
-2.954962 -3.819505e-05 -1.3002127587145966 -0.9893809989077451
-2.98536 -3.878435e-05 -1.3202733523965138 -1.004645862356185
-3.015333 -3.822959e-05 -1.301388548474945 -0.9902757017475704
-3.045286 -3.825016e-05 -1.3020887799564267 -0.9908085343305237
-3.075206 -3.869172e-05 -1.3171200980392155 -1.0022464320130169
-3.105073 -3.783516e-05 -1.287961601307189 -0.9800586304935942
-3.13536 -3.83546e-05 -1.3056440631808275 -0.9935138836238465
-3.1652489999999998 -3.787088e-05 -1.2891775599128537 -0.9809838993250524
-3.19537 -3.85743e-05 -1.3131229575163395 -0.9992048568117342
-3.2253760000000002 -3.856559e-05 -1.3128264569716772 -0.9989792383480725
-3.255064 -3.859599e-05 -1.3138613153594767 -0.9997667011833559
-3.2850639999999998 -3.807142e-05 -1.296004221132897 -0.9861785636996495
-3.31487 -3.85575e-05 -1.3125510620915029 -0.9987696799817091
-3.345259 -3.850213e-05 -1.3106661900871457 -0.9973354096794181
-3.3752590000000002 -3.850398e-05 -1.3107291666666663 -0.9973833309374863
-3.405416 -3.80794e-05 -1.2962758714596947 -0.9863852726939115
-3.435234 -3.848488e-05 -1.310078976034858 -0.9968885763271601
-3.4651750000000003 -3.822588e-05 -1.3012622549019603 -0.9901796001976065
-3.495249 -3.846892e-05 -1.3095356753812633 -0.9964751583386363
-3.52511 -3.821419e-05 -1.3008643110021783 -0.9898767896533808
-3.555286 -3.80416e-05 -1.2949891067538122 -0.985406124826355
-3.5853420000000003 -3.849934e-05 -1.3105712145969497 -0.9972631392415747
-3.615685 -3.844017e-05 -1.3085569852941172 -0.9957304360848732
-3.64561 -3.882726e-05 -1.3217340686274506 -1.0057573765095407
-3.675462 -3.856801e-05 -1.3129088371459694 -0.9990419245343023
-3.705333 -3.853785e-05 -1.31188214869281 -0.9982606785108761
-3.735397 -3.872885e-05 -1.3183840550108927 -1.0032082246141376
-3.765342 -3.801498e-05 -1.294082924836601 -0.9847165767778273
-3.7953 -3.81815e-05 -1.2997514978213505 -0.9890300080716237
-3.825425 -3.832362e-05 -1.3045894607843134 -0.992711396826574
-3.8553290000000002 -3.853837e-05 -1.3118998502178647 -0.9982741482699009
-3.885055 -3.802832e-05 -1.2945370370370368 -0.9850621279035734
-3.915385 -3.922111e-05 -1.335141271786492 -1.0159594238015277
-3.945101 -3.849719e-05 -1.310498025599128 -0.9972074469686845
-3.975073 -3.860269e-05 -1.3140893927015247 -0.9999402538477112
-4.005319 -3.835751e-05 -1.3057431236383439 -0.9935892624676187
-4.03487 -3.808162e-05 -1.2963514433551195 -0.9864427782035935
-4.065184 -3.841449e-05 -1.3076828022875813 -0.9950652372161205
-4.095592 -3.847491e-05 -1.309739583333333 -0.9966303196012465
-4.125768 -3.845473e-05 -1.3090526279956423 -0.9961075893375615
-4.155609999999999 -3.873022e-05 -1.3184306917211324 -1.003243712248491
-4.185703 -3.857384e-05 -1.3131072984749452 -0.9991929412556741
-4.215796 -3.862309e-05 -1.314783837145969 -1.0004686828555986
-4.245685000000001 -3.839766e-05 -1.3071098856209147 -0.9946292832846132
-4.275621 -3.865069e-05 -1.3157233796296293 -1.0011836162192116
-4.305281 -3.854727e-05 -1.3122028186274506 -0.9985046883762831
-4.335314 -3.860475e-05 -1.314159517973856 -0.9999936148161549
-4.365435000000001 -3.85636e-05 -1.3127587145969495 -0.9989276906164205
-4.395731 -3.840223e-05 -1.3072654547930278 -0.9947476617437331
-4.425703 -3.858456e-05 -1.313472222222222 -0.9994706255186425
-4.455907 -3.81937e-05 -1.3001668028322437 -0.9893460293410467
-4.4856300000000005 -3.81947e-05 -1.3002008442265791 -0.9893719327237862
-4.515435 -3.853051e-05 -1.3116322848583875 -0.9980705476815677
-4.545555 -3.817113e-05 -1.2993984885620913 -0.9887613899926141
-4.575638 -3.890181e-05 -1.324271854575163 -1.0076884736927771
-4.605715 -3.875803e-05 -1.3193773828976032 -1.003964085322479
-4.635675 -3.854314e-05 -1.312062227668845 -0.9983977074055687
-4.6657150000000005 -3.881071e-05 -1.321170683551198 -1.0053286755252004
-4.695879 -3.819316e-05 -1.3001484204793026 -0.9893320415143673
-4.725935000000001 -3.851708e-05 -1.3111751089324617 -0.997722665251375
-4.756064 -3.889538e-05 -1.3240529684095856 -1.0075219149417616
-4.785526 -3.846967e-05 -1.3095612064270148 -0.9964945858756911
-4.8157950000000005 -3.855574e-05 -1.3124911492374725 -0.9987240900280875
-4.845861 -3.850465e-05 -1.310751974400871 -0.9974006862039219
-4.875744 -3.865572e-05 -1.3158946078431368 -1.0013139102343915
-4.905777 -3.880754e-05 -1.3210627723311543 -1.005246561801916
-4.935833 -3.833435e-05 -1.3049547249455333 -0.9929893401233698
-4.96599 -3.869137e-05 -1.317108183551198 -1.002237365829058
-4.995602 -3.860631e-05 -1.3142126225490192 -1.0000340240932284
-5.025351 -3.858358e-05 -1.313438861655773 -0.9994452402035576
-5.055212 -3.90081e-05 -1.3278901143790844 -1.010441744244168
-5.085286 -3.887924e-05 -1.3235035403050106 -1.0071038343443446
-5.115379 -3.791034e-05 -1.2905208333333331 -0.9820060468079567
-5.145187 -3.874781e-05 -1.3190294798474942 -1.0036993527508804
-5.175314 -3.853833e-05 -1.3118984885620912 -0.9982731121345912
-5.205425 -3.813741e-05 -1.2982506127450977 -0.9878879279266352
-5.235462 -3.904515e-05 -1.3291513480392152 -1.0114014645746696
-5.265453000000001 -3.874593e-05 -1.3189654820261434 -1.00365065439133
-5.295395 -3.856546e-05 -1.3128220315904136 -0.9989758709083163
-5.32525 -3.88033e-05 -1.3209184368191718 -1.0051367314591002
-5.3556289999999995 -3.844454e-05 -1.3087057461873632 -0.995843633867445
-5.385527 -3.81385e-05 -1.2982877178649235 -0.9879161626138213
-5.415310000000001 -3.883233e-05 -1.3219066584967316 -1.0058887066600304
-5.444972 -3.831606e-05 -1.304332107843137 -0.9925155672530628
-5.475185000000001 -3.863982e-05 -1.3153533496732022 -1.000902046448832
-5.505332999999999 -3.845906e-05 -1.3092000272331152 -0.9962197509848241
-5.535583 -3.831248e-05 -1.304210239651416 -0.9924228331428551
-5.565073 -3.892258e-05 -1.3249788943355116 -1.0082264869522783
-5.595453 -3.870682e-05 -1.3176341230936817 -1.0026375730923847
-5.62514 -3.862566e-05 -1.3148713235294114 -1.0005352545492396
-5.65524 -3.828819e-05 -1.3033833741830063 -0.9917936399761105
-5.6853419999999995 -3.86962e-05 -1.3172726034858384 -1.0023624791676902
-5.715536 -3.851815e-05 -1.3112115332244008 -0.9977503818709065
-5.745555 -3.868541e-05 -1.3169052968409583 -1.00208298166793
-5.77512 -3.801189e-05 -1.2939777369281042 -0.9846365353251618
-5.805388 -3.854149e-05 -1.3120060593681915 -0.9983549668240483
-5.8351679999999995 -3.859835e-05 -1.3139416530501087 -0.9998278331666215
-5.86524 -3.808974e-05 -1.296627859477124 -0.9866531136714389
-5.895239999999999 -3.898633e-05 -1.3271490332244005 -1.0098778276019271
-5.925342 -3.879214e-05 -1.3205385348583876 -1.0048476497077263
-5.955481 -3.844651e-05 -1.3087728077342045 -0.9958946635314421
-5.985348 -3.868829e-05 -1.3170033360566444 -1.0021575834102199
-6.015166 -3.863393e-05 -1.315152845860566 -1.000749475524496
-6.045268 -3.823596e-05 -1.3016053921568624 -0.9904407062956218
-6.0753140000000005 -3.889194e-05 -1.3239358660130716 -1.0074328073051373
-6.10549 -3.857844e-05 -1.3132638888888886 -0.9993120968162761
-6.135435 -3.857197e-05 -1.3130436410675377 -0.999144501929951
-6.165379 -3.906351e-05 -1.3297763480392153 -1.0118770506817685
-6.195253 -3.84311e-05 -1.3082482298474942 -0.995495492403425
-6.22549 -3.857612e-05 -1.3131849128540303 -0.9992520009683203
-6.255167999999999 -3.851099e-05 -1.3109677968409583 -0.9975649136504908
-6.284944 -3.853717e-05 -1.311859000544662 -0.9982430642106133
-6.315055 -3.822255e-05 -1.3011488970588232 -0.9900933419330837
-6.345194 -3.862875e-05 -1.3149765114379082 -1.0006152960019048
-6.374848 -3.849253e-05 -1.3103393927015248 -0.9970867372051181
-6.404814 -3.841075e-05 -1.3075554874727666 -0.9949683585646745
-6.4349620000000005 -3.914147e-05 -1.3324302151416119 -1.013896478400147
-6.46524 -3.852063e-05 -1.3112959558823527 -0.9978146222601005
-6.495055000000001 -3.85257e-05 -1.3114685457516337 -0.9979459524105903
-6.524962 -3.854166e-05 -1.3120118464052284 -0.998359370399114
-6.555175 -3.878814e-05 -1.3204023692810454 -1.0047440361767679
-6.584933 -3.82613e-05 -1.3024680010893241 -0.9910970980142427
-6.614980999999999 -3.839498e-05 -1.3070186546840956 -0.994559862218871
-6.644832999999999 -3.821217e-05 -1.3007955473856205 -0.9898244648202468
-6.674837999999999 -3.874129e-05 -1.3188075299564266 -1.0035304626954182
-6.704675 -3.913784e-05 -1.332306644880174 -1.0138024491208024
-6.734980999999999 -3.872362e-05 -1.318206018518518 -1.0030727499224095
-6.765101 -3.880309e-05 -1.3209112881263614 -1.005131291748725
-6.795 -3.869695e-05 -1.3172981345315902 -1.002381906704745
-6.82487 -3.905481e-05 -1.3294801879084963 -1.0116516912519342
-6.854725 -3.831936e-05 -1.304444444444444 -0.9926010484161034
-6.884768 -3.857585e-05 -1.3131757216775595 -0.9992450070549805
-6.915027 -3.871885e-05 -1.318043641067538 -1.002949190786742
-6.9448419999999995 -3.840811e-05 -1.307465618191721 -0.9948999736342421
-6.9749620000000006 -3.87094e-05 -1.3177219498910673 -1.0027044038198527
-7.004857 -3.899431e-05 -1.327420683551198 -1.010084536596189
-7.034759 -3.815862e-05 -1.298972630718954 -0.9884373386745419
-7.064832999999999 -3.846413e-05 -1.309372617102396 -0.9963510811353137
-7.094875 -3.876878e-05 -1.31974332788671 -1.0042425466869296
-7.124509 -3.828924e-05 -1.3034191176470586 -0.991820838527987
-7.154739999999999 -3.830413e-05 -1.3039259940087142 -0.9922065398969795
-7.184768 -3.865713e-05 -1.31594260620915 -1.0013504340040544
-7.215167 -3.852809e-05 -1.3115499046840955 -0.9980078614953378
-7.244904 -3.861705e-05 -1.3145782271241828 -1.0003122264238518
-7.274722 -3.906056e-05 -1.3296759259259257 -1.011800635702687
-7.304734000000001 -3.878622e-05 -1.320337009803921 -1.0046943016819079
-7.334666 -3.87e-05 -1.3174019607843133 -1.0024609120221006
-7.364972 -3.885251e-05 -1.3225936138344223 -1.0064114369237154
-7.394715 -3.823375e-05 -1.301530160675381 -0.9903834598197672
-7.424685 -3.853058e-05 -1.311634667755991 -0.9980723609183594
-7.4548890000000005 -3.845309e-05 -1.308996800108932 -0.9960651077898687
-7.484537 -3.894683e-05 -1.3258043981481478 -1.0088546439837134
-7.514444 -3.841167e-05 -1.3075868055555553 -0.9949921896767948
-7.544435 -3.922344e-05 -1.3352205882352937 -1.0160197786833112
-7.574685000000001 -3.891737e-05 -1.3248015386710235 -1.008091530328205
-7.6046570000000004 -3.876335e-05 -1.319558483115468 -1.0041018913186537
-7.634281 -3.876945e-05 -1.3197661356209147 -1.004259901953365
-7.6641390000000005 -3.853373e-05 -1.311741898148148 -0.9981539565739891
-7.694305 -3.805598e-05 -1.295478622004357 -0.9857786154701504
-7.72413 -3.836887e-05 -1.3061298338779954 -0.9938835248955405
-7.7540640000000005 -3.88524e-05 -1.3225898692810454 -1.006408587551614
-7.784259 -3.857803e-05 -1.3132499319172108 -0.9993014764293529
-7.814389 -3.917268e-05 -1.3334926470588229 -1.0147049229754495
-7.844281 -3.839074e-05 -1.306874319172113 -0.9944500318760553
-7.874045 -3.875442e-05 -1.3192544934640518 -1.003870574110789
-7.90412 -3.85145e-05 -1.3110872821350759 -0.9976558345239067
-7.933876000000001 -3.891982e-05 -1.3248849400871456 -1.008154993615917
-7.963851 -3.829077e-05 -1.3034712009803917 -0.9918604707035785
-7.994166 -3.855755e-05 -1.3125527641612198 -0.9987709751508462
-8.024102 -3.876298e-05 -1.3195458877995638 -1.0040923070670398
-8.05374 -3.862452e-05 -1.3148325163398689 -1.0005057246929163
-8.083703 -3.936326e-05 -1.339980255991285 -1.0196415896579605
-8.113546 -3.852598e-05 -1.3114780773420478 -0.9979532053577574
-8.144 -3.866841e-05 -1.3163265931372545 -1.001642624161357
-8.17399 -3.867892e-05 -1.3166843681917209 -1.00191486871395
-8.203838 -3.873888e-05 -1.3187254901960783 -1.003468035543016
-8.2337 -3.838872e-05 -1.306805555555555 -0.9943977070429213
-8.26398 -3.871612e-05 -1.317950708061002 -1.0028784745518629
-8.294129000000002 -3.849101e-05 -1.3102876497821347 -0.9970473640633539
-8.323763000000001 -3.855892e-05 -1.3125994008714594 -0.9988064627851995
-8.35361 -3.885881e-05 -1.322808074618736 -1.0065746282349748
-8.383356 -3.842554e-05 -1.3080589596949888 -0.9953514695953929
-8.413518 -3.887945e-05 -1.323510688997821 -1.0071092740547198
-8.443620999999998 -3.874352e-05 -1.318883442265795 -1.0035882272389276
-8.473472 -3.875047e-05 -1.3191200299564265 -1.0037682557489676
-8.50349 -3.864252e-05 -1.3154452614379084 -1.0009719855822292
-8.533434999999999 -3.86352e-05 -1.315196078431372 -1.0007823728205751
-8.563291 -3.866292e-05 -1.3161397058823527 -1.0015004145901167
-8.593213 -3.849294e-05 -1.3103533496732023 -0.9970973575920412
-8.623314 -3.78845e-05 -1.2896412037037033 -0.9813367033979655
-8.653739999999999 -3.843346e-05 -1.308328567538126 -0.9955566243866905
-8.683055 -3.901243e-05 -1.3280375136165574 -1.0105539058914303
-8.713019000000001 -3.856563e-05 -1.3128278186274507 -0.998980274483382
-8.743009 -3.831198e-05 -1.304193218954248 -0.9924098814514852
-8.772904 -3.903557e-05 -1.328825231481481 -1.0111533101680246
-8.802703 -3.870692e-05 -1.3176375272331151 -1.0026401634306585
-8.832499 -3.895586e-05 -1.3261117919389975 -1.009088551529852
-8.862703 -3.865856e-05 -1.3159912854030498 -1.0013874758413719
-8.892667 -3.879943e-05 -1.3207866966230934 -1.005036485367898
-8.922852 -3.809286e-05 -1.2967340686274507 -0.9867339322255864
-8.952722 -3.84842e-05 -1.31005582788671 -0.9968709620268973
-8.982460999999999 -3.866453e-05 -1.3161945125272327 -1.0015421190363274
-9.012246 -3.853995e-05 -1.3119536356209147 -0.9983150756146293
-9.042328 -3.858456e-05 -1.313472222222222 -0.9994706255186425
-9.072443 -3.875025e-05 -1.3191125408496727 -1.0037625570047648
-9.102305 -3.891432e-05 -1.3246977124183004 -1.0080125250108494
-9.132389 -3.837535e-05 -1.3063504221132893 -0.9940513788156929
-9.161959999999999 -3.869432e-05 -1.3172086056644878 -1.0023137808081397
-9.191749 -3.793267e-05 -1.291280977668845 -0.9825844693445317
-9.222083000000001 -3.844026e-05 -1.3085600490196074 -0.9957327673893197
-9.252027 -3.829633e-05 -1.3036604711328974 -0.9920044935116107
-9.281842000000001 -3.842963e-05 -1.3081981889978207 -0.9954574144307977
-9.311491 -3.808284e-05 -1.2963929738562088 -0.9864743803305357
-9.341453 -3.874777e-05 -1.3190281181917207 -1.0036983166155706
-9.371564000000001 -3.87685e-05 -1.3197337962962958 -1.0042352937397623
-9.401519 -3.860474e-05 -1.3141591775599126 -0.9999933557823275
-9.431527 -3.831217e-05 -1.3041996868191719 -0.9924148030942057
-9.461193 -3.888172e-05 -1.3235879629629625 -1.0071680747335388
-9.490838 -3.891252e-05 -1.3246364379084965 -1.007965898921918
-9.520843000000001 -3.850069e-05 -1.3106171704793026 -0.9972981088082731
-9.550925999999999 -3.84564e-05 -1.3091094771241827 -0.9961508479867366
-9.58099 -3.847163e-05 -1.3096279275599125 -0.9965453565058606
-9.611017 -3.814471e-05 -1.2984991149237468 -0.9880770226206341
-9.640722 -3.848707e-05 -1.3101535266884528 -0.9969453047353598
-9.670777 -3.854792e-05 -1.3122249455337687 -0.9985215255750639
-9.701093 -3.840492e-05 -1.3073570261437903 -0.9948173418433025
-9.730979999999999 -3.878902e-05 -1.3204323257080608 -1.004766831153579
-9.761102999999999 -3.876181e-05 -1.3195060593681913 -1.0040620001092344
-9.790777 -3.849508e-05 -1.3104261982570804 -0.9971527908311041
-9.820814 -3.859346e-05 -1.3137751906318078 -0.9997011656250246
-9.851083000000001 -3.874623e-05 -1.3189756944444442 -1.0036584254061518
-9.88124 -3.82827e-05 -1.303196486928104 -0.99165143040487
-9.911056 -3.852505e-05 -1.3114464188453154 -0.9979291152118095
-9.940647 -3.856194e-05 -1.3127022058823525 -0.9988846910010728
-9.970863999999999 -3.841015e-05 -1.307535062636165 -0.9949528165350305
-9.993079 -3.843389e-05 -1.3083432053376902 -0.9955677628412685
-9.994761 -3.826287e-05 -1.3025214460784311 -0.991137766325144
-9.965993000000001 -3.85319e-05 -1.3116796023965138 -0.9981065533835758
-9.936698 -3.848472e-05 -1.3100735294117645 -0.9968844317859219
-9.907357 -3.83161e-05 -1.3043334694989104 -0.9925166033883723
-9.877469999999999 -3.841165e-05 -1.3075861247276686 -0.99499167160914
-9.847413000000001 -3.792128e-05 -1.2908932461873635 -0.9822894298151277
-9.818075 -3.819958e-05 -1.3003669662309365 -0.9894983412315553
-9.788312 -3.826609e-05 -1.3026310593681916 -0.9912211752175655
-9.758608 -3.868078e-05 -1.316747685185185 -1.0019630490058458
-9.728543 -3.896788e-05 -1.3265209694989102 -1.0093999101903817
-9.698423 -3.851951e-05 -1.3112578295206967 -0.9977856104714321
-9.668413000000001 -3.888542e-05 -1.3237139161220042 -1.0072639172496753
-9.638538 -3.844941e-05 -1.3088715277777774 -0.9959697833413869
-9.608737 -3.906163e-05 -1.3297123502178647 -1.0118283523222182
-9.578783 -3.797039e-05 -1.2925650190631806 -0.9835615449414689
-9.54901 -3.829198e-05 -1.3035123910675377 -0.9918918137966933
-9.518941 -3.830288e-05 -1.3038834422657948 -0.9921741606685549
-9.489107 -3.857557e-05 -1.3131661900871456 -0.9992377541078136
-9.458969999999999 -3.859697e-05 -1.3138946759259256 -0.9997920864984408
-9.429217000000001 -3.883964e-05 -1.3221555010893244 -1.006078060387857
-9.399386 -3.810899e-05 -1.2972831563180824 -0.9871517537891761
-9.36917 -3.836063e-05 -1.3058493327886709 -0.9936700810217663
-9.339441 -3.886582e-05 -1.3230467047930279 -1.006756210947979
-9.309293 -3.833632e-05 -1.3050217864923745 -0.9930403697873669
-9.27968 -3.868361e-05 -1.3168440223311544 -1.0020363555789986
-9.250136000000001 -3.853799e-05 -1.311886914488017 -0.9982643049844597
-9.219682 -3.824872e-05 -1.3020397603485836 -0.9907712334593788
-9.189589 -3.824753e-05 -1.3019992510893241 -0.9907404084339186
-9.159617 -3.897637e-05 -1.3268099809368188 -1.009619829909841
-9.130094999999999 -3.856977e-05 -1.3129687499999998 -0.999087514487924
-9.100284 -3.856571e-05 -1.3128305419389976 -0.9989823467540012
-9.070303 -3.843439e-05 -1.308360226034858 -0.9955807145326383
-9.040111999999999 -3.846184e-05 -1.3092946623093678 -0.99629176238884
-9.010237 -3.840142e-05 -1.3072378812636163 -0.9947266800037142
-8.980293 -3.862816e-05 -1.3149564270152503 -1.0006000130060886
-8.950208 -3.850442e-05 -1.310744144880174 -0.9973947284258917
-8.920367 -3.833571e-05 -1.3050010212418297 -0.9930245687238957
-8.890367 -3.925598e-05 -1.3363282952069713 -1.0168626747576572
-8.860377 -3.896102e-05 -1.3262874455337688 -1.009222212984788
-8.830516 -3.867957e-05 -1.316706495098039 -1.0019317059127308
-8.800608 -3.871477e-05 -1.317904752178649 -1.0028435049851645
-8.770626 -3.865872e-05 -1.3159967320261432 -1.0013916203826103
-8.740763999999999 -3.811084e-05 -1.297346132897603 -0.9871996750472442
-8.711302 -3.836481e-05 -1.3059916258169932 -0.9937783571616179
-8.681042999999999 -3.858191e-05 -1.3133820125272329 -0.9994019815543825
-8.651154 -3.820992e-05 -1.3007189542483657 -0.9897661822090827
-8.621284 -3.937175e-05 -1.3402692674291934 -1.0198615093774195
-8.591038000000001 -3.912026e-05 -1.3317081971677558 -1.0133470676522405
-8.561293 -3.875896e-05 -1.3194090413943351 -1.0039881754684268
-8.531255999999999 -3.849506e-05 -1.3104255174291937 -0.9971522727634492
-8.50133 -3.857619e-05 -1.3131872957516337 -0.9992538142051121
-8.471386 -3.826215e-05 -1.3024969362745094 -0.9911191158895715
-8.4412 -3.873578e-05 -1.318619961873638 -1.003387735056523
-8.410950000000001 -3.833979e-05 -1.3051399101307186 -0.9931302545254732
-8.381142 -3.827822e-05 -1.3030439814814812 -0.9915353832501966
-8.351146 -3.859844e-05 -1.3139447167755989 -0.999830164471068
-8.321273 -3.865373e-05 -1.3158268654684093 -1.00126236250274
-8.291487 -3.874512e-05 -1.3189379084967316 -1.0036296726513108
-8.26107 -3.859302e-05 -1.3137602124183003 -0.9996897681366194
-8.231219 -3.851045e-05 -1.3109494144880172 -0.9975509258238114
-8.201424999999999 -3.906396e-05 -1.3297916666666663 -1.0118887072040015
-8.171831000000001 -3.882996e-05 -1.3218259803921566 -1.0058273156429378
-8.141469 -3.846506e-05 -1.3094042755991284 -0.9963751712812616
-8.111556 -3.911749e-05 -1.3316139025054463 -1.0132753152820517
-8.081617 -3.792304e-05 -1.290953159041394 -0.9823350197687494
-8.051719 -3.904678e-05 -1.3292068355119822 -1.0114436870885353
-8.021617 -3.840809e-05 -1.3074649373638343 -0.9948994555665872
-7.9917 -3.869838e-05 -1.31734681372549 -1.0024189485420625
-7.961737 -3.853638e-05 -1.3118321078431368 -0.998222600538249
-7.931571 -3.863174e-05 -1.3150782952069715 -1.0006927471162963
-7.901972 -3.818566e-05 -1.2998931100217863 -0.9891377661438203
-7.872062 -3.889607e-05 -1.3240764569716772 -1.0075397882758517
-7.84196 -3.850989e-05 -1.3109303513071893 -0.9975364199294774
-7.811896 -3.872474e-05 -1.318244144880174 -1.003101761711078
-7.781617 -3.882689e-05 -1.3217214733115463 -1.005747792257927
-7.751821 -3.884927e-05 -1.3224833197167751 -1.006327509963639
-7.72158 -3.872079e-05 -1.3181096813725488 -1.0029994433492566
-7.691783999999999 -3.877935e-05 -1.3201031454248362 -1.004516345442487
-7.661726 -3.814538e-05 -1.2985219226579519 -0.9880943778870697
-7.631857 -3.862164e-05 -1.3147344771241827 -1.0004311229506264
-7.60158 -3.84325e-05 -1.308295887799564 -0.9955317571392606
-7.572057 -3.851777e-05 -1.311198597494553 -0.9977405385854653
-7.542108 -3.878889e-05 -1.3204279003267971 -1.0047634637138227
-7.512182 -3.895357e-05 -1.326033837145969 -1.009029232783378
-7.4818299999999995 -3.837917e-05 -1.306480460239651 -0.9941503297377581
-7.452198 -3.865181e-05 -1.315761505991285 -1.0012126280078797
-7.422404 -3.896132e-05 -1.3262976579520693 -1.00922998399961
-7.392443 -3.804582e-05 -1.2951327614379082 -0.9855154371015161
-7.3625240000000005 -3.864876e-05 -1.3156576797385617 -1.001133622690524
-7.332312 -3.84076e-05 -1.3074482570806096 -0.9948867629090448
-7.302339 -3.850015e-05 -1.3105987881263614 -0.9972841209815937
-7.2721540000000005 -3.858114e-05 -1.3133558006535944 -0.9993820359496729
-7.242481 -3.883968e-05 -1.3221568627450977 -1.0060790965231663
-7.212441 -3.831529e-05 -1.3043058959694986 -0.9924956216483533
-7.182453000000001 -3.827842e-05 -1.303050789760348 -0.9915405639267445
-7.152283000000001 -3.864993e-05 -1.3156975081699342 -1.0011639296483295
-7.122274 -3.859467e-05 -1.313816380718954 -0.9997325087181397
-7.092311 -3.872174e-05 -1.3181420206971675 -1.0030240515628592
-7.062367 -3.905746e-05 -1.3295703976034856 -1.0117203352161943
-7.032117 -3.870141e-05 -1.3174499591503266 -1.0024974357917635
-7.00208 -3.900092e-05 -1.3276456971677557 -1.0102557579560978
-6.972339 -3.824789e-05 -1.3020115059912851 -0.9907497336517049
-6.942719 -3.843402e-05 -1.3083476307189539 -0.9955711302810247
-6.912421999999999 -3.843319e-05 -1.3083193763616554 -0.9955496304733509
-6.882432 -3.864681e-05 -1.3155912990196075 -1.0010831110941818
-6.852234999999999 -3.830871e-05 -1.3040819035947708 -0.9923251773899268
-6.822265000000001 -3.936025e-05 -1.3398777913943352 -1.0195636204759144
-6.792122999999999 -3.838673e-05 -1.3067378131808276 -0.9943461593112695
-6.762469 -3.862094e-05 -1.3147106481481479 -1.0004129905827086
-6.732292 -3.869573e-05 -1.3172566040305007 -1.0023503045778026
-6.7025060000000005 -3.805727e-05 -1.2955225354030497 -0.9858120308338844
-6.672301999999999 -3.861488e-05 -1.3145043572984745 -1.0002560160833067
-6.64258 -3.852984e-05 -1.3116094771241826 -0.998053192415132
-6.612478 -3.861721e-05 -1.3145836737472765 -1.00031637096509
-6.58249 -3.877889e-05 -1.320087486383442 -1.0045044298864267
-6.552367 -3.896939e-05 -1.326572372004357 -1.0094390242983187
-6.52232 -3.912221e-05 -1.3317745778867098 -1.0133975792485823
-6.492645 -3.849425e-05 -1.3103979438997817 -0.99713129102343
-6.462542999999999 -3.86495e-05 -1.3156828703703702 -1.0011527911937514
-6.43258 -3.817714e-05 -1.2996030773420475 -0.9889170693228789
-6.402099 -3.886799e-05 -1.323120574618736 -1.0068124212885243
-6.372349 -3.901257e-05 -1.3280422794117641 -1.0105575323650138
-6.3422089999999995 -3.837884e-05 -1.3064692265795204 -0.9941417816214542
-6.312274 -3.875966e-05 -1.31943287037037 -1.0040063078363444
-6.282406 -3.84776e-05 -1.3098311546840955 -0.9966999997008159
-6.252708999999999 -3.846128e-05 -1.30927559912854 -0.9962772564945059
-6.2224319999999995 -3.847823e-05 -1.3098526007625269 -0.9967163188319419
-6.192478 -3.861838e-05 -1.314623502178649 -1.0003466779228953
-6.162641 -3.844587e-05 -1.3087510212418296 -0.9958780853664888
-6.132747 -3.92636e-05 -1.3365876906318082 -1.0170600585341332
-6.102589 -3.865685e-05 -1.315933074618736 -1.0013431810568874
-6.072725999999999 -3.878975e-05 -1.3204571759259256 -1.0047857406229788
-6.042783999999999 -3.874536e-05 -1.3189460784313722 -1.0036358894631683
-6.012626 -3.833443e-05 -1.3049574482570803 -0.9929914123939889
-5.982691 -3.830856e-05 -1.3040767973856204 -0.9923212918825157
-5.952848 -3.859917e-05 -1.3139695669934637 -0.9998490739404678
-5.922707999999999 -3.8872e-05 -1.3232570806100217 -1.00691629385331
-5.892709 -3.834676e-05 -1.305377178649237 -0.993310801103168
-5.86283 -3.917597e-05 -1.333604643246187 -1.0147901451046628
-5.832478 -3.853494e-05 -1.3117830882352937 -0.9981852996671039
-5.802849 -3.866986e-05 -1.316375953159041 -1.0016801840663294
-5.77258 -3.851204e-05 -1.3110035403050107 -0.9975921122023674
-5.7425429999999995 -3.880924e-05 -1.3211206427015245 -1.0052905975525732
-5.712487 -3.839747e-05 -1.3071034177559908 -0.9946243616418926
-5.682708 -3.816186e-05 -1.299082924836601 -0.9885212656346182
-5.652876 -3.833825e-05 -1.3050874863834419 -0.9930903633160543
-5.622617 -3.850468e-05 -1.3107529956427013 -0.9974014633054041
-5.592519 -3.873295e-05 -1.3185236247276684 -1.00331442848337
-5.562617 -3.845548e-05 -1.3090781590413942 -0.9961270168746164
-5.532737 -3.840715e-05 -1.3074329384531587 -0.9948751063868119
-5.502765 -3.869197e-05 -1.317128608387799 -1.0022529078587017
-5.472506 -3.859872e-05 -1.3139542483660127 -0.9998374174182351
-5.442735 -3.906375e-05 -1.3297845179738559 -1.0118832674936262
-5.412867 -3.820146e-05 -1.3004309640522873 -0.9895470395911058
-5.382959 -3.883054e-05 -1.3218457244008712 -1.0058423396049265
-5.352607 -3.848381e-05 -1.3100425517429188 -0.9968608597076287
-5.322887 -3.879087e-05 -1.3204953022875814 -1.004814752411647
-5.2928109999999995 -3.817571e-05 -1.2995543981481479 -0.9888800274855614
-5.262654 -3.842044e-05 -1.3078853485838777 -0.995219362343421
-5.2328209999999995 -3.861915e-05 -1.3146497140522873 -1.0003666235276047
-5.2027280000000005 -3.853514e-05 -1.3117898965141608 -0.9981904803436519
-5.173107 -3.904105e-05 -1.3290117783224396 -1.0112952607054373
-5.143052 -3.859442e-05 -1.31380787037037 -0.9997260328724548
-5.112774 -3.864645e-05 -1.3155790441176467 -1.0010737858763956
-5.082783999999999 -3.84887e-05 -1.3102090141612197 -0.9969875272492255
-5.052812 -3.845823e-05 -1.3091717728758168 -0.9961982511771502
-5.022533999999999 -3.810605e-05 -1.297183074618736 -0.9870755978439216
-4.992801999999999 -3.868902e-05 -1.3170281862745097 -1.00217649287962
-4.962972 -3.876502e-05 -1.3196153322440085 -1.0041451499678287
-4.933219 -3.820853e-05 -1.3006716367102393 -0.9897301765070746
-4.902885 -3.875757e-05 -1.3193617238562088 -1.0039521697664187
-4.872941 -3.879597e-05 -1.3206689133986924 -1.0049468596636189
-4.843 -3.830979e-05 -1.3041186683006534 -0.9923531530432855
-4.813191 -3.876423e-05 -1.3195884395424833 -1.0041246862954643
-4.783052 -3.824396e-05 -1.3018777233115466 -0.9906479333575384
-4.753006 -3.866637e-05 -1.31625714869281 -1.001589781260568
-4.722978 -3.882402e-05 -1.3216237745098036 -1.0056734495494644
-4.6929620000000005 -3.870131e-05 -1.317446555010893 -1.0024948454534894
-4.663228 -3.864713e-05 -1.3156021922657948 -1.0010914001766584
-4.6330420000000005 -3.841244e-05 -1.3076130174291936 -0.9950121352815043
-4.602848 -3.843476e-05 -1.308372821350762 -0.9955902987842519
-4.573104 -3.836669e-05 -1.3060556236383438 -0.9938270555211681
-4.543219 -3.884977e-05 -1.3225003404139428 -1.006340461655009
-4.513062 -3.820199e-05 -1.300449005991285 -0.9895607683839578
-4.4830429999999994 -3.894693e-05 -1.3258078022875814 -1.0088572343219873
-4.453321 -3.868651e-05 -1.3169427423747273 -1.0021114753889435
-4.423154 -3.870975e-05 -1.3177338643790848 -1.0027134700038116
-4.393228 -3.873945e-05 -1.3187448937908492 -1.0034828004711773
-4.363024 -3.862729e-05 -1.3149268110021783 -1.000577477063105
-4.332746 -3.837352e-05 -1.3062881263616555 -0.9940039756252795
-4.3029589999999995 -3.867045e-05 -1.316396037581699 -1.0016954670621456
-4.273038 -3.853966e-05 -1.3119437636165574 -0.9983075636336348
-4.243117 -3.822342e-05 -1.301178513071895 -0.990115877876067
-4.212728 -3.901118e-05 -1.327994961873638 -1.0105215266630059
-4.182719 -3.881685e-05 -1.321379697712418 -1.0054877222952217
-4.152858 -3.848526e-05 -1.3100919117647056 -0.9968984196126013
-4.122987 -3.843629e-05 -1.3084249046840954 -0.9956299309598435
-4.092885 -3.830424e-05 -1.3039297385620912 -0.9922093892690808
-4.062339 -3.870321e-05 -1.3175112336601302 -1.0025440618806947
-4.032434 -3.884878e-05 -1.322466639433551 -1.0063148173060967
-4.002681 -3.833839e-05 -1.3050922521786488 -0.9930939897896377
-3.9725520000000003 -3.890658e-05 -1.3244342320261435 -1.007812032828445
-3.942339 -3.801093e-05 -1.2939450571895423 -0.9846116680777319
-3.912698 -3.795344e-05 -1.2919880174291933 -0.9831224826040328
-3.882635 -3.857038e-05 -1.3129895152505442 -0.999103315551395
-3.852481 -3.853806e-05 -1.3118892973856204 -0.9982661182212514
-3.822589 -3.861239e-05 -1.3144195942265793 -1.0001915166602853
-3.792487 -3.873825e-05 -1.3187040441176465 -1.00345171641189
-3.762651 -3.837421e-05 -1.306311614923747 -0.99402184895937
-3.732793 -3.855904e-05 -1.3126034858387796 -0.998809571191128
-3.702654 -3.84831e-05 -1.3100183823529408 -0.9968424683058836
-3.672783 -3.841083e-05 -1.3075582107843133 -0.9949704308352936
-3.642561 -3.851005e-05 -1.310935797930283 -0.9975405644707156
-3.612626 -3.847508e-05 -1.30974537037037 -0.9966347231763122
-3.582404 -3.818605e-05 -1.299906386165577 -0.9891478684630888
-3.552385 -3.859564e-05 -1.3138494008714594 -0.9997576349993972
-3.522604 -3.821138e-05 -1.3007686546840955 -0.9898040011478826
-3.4928760000000003 -3.880761e-05 -1.3210651552287578 -1.0052483750387078
-3.462626 -3.861044e-05 -1.314353213507625 -1.000141005063943
-3.432524 -3.818825e-05 -1.299981277233115 -0.9892048559051158
-3.402348 -3.877153e-05 -1.3198369417211326 -1.0043137809894636
-3.372376 -3.839415e-05 -1.3069904003267971 -0.9945383624111972
-3.342641 -3.829799e-05 -1.3037169798474941 -0.9920474931269582
-3.312709 -3.876083e-05 -1.3194726988017427 -1.0040366147941497
-3.282524 -3.836148e-05 -1.3058782679738559 -0.9936920988970949
-3.252357 -3.83396e-05 -1.305133442265795 -0.9931253328827526
-3.222481 -3.834931e-05 -1.3054639842047928 -0.993376854729154
-3.1926170000000003 -3.836244e-05 -1.305910947712418 -0.9937169661445249
-3.162709 -3.866851e-05 -1.3163299972766882 -1.0016452144996308
-3.132589 -3.799354e-05 -1.2933530773420476 -0.9841612082518904
-3.102293 -3.828866e-05 -1.303399373638344 -0.9918058145659981
-3.072217 -3.842685e-05 -1.3081035539215682 -0.9953854030267817
-3.0424960000000003 -3.845835e-05 -1.309175857843137 -0.996201359583079
-3.012598 -3.853248e-05 -1.3116993464052285 -0.9981215773455646
-2.982274 -3.844058e-05 -1.308570942265795 -0.9957410564717963
-2.9523110000000004 -3.837904e-05 -1.3064760348583875 -0.994146962298002
-2.922478 -3.824169e-05 -1.301800449346405 -0.9905891326787196
-2.892506 -3.833523e-05 -1.3049846813725487 -0.9930121351001807
-2.862357 -3.83966e-05 -1.3070738017429189 -0.9946018256989092
-2.8322 -3.831686e-05 -1.3043593409586054 -0.9925362899592545
-2.802075 -3.859944e-05 -1.3139787581699343 -0.9998560678538075
-2.772172 -3.813292e-05 -1.2980977668845313 -0.9877716217381344
-2.742179 -3.808321e-05 -1.296405569172113 -0.9864839645821495
-2.712459 -3.839615e-05 -1.3070584831154681 -0.9945901691766764
-2.682422 -3.827486e-05 -1.3029296023965138 -0.9914483478841916
-2.6521999999999997 -3.848453e-05 -1.3100670615468406 -0.9968795101432014
-2.622237 -3.844417e-05 -1.3086931508714592 -0.9958340496158314
-2.592132 -3.878302e-05 -1.3202280773420476 -1.0046114108571413
-2.562496 -3.829154e-05 -1.3034974128540302 -0.991880416308288
-2.5322 -3.826534e-05 -1.3026055283224396 -0.9912017476805106
-2.502135 -3.877511e-05 -1.3199588099128536 -1.004406515099671
-2.47208 -3.825644e-05 -1.3023025599128537 -0.9909712075741284
-2.442368 -3.8239e-05 -1.3017088779956423 -0.99051945257915
-2.4126630000000002 -3.848888e-05 -1.3102151416122 -0.9969921898581185
-2.382533 -3.821978e-05 -1.301054602396514 -0.9900215895628952
-2.3522559999999997 -3.823186e-05 -1.3014658224400868 -0.9903345024263893
-2.322273 -3.794908e-05 -1.2918395969498906 -0.9830095438552883
-2.292348 -3.841623e-05 -1.3077420343137254 -0.9951103091020875
-2.262543 -3.823064e-05 -1.3014242919389976 -0.9903029002994471
-2.232219 -3.785506e-05 -1.288639025054466 -0.9805741078101121
-2.202462 -3.855227e-05 -1.3123730255991282 -0.998634205289981
-2.1722089999999996 -3.827057e-05 -1.3027835648148143 -0.9913372223722388
-2.142246 -3.816071e-05 -1.2990437772331151 -0.9884914767444676
-2.112256 -3.849333e-05 -1.310366625816993 -0.9971074599113097
-2.082415 -3.812234e-05 -1.2977376089324617 -0.9874975639487495
-2.052376 -3.808389e-05 -1.2964287173202613 -0.9865015788824124
-2.022033 -3.813342e-05 -1.298114787581699 -0.9877845734295041
-1.9919870000000002 -3.807679e-05 -1.2961870234204789 -0.9863176648649612
-1.962163 -3.80627e-05 -1.2957073801742915 -0.9859526862021604
-1.932191 -3.807064e-05 -1.2959776688453155 -0.9861583590611127
-1.902172 -3.820597e-05 -1.3005844907407405 -0.9896638638472613
-1.872043 -3.803182e-05 -1.2946561819172109 -0.9851527897431619
-1.84195 -3.795543e-05 -1.2920557598039213 -0.9831740303356847
-1.811876 -3.813998e-05 -1.29833809912854 -0.9879544996202759
-1.781876 -3.783078e-05 -1.2878124999999998 -0.979945173677195
-1.751941 -3.811704e-05 -1.2975571895424833 -0.9873602760202296
-1.721971 -3.806387e-05 -1.295747208605664 -0.9859829931599657
-1.692089 -3.811915e-05 -1.2976290168845315 -0.9874149321578104
-1.662117 -3.766063e-05 -1.2820203567538122 -0.9755377131040537
-1.632209 -3.783273e-05 -1.2878788807189538 -0.9799956852735371
-1.602181 -3.753642e-05 -1.2777920751633982 -0.9723202539339694
-1.571904 -3.802059e-05 -1.2942738970588232 -0.9848618947549963
-1.5417370000000001 -3.784878e-05 -1.288425245098039 -0.9804114345665075
-1.5116880000000001 -3.798552e-05 -1.2930800653594767 -0.9839534631223189
-1.4820060000000002 -3.78736e-05 -1.2892701525054462 -0.9810543565261041
-1.451793 -3.785803e-05 -1.2887401279956423 -0.9806510408568486
-1.4218389999999999 -3.73248e-05 -1.2705882352941174 -0.9668385800786176
-1.391709 -3.757607e-05 -1.2791418164488013 -0.9733473230595941
-1.361783 -3.769259e-05 -1.2831083197167752 -0.976365585216411
-1.331904 -3.769559e-05 -1.2832104438997818 -0.9764432953646298
-1.3019690000000002 -3.818799e-05 -1.2999724264705879 -0.9891981210256034
-1.2722280000000001 -3.791182e-05 -1.2905712145969497 -0.9820443838144113
-1.2422 -3.737448e-05 -1.2722794117647054 -0.9681254601331203
-1.2122650000000001 -3.728297e-05 -1.2691642837690629 -0.9657550415786206
-1.1822460000000001 -3.729599e-05 -1.2696075027233111 -0.96609230362189
-1.152126 -3.749055e-05 -1.2762305964052285 -0.9711320657677045
-1.1219590000000002 -3.745965e-05 -1.2751787173202611 -0.9703316512410511
-1.091885 -3.647551e-05 -1.2416772194989103 -0.9448390961517118
-1.061783 -3.633845e-05 -1.237011505991285 -0.9412887785134237
-1.031839 -3.53123e-05 -1.2020799291938993 -0.9147080223151942
-1.002043 -3.493144e-05 -1.1891149237472765 -0.9048424599649945
-0.9719778 -3.336064e-05 -1.1356427015250543 -0.8641534263576478
-0.9416165999999999 -3.242555e-05 -1.1038109340958604 -0.8399314321916854
-0.9114684999999999 -3.11625e-05 -1.060814950980392 -0.8072141646224472
-0.8818676000000001 -2.908643e-05 -0.9901426334422655 -0.7534369288182684
-0.8519500000000001 -2.746612e-05 -0.9349850217864921 -0.7114654187314847
-0.8218944 -2.5693e-05 -0.8746255446623091 -0.6655356127282643
-0.7917833000000001 -2.386104e-05 -0.8122630718954247 -0.6180816516846467
-0.7618864 -2.297777e-05 -0.782195329520697 -0.5952019708122497
-0.7317184999999999 -2.136913e-05 -0.727434980936819 -0.553532753202037
-0.7018388999999999 -1.964816e-05 -0.668850762527233 -0.5089538086086862
-0.6716977000000001 -1.884661e-05 -0.6415648828976033 -0.4881909521737685
-0.6418944 -1.696671e-05 -0.5775704656862743 -0.4394951829616148
-0.6117833 -1.582595e-05 -0.5387374046840957 -0.40994564006760115
-0.5813296 -1.533461e-05 -0.5220115059912853 -0.3972182719923314
-0.551726 -1.449367e-05 -0.49338473583877984 -0.37543508131130127
-0.5219036 -1.362148e-05 -0.46369417211328967 -0.352842409919659
-0.4918481 -1.25182e-05 -0.42613698257080596 -0.32426372581072505
-0.4617462 -1.17575e-05 -0.40024169389978204 -0.3045590225607196
-0.4313944 -1.113829e-05 -0.3791629221132897 -0.2885193889345386
-0.4013666 -1.047709e-05 -0.3566547521786491 -0.2713920722671222
-0.3713481 -1.01057e-05 -0.3440121187363833 -0.2617718149514662
-0.3417731 -9.006294e-06 -0.3065868055555555 -0.23329348054726545
-0.3116814 -8.320327e-06 -0.28323553240740734 -0.2155246147995377
-0.2816127 -8.12426e-06 -0.27656113834422646 -0.21044581625593464
-0.2513851 -7.2547e-06 -0.24696010348583872 -0.18792127076089749
-0.2212277 -6.739499e-06 -0.22942194308278863 -0.17457582207007843
-0.1912626 -5.7096e-06 -0.19436274509803916 -0.1478979540899583
-0.1615981 -5.127857e-06 -0.17455940223311545 -0.13282884250488147
-0.13149619999999998 -4.837777e-06 -0.16468467456427013 -0.12531478923978145
-0.1013203 -4.060864e-06 -0.1382374727668845 -0.10519011444541901
-0.07159808 -3.326035e-06 -0.11322286900871457 -0.08615555761026944
-0.041172150000000005 -3.089125e-06 -0.10515812227668841 -0.08001878720543336
-0.01130177 -2.40394e-06 -0.08183346949891064 -0.06227017790300796
0.01851933 -1.848477e-06 -0.06292473447712417 -0.04788180721632756
0.04852231 -1.01754e-06 -0.034638480392156855 -0.02635772807284156
0.0785223 -6.302896e-07 -0.02145593681917211 -0.016326632745582558
0.1085593 4.322141e-08 0.0014713170615468405 0.0011195807257747064
0.13864269999999998 1.129287e-07 0.0038442504084967312 0.002925235338384243
0.1687445 1.26983e-06 0.04322678376906317 0.03289289250421251
0.19910570000000002 1.542178e-06 0.05249788943355119 0.039947626986574135
0.22842500000000002 2.242331e-06 0.0763320738017429 0.058083958121845705
0.2585594 2.805727e-06 0.095510859204793 0.07267782034379928
0.2885316 3.464698e-06 0.11794315087145966 0.0897473983710891
0.31892970000000004 3.861032e-06 0.13143491285403047 0.10001378966580143
0.3488094 4.333631e-06 0.1475228417755991 0.11225570244514853
0.37881180000000003 5.144554e-06 0.17512779139433546 0.13326135128648436
0.40867970000000003 6.242964e-06 0.21251919934640517 0.1617138859214765
0.4385964 6.379415e-06 0.2171641816448801 0.16524842839967618
0.4688372 7.19015e-06 0.24476273148148142 0.18624920740505702
0.4990131 7.475383e-06 0.25447246051198247 0.19363770697401825
0.5292167 7.84437e-06 0.2670332924836601 0.20319571846095105
0.5590131 8.470311e-06 0.28834119689542476 0.21940970775635218
0.5888211999999999 9.154746e-06 0.3116403186274509 0.2371388895217229
0.6188279 9.993097e-06 0.34017895561002165 0.2588550163448402
0.6490870999999999 1.039632e-05 0.3539052287581699 0.26929985604324563
0.6789816 1.127461e-05 0.3838034449891067 0.29205053806959935
0.7088372000000001 1.18232e-05 0.4024782135076252 0.3062608748067106
0.7391326 1.286635e-05 0.4379884940087144 0.33328198851151297
0.7689575 1.327235e-05 0.45180930010893233 0.3437987619037862
0.7990571 1.472183e-05 0.5011516203703703 0.38134519711716597
0.828976 1.538718e-05 0.5238010620915031 0.3985800128229516
0.8589945 1.596256e-05 0.54338779956427 0.4134843011836563
0.8891705 1.72064e-05 0.5857298474945531 0.4457039647704669
0.9188778 1.744568e-05 0.5938752723311546 0.45190212619239584
0.9491704999999999 1.880237e-05 0.6400588916122002 0.48704498652136907
0.9790477 1.964219e-05 0.6686475354030499 0.5087991654137308
1.008939 2.092526e-05 0.7123250272331153 0.5420350187054155
1.0391890000000001 2.212067e-05 0.7530184504357297 0.5730001814661478
1.0691700000000002 2.296628e-05 0.781804193899782 0.5949043409445718
1.09893 2.433318e-05 0.8283353758169933 0.6303116748113162
1.129004 2.559791e-05 0.8713885484749452 0.6630724600635567
1.159328 2.669099e-05 0.9085985157952067 0.691386929668547
1.1892260000000001 2.826397e-05 0.9621449482570804 0.732132432650266
1.219402 2.907806e-05 0.9898577069716773 0.753220117504738
1.249476 3.032251e-05 1.0322205201525052 0.7854555821550199
1.279265 3.123195e-05 1.0631791258169931 0.8090131545537117
1.309106 3.216545e-05 1.0949567674291936 0.8331939623411182
1.339123 3.269937e-05 1.11313214869281 0.8470242964534396
1.369087 3.397303e-05 1.1564893110021783 0.8800163989135448
1.398963 3.390265e-05 1.154093477668845 0.8781933188363326
1.4292539999999998 3.431437e-05 1.1681090005446622 0.8888582595778763
1.4595129999999998 3.424434e-05 1.1657250816993463 0.8870442456846228
1.4893969999999999 3.493296e-05 1.1891666666666665 0.9048818331067587
1.518874 3.488961e-05 1.187690972222222 0.9037589214649975
1.549272 3.525726e-05 1.200206290849673 0.9132823001292075
1.579596 3.544811e-05 1.2067030909586054 0.918225960725058
1.609538 3.582821e-05 1.2196422249455334 0.9280718365043757
1.639235 3.579447e-05 1.2184936683006533 0.9271978563707421
1.669143 3.625387e-05 1.2341322848583876 0.9390978704013093
1.699606 3.604666e-05 1.227078567538126 0.9337304304638391
1.7295099999999999 3.688929e-05 1.2557628676470585 0.9555573978616991
1.759346 3.692026e-05 1.256817129629629 0.956359625625144
1.789458 3.689541e-05 1.2559712009803918 0.9557159265640653
1.819458 3.711822e-05 1.2635559640522873 0.9614874592722732
1.849434 3.705571e-05 1.2614280364923742 0.9598682388172215
1.879346 3.728784e-05 1.2693300653594768 0.9658811910525623
1.9096520000000001 3.754824e-05 1.278194444444444 0.9726264319179512
1.939529 3.768422e-05 1.2828233932461872 0.9761487739028808
1.969495 3.723087e-05 1.2673907271241827 0.9644054753378879
1.999624 3.771291e-05 1.2838000408496728 0.9768919419536795
2.0296890000000003 3.815364e-05 1.2988031045751631 0.9883083398284987
2.059634 3.784731e-05 1.2883752042483656 0.9803733565938803
2.089596 3.818238e-05 1.2997814542483657 0.9890528030484345
2.119491 3.821667e-05 1.3009487336601302 0.9899410300425749
2.149384 3.761135e-05 1.2803427968409582 0.9742611944026468
2.179513 3.811121e-05 1.2973587282135075 0.987209259298858
2.209576 3.818552e-05 1.299888344226579 0.9891341396702366
2.239458 3.852986e-05 1.3116101579520694 0.9980537104827869
2.269615 3.846183e-05 1.3092943218954245 0.9962915033550126
2.299587 3.825259e-05 1.302171500544662 0.990871479550581
2.3298 3.84076e-05 1.3074482570806096 0.9948867629090448
2.359963 3.788476e-05 1.2896500544662306 0.9813434382774779
2.389587 3.791022e-05 1.2905167483660127 0.9820029384020279
2.4198020000000002 3.79545e-05 1.2920241013071891 0.9831499401897368
2.4494670000000003 3.829922e-05 1.3037588507625268 0.9920793542877281
2.479453 3.852803e-05 1.3115478622004355 0.9980063072923735
2.5095970000000003 3.819271e-05 1.3001331018518516 0.9893203849921344
2.539624 3.811712e-05 1.2975599128540303 0.9873623482908489
2.569837 3.831101e-05 1.3041601988017426 0.9923847551702278
2.599501 3.828295e-05 1.3032049972766881 0.9916579062505549
2.6292910000000003 3.893139e-05 1.3252787990196075 1.0084546957542142
2.659448 3.809782e-05 1.2969029139433548 0.9868624130039748
2.6897539999999998 3.838745e-05 1.3067623229847491 0.9943648097468419
2.719642 3.843159e-05 1.3082649101307187 0.9955081850609675
2.749504 3.859766e-05 1.3139181644880171 0.9998099598325311
2.779439 3.827292e-05 1.302863562091503 0.9913980953216769
2.809726 3.849758e-05 1.310511301742919 0.997217549287953
2.8398649999999996 3.832989e-05 1.3048029003267971 0.9928738110363512
2.869972 3.860351e-05 1.31411730664488 0.9999614946215576
2.899745 3.821317e-05 1.3008295887799561 0.9898503682029864
2.929958 3.828588e-05 1.303304738562091 0.9917338031619818
2.9598649999999997 3.864194e-05 1.3154255174291936 1.00095696162024
2.989982 3.831469e-05 1.3042854711328973 0.9924800796187095
3.0199209999999996 3.852393e-05 1.3114082924836599 0.9979001034231412
3.049902 3.866466e-05 1.3161989379084964 1.0015454864760835
3.079859 3.859061e-05 1.3136781726579516 0.9996273409842168
3.109736 3.836837e-05 1.3061128131808275 0.9938705732041706
3.140152 3.866152e-05 1.316092047930283 1.0014641498542811
3.170095 3.858054e-05 1.313335375816993 0.9993664939200292
3.199916 3.84556e-05 1.3090822440087142 0.996130125280545
3.229754 3.868861e-05 1.317014229302832 1.0021658724926967
3.260069 3.836522e-05 1.3060055827886705 0.9937889775485409
3.2901149999999997 3.850499e-05 1.3107635484749451 0.9974094933540533
3.320048 3.834024e-05 1.3051552287581696 0.993141911047706
3.3499630000000002 3.849751e-05 1.3105089188453158 0.9972157360511613
3.3798470000000003 3.838739e-05 1.3067602805010887 0.9943632555438775
3.410041 3.855757e-05 1.3125534449891065 0.998771493218501
3.4404299999999997 3.842485e-05 1.3080354711328974 0.9953335962613027
3.4700949999999997 3.847543e-05 1.3097572848583874 0.9966437893602711
3.50006 3.859955e-05 1.3139825027233112 0.9998589172259088
3.530217 3.808188e-05 1.2963602941176466 0.9864495130831057
3.560189 3.894608e-05 1.3257788671023962 1.0088352164466587
3.590208 3.846021e-05 1.309239174836601 0.9962495398749746
3.620331 3.851073e-05 1.310958946078431 0.9975581787709785
3.6502820000000002 3.896355e-05 1.3263735702614374 1.0092877485431193
3.680411 3.7967e-05 1.292449618736383 0.9834737324739816
3.710114 3.855221e-05 1.3123709831154682 0.9986326510870167
3.740143 3.861673e-05 1.3145673338779953 1.000303937341375
3.7703189999999998 3.82322e-05 1.301477396514161 0.9903433095765208
3.800291 3.911144e-05 1.3314079520697164 1.0131185998164771
3.830199 3.825964e-05 1.3024114923747272 0.991054098398895
3.8599580000000002 3.854948e-05 1.3122780501089322 0.9985619348521376
3.8901709999999996 3.855926e-05 1.3126109749455335 0.9988152699353308
3.920495 3.853116e-05 1.3116544117647053 0.9980873848803482
3.9503310000000003 3.893166e-05 1.3252879901960781 1.008461689667554
3.980143 3.836599e-05 1.306031794662309 0.9938089231532504
4.010356 3.86117e-05 1.3143961056644877 1.000173643326195
4.040291 3.87781e-05 1.3200605936819167 1.0044839662140623
4.070548 3.848027e-05 1.3099220452069715 0.9967691617327308
4.100485 3.841172e-05 1.3075885076252718 0.9949934848459318
4.130791 3.863479e-05 1.3151821214596946 1.000771752433652
4.16067 3.862149e-05 1.3147293709150325 1.0004272374432155
4.190467 3.855839e-05 1.3125813589324613 0.9987927339923472
4.220948 3.808518e-05 1.2964726307189538 0.9865349942461462
4.250539 3.869022e-05 1.3170690359477122 1.0022075769389074
4.280578 3.895348e-05 1.3260307734204788 1.0090269014789317
4.310557 3.859921e-05 1.3139709286492374 0.9998501100757775
4.340541 3.853834e-05 1.3118988289760345 0.9982733711684186
4.3706890000000005 3.88417e-05 1.3222256263616552 1.0061314213563002
4.4006419999999995 3.885291e-05 1.3226072303921568 1.0064217982768113
4.430782 3.878428e-05 1.3202709694989103 1.004644049119393
4.460846999999999 3.873689e-05 1.3186577478213504 1.003416487811364
4.490727 3.867968e-05 1.3167102396514159 1.0019345552848322
4.5205969999999995 3.868672e-05 1.3169498910675377 1.0021169150993188
4.550878 3.835402e-05 1.305624319172113 0.9934988596618576
4.580569000000001 3.913483e-05 1.332204180283224 1.0137244799387561
4.610902 3.856457e-05 1.3127917347494549 0.998952816897678
4.640828000000001 3.89832e-05 1.3270424836601304 1.0097967500139524
4.671069 3.861923e-05 1.314652437363834 1.0003686957982239
4.700944000000001 3.841529e-05 1.3077100354030498 0.9950859599223121
4.7309849999999996 3.863651e-05 1.3152406726579517 1.0008163062519642
4.761143 3.861068e-05 1.3143613834422654 1.0001472218758005
4.7908029999999995 3.88489e-05 1.322470724400871 1.0063179257120254
4.8208649999999995 3.871615e-05 1.3179517293028318 1.002879251653345
4.8510100000000005 3.859121e-05 1.313698597494553 0.9996428830138607
4.88117 3.899182e-05 1.3273359204793025 1.0100200371731676
4.911048 3.868622e-05 1.31693287037037 1.002103963407949
4.9410870000000005 3.849592e-05 1.310454793028322 0.9971745496726052
4.971001 3.883303e-05 1.3219304874727666 1.0059068390279482
5.0007269999999995 3.828959e-05 1.303431032135076 0.9918299047119458
5.030745 3.833095e-05 1.3048389842047927 0.9929012686220552
5.060782000000001 3.887782e-05 1.323455201525054 1.0070670515408542
5.090604 3.868543e-05 1.316905977668845 1.0020834997355847
5.120634 3.911542e-05 1.3315434368191719 1.0132216952797808
5.1508 3.861978e-05 1.3146711601307186 1.0003829426587307
5.180986 3.862062e-05 1.3146997549019603 1.000404701500232
5.211004 3.871635e-05 1.317958537581699 1.0028844323298929
5.24067 3.847473e-05 1.3097334558823528 0.9966256569923534
5.270614999999999 3.90675e-05 1.329912173202614 1.0119804051788996
5.300948 3.863345e-05 1.315136505991285 1.0007370419007808
5.331143 3.900555e-05 1.327803308823529 1.010375690618182
5.360869 3.867932e-05 1.316697984749455 1.001925230067046
5.390855999999999 3.861228e-05 1.3144158496732024 1.000188667288184
5.420643 3.890445e-05 1.3243617238562089 1.0077568586232097
5.450875 3.892598e-05 1.3250946350762525 1.008314558453593
5.481115 3.875474e-05 1.3192653867102393 1.0038788631932656
5.51118 3.885628e-05 1.3227219498910672 1.0065090926766436
5.541142 3.812171e-05 1.29771616285403 0.9874812448176234
5.570737 3.860299e-05 1.3140996051198253 0.9999480248625331
5.600634 3.89057e-05 1.3244042755991283 1.0077892378516342
5.631134 3.869344e-05 1.3171786492374724 1.002290985831329
5.661246 3.899947e-05 1.3275963371459694 1.0102181980511256
5.691050000000001 3.869546e-05 1.3172474128540304 1.002343310664463
5.721245 3.878605e-05 1.3203312227668842 1.0046898981068422
5.751152 3.838341e-05 1.3066247957516337 0.994260160080574
5.781023 3.833637e-05 1.3050234885620913 0.9930416649565038
5.811142 3.872774e-05 1.3183462690631804 1.0031794718592968
5.8409949999999995 3.901376e-05 1.3280827886710236 1.010588357390474
5.871180000000001 3.850503e-05 1.3107649101307186 0.9974105294893629
5.901152 3.855528e-05 1.312475490196078 0.9987121744720272
5.930847 3.870632e-05 1.317617102396514 1.0026246214010148
5.961402 3.861405e-05 1.3144761029411762 1.000234516275633
5.99142 3.853941e-05 1.3119352532679733 0.9983010877879499
6.0214669999999995 3.87523e-05 1.3191823257080606 1.003815658939381
6.051151 3.826682e-05 1.3026559095860561 0.9912400846869652
6.081245 3.869812e-05 1.317337962962963 1.0024122136625504
6.111491 3.842145e-05 1.3079197303921564 0.995245524759988
6.14118 3.873039e-05 1.3184364787581695 1.0032481158235567
6.1712169999999995 3.869635e-05 1.3172777096949888 1.002366364675101
6.201412 3.84937e-05 1.3103792211328973 0.9971170441629233
6.231425 3.863231e-05 1.3150976988017427 1.0007075120444577
6.261125 3.873148e-05 1.3184735838779953 1.0032763505107427
6.2913190000000005 3.848048e-05 1.3099291938997817 0.9967746014431059
6.321346999999999 3.918224e-05 1.3338180827886708 1.0149525593144402
6.351293 3.815524e-05 1.2988575708060999 0.988349785240882
6.381189 3.87046e-05 1.3175585511982568 1.0025800675827028
6.411532 3.856692e-05 1.3128717320261436 0.9990136898471161
6.441284 3.862775e-05 1.3149424700435728 1.0005893926191654
6.47117 3.901948e-05 1.328277505446623 1.0107365247397446
6.501245 3.916611e-05 1.333268995098039 1.0145347377508505
6.5312079999999995 3.869868e-05 1.3173570261437906 1.0024267195568843
6.561189000000001 3.857832e-05 1.3132598039215682 0.9993089884103473
6.5915870000000005 3.87028e-05 1.3174972766884527 1.0025334414937714
6.621538999999999 3.866852e-05 1.3163303376906315 1.0016454735334583
6.6511059999999995 3.846259e-05 1.3093201933551195 0.9963111899258947
6.681143 3.876327e-05 1.3195557598039214 1.0040998190480346
6.711486 3.89152e-05 1.3247276688453158 1.0080353199876604
6.741421 3.834311e-05 1.3052529275599127 0.9932162537561687
6.771597 3.900711e-05 1.3278564133986925 1.0104160998952558
6.801642 3.836312e-05 1.305934095860566 0.9937345804447877
6.831300000000001 3.86647e-05 1.3162002995642699 1.001546522611393
6.861225999999999 3.885264e-05 1.3225980392156858 1.0064148043634713
6.891884 3.869282e-05 1.3171575435729843 1.0022749257340304
6.9216239999999996 3.83847e-05 1.3066687091503264 0.9942935754443081
6.9513 3.883237e-05 1.3219080201525053 1.0058897427953402
6.981448 3.852342e-05 1.3113909313725487 0.997886892697944
7.011476 3.960187e-05 1.3481028730936817 1.025822395813454
7.041578 3.84153e-05 1.307710375816993 0.9950862189561395
7.071541 3.882965e-05 1.3218154275599128 1.0058192855942885
7.101661 3.877179e-05 1.3198457924836597 1.0043205158689756
7.131475999999999 3.811727e-05 1.2975650190631804 0.9873662337982597
7.16152 3.8633e-05 1.315121187363834 1.000725385378548
7.191523 3.903887e-05 1.3289375680827884 1.0112387913310652
7.22156 3.889885e-05 1.32417109204793 1.007611799679868
7.251847 3.857554e-05 1.3131651688453154 0.9992369770063313
7.2817929999999995 3.873246e-05 1.3185069444444442 1.0033017358258276
7.311448 3.859113e-05 1.3136958741830063 0.9996408107432415
7.341689000000001 3.841928e-05 1.3078458605664485 0.9951893144194431
7.371957999999999 3.85493e-05 1.3122719226579518 0.9985572722432445
7.402022 3.907148e-05 1.3300476579520693 1.012083500642203
7.432217 3.879587e-05 1.320665509259259 1.004944269325345
7.461888 3.873685e-05 1.3186563861655771 1.0034154516760545
7.491837 3.863873e-05 1.3153162445533766 1.000873811761646
7.5216520000000004 3.838522e-05 1.306686410675381 0.9943070452033328
7.551791000000001 3.904455e-05 1.329130923202614 1.011385922545026
7.581837 3.867667e-05 1.316607775054466 1.001856586102786
7.611642 3.854922e-05 1.312269199346405 0.9985551999726254
7.641633 3.850966e-05 1.3109225217864922 0.9975304621514473
7.671689000000001 3.812187e-05 1.297721609477124 0.9874853893588621
7.701939 3.863881e-05 1.3153189678649235 1.0008758840322651
7.731737 3.860607e-05 1.3142044526143788 1.000027807281371
7.76168 3.850013e-05 1.310598107298475 0.997283602913939
7.791755 3.892092e-05 1.3249223856209147 1.0081834873369306
7.821680000000001 3.865446e-05 1.3158517156862741 1.0012812719721396
7.852078000000001 3.843424e-05 1.3083551198257077 0.9955768290252275
7.881992 3.853649e-05 1.3118358523965137 0.9982254499103502
7.911772 3.869143e-05 1.3171102260348582 1.0022389200320225
7.942060000000001 3.888001e-05 1.323529752178649 1.0071237799490542
7.971822 3.879731e-05 1.3207145288671023 1.0049815701964901
8.00181 3.837449e-05 1.306321146514161 0.994029101906537
8.031831 3.871748e-05 1.3179970043572982 1.0029137031523887
8.061847 3.861108e-05 1.3143749999999996 1.0001575832288963
8.091948 3.880128e-05 1.3208496732026143 1.0050844066259663
8.121888 3.868782e-05 1.316987336601307 1.0021454088203323
8.151837 3.861712e-05 1.3145806100217863 1.0003140396606436
8.182106 3.879055e-05 1.320484409041394 1.0048064633291705
8.212152 3.86829e-05 1.316819852941176 1.0020179641772535
8.242272999999999 3.825242e-05 1.302165713507625 0.9908670759755154
8.272088 3.875436e-05 1.3192524509803918 1.0038690199078246
8.302643 3.854648e-05 1.3121759259259256 0.998484224703919
8.332255 3.920361e-05 1.3345455473856205 1.015506114603585
8.361958000000001 3.87714e-05 1.319832516339869 1.0043104135497074
8.392040999999999 3.839701e-05 1.3070877587145964 0.9946124460858323
8.421921000000001 3.86852e-05 1.3168981481481479 1.0020775419575547
8.452273 3.852405e-05 1.31141237745098 0.9979032118290699
8.482369 3.860388e-05 1.314129901960784 0.9999710788731712
8.512347 3.88763e-05 1.3234034586056642 1.0070276783990901
8.542394 3.854467e-05 1.3121143110021782 0.9984373395811602
8.572171 3.86174e-05 1.3145901416122001 1.0003212926078104
8.602218 3.883117e-05 1.3218671704793026 1.0058586587360525
8.632337 3.851806e-05 1.3112084694989103 0.9977480505664598
8.662336999999999 3.890431e-05 1.324356958061002 1.007753232149626
8.692365 3.851829e-05 1.3112162990196075 0.9977540083444898
8.722272 3.850931e-05 1.3109106072984746 0.9975213959674883
8.752049999999999 3.877882e-05 1.3200851034858383 1.004502616649635
8.782245000000001 3.853755e-05 1.3118719362745095 0.9982529074960542
8.812125 3.842954e-05 1.3081951252723307 0.9954550831263512
8.841972 3.869508e-05 1.3172344771241826 1.0023334673790218
8.871875 3.810511e-05 1.2971510757080607 0.9870512486641464
8.902014 3.898294e-05 1.3270336328976031 1.0097900151344399
8.932255 3.854446e-05 1.3121071623093679 0.9984318998707848
8.962245999999999 3.883941e-05 1.3221476715686271 1.0060721026098267
8.992171 3.864249e-05 1.315444240196078 1.0009712084807467
9.022198 3.875363e-05 1.319227600762527 1.0038501104384248
9.052039 3.829991e-05 1.3037823393246186 0.9920972276218185
9.082336999999999 3.882741e-05 1.321739174836601 1.0057612620169516
9.112402 3.869634e-05 1.3172773692810453 1.0023661056412736
9.142318999999999 3.903386e-05 1.3287670206971676 1.0111090153835398
9.172208000000001 3.844856e-05 1.3088425925925922 0.9959477654660582
9.202394 3.843861e-05 1.308503880718954 0.9956900268077994
9.232369 3.872794e-05 1.3183530773420478 1.0031846525358448
9.262115 3.82416e-05 1.3017973856209148 0.990586801374273
9.292162000000001 3.829144e-05 1.3034940087145968 0.9918778259700142
9.322198 3.860538e-05 1.3141809640522872 1.0000099339472805
9.352347 3.872711e-05 1.318324822984749 1.0031631527281708
9.382365 3.86905e-05 1.317078567538126 1.0022148298860745
9.412588 3.88303e-05 1.3218375544662306 1.005836122793069
9.442501 3.826287e-05 1.3025214460784311 0.991137766325144
9.472125 3.864779e-05 1.3156246595860561 1.0011084964092665
9.502227000000001 3.819298e-05 1.300142293028322 0.9893273789054741
9.532394 3.883457e-05 1.3219829112200432 1.005946730237367
9.562520000000001 3.862648e-05 1.3148992374727666 1.000556495323086
9.592486000000001 3.869007e-05 1.317063929738562 1.0022036914314967
9.622551 3.869597e-05 1.3172647739651413 1.0023565213896601
9.652351000000001 3.834352e-05 1.30526688453159 0.9932268741430917
9.682265 3.843722e-05 1.3084565631808276 0.9956540211057914
9.712652 3.862713e-05 1.3149213643790845 1.0005733325218666
9.742612 3.819312e-05 1.300147058823529 0.9893310053790576
9.772472 3.844899e-05 1.3088572303921566 0.9959589039206365
9.802595 3.818391e-05 1.299833537581699 0.989092435224026
9.832362999999999 3.800376e-05 1.2937009803921564 0.984425940823489
9.862435999999999 3.856806e-05 1.312910539215686 0.9990432197034392
9.892375 3.839847e-05 1.3071374591503266 0.9946502650246324
9.922477 3.823458e-05 1.3015584150326795 0.990404959627441
9.952652 3.908237e-05 1.330418368736383 1.0123655884802374
9.982531999999999 3.828262e-05 1.3031937636165574 0.9916493581342508
10.00444 3.852646e-05 1.3114944172113288 0.9979656389814724
