Keff(MJ/m3):-0.019534084032315293 Ms(MA/m):1.376778496311802
H(kOe) moment(emu) M(MA/m) M_norm()
9.967433999999999 3.862559e-05 1.154828758898711 0.9987700189645105
9.939351 3.860259e-05 1.1541411043812095 0.9981752912092534
9.910489 3.878116e-05 1.159479994259048 1.002792705785613
9.882202 3.862355e-05 1.1547677669328111 0.9987172691983921
9.853082 3.87935e-05 1.1598489358566988 1.0031117901551727
9.823906000000001 3.8738e-05 1.1581895956079447 1.0016766862240087
9.794813 3.872763e-05 1.1578795531146189 1.0014085415795733
9.765448000000001 3.883636e-05 1.161130365101052 1.00422005239823
9.736514999999999 3.853931e-05 1.1522491575174045 0.9965390141504414
9.707165000000002 3.843682e-05 1.1491849091913717 0.9938888555575585
9.67723 3.883816e-05 1.1611841815415522 1.0042665963095112
9.647368 3.831962e-05 1.145680860954363 0.990858329778596
9.617831 3.886189e-05 1.1618936616154791 1.0048802002065658
9.588192999999999 3.856299e-05 1.1529571426902065 0.9971513251610715
9.558351 3.874711e-05 1.1584619665929206 1.0019122501305477
9.528295 3.863782e-05 1.155194411713887 0.9990862589839364
9.498569999999999 3.867915e-05 1.1564300969838153 1.000154958902405
9.468776 3.85158e-05 1.1515462550084277 0.9959310989536546
9.438823000000001 3.84985e-05 1.1510290192191766 0.9954837602507873
9.409023 3.845145e-05 1.1496223172605478 0.9942671541253589
9.379109 3.858251e-05 1.1535407520894079 0.9976560680211854
9.349072 3.853444e-05 1.152103554147829 0.9964130870126978
9.318906 3.863895e-05 1.155228196479312 0.9991154782171294
9.289193 3.861097e-05 1.15439164980976 0.9983919789739949
9.259313 3.88446e-05 1.1613767248064528 1.0044331200809833
9.229018 3.886258e-05 1.1619142912510043 1.0048980420392235
9.198999 3.871318e-05 1.1574475266894926 1.0010348974029006
9.16907 3.860975e-05 1.15435517422231 0.9983604325452378
9.139396000000001 3.894142e-05 1.1642714513449104 1.0069366653533312
9.109183999999999 3.865047e-05 1.155572621698513 0.9994133592493278
9.079288 3.877653e-05 1.1593415664148725 1.002672984502707
9.049406000000001 3.914604e-05 1.1703891847088754 1.0122276737568405
9.019082000000001 3.850631e-05 1.151262522774902 0.9956857091102899
8.989156000000001 3.874439e-05 1.1583806439717201 1.0018419171090562
8.959288 3.848318e-05 1.1505709815144753 0.9950876198503291
8.929305000000001 3.879367e-05 1.1598540185205237 1.0031161859690159
8.898924000000001 3.874372e-05 1.1583606122966452 1.0018245924309683
8.868966 3.876652e-05 1.1590422872096469 1.0024141486405276
8.839156000000001 3.853753e-05 1.1521959390373544 0.9964929873937303
8.808971 3.845117e-05 1.1496139458142478 0.9942599139613819
8.779128 3.87259e-05 1.1578278295356939 1.0013638077092866
8.749297 3.971467e-05 1.187390097243094 1.026931153907792
8.719322 3.871835e-05 1.1576020994658183 1.0011685818591913
8.689146000000001 3.841454e-05 1.1485187812500701 0.9933127453668138
8.659210999999999 3.871423e-05 1.1574789196131177 1.0010620480178145
8.629258 3.898994e-05 1.1657221033966139 1.0081912823396388
8.599008 3.882339e-05 1.1607425877492261 1.0038846776597221
8.569017 3.89748e-05 1.1652694473359626 1.0077997963303085
8.539155000000001 3.877459e-05 1.1592835642512225 1.0026228205094374
8.509489 3.875325e-05 1.1586455404510707 1.0020710165834725
8.479628 3.886691e-05 1.1620437496884295 1.0050100060035827
8.449054 3.868234e-05 1.1565254716755904 1.0002374450562863
8.418961999999999 3.87268e-05 1.1578547377559438 1.001387079664927
8.388941999999998 3.89232e-05 1.1637267093749588 1.0064655375402534
8.358767 3.863026e-05 1.1549683826637864 0.9988907745565562
8.329137000000001 3.889584e-05 1.1629086994793567 1.0057580700887823
8.29923 3.880518e-05 1.1601981447594996 1.0034138084239292
8.26923 3.860196e-05 1.1541222686270343 0.998159000840305
8.239184 3.851334e-05 1.1514727058730776 0.9958674889415706
8.209174 3.84727e-05 1.1502576502386745 0.9948166308557598
8.178999 3.905671e-05 1.167718394358944 1.0099178028708788
8.149064000000001 3.867969e-05 1.1564462419159653 1.0001689220757894
8.118967 3.873625e-05 1.1581372740685696 1.0016314351991522
8.088916 3.895664e-05 1.1647264992473614 1.0073302199809404
8.058895999999999 3.898357e-05 1.1655316529932886 1.0080265686091612
8.028854 3.866291e-05 1.155944553098414 0.9997350293917365
7.999066 3.874981e-05 1.1585426912536705 1.001982065997469
7.968425 3.862386e-05 1.154777035319786 0.9987252850942238
7.938359999999999 3.841393e-05 1.1485005434563451 0.9932969721524352
7.90849 3.87309e-05 1.1579773196481942 1.0014930963517337
7.878911 3.852748e-05 1.1518954639112287 0.9962331172224113
7.848979999999999 3.886299e-05 1.161926549440229 1.004908643707904
7.818786 3.88034e-05 1.1601449262794497 1.0033677816672182
7.788583 3.901951e-05 1.1666061879219412 1.0089558953710716
7.758636999999999 3.882273e-05 1.160722855054376 1.0038676115589191
7.728962 3.858085e-05 1.1534911213720578 0.9976131441918928
7.698564 3.866999e-05 1.1561562310977145 0.9999181021094418
7.668694 3.90035e-05 1.166127520581715 1.0085419131379556
7.638712000000001 3.863371e-05 1.155071530841412 0.9989799837198449
7.608600999999999 3.894831e-05 1.1644774487199359 1.0071148251026234
7.578656 3.880334e-05 1.1601431323980997 1.003366230203509
7.548601 3.886458e-05 1.1619740872960043 1.0049497574962023
7.51875 3.858993e-05 1.1537625954163584 0.997847932366577
7.488656 3.883218e-05 1.161005391367002 1.0041119670931444
7.458888 3.884716e-05 1.161453263744053 1.0044993158659163
7.428777 3.866494e-05 1.156005246084089 0.9997875205805701
7.398777 3.870722e-05 1.1572693344753926 1.000880785341104
7.368684 3.858169e-05 1.1535162357109578 0.9976348646838241
7.338712 3.853473e-05 1.1521122245743542 0.9964205857539598
7.308768 3.886141e-05 1.1618793105646792 1.0048677884968908
7.278582 3.88242e-05 1.1607668051474513 1.0039056224197986
7.248573 3.880449e-05 1.1601775151239748 1.0033959665912717
7.2186189999999995 3.858249e-05 1.1535401541289578 0.9976555508666156
7.188434 3.888386e-05 1.162550521169806 1.0054482945014789
7.157962 3.889032e-05 1.1627436623951561 1.0056153354275204
7.12836 3.890531e-05 1.1631918337524325 1.0060029427775774
7.098416 3.872676e-05 1.157853541835044 1.0013860453557875
7.068295 3.867496e-05 1.1563048242695397 1.0000466150200342
7.038138 3.867675e-05 1.1563583417298149 1.0000929003540302
7.008467 3.851976e-05 1.1516646511775281 0.9960334955584729
6.978508 3.86094e-05 1.1543447099144348 0.9983513823402663
6.948646 3.872605e-05 1.1578323142390687 1.0013676863685599
6.918712 3.864254e-05 1.1553355303800872 0.9992083074624064
6.888768 3.864948e-05 1.155543022656238 0.9993877600981234
6.85849 3.880873e-05 1.1603042827393752 1.0035056033600671
6.828629 3.873556e-05 1.1581166444330444 1.0016135933664945
6.79848 3.872525e-05 1.157808395821069 1.0013470001857685
6.768369 3.882295e-05 1.1607294326193263 1.0038733002591869
6.7384960000000005 3.895262e-05 1.164606309196911 1.0072262719124128
6.708157 3.878983e-05 1.1597392101141237 1.0030168922916165
6.678193 3.877144e-05 1.1591893854803474 1.0025413686646958
6.648453000000001 3.873152e-05 1.1579958564221442 1.0015091281433972
6.618193 3.866226e-05 1.155925119383789 0.9997182218682185
6.588174 3.886021e-05 1.161843432937679 1.0048367592227034
6.558193 3.894071e-05 1.164250223748935 1.0069183063661034
6.527925 3.903887e-05 1.1671850136375426 1.0094565009946272
6.497979999999999 3.876978e-05 1.1591397547629971 1.0024984448354033
6.468212 3.863675e-05 1.155162420829812 0.9990585912144526
6.438388 3.840072e-05 1.148105590579119 0.9929553915590896
6.408147 3.879283e-05 1.1598289041816239 1.0030944654770848
6.378033 3.848922e-05 1.1507515655703757 0.9952438005304053
6.348304 3.885644e-05 1.1617307173928535 1.004739275586298
6.318045 3.847473e-05 1.1503183432243498 0.9948691220445933
6.287967 3.845661e-05 1.1497765910566484 0.9944005800043647
6.258323000000001 3.867181e-05 1.1562106454986647 0.9999651631752925
6.2283159999999995 3.860549e-05 1.1542278086464597 0.9982502786218728
6.198286 3.875612e-05 1.158731347775646 1.0021452282642374
6.168248999999999 3.850775e-05 1.151305575927302 0.9957229442393146
6.138156 3.863263e-05 1.1550392409771117 0.9989520573730764
6.108486 3.903608e-05 1.1671015981547674 1.0093843579321418
6.078266999999999 3.862387e-05 1.154777334300011 0.9987255436715087
6.048203 3.87042e-05 1.1571790424474422 1.0008026950010656
6.018212 3.893864e-05 1.1641883348423598 1.0068647808681304
5.988351 3.876807e-05 1.159088629144522 1.0024542281196862
5.95811 3.884543e-05 1.161401540165128 1.0044545819956296
5.927957999999999 3.8751e-05 1.1585782699004457 1.0020128366943715
5.8978779999999995 3.863181e-05 1.1550147245986617 0.9989308540357149
5.868313 3.849001e-05 1.150775185008151 0.995264228135912
5.838378 3.852514e-05 1.1518255025385784 0.9961726101377459
5.808101 3.865252e-05 1.155633912644638 0.9994663675927311
5.778146 3.879113e-05 1.1597780775433735 1.0030505073386526
5.747962 3.8752e-05 1.1586081679229459 1.002038694422861
5.717888 3.861672e-05 1.1545635634391356 0.9985406609128092
5.688203000000001 3.875848e-05 1.158801907108746 1.0022062525034723
5.658424 3.865884e-05 1.1558228681468388 0.9996297884367845
5.627953000000001 3.876664e-05 1.159045874972347 1.0024172515679464
5.59749 3.859598e-05 1.153943478452484 0.9980043716239382
5.56792 3.868201e-05 1.1565156053281656 1.000228912005885
5.5382489999999995 3.868209e-05 1.1565179971699655 1.000230980624164
5.5079340000000006 3.862947e-05 1.1549447632260113 0.9988703469510495
5.477813 3.831147e-05 1.1454371920709872 0.990647589291407
5.447869 3.905946e-05 1.167800613920819 1.0099889116242247
5.417929 3.873375e-05 1.1580625290123194 1.0015667908779287
5.387953 3.85726e-05 1.153244462686432 0.997399817931855
5.357823000000001 3.845836e-05 1.1498289125960235 0.9944458310292212
5.327851 3.876019e-05 1.1588530327272213 1.0022504692191894
5.297542 3.847579e-05 1.1503500351281999 0.9948965312367921
5.267693 3.861185e-05 1.15441796006956 0.9984147337750656
5.237948 3.867197e-05 1.1562154291822648 0.999969300411851
5.20811 3.872893e-05 1.157918420543869 1.0014421566266096
5.177888 3.885932e-05 1.1618168236976536 1.0048137458443476
5.147518 3.87357e-05 1.1581208301561947 1.001617213448483
5.117638 3.876722e-05 1.1590632158253968 1.0024322490504702
5.087562 3.849785e-05 1.1510095855045515 0.9954669527272691
5.057666 3.851204e-05 1.1514338384438274 0.9958338738945344
5.027627000000001 3.815478e-05 1.1407524709254504 0.9865959418143964
4.997924 3.882022e-05 1.160647811017901 1.0038027086604107
4.967943 3.855125e-05 1.1526061399060556 0.9968477554286055
4.938193 3.822132e-05 1.1427418853426055 0.9883165150680837
4.907897 3.826336e-05 1.1439987982085085 0.9894035739737799
4.877962 3.865896e-05 1.1558264559095386 0.9996328913642032
4.848108 3.811826e-05 1.1396605951437477 0.985651617569962
4.818091000000001 3.855669e-05 1.152768785148456 0.9969884214715881
4.787777 3.846826e-05 1.1501249030187743 0.9947018225412667
4.757823 3.857173e-05 1.153218451406857 0.9973773217080691
4.727767 3.844465e-05 1.1494190107075475 0.9940913215716309
4.697628 3.871407e-05 1.157474135929518 1.0010579107812565
4.667788 3.866732e-05 1.1560764033776394 0.999849061974375
4.637989999999999 3.813124e-05 1.1400486714757985 0.9859872508857548
4.608054 3.840636e-05 1.1482742154260195 0.9931012291477702
4.577999 3.83667e-05 1.1470884598536664 0.9920757116358788
4.5475829999999995 3.856239e-05 1.1529392038767063 0.9971358105239778
4.5176750000000006 3.856054e-05 1.152883892535081 0.9970879737262722
4.487979999999999 3.87321e-05 1.1580131972751944 1.001524125625921
4.457712000000001 3.859072e-05 1.1537862148541334 0.9978683599720836
4.427434 3.861585e-05 1.1545375521595604 0.9985181646890234
4.39758 3.859313e-05 1.1538582690883585 0.9979306770977432
4.367545 3.860315e-05 1.1541578472738094 0.9981897715372074
4.337599 3.860719e-05 1.1542786352847096 0.9982942367603047
4.307693 3.853075e-05 1.151993230444804 0.9963176719945718
4.277499 3.818671e-05 1.1417071147838778 0.9874215790850641
4.24749 3.866932e-05 1.1561361994226393 0.9999007774313537
4.217467 3.842483e-05 1.148826431901596 0.9935788213929702
4.187804 3.869137e-05 1.1567954508187661 1.000470940344546
4.15761 3.843199e-05 1.1490405017426963 0.9937639627289545
4.127656 3.839198e-05 1.1478442818624683 0.992729395012092
4.097471 3.836579e-05 1.1470612526531914 0.9920521811029535
4.067316 3.836992e-05 1.1471847314861168 0.9921589735216149
4.037425 3.84931e-05 1.150867569897676 0.9953441285169443
4.007119 3.84587e-05 1.1498390779236736 0.9944546226569075
3.977351 3.835051e-05 1.1466044108693902 0.9916570750116348
3.9473510000000003 3.851625e-05 1.1515597091185528 0.9959427349314749
3.917406 3.832563e-05 1.1458605480695885 0.9910137347268175
3.886971 3.856867e-05 1.1531269634580068 0.9972981970588914
3.8569340000000003 3.844138e-05 1.1493212441739722 0.9940067667994704
3.8273159999999997 3.849302e-05 1.1508651780558758 0.9953420598986651
3.797425 3.806198e-05 1.1379779344374432 0.984196344610576
3.7674160000000003 3.83355e-05 1.146155641551664 0.9912689505070081
3.73723 3.838534e-05 1.1476457589930678 0.992557699694922
3.707277 3.825195e-05 1.1436576617717829 0.9891085372917154
3.677175 3.826085e-05 1.1439237541720335 0.9893386710752714
3.64748 3.857252e-05 1.153242070844632 0.9973977493135758
3.617166 3.828869e-05 1.1447561151184356 0.9900585502364174
3.58686 3.822904e-05 1.142972698076306 0.9885161367320223
3.556934 3.801082e-05 1.1364483516063393 0.9828734632210562
3.526995 3.857673e-05 1.1533679415193574 0.9975066103505164
3.4974160000000003 3.795149e-05 1.1346745019314097 0.9813393241897775
3.46748 3.827442e-05 1.1443294703373594 0.9896895604508732
3.4369899999999998 3.79973e-05 1.1360441303421385 0.9825238667318791
3.407221 3.829725e-05 1.1450120421910361 0.9902798923922871
3.3770819999999997 3.803977e-05 1.1373138993577165 0.9836220444608256
3.3471840000000004 3.781045e-05 1.1304576848379992 0.9776923501636268
3.3173600000000003 3.827006e-05 1.1441991149592592 0.9895768207546592
3.287119 3.839269e-05 1.1478655094584436 0.9927477539993195
3.257054 3.835589e-05 1.1467652622304407 0.9917961895909081
3.226869 3.820573e-05 1.1422757751718293 0.9879133930809334
3.197354 3.775664e-05 1.12884887224727 0.9763009457936098
3.167295 3.798061e-05 1.1355451323466121 0.9820923012433901
3.1370169999999997 3.836526e-05 1.1470454067012663 0.9920384765068541
3.106906 3.831053e-05 1.1454090879298373 0.9906232830266269
3.076906 3.792904e-05 1.134003291326283 0.9807588181851895
3.04691 3.821204e-05 1.1424644316938048 0.9880765553477018
3.017147 3.797352e-05 1.1353331553670865 0.9819089699483999
2.98698 3.797103e-05 1.1352587092910615 0.9818445842044614
2.956823 3.800044e-05 1.1361380101327887 0.9826050599993358
2.9268159999999996 3.833628e-05 1.1461789620092142 0.99128911953523
2.897008 3.773766e-05 1.1282814077802186 0.9758101661068801
2.8671100000000003 3.794229e-05 1.1343994401244093 0.9811014330876747
2.8370729999999997 3.823996e-05 1.1432991844820068 0.9887985031271269
2.806823 3.759878e-05 1.1241291704154082 0.9722190447742666
2.776554 3.7744e-05 1.1284709612428694 0.9759741041055034
2.7469200000000003 3.793128e-05 1.1340702628966834 0.980816739497006
2.7170360000000002 3.775928e-05 1.1289278030266703 0.9763692101968219
2.6868600000000002 3.776144e-05 1.1289923827552704 0.9764250628903591
2.6566750000000003 3.787874e-05 1.1324994207945296 0.9794581744421709
2.626711 3.783518e-05 1.1311970629344261 0.9783318117891706
2.596489 3.788851e-05 1.1327915244743552 0.9797108044495126
2.5668539999999997 3.760288e-05 1.1242517523076583 0.9723250614610731
2.536962 3.7605e-05 1.1243151361153587 0.9723798798454709
2.507017 3.779021e-05 1.1298525488625977 0.9771689897390003
2.476897 3.741918e-05 1.1187594855743943 0.9675749967375626
2.44698 3.787161e-05 1.132286247894104 0.979273808838041
2.416823 3.742194e-05 1.1188420041164946 0.9676463640681935
2.386813 3.770029e-05 1.1271641186793908 0.9748438627932298
2.35674 3.794738e-05 1.1345516210589346 0.9812330489256861
2.326835 3.776823e-05 1.129195390328046 0.9766006368668024
2.2969250000000003 3.752934e-05 1.122053051733003 0.9704234841079596
2.267045 3.74855e-05 1.1207423224265995 0.9692898812909825
2.236813 3.760095e-05 1.124194049124233 0.9722751560450884
2.20661 3.763872e-05 1.125323297434061 0.9732518024501348
2.1764430000000003 3.731321e-05 1.1155911921300614 0.9648348532495366
2.146599 3.741515e-05 1.1186389965437191 0.9674707900917502
2.1168229999999997 3.750741e-05 1.1213973880995762 0.9698564241221862
2.0865259999999997 3.73058e-05 1.115369647783336 0.9646432474814297
2.0567399999999996 3.718268e-05 1.1116886032531264 0.9614596439498095
2.026832 3.755342e-05 1.1227729961148045 0.9710461382099853
1.996962 3.719806e-05 1.1121484348391777 0.9618573358139774
1.966795 3.71978e-05 1.1121406613533276 0.96185061280457
1.936989 3.703136e-05 1.107164434488415 0.9575468524747872
1.906882 3.709953e-05 1.1092025826822451 0.9593095738259125
1.876989 3.683467e-05 1.1012837924428749 0.9524608958581988
1.846776 3.709548e-05 1.10908149569112 0.9592048500255304
1.8165360000000002 3.670447e-05 1.097391069913365 0.9490942196088735
1.786722 3.688912e-05 1.1029117397680042 0.953868849174449
1.756823 3.685178e-05 1.1017953476078512 0.9529033215926531
1.726702 3.705926e-05 1.107998589316167 0.9582682830996426
1.6964860000000002 3.653504e-05 1.0923254479611773 0.9447131446709073
1.6665450000000002 3.657308e-05 1.0934627687370801 0.9456967726626457
1.636628 3.64074e-05 1.0885092643692675 0.9414126642065149
1.606665 3.622042e-05 1.0829189321222032 0.9365777861335589
1.576665 3.62079e-05 1.0825446088805024 0.9362540473728712
1.5465630000000001 3.63139e-05 1.0857137992655104 0.938994966592752
1.516276 3.613981e-05 1.0805088525284723 0.9344933946400251
1.486323 3.579546e-05 1.0702134684805709 0.9255892858346856
1.456599 3.618464e-05 1.0818491808771507 0.9356525966082069
1.4268779999999999 3.580275e-05 1.0704314250645965 0.9257777886753737
1.396369 3.572667e-05 1.068156783512791 0.9238105326918972
1.3664990000000001 3.526252e-05 1.0542796163693804 0.9118086680135223
1.3363969999999998 3.519055e-05 1.05212785569005 0.9099476872941372
1.306452 3.511648e-05 1.0499133091634694 0.9080324053449242
1.276571 3.470861e-05 1.0377188027263635 0.8974858136259356
1.246366 3.476891e-05 1.039521653483118 0.8990450346538489
1.2165709999999998 3.449733e-05 1.0314019485325474 0.8920225927506862
1.186712 3.420216e-05 1.0225769492311998 0.8843901670324575
1.156767 3.409145e-05 1.0192669391602165 0.8815274579113914
1.126952 3.364707e-05 1.0059808559216328 0.8700368005252532
1.0964990000000001 3.349738e-05 1.0015054209335963 0.8661661571476685
1.066332 3.269299e-05 0.9774557506147601 0.8453664589280462
1.036429 3.290857e-05 0.9839011663053266 0.8509408680358003
1.006823 3.229654e-05 0.965602679594605 0.8351151624684069
0.9765819 3.185706e-05 0.9524630966662716 0.8237512079518668
0.9464615 3.100291e-05 0.9269257007478318 0.80166482916261
0.9161559 3.050334e-05 0.9119895456474686 0.7887470837411392
0.8860727 2.990924e-05 0.8942271304801737 0.7733850072455618
0.8561282 2.936933e-05 0.8780848891521575 0.7594241610568271
0.8262208000000001 2.845317e-05 0.8506935168584878 0.7357343445239397
0.79623 2.756039e-05 0.8240011603308701 0.7126490816831357
0.766363 2.708788e-05 0.8098740457193592 0.7004310463945894
0.7362856000000001 2.636644e-05 0.7883044163669042 0.6817762467531662
0.7065045 2.559781e-05 0.7653238993326709 0.6619012209043263
0.6763411 2.449184e-05 0.7322575833882617 0.633303348926858
0.6461745 2.367948e-05 0.7079696258301 0.6122975646111748
0.6161097 2.277705e-05 0.6809887533853564 0.5889627746904476
0.5859892999999999 2.192477e-05 0.6555072667689915 0.5669247498534657
0.5561554999999999 2.07985e-05 0.6218340209678311 0.537801965987662
0.5265540999999999 1.998363e-05 0.5974710193731941 0.5167312787734702
0.49607260000000003 1.894927e-05 0.5665457008200154 0.4899850787331308
0.4662763 1.81159e-05 0.5416295858091271 0.46843602354188446
0.4359615 1.710256e-05 0.5113327236888999 0.4422333529543931
0.4062498 1.605691e-05 0.4800698564616956 0.41519521915940805
0.37608179999999997 1.511827e-05 0.45200637662222426 0.3909241208900781
0.34624849999999996 1.415309e-05 0.42314940326560085 0.36596675850663835
0.3160422 1.291444e-05 0.3861162176958818 0.3339380831131909
0.2859337 1.195495e-05 0.35742936408728376 0.30912785120485603
0.2560634 1.110442e-05 0.3320001990102941 0.2871350773927308
0.2258596 1.017245e-05 0.30413613898089825 0.26303645017242544
0.1963252 9.195121e-06 0.2749159345489215 0.23776494224556752
0.1662578 8.17812e-06 0.2445096157683217 0.2114676065140764
0.1363504 7.492799e-06 0.22401987309054708 0.1937467621679634
0.10623 6.344681e-06 0.18969341529380482 0.1640590386501221
0.0761189 5.52573e-06 0.16520839986934502 0.14288282604596497
0.045970750000000005 4.405259e-06 0.13170853270066238 0.1139099911476713
0.015544819999999999 3.245161e-06 0.09702389659436918 0.08391249204252646
-0.0140427 2.162864e-06 0.06466535653660441 0.05592675007158873
-0.04368666 1.601837e-06 0.047891758667454265 0.041419866230342495
-0.07389963000000001 4.734722e-07 0.014155882488760492 0.012242915594898837
-0.1037793 -5.024987e-07 -0.015023717438858948 -0.012993474950897628
-0.1337597 -1.977822e-06 -0.05913296665714535 -0.05114198427644539
-0.1640254 -2.618592e-06 -0.07829072253451906 -0.06771084096062521
-0.1940144 -3.834105e-06 -0.11463215755765394 -0.09914124609001246
-0.2237144 -4.523194e-06 -0.13523455598420886 -0.11695952235707366
-0.2540015 -5.82175e-06 -0.17405881248981755 -0.15053723083340964
-0.2839956 -6.382405e-06 -0.19082128829459766 -0.1650344955996578
-0.3138163 -7.767692e-06 -0.23223863018966043 -0.2008548707256116
-0.3441219 -8.536008e-06 -0.25520975924482886 -0.2207217772477058
-0.3741497 -9.858689e-06 -0.2947553055432519 -0.2549233034238496
-0.4038541 -1.067821e-05 -0.31925736284053663 -0.27611425493324565
-0.4337145 -1.210699e-05 -0.36197505942819536 -0.31305926024439085
-0.46407560000000003 -1.312844e-05 -0.392514394510898 -0.3394716370099315
-0.4941867 -1.438114e-05 -0.4299676472967432 -0.3718636134886556
-0.5245291999999999 -1.565381e-05 -0.46801796359191494 -0.4047719688053139
-0.5542515 -1.724867e-05 -0.5157011237563862 -0.44601142566398555
-0.5840333000000001 -1.856608e-05 -0.5550890775782112 -0.48007665575326147
-0.6140015 -2.009755e-05 -0.6008770020964027 -0.5196769912029874
-0.6440941 -2.142104e-05 -0.6404467358950282 -0.5538994362814791
-0.6743904 -2.285383e-05 -0.6832843235529122 -0.5909481310838669
-0.7042514999999999 -2.439072e-05 -0.7292342953530542 -0.6306886154220057
-0.73427 -2.574433e-05 -0.7697045575893819 -0.6656898952825994
-0.764557 -2.689925e-05 -0.8042343817351698 -0.6955535030696259
-0.7941182 -2.766777e-05 -0.8272116099869283 -0.715425684568332
-0.8242145000000001 -2.828674e-05 -0.8457175889738002 -0.7314308427714419
-0.8541867 -2.923328e-05 -0.8740172631910221 -0.7559062170958384
-0.8842793 -3.023569e-05 -0.9039873399253233 -0.78182626271094
-0.9143626 -3.090968e-05 -0.9241383081101496 -0.7992541131355392
-0.9442408 -3.132916e-05 -0.9366799305884816 -0.8101009130822905
-0.9742238 -3.17097e-05 -0.9480573240706605 -0.8199408130816627
-1.004316 -3.246692e-05 -0.9706967046681679 -0.839520802248438
-1.034446 -3.267751e-05 -0.9769929292264591 -0.8449661812910297
-1.0644010000000002 -3.282971e-05 -0.9815434082509706 -0.8489017275671228
-1.0944369999999999 -3.330977e-05 -0.9958962529323572 -0.8613149887057644
-1.124585 -3.411548e-05 -1.0199853886408934 -0.8821488191269928
-1.154241 -3.415171e-05 -1.021068593996071 -0.8830856446301653
-1.1845109999999999 -3.434549e-05 -1.0268622327961356 -0.8880963552568493
-1.214585 -3.440661e-05 -1.0286895999313403 -0.889676779622124
-1.244464 -3.477623e-05 -1.0397405070078187 -0.8992343132263918
-1.2743440000000001 -3.479051e-05 -1.0401674507691197 -0.8996035615892208
-1.304455 -3.51402e-05 -1.050622490257171 -0.9086457506646938
-1.3343900000000002 -3.513418e-05 -1.0504425041617207 -0.9084900871391873
-1.364118 -3.527593e-05 -1.0546805488511066 -0.9121554201525659
-1.393964 -3.555081e-05 -1.0628989172759273 -0.9192631925597436
-1.424242 -3.622198e-05 -1.0829655730373033 -0.9366181241900026
-1.454344 -3.572088e-05 -1.0679836739625153 -0.923660816443943
-1.484437 -3.601634e-05 -1.0768173436903878 -0.9313007409034337
-1.514548 -3.619029e-05 -1.0820181047042758 -0.935798692774172
-1.5442690000000001 -3.601228e-05 -1.0766959577190374 -0.9311957585257665
-1.574316 -3.615799e-05 -1.0810523985775236 -0.9349634881439632
-1.6043910000000001 -3.600332e-05 -1.076428071437437 -0.9309640732785013
-1.634552 -3.656709e-05 -1.0932836795823044 -0.9455418848689938
-1.66415 -3.647739e-05 -1.0906018269640476 -0.9432224466234909
-1.694298 -3.635083e-05 -1.0868179332364383 -0.9399498925058671
-1.724492 -3.637341e-05 -1.0874930305844899 -0.9405337600151588
-1.75452 -3.657929e-05 -1.0936484354568057 -0.9458573491565652
-1.784501 -3.667893e-05 -1.0966274744187132 -0.9484338132232532
-1.8144829999999998 -3.686926e-05 -1.1023179650411525 -0.9533553146866486
-1.844548 -3.675297e-05 -1.098841124004619 -0.9503483194406115
-1.8746500000000001 -3.683991e-05 -1.1014404580807753 -0.9525963903554835
-1.9045809999999999 -3.708869e-05 -1.1088784881183444 -0.959029276049087
-1.9346869999999998 -3.705434e-05 -1.1078514910454667 -0.9581410630754745
-1.9646590000000002 -3.702965e-05 -1.1071133088699396 -0.9575026357590701
-1.9946400000000002 -3.702683e-05 -1.1070289964464897 -0.9574297169647301
-2.024505 -3.722116e-05 -1.1128390791589293 -0.9624546493420834
-2.05477 -3.723164e-05 -1.1131524104347303 -0.9627256383366528
-2.0847890000000002 -3.710374e-05 -1.1093284533569705 -0.959418434862853
-2.1149180000000003 -3.719885e-05 -1.1121720542769524 -0.9618777634194837
-2.144603 -3.737598e-05 -1.1174678910023912 -0.9664579428668187
-2.1745430000000003 -3.762826e-05 -1.1250105641187103 -0.9729813306101351
-2.204631 -3.745514e-05 -1.119834618463497 -0.968504840654043
-2.234465 -3.722363e-05 -1.1129129272745046 -0.9625185179314524
-2.264529 -3.73419e-05 -1.1164489663955885 -0.9655767114798987
-2.2945390000000003 -3.764256e-05 -1.1254381058404614 -0.9733510961275342
-2.32477 -3.737506e-05 -1.117440384821691 -0.9664341537566083
-2.354665 -3.744701e-05 -1.1195915475405718 -0.968294617321424
-2.384779 -3.730715e-05 -1.115410010113711 -0.9646781554148904
-2.4148159999999996 -3.736192e-05 -1.11704752480604 -0.9660943832042572
-2.4449549999999998 -3.772498e-05 -1.1279023008549178 -0.9754822901096342
-2.474552 -3.761459e-05 -1.1246018581511343 -0.9726278554616846
-2.504529 -3.768977e-05 -1.12684959148269 -0.9745718394895208
-2.534613 -3.787469e-05 -1.132378333803404 -0.9793534506417884
-2.564533 -3.79936e-05 -1.1359335076588881 -0.982428193136468
-2.594205 -3.789303e-05 -1.1329266635360555 -0.9798276813822848
-2.624354 -3.783498e-05 -1.131191083329926 -0.9783266402434726
-2.654298 -3.805775e-05 -1.137851465802268 -0.9840869664190658
-2.684557 -3.757264e-05 -1.123347636107256 -0.9715431237515525
-2.71452 -3.796089e-05 -1.1349555433429106 -0.9815823868375783
-2.744383 -3.767498e-05 -1.1264073997299138 -0.9741894036851619
-2.774307 -3.772963e-05 -1.128041326659543 -0.9756025285471099
-2.804372 -3.773024e-05 -1.128059564453268 -0.9756183017614886
-2.8346869999999997 -3.799895e-05 -1.1360934620792638 -0.9825665319838867
-2.8643899999999998 -3.795844e-05 -1.1348822931877853 -0.9815190354027792
-2.8944650000000003 -3.778619e-05 -1.1297323588121475 -0.9770650416704729
-2.924677 -3.790633e-05 -1.1333243072353065 -0.9801715891711945
-2.9544580000000003 -3.804765e-05 -1.1375494957750172 -0.9838258033613224
-2.9845479999999998 -3.783004e-05 -1.1310433870987757 -0.9781989030647349
-3.014539 -3.793381e-05 -1.1341459048936087 -0.9808821595500843
-3.0444389999999997 -3.804701e-05 -1.1375303610406169 -0.9838092544150889
-3.0745109999999998 -3.782321e-05 -1.1308391836051002 -0.978022294779152
-3.104354 -3.761848e-05 -1.1247181614586597 -0.9727284420255085
-3.134741 -3.805369e-05 -1.1377300798309178 -0.9839819840413986
-3.164715 -3.800984e-05 -1.1364190515442893 -0.9828481226471365
-3.194909 -3.811105e-05 -1.1394450304015218 -0.9854651833475528
-3.2244960000000003 -3.783101e-05 -1.1310723881806006 -0.9782239850613695
-3.254594 -3.8222e-05 -1.1427622159979056 -0.9883340983234566
-3.284604 -3.797812e-05 -1.135470686270587 -0.9820279154994516
-3.314816 -3.811985e-05 -1.1397081329995227 -0.98569273135826
-3.34492 -3.809241e-05 -1.1388877312621206 -0.9849831952885099
-3.374483 -3.849007e-05 -1.1507769788895008 -0.9952657795996213
-3.404576 -3.811708e-05 -1.1396253154771974 -0.9856211054503442
-3.434631 -3.81531e-05 -1.1407022422476503 -0.986552500830534
-3.4648440000000003 -3.801544e-05 -1.1365864804702899 -0.9829929259266774
-3.4947220000000003 -3.843872e-05 -1.1492417154341221 -0.9939379852416886
-3.524529 -3.82497e-05 -1.1435903912211576 -0.9890503574026142
-3.554418 -3.816961e-05 -1.1411958585991264 -0.9869794119278947
-3.584937 -3.800588e-05 -1.136300655375189 -0.9827457260423184
-3.614864 -3.819892e-05 -1.1420721696386038 -0.9877373019499203
-3.6447979999999998 -3.81058e-05 -1.1392880657833966 -0.9853294302729834
-3.6747979999999996 -3.775942e-05 -1.1289319887498201 -0.9763728302788104
-3.7048069999999997 -3.836754e-05 -1.1471135741925664 -0.99209743212781
-3.734684 -3.845314e-05 -1.149672844918573 -0.9943108536865062
-3.7644830000000002 -3.807754e-05 -1.1384431476675445 -0.9845986908658718
-3.794844 -3.823067e-05 -1.143021431852981 -0.98855828482946
-3.824468 -3.827861e-05 -1.1444547430516347 -0.9897979043332439
-3.8545659999999997 -3.830814e-05 -1.145337631656062 -0.9905614830555372
-3.8844000000000003 -3.851432e-05 -1.1515020059351277 -0.9958928295154903
-3.914552 -3.831328e-05 -1.1454913074917124 -0.9906943917799729
-3.944427 -3.821514e-05 -1.142557115563555 -0.9881567143060191
-3.974363 -3.831821e-05 -1.145638704742638 -0.9908218703814259
-4.004289 -3.840866e-05 -1.1483429808777696 -0.9931607019232959
-4.034585 -3.840021e-05 -1.148090342587644 -0.9929422041175601
-4.064418 -3.841331e-05 -1.148482006682395 -0.9932809403607719
-4.094881 -3.851702e-05 -1.151582730595878 -0.9959626453824119
-4.124863 -3.836102e-05 -1.146918639085866 -0.9919288397380589
-4.154687 -3.846999e-05 -1.1501766265976994 -0.9947465564115534
-4.184715 -3.83408e-05 -1.1463141010709144 -0.9914059964680022
-4.214741 -3.837706e-05 -1.1473982033667671 -0.9923435977030294
-4.244604000000001 -3.818558e-05 -1.1416733300184527 -0.9873923598518711
-4.2745940000000004 -3.828213e-05 -1.1445599840908351 -0.9898889235375268
-4.304918 -3.824931e-05 -1.1435787309923826 -0.9890402728885033
-4.334788 -3.85673e-05 -1.1530860031671817 -0.9972627719708609
-4.364955 -3.809367e-05 -1.1389254027704707 -0.9850157760264064
-4.394958 -3.860054e-05 -1.1540798134350843 -0.99812228286585
-4.424863 -3.819045e-05 -1.1418189333880282 -0.9875182869896147
-4.45515 -3.83833e-05 -1.1475847670271677 -0.9925049499288037
-4.484946 -3.828044e-05 -1.14450945643281 -0.9898452239763796
-4.514863 -3.849796e-05 -1.1510128742870265 -0.9954697970774031
-4.544892 -3.845226e-05 -1.149646534658773 -0.9942880988854356
-4.574604 -3.84854e-05 -1.1506373551244256 -0.9951450240075758
-4.6049560000000005 -3.838041e-05 -1.1474983617421424 -0.992430221093469
-4.634789 -3.851816e-05 -1.151616814341528 -0.9959921231928898
-4.665243 -3.839576e-05 -1.1479572963875186 -0.9928271372257821
-4.694864 -3.826069e-05 -1.1439189704884334 -0.9893345338387131
-4.724881 -3.843688e-05 -1.1491867030727219 -0.993890407021268
-4.754798 -3.865671e-05 -1.1557591853589135 -0.9995747114751019
-4.784641 -3.848055e-05 -1.1504923497153003 -0.995019614024402
-4.814705 -3.854446e-05 -1.15240313233328 -0.9966721814521621
-4.844983 -3.839675e-05 -1.1479868954297938 -0.9928527363769866
-4.8751679999999995 -3.847655e-05 -1.1503727576253 -0.9949161831104442
-4.905033 -3.87397e-05 -1.1582404222461946 -1.0017206443624407
-4.935131 -3.869623e-05 -1.1569407552081166 -1.0005966089050047
-4.9650240000000005 -3.861203e-05 -1.15442334171361 -0.9984193881661936
-4.994706 -3.854955e-05 -1.1525553132678052 -0.9968037972901733
-5.024761000000001 -3.819687e-05 -1.1420108786924785 -0.9876842936065169
-5.054779000000001 -3.877964e-05 -1.159434549264848 -1.002753402038309
-5.084566 -3.844039e-05 -1.149291645131697 -0.9939811676482658
-5.114466999999999 -3.853669e-05 -1.1521708246984543 -0.9964712669017991
-5.144363 -3.87596e-05 -1.1588353928939463 -1.0022352131593806
-5.174658999999999 -3.865152e-05 -1.1556040146221382 -0.9994405098642418
-5.204724000000001 -3.857112e-05 -1.153200213613132 -0.9973615484936907
-5.234845 -3.878719e-05 -1.1596602793347235 -1.0029486278884043
-5.264835 -3.854843e-05 -1.1525218274826052 -0.9967748366342651
-5.294529000000001 -3.86463e-05 -1.1554479469446879 -0.999305532521527
-5.325011000000001 -3.819468e-05 -1.1419454020232034 -0.9876276651811251
-5.354881000000001 -3.839314e-05 -1.1478789635685684 -0.9927593899771398
-5.384724 -3.854144e-05 -1.1523128403053298 -0.9965940911121239
-5.414696 -3.853395e-05 -1.152088904116804 -0.996400416725738
-5.4449 -3.827726e-05 -1.1444143807212597 -0.9897629963997832
-5.474618 -3.864983e-05 -1.1555534869641129 -0.9993968103030946
-5.504372 -3.84582e-05 -1.1498241289124234 -0.9944416937926627
-5.5344560000000005 -3.863105e-05 -1.1549920021015616 -0.9989112021620629
-5.564456 -3.856264e-05 -1.1529466783823312 -0.9971422749561001
-5.594548 -3.862206e-05 -1.1547232188792858 -0.9986787411829428
-5.624585 -3.842849e-05 -1.1489358586639462 -0.9936734606792414
-5.654928 -3.856628e-05 -1.1530555071842319 -0.9972363970878019
-5.684908999999999 -3.852897e-05 -1.1519400119647538 -0.9962716452378607
-5.714467 -3.825829e-05 -1.1438472152344332 -0.9892724752903383
-5.744446 -3.870276e-05 -1.1571359892950421 -1.0007654598720408
-5.7743720000000005 -3.861785e-05 -1.1545973482045606 -0.9985698801460022
-5.804465 -3.873512e-05 -1.1581034893031446 -1.0016022159659592
-5.834566 -3.841616e-05 -1.1485672160465201 -0.9933546348869666
-5.86428 -3.850287e-05 -1.1511596735775018 -0.9955967585242862
-5.89415 -3.827034e-05 -1.1442074864055591 -0.9895840609186363
-5.924307 -3.853253e-05 -1.152046448924854 -0.9963636987512831
-5.954344 -3.84718e-05 -1.1502307420184243 -0.9947933589001192
-5.984418 -3.879287e-05 -1.1598301001025237 -1.0030954997862243
-6.014659 -3.841408e-05 -1.14850502815972 -0.9933008508117086
-6.044390999999999 -3.860311e-05 -1.1541566513529093 -0.9981887372280678
-6.074492 -3.871864e-05 -1.1576107698923435 -1.0011760806004533
-6.104703000000001 -3.861269e-05 -1.1544430744084604 -0.9984364542669969
-6.134502 -3.878745e-05 -1.1596680528205734 -1.0029553508978115
-6.1644 -3.841841e-05 -1.1486344865971452 -0.9934128147760678
-6.194411 -3.831658e-05 -1.1455899709659625 -0.9907797222839879
-6.2241040000000005 -3.871999e-05 -1.1576511322227183 -1.0012109885339138
-6.254289 -3.863687e-05 -1.155166008592512 -0.9990616941418714
-6.284326 -3.869066e-05 -1.156774223222791 -1.0004525813573186
-6.314062 -3.883708e-05 -1.161151891677252 -1.0042386699627426
-6.344058 -3.863042e-05 -1.1549731663473866 -0.9988949117931145
-6.374308 -3.853016e-05 -1.151975590611529 -0.9963024159347632
-6.403949 -3.873328e-05 -1.1580484769417445 -1.0015546377455387
-6.4338999999999995 -3.869326e-05 -1.1568519580812913 -1.0005198114513911
-6.463881000000001 -3.874263e-05 -1.15832802345212 -1.0017964075069148
-6.494021 -3.838363e-05 -1.1475946333745928 -0.992513482979205
-6.524178 -3.864589e-05 -1.1554356887554627 -0.9992949308528463
-6.5541 -3.866976e-05 -1.1561493545525394 -0.9999121548318891
-6.58377 -3.886572e-05 -1.1620081710416543 -1.0049792353066802
-6.614076 -3.860489e-05 -1.1542098698329595 -0.9982347639847791
-6.643752 -3.862322e-05 -1.154757900585386 -0.9987087361479906
-6.673965 -3.871961e-05 -1.1576397709741684 -1.001201162597088
-6.7039740000000005 -3.868288e-05 -1.1565416166077407 -1.0002514082296707
-6.734024000000001 -3.828056e-05 -1.1445130441955098 -0.9898483269037982
-6.763890999999999 -3.894166e-05 -1.1642786268703103 -1.0069428712081685
-6.79378 -3.875747e-05 -1.158771710106021 -1.002180136197698
-6.823965 -3.866451e-05 -1.1559923899344142 -0.9997764017573197
-6.853909 -3.869778e-05 -1.1569870971429916 -1.0006366883841633
-6.88393 -3.879258e-05 -1.1598214296759988 -1.0030880010449623
-6.913752000000001 -3.864236e-05 -1.1553301487360375 -0.9992036530712785
-6.944159 -3.857262e-05 -1.153245060646882 -0.9974003350864248
-6.973948999999999 -3.858227e-05 -1.153533576564008 -0.997649862166348
-7.003539 -3.898158e-05 -1.1654721559285133 -1.007975111729467
-7.033974 -3.859609e-05 -1.1539467672349588 -0.9980072159740719
-7.06392 -3.872354e-05 -1.1577572702025936 -1.0013027834700514
-7.093743000000001 -3.867041e-05 -1.1561687882671645 -0.9999289623554073
-7.123835 -3.863705e-05 -1.155171390236562 -0.9990663485329995
-7.154039 -3.887256e-05 -1.162212673515555 -1.005156102169548
-7.184029000000001 -3.853671e-05 -1.1521714226589044 -0.9964717840563689
-7.214270000000001 -3.893148e-05 -1.1639742650012594 -1.006679639532146
-7.243548 -3.836542e-05 -1.1470501903848662 -0.9920426137434123
-7.273428 -3.868016e-05 -1.15646029398654 -1.0001810752081792
-7.303622000000001 -3.875568e-05 -1.1587181926457462 -1.002133850863702
-7.333576 -3.916183e-05 -1.170861274484152 -1.012635967289689
-7.363771 -3.885506e-05 -1.1616894581218036 -1.0047035919209828
-7.393917999999999 -3.870676e-05 -1.1572555813850425 -1.0008688907859986
-7.423890999999999 -3.858058e-05 -1.1534830489059826 -0.9976061626052007
-7.4537889999999996 -3.86464e-05 -1.1554509367469379 -0.9993081182943759
-7.483789 -3.870681e-05 -1.1572570762861674 -1.000870183672423
-7.513474 -3.846724e-05 -1.150094407035824 -0.9946754476582074
-7.543705 -3.896484e-05 -1.1649716630318618 -1.0075422533545537
-7.573465000000001 -3.866992e-05 -1.1561541382361398 -0.9999162920684477
-7.603279000000001 -3.867579e-05 -1.156329639628215 -1.0000680769346806
-7.633317 -3.872453e-05 -1.1577868692448687 -1.001328382621256
-7.663166 -3.876676e-05 -1.159049462735047 -1.0024203544953652
-7.693001000000001 -3.840977e-05 -1.1483761676827446 -0.993189404001919
-7.723288999999999 -3.881031e-05 -1.160351521614925 -1.00354645857108
-7.753127999999999 -3.872484e-05 -1.1577961376318435 -1.0013363985170876
-7.783076 -3.873013e-05 -1.157954298170869 -1.0014731859007968
-7.813159 -3.875183e-05 -1.1586030852591207 -1.0020342986090176
-7.843243 -3.848602e-05 -1.1506558918983756 -0.9951610557992391
-7.872956 -3.857154e-05 -1.153212770782582 -0.9973724087396562
-7.902881000000001 -3.872022e-05 -1.1576580087678934 -1.0012169358114664
-7.9329 -3.887595e-05 -1.1623140278118302 -1.0052437598691273
-7.963043 -3.817581e-05 -1.1413812263386272 -0.9871397298445294
-7.992789 -3.868351e-05 -1.1565604523619155 -1.000267698598619
-8.022706 -3.860927e-05 -1.15434082317151 -0.998348020835563
-8.052919 -3.887521e-05 -1.16229190327518 -1.005224625150045
-8.082835 -3.867118e-05 -1.1561918097444897 -0.9999488728063443
-8.112893 -3.84753e-05 -1.1503353850971747 -0.9948838609498323
-8.142762 -3.854645e-05 -1.152462629398055 -0.9967236383318561
-8.172807 -3.877111e-05 -1.1591795191329222 -1.0025328356142942
-8.202601000000001 -3.873735e-05 -1.1581701618933198 -1.0016598787004907
-8.232280000000001 -3.866842e-05 -1.1561092912023894 -0.9998775054757133
-8.262373 -3.874027e-05 -1.1582574641190198 -1.0017353832676796
-8.292506 -3.882369e-05 -1.160751557155976 -1.003892434978269
-8.322475 -3.864925e-05 -1.155536146111063 -0.9993818128205707
-8.352539 -3.864726e-05 -1.155476649046288 -0.9993303559408768
-8.382603999999999 -3.860312e-05 -1.1541569503331344 -0.9981889958053527
-8.412261 -3.861246e-05 -1.1544361978632853 -0.9984305069894442
-8.442688 -3.858842e-05 -1.1537174494023832 -0.9978088871965579
-8.472456 -3.878798e-05 -1.1596838987724984 -1.002969055493911
-8.502725 -3.831706e-05 -1.1456043220167627 -0.990792133993663
-8.532629 -3.84624e-05 -1.1499497006069237 -0.9945502962523185
-8.562188 -3.907013e-05 -1.168119625820895 -1.0102648135872072
-8.592475 -3.867919e-05 -1.1564312929047154 -1.0001559932115447
-8.62241 -3.865382e-05 -1.1556727800738882 -0.9994999826397675
-8.652204 -3.870016e-05 -1.157058254436542 -1.0006982297779683
-8.681854 -3.843893e-05 -1.1492479940188467 -0.9939434153646711
-8.71215 -3.852757e-05 -1.1518981547332536 -0.9962354444179754
-8.742252 -3.842217e-05 -1.1487469031617457 -0.9935100398351882
-8.772103999999999 -3.876203e-05 -1.1589080450886218 -1.0022980474396102
-8.801993 -3.882929e-05 -1.1609189860819764 -1.0040372382578098
-8.831836 -3.904602e-05 -1.1673987844984182 -1.0096413837533267
-8.861478 -3.889851e-05 -1.162988527199432 -1.0058271102238492
-8.891262000000001 -3.856693e-05 -1.1530749408988568 -0.9972532046113198
-8.921271 -3.864949e-05 -1.155543321636463 -0.9993880186754083
-8.95141 -3.879401e-05 -1.159864183848174 -1.0031249775967024
-8.981465 -3.877164e-05 -1.1591953650848474 -1.0025465402103937
-9.011447 -3.844409e-05 -1.1494022678149474 -0.9940768412436768
-9.041243 -3.840482e-05 -1.1482281724713694 -0.9930614082458964
-9.071196 -3.847275e-05 -1.1502591451397994 -0.9948179237421841
-9.100987 -3.876549e-05 -1.1590114922464718 -1.0023875151801835
-9.130835 -3.881179e-05 -1.1603957706882253 -1.0035847280092447
-9.160789000000001 -3.875858e-05 -1.1588048969109963 -1.0022088382763215
-9.190679 -3.853872e-05 -1.1522315176841296 -0.9965237580906326
-9.22091 -3.864442e-05 -1.1553917386623875 -0.9992569199919668
-9.250881999999999 -3.887969e-05 -1.1624258464159805 -1.0053404677736777
-9.280610000000001 -3.882359e-05 -1.1607485673537261 -1.00388984920542
-9.310539 -3.83543e-05 -1.1467177243746653 -0.9917550758026097
-9.340558000000001 -3.851204e-05 -1.1514338384438274 -0.9958338738945344
-9.370166999999999 -3.875363e-05 -1.1586569016996209 -1.0020808425202987
-9.399882 -3.859757e-05 -1.1539910163082592 -0.9980454854122365
-9.429882 -3.845693e-05 -1.1497861584238485 -0.9944088544774814
-9.459595 -3.857879e-05 -1.1534295314457077 -0.9975598772712048
-9.489716 -3.854913e-05 -1.1525427560983554 -0.9967929370442078
-9.51978 -3.858757e-05 -1.1536920360832583 -0.9977869081273419
-9.549817 -3.860421e-05 -1.1541895391776595 -0.9982171807294062
-9.579863 -3.842379e-05 -1.1487953379581959 -0.9935519293553411
-9.609753000000001 -3.855853e-05 -1.152823797509856 -0.9970359996920085
-9.639591000000001 -3.861558e-05 -1.1545294796934855 -0.9985111831023313
-9.669613 -3.869463e-05 -1.1568929183721164 -1.0005552365394217
-9.699836 -3.902927e-05 -1.1668979926215417 -1.0092082668011284
-9.729899999999999 -3.856605e-05 -1.1530486306390566 -0.9972304498102492
-9.759956 -3.863736e-05 -1.155180658623537 -0.9990743644288312
-9.789732 -3.845452e-05 -1.149714104189623 -0.9943465373518215
-9.81953 -3.86361e-05 -1.155142987115187 -0.9990417836909347
-9.849984000000001 -3.85175e-05 -1.1515970816466778 -0.9959750570920867
-9.879939 -3.856357e-05 -1.1529744835432565 -0.9971663226435954
-9.909539 -3.825643e-05 -1.1437916049125831 -0.9892243799153481
-9.939715 -3.857037e-05 -1.153177790096257 -0.9973421551973235
-9.969679 -3.855764e-05 -1.152797188269831 -0.9970129863136529
-9.991628 -3.873574e-05 -1.1581220260770946 -1.0016182477576225
-9.993409 -3.856935e-05 -1.1531472941133067 -0.9973157803142643
-9.965067999999999 -3.850204e-05 -1.1511348582188268 -0.99557529660964
-9.935503 -3.848362e-05 -1.1505841366443752 -0.9950989972508644
-9.905772 -3.860942e-05 -1.1543453078748849 -0.9983518994948362
-9.876204 -3.883401e-05 -1.161060104748177 -1.00415928673628
-9.846485000000001 -3.851884e-05 -1.151637144996828 -0.9960097064482625
-9.816771000000001 -3.840666e-05 -1.1482831848327697 -0.9931089864663171
-9.786957000000001 -3.88947e-05 -1.1628746157337067 -1.0057285922783044
-9.757254000000001 -3.865435e-05 -1.1556886260258132 -0.9995136872358669
-9.727568 -3.892503e-05 -1.1637814227561338 -1.006512857183389
-9.697161 -3.874175e-05 -1.15830171319232 -1.001773652705844
-9.667188 -3.841787e-05 -1.1486183416649955 -0.9933988516026837
-9.637383 -3.852167e-05 -1.1517217564005031 -0.9960828838198876
-9.607661 -3.863186e-05 -1.1550162194997866 -0.9989321469221394
-9.577633 -3.831093e-05 -1.1454210471388373 -0.9906336261180227
-9.547713 -3.857988e-05 -1.1534621202902324 -0.997588062195258
-9.517567999999999 -3.844925e-05 -1.1495565416110478 -0.9942102671226823
-9.487633 -3.894657e-05 -1.1644254261607856 -1.0070698326550518
-9.457995 -3.851959e-05 -1.1516595685137032 -0.9960290997446297
-9.428180000000001 -3.846861e-05 -1.1501353673266492 -0.9947108727462379
-9.398207000000001 -3.824772e-05 -1.1435311931366074 -0.988999159100205
-9.367947000000001 -3.865888e-05 -1.1558240640677389 -0.9996308227459242
-9.338059999999999 -3.850971e-05 -1.1513641760514024 -0.9957736253871541
-9.308179 -3.871658e-05 -1.157549179965993 -1.0011228136797647
-9.278468 -3.842961e-05 -1.1489693444491464 -0.9937024213351497
-9.248790999999999 -3.873932e-05 -1.1582290609976447 -1.0017108184256147
-9.218457 -3.875802e-05 -1.1587881540183962 -1.0021943579483674
-9.188772 -3.871016e-05 -1.1573572346615426 -1.0009568070628627
-9.158717000000001 -3.8306e-05 -1.145273649887912 -0.9905061475165698
-9.128911 -3.874047e-05 -1.1582634437235197 -1.0017405548133775
-9.099013000000001 -3.880452e-05 -1.1601784120646497 -1.0033967423231263
-9.069096 -3.86281e-05 -1.1549038029351864 -0.998834921863019
-9.038808999999999 -3.845982e-05 -1.1498725637088736 -0.9944835833128158
-9.008984 -3.872384e-05 -1.1577662396093438 -1.0013105407885983
-8.979059999999999 -3.852826e-05 -1.1519187843687786 -0.996253286250633
-8.948938 -3.878391e-05 -1.1595622138209232 -1.002863814538959
-8.919109 -3.857838e-05 -1.1534172732564827 -0.997549275602524
-8.889271 -3.849366e-05 -1.1508843127902761 -0.9953586088448985
-8.85942 -3.858581e-05 -1.153639415563658 -0.9977413985252005
-8.829744 -3.870735e-05 -1.1572732212183172 -1.0008841468458072
-8.799893 -3.906835e-05 -1.1680664073408447 -1.0102187868304957
-8.769994 -3.875382e-05 -1.1586625823238959 -1.0020857554887117
-8.739967 -3.857735e-05 -1.1533864782933072 -0.9975226421421797
-8.709622999999999 -3.857173e-05 -1.153218451406857 -0.9973773217080691
-8.679604999999999 -3.825516e-05 -1.143753634424008 -0.9891915406001666
-8.649809 -3.869653e-05 -1.1569497246148666 -1.0006043662235515
-8.619911 -3.89362e-05 -1.1641153836674596 -1.006801688010616
-8.590189 -3.861634e-05 -1.1545522021905854 -0.9985308349759832
-8.560049999999999 -3.873601e-05 -1.1581300985431695 -1.0016252293443146
-8.529865 -3.856031e-05 -1.1528770159899062 -0.9970820264487198
-8.5001 -3.884946e-05 -1.1615220291958033 -1.004558788641442
-8.470559999999999 -3.854046e-05 -1.1522835402432796 -0.9965687505382043
-8.440198 -3.874415e-05 -1.15837346844632 -1.0018357112542187
-8.410086999999999 -3.865598e-05 -1.1557373598024887 -0.9995558353333048
-8.380087 -3.866802e-05 -1.1560973319933894 -0.9998671623843175
-8.349958 -3.862906e-05 -1.1549325050367865 -0.998859745282369
-8.320316 -3.874656e-05 -1.1584455226805455 -1.0018980283798784
-8.290327 -3.872701e-05 -1.1578610163406688 -1.0013925097879097
-8.260327 -3.864568e-05 -1.1554294101707376 -0.9992895007298633
-8.230263 -3.853993e-05 -1.1522676942913548 -0.996555045942105
-8.200477000000001 -3.896323e-05 -1.1649235272156369 -1.0075006224116858
-8.170634 -3.866208e-05 -1.155919737739739 -0.9997135674770903
-8.140254 -3.839441e-05 -1.1479169340571436 -0.9927922292923212
-8.110144 -3.860841e-05 -1.15431511087216 -0.9983257831890621
-8.080087 -3.856048e-05 -1.1528820986537311 -0.9970864222625629
-8.05042 -3.871993e-05 -1.1576493383413684 -1.0012094370702045
-8.020753 -3.841727e-05 -1.1486004028514953 -0.9933833369655899
-7.990634 -3.889832e-05 -1.1629828465751568 -1.005822197255436
-7.9607079999999995 -3.865538e-05 -1.1557194209889885 -0.999540320696211
-7.930495 -3.890212e-05 -1.1630964590606574 -1.0059204566236961
-7.900742 -3.872105e-05 -1.1576828241265684 -1.0012383977261128
-7.8707910000000005 -3.876503e-05 -1.1589977391561217 -1.0023756206250782
-7.840789 -3.857007e-05 -1.153168820689507 -0.9973343978787768
-7.8108 -3.907763e-05 -1.1683438609896457 -1.010458746550878
-7.780723 -3.865195e-05 -1.155616870771813 -0.9994516286874922
-7.750958 -3.897005e-05 -1.1651274317290872 -1.0076769721199836
-7.720717 -3.865261e-05 -1.1556366034666632 -0.9994686947882953
-7.690475999999999 -3.857903e-05 -1.1534367069711076 -0.997566083126042
-7.660506000000001 -3.868231e-05 -1.1565245747349155 -1.0002366693244318
-7.630587 -3.90035e-05 -1.166127520581715 -1.0085419131379556
-7.600541 -3.860847e-05 -1.15431690475351 -0.9983273346527713
-7.570772 -3.85571e-05 -1.1527810433376806 -0.9969990231402684
-7.5409489999999995 -3.895772e-05 -1.1647587891116615 -1.007358146327709
-7.511235 -3.886702e-05 -1.1620470384709045 -1.0050128503537166
-7.4813469999999995 -3.866304e-05 -1.1559484398413389 -0.9997383908964401
-7.451189 -3.878821e-05 -1.1596907753176735 -1.0029750027714637
-7.421226 -3.879686e-05 -1.159949393212299 -1.0031986721228972
-7.391087000000001 -3.885979e-05 -1.1618308757682292 -1.004825898976738
-7.360995 -3.856902e-05 -1.1531374277658817 -0.9973072472638627
-7.331063 -3.872696e-05 -1.157859521439544 -1.0013912169014854
-7.301162000000001 -3.874765e-05 -1.1584781115250704 -1.0019262133039317
-7.271282 -3.914068e-05 -1.1702289313082754 -1.0120890763321373
-7.241439000000001 -3.874988e-05 -1.1585447841152454 -1.0019838760384632
-7.211716999999999 -3.875283e-05 -1.1586329832816211 -1.0020601563375073
-7.18156 -3.870898e-05 -1.1573219549949925 -1.0009262949432451
-7.1512910000000005 -3.875211e-05 -1.1586114567054207 -1.0020415387729946
-7.120976 -3.864632e-05 -1.1554485449051377 -0.9993060496760967
-7.0910969999999995 -3.904493e-05 -1.167366195653893 -1.0096131988292731
-7.061468 -3.875589e-05 -1.158724471230471 -1.0021392809866847
-7.031439000000001 -3.868354e-05 -1.1565613493025906 -1.0002684743304737
-7.001365 -3.884164e-05 -1.1612882266598525 -1.0043565812046544
-6.971096999999999 -3.879549e-05 -1.159908432921474 -1.0031632470348666
-6.9413 -3.897013e-05 -1.1651298235708873 -1.007679040738263
-6.9114949999999995 -3.870317e-05 -1.157148247484267 -1.0007760615407213
-6.881448000000001 -3.877509e-05 -1.1592985132624725 -1.0026357493736822
-6.851272 -3.855326e-05 -1.1526662349312806 -0.9968997294628692
-6.821298 -3.882541e-05 -1.160802981754676 -1.0039369102712707
-6.79167 -3.877584e-05 -1.1593209367793476 -1.0026551426700492
-6.761661 -3.845745e-05 -1.1498017053955485 -0.9944223004962958
-6.731568 -3.86967e-05 -1.1569548072786915 -1.0006087620373947
-6.7017169999999995 -3.887735e-05 -1.1623558850433302 -1.0052799606890124
-6.671652 -3.836227e-05 -1.146956011613991 -0.9919611618986706
-6.641393 -3.88281e-05 -1.1608834074352017 -1.0040064675609075
-6.611504 -3.881302e-05 -1.1604325452559003 -1.0036165330152866
-6.581393 -3.87848e-05 -1.1595888230609483 -1.0028868279173146
-6.551439 -3.877262e-05 -1.1592246651468971 -1.0025718807843131
-6.521745 -3.884811e-05 -1.161481666865428 -1.004523880707981
-6.491698 -3.859918e-05 -1.1540391521244842 -0.9980871163551044
-6.461475999999999 -3.885161e-05 -1.161586309944178 -1.004614382757694
-6.431504 -3.869952e-05 -1.1570391197021417 -1.000681680831735
-6.401495 -3.877065e-05 -1.1591657660425723 -1.002520941059189
-6.3713370000000005 -3.859834e-05 -1.154014037785584 -0.9980653958631732
-6.34177 -3.840266e-05 -1.1481635927427694 -0.9930055555523593
-6.311634 -3.88903e-05 -1.1627430644347063 -1.0056148182729507
-6.281847 -3.881464e-05 -1.1604809800523506 -1.0036584225354397
-6.251568 -3.883062e-05 -1.1609587504519019 -1.0040716290367009
-6.221495 -3.892856e-05 -1.1638869627755593 -1.0066041349649568
-6.191504 -3.880967e-05 -1.1603323868805249 -1.003529909624847
-6.161541000000001 -3.882404e-05 -1.1607620214638514 -1.0039014851832404
-6.131578 -3.876612e-05 -1.1590303280006469 -1.0024038055491318
-6.101958 -3.862215e-05 -1.154725909701311 -0.9986810683785069
-6.0717929999999996 -3.874668e-05 -1.1584491104432453 -1.001901131307297
-6.041647 -3.86752e-05 -1.15631199979494 -1.0000528208748718
-6.011948 -3.890424e-05 -1.1631598428683574 -1.0059752750080937
-5.9819759999999995 -3.869384e-05 -1.1568692989343414 -1.000534808933915
-5.952087000000001 -3.852114e-05 -1.1517059104485783 -0.9960691792237883
-5.921874 -3.873534e-05 -1.1581100668680944 -1.0016079046662267
-5.891717 -3.853601e-05 -1.1521504940431542 -0.9964536836464262
-5.8616850000000005 -3.876676e-05 -1.159049462735047 -1.0024203544953652
-5.8318639999999995 -3.848278e-05 -1.1505590223054754 -0.9950772767589333
-5.802134 -3.860661e-05 -1.1542612944316597 -0.9982792392777808
-5.771615 -3.869639e-05 -1.1569455388917165 -1.000600746141563
-5.741504 -3.857419e-05 -1.1532920005422072 -0.9974409317201531
-5.711854000000001 -3.868054e-05 -1.1564716552350904 -1.0001909011450054
-5.6822420000000005 -3.840465e-05 -1.1482230898075443 -0.9930570124320531
-5.652310000000001 -3.890407e-05 -1.1631547602045322 -1.0059708791942503
-5.6220680000000005 -3.847783e-05 -1.1504110270941 -0.9949492810029106
-5.591847 -3.853056e-05 -1.1519875498205288 -0.9963127590261588
-5.561817 -3.873654e-05 -1.1581459444950946 -1.0016389339404141
-5.531865 -3.865235e-05 -1.155628829980813 -0.999461971778888
-5.502072 -3.862908e-05 -1.1549331029972363 -0.9988602624369386
-5.472189 -3.870385e-05 -1.157168578139567 -1.0007936447960943
-5.44181 -3.887276e-05 -1.162218653120055 -1.005161273715246
-5.411978 -3.852716e-05 -1.1518858965440286 -0.9962248427492948
-5.382152 -3.854823e-05 -1.1525158478781052 -0.9967696650885672
-5.352015000000001 -3.811196e-05 -1.139472237601997 -0.9854887138804783
-5.32217 -3.880361e-05 -1.1601512048641747 -1.003373211790201
-5.292053 -3.873169e-05 -1.1580009390859691 -1.0015135239572404
-5.262078000000001 -3.852563e-05 -1.1518401525696036 -0.9961852804247059
-5.2318739999999995 -3.847851e-05 -1.1504313577493999 -0.9949668642582833
-5.202043 -3.866186e-05 -1.155913160174789 -0.9997078787768225
-5.172217 -3.857804e-05 -1.1534071079288324 -0.9975404839748375
-5.14167 -3.83872e-05 -1.147701369314918 -0.9926057950699124
-5.111524 -3.849941e-05 -1.1510562264196516 -0.9955072907837127
-5.082232 -3.849023e-05 -1.150781762573101 -0.9952699168361797
-5.051948 -3.874942e-05 -1.1585310310248957 -1.0019719814833583
-5.022109 -3.851532e-05 -1.1515319039576277 -0.9959186872439798
-4.992291 -3.849414e-05 -1.150898663841076 -0.9953710205545733
-4.962241 -3.853536e-05 -1.1521310603285293 -0.9964368761229082
-4.932411 -3.870696e-05 -1.1572615609895425 -1.0008740623316965
-4.902281 -3.853039e-05 -1.1519824671567038 -0.9963083632123156
-4.872393 -3.847591e-05 -1.1503536228908997 -0.9948996341642108
-4.842225999999999 -3.850709e-05 -1.1512858432324522 -0.9957058781385117
-4.812223 -3.883354e-05 -1.161046052677602 -1.00414713360389
-4.78242 -3.8213e-05 -1.1424931337954047 -0.9881013787670516
-4.752466999999999 -3.839608e-05 -1.1479668637547187 -0.9928354116988987
-4.722232 -3.837984e-05 -1.1474813198693175 -0.9924154821882301
-4.692281 -3.861225e-05 -1.15442991927856 -0.9984250768664613
-4.662100000000001 -3.861458e-05 -1.1544995816709853 -0.9984853253738417
-4.632189 -3.876452e-05 -1.1589824911646467 -1.0023624331835488
-4.601865 -3.830067e-05 -1.1451142934279865 -0.990368325823721
-4.572232 -3.850657e-05 -1.1512702962607522 -0.9956924321196972
-4.542031 -3.82982e-05 -1.1450404453124112 -0.990304457234352
-4.512175 -3.876412e-05 -1.1589705319556465 -1.0023520900921528
-4.482365 -3.824341e-05 -1.143402332659632 -0.9888877122904156
-4.452383 -3.862301e-05 -1.154751622000661 -0.9987033060250078
-4.422291 -3.847335e-05 -1.1502770839532996 -0.9948334383792778
-4.3921660000000005 -3.88301e-05 -1.1609432034802016 -1.0040581830178863
-4.361968 -3.841299e-05 -1.1484724393151948 -0.9932726658876551
-4.331967 -3.874754e-05 -1.1584748227425952 -1.0019233689537979
-4.302364 -3.859076e-05 -1.1537874107750337 -0.9978693942812233
-4.272318 -3.83894e-05 -1.1477671449644185 -0.9926626820725893
-4.242355 -3.848516e-05 -1.1506301795990255 -0.9951388181527382
-4.212212999999999 -3.830216e-05 -1.1451588414815115 -0.9904068538391702
-4.182087 -3.834606e-05 -1.1464713646692648 -0.9915420081198567
-4.152087000000001 -3.842989e-05 -1.1489777158954464 -0.9937096614991268
-4.12227 -3.842876e-05 -1.1489439311300211 -0.9936804422659337
-4.092485 -3.851375e-05 -1.1514849640623026 -0.9958780906102513
-4.06167 -3.821407e-05 -1.1425251246794799 -0.9881290465365353
-4.031921 -3.86456e-05 -1.1554270183289377 -0.9992874321115843
-4.002226 -3.823193e-05 -1.1430591033613313 -0.9885908655673568
-3.971985 -3.824153e-05 -1.1433461243773317 -0.9888390997608553
-3.942041 -3.846829e-05 -1.1501257999594492 -0.9947025982731214
-3.911448 -3.855311e-05 -1.1526617502279057 -0.9968958508035958
-3.881578 -3.843976e-05 -1.149272809377522 -0.9939648772793175
-3.851393 -3.810471e-05 -1.1392554769388716 -0.9853012453489299
-3.8217890000000003 -3.809757e-05 -1.1390420050582208 -0.9851166211675152
-3.792208 -3.833211e-05 -1.1460542872553887 -0.991181292807429
-3.762013 -3.848176e-05 -1.1505285263225253 -0.9950509018758741
-3.7321239999999998 -3.811262e-05 -1.1394919702968471 -0.9855057799812814
-3.702133 -3.795813e-05 -1.1348730248008103 -0.9815110195069474
-3.671874 -3.825337e-05 -1.1437001169637329 -0.9891452552661704
-3.6420619999999997 -3.84122e-05 -1.1484488198774199 -0.9932522382821485
-3.611948 -3.844013e-05 -1.149283871645847 -0.9939744446388586
-3.5815960000000002 -3.812872e-05 -1.1399733284590983 -0.9859220894099614
-3.5520810000000003 -3.834614e-05 -1.146473756511065 -0.9915440767381359
-3.522134 -3.806586e-05 -1.1380939387647437 -0.9842966725971152
-3.492133 -3.836905e-05 -1.1471587202065416 -0.9921364772978291
-3.462072 -3.802436e-05 -1.1368531708309904 -0.9832235768648032
-3.4318560000000002 -3.812045e-05 -1.1397260718130227 -0.9857082459953537
-3.4018560000000004 -3.814166e-05 -1.1403602088702494 -0.9862566884166148
-3.3719479999999997 -3.849495e-05 -1.1509228812393013 -0.9953919653146498
-3.342034 -3.815228e-05 -1.1406777258692002 -0.9865312974931727
-3.3118649999999996 -3.818774e-05 -1.141737909747053 -0.9874482125454085
-3.281726 -3.800577e-05 -1.136297366592714 -0.9827428816921846
-3.251704 -3.867457e-05 -1.156293164040765 -1.0000365305059236
-3.221791 -3.80006e-05 -1.1361427938163884 -0.9826091972358939
-3.191958 -3.814065e-05 -1.1403300118675244 -0.9862305721108405
-3.161976 -3.81047e-05 -1.1392551779586466 -0.985300986771645
-3.1318919999999997 -3.79321e-05 -1.1340947792751335 -0.9808379428343674
-3.1020689999999997 -3.822364e-05 -1.1428112487548057 -0.9883765049981793
-3.071958 -3.797862e-05 -1.1354856352818368 -0.982040844363696
-3.0419389999999997 -3.813335e-05 -1.1401117563032737 -0.9860418106928676
-3.011698 -3.814891e-05 -1.1405769695333747 -0.9864441569481631
-2.981883 -3.790925e-05 -1.133411609461007 -0.9802470937383837
-2.951976 -3.814799e-05 -1.1405494633526747 -0.986420367837953
-2.921798 -3.792519e-05 -1.133888183939658 -0.9806592659305053
-2.892087 -3.80825e-05 -1.1385914418591447 -0.9847269451991794
-2.861791 -3.77759e-05 -1.1294247081606215 -0.9767989656443165
-2.831985 -3.790291e-05 -1.1332220559983563 -0.9800831557397606
-2.801633 -3.788728e-05 -1.13275474990668 -0.9796789994434705
-2.7715039999999997 -3.822309e-05 -1.1427948048424308 -0.9883622832475102
-2.741717 -3.770899e-05 -1.1274242314751415 -0.9750688250310879
-2.7117080000000002 -3.809562e-05 -1.138983703914346 -0.985066198596961
-2.681596 -3.789992e-05 -1.133132660911081 -0.9800058411315771
-2.6515500000000003 -3.801027e-05 -1.1364319076939644 -0.982859241470387
-2.621365 -3.764052e-05 -1.1253771138745612 -0.9732983463614158
-2.591581 -3.770811e-05 -1.1273979212153415 -0.9750460702300172
-2.5620529999999997 -3.791733e-05 -1.1336531854828074 -0.9804560241845782
-2.532041 -3.771677e-05 -1.1276568380901921 -0.9752699981587358
-2.501967 -3.77494e-05 -1.1286324105643697 -0.9761137358393464
-2.4718649999999998 -3.771608e-05 -1.1276362084546672 -0.9752521563260781
-2.441987 -3.736905e-05 -1.1172606977064654 -0.9662787488083868
-2.4120410000000003 -3.749845e-05 -1.1211295018179754 -0.9696247388749206
-2.382022 -3.744556e-05 -1.1195481954079467 -0.9682571236151143
-2.351818 -3.736984e-05 -1.1172843171442408 -0.9662991764138936
-2.3217350000000003 -3.747131e-05 -1.1203180694873236 -0.9689229601237174
-2.2916190000000003 -3.747011e-05 -1.1202821918603234 -0.96889193084953
-2.262022 -3.724131e-05 -1.113441524312306 -0.9629756825711456
-2.231995 -3.755503e-05 -1.1228211319310297 -0.9710877691528533
-2.2018829999999996 -3.761735e-05 -1.1246843766932346 -0.9726992227923155
-2.171779 -3.746382e-05 -1.120094133298798 -0.9687292857373314
-2.141883 -3.748142e-05 -1.1206203384947993 -0.9691843817587456
-2.111809 -3.714829e-05 -1.110660410259349 -0.9605703966670577
-2.081854 -3.750697e-05 -1.1213842329696762 -0.9698450467216508
-2.0518829999999997 -3.710287e-05 -1.1093024420773954 -0.9593959386390671
-2.02167 -3.717418e-05 -1.111434470061876 -0.9612398532576494
-1.9913830000000001 -3.730964e-05 -1.1154844561897364 -0.9647425411588293
-1.961661 -3.71222e-05 -1.1098803708523217 -0.9598957685307681
-1.931541 -3.705626e-05 -1.1079088952486669 -0.9581907099141743
-1.901864 -3.704213e-05 -1.1074864361907406 -0.9578253402106184
-1.87193 -3.721111e-05 -1.1125386040328038 -0.9621947791707646
-1.841568 -3.703273e-05 -1.10720539477924 -0.9575822775628177
-1.8119949999999998 -3.696758e-05 -1.10525753861336 -0.9558976465517305
-1.78143 -3.68048e-05 -1.1003907385107976 -0.9516885255082191
-1.751393 -3.668867e-05 -1.0969186811578637 -0.9486856674987402
-1.7212070000000002 -3.697084e-05 -1.1053550061667103 -0.9559819427466062
-1.691373 -3.660201e-05 -1.0943277185280074 -0.9464448367478453
-1.6616330000000001 -3.645875e-05 -1.0900445278246464 -0.9427404585644478
-1.63155 -3.628626e-05 -1.0848874179236083 -0.9382802589773039
-1.601619 -3.627282e-05 -1.0844855885012072 -0.9379327311064057
-1.571874 -3.64388e-05 -1.0894480622757698 -0.9422245968810834
-1.541346 -3.594692e-05 -1.0747418229684325 -0.9295056973916966
-1.5115429999999999 -3.61747e-05 -1.0815519945335 -0.9353955707870217
-1.481624 -3.62539e-05 -1.083919917915506 -0.9374435028833856
-1.451522 -3.607873e-05 -1.0786826813141677 -0.9329140045838901
-1.421628 -3.577794e-05 -1.0696896551263697 -0.9251362584315507
-1.391522 -3.567712e-05 -1.066675336497912 -0.9225292822452452
-1.361675 -3.569767e-05 -1.0672897408602886 -0.9230606585657032
-1.331494 -3.555715e-05 -1.063088470738578 -0.9194271305583668
-1.30159 -3.519285e-05 -1.0521966211418001 -0.910007160069663
-1.271457 -3.546222e-05 -1.0602502514626457 -0.9169724563928641
-1.241571 -3.500993e-05 -1.0467276748660863 -0.9052772643743743
-1.211587 -3.440184e-05 -1.028546986364015 -0.8895534382572294
-1.181836 -3.435035e-05 -1.027007537185486 -0.888222023817308
-1.15167 -3.449244e-05 -1.0312557472025219 -0.8918961484583727
-1.1216 -3.412805e-05 -1.0203612067837193 -0.882473850774105
-1.09155 -3.354297e-05 -1.0028684717793745 -0.8673450109895021
-1.061374 -3.311986e-05 -0.9902183194793677 -0.8564043474883344
-1.031458 -3.251871e-05 -0.9722451232534468 -0.8408599740069062
-1.001624 -3.250748e-05 -0.971909368460771 -0.8405695917159698
-0.9716752000000001 -3.185792e-05 -0.9524888089656216 -0.8237734455983677
-0.9419203 -3.130042e-05 -0.9358206614218293 -0.8093577619655038
-0.9116147 -3.04362e-05 -0.9099821924168136 -0.787010995850358
-0.8819203 -3.02483e-05 -0.9043643539890494 -0.782152328667192
-0.8512999 -2.949291e-05 -0.881779686772717 -0.7626196591435523
-0.8212695 -2.916877e-05 -0.8720885417595422 -0.7542381350309845
-0.7914481 -2.786937e-05 -0.8332390513229434 -0.7206386026318033
-0.7611425 -2.772297e-05 -0.8288619808289324 -0.7168530311809491
-0.7312166 -2.649883e-05 -0.7922626155656893 -0.6851995514278835
-0.7012073 -2.594253e-05 -0.7756303456488971 -0.6708148970692068
-0.671124 -2.506905e-05 -0.7495150209555306 -0.6482286883882489
-0.6414016 -2.42804e-05 -0.7259359455108457 -0.6278359908150504
-0.6115684 -2.322356e-05 -0.6943385194118653 -0.6005085090382684
-0.5814203 -2.217152e-05 -0.6628846038208853 -0.5733051443582357
-0.5512629 -2.116813e-05 -0.6328852270245341 -0.5473597581692143
-0.5214205 -2.036982e-05 -0.6090173366824985 -0.5267172749388078
-0.4914573 -1.954101e-05 -0.5842375566542104 -0.5052861309894733
-0.4613276 -1.887716e-05 -0.564389754417535 -0.48812047793175717
-0.4311703 -1.733198e-05 -0.5181919280108674 -0.44816563302444096
-0.4012073 -1.655519e-05 -0.4949674431130335 -0.4280796081111273
-0.37125060000000004 -1.582155e-05 -0.47303305788607775 -0.40910934418213296
-0.34148500000000004 -1.490119e-05 -0.4455161138979078 -0.38531092518959004
-0.3112318 -1.337056e-05 -0.3997533037186163 -0.3457323102317951
-0.2811795 -1.255008e-05 -0.37522257421775407 -0.32451656116077776
-0.251161 -1.186424e-05 -0.35471731446630184 -0.3067822966535787
-0.220977 -1.103996e-05 -0.33007297247993916 -0.28546828821430137
-0.1914666 -9.766803e-06 -0.2920080958478099 -0.2525473401838687
-0.1611517 -8.956521e-06 -0.26778226638040337 -0.2315952882279866
-0.1311091 -7.822946e-06 -0.23389061552487966 -0.20228361365556724
-0.10123510000000001 -6.941531e-06 -0.20753805002297515 -0.17949222389904562
-0.07111469 -5.918434e-06 -0.17694947289721488 -0.15303725945468286
-0.04114247 -5.037723e-06 -0.15061795560315044 -0.1302640735390178
-0.0110221 -3.881934e-06 -0.11606215007581008 -0.10037799538593399
0.01885754 -3.185944e-06 -0.09525342539598218 -0.08238127493456718
0.04890034 -1.745839e-06 -0.052197133703510215 -0.04514343084827914
0.07865383 -7.149e-07 -0.021374096285304345 -0.01848569009710217
0.1089964 2.038523e-07 0.006094780652092246 0.005271157425348301
0.1388668 1.014622e-06 0.030335191385072128 0.02623582019541474
0.16889089999999998 2.29778e-06 0.06869907814022466 0.059415371368470304
0.19880199999999998 3.292403e-06 0.09843633897331777 0.08513406285182469
0.22866309999999998 4.283479e-06 0.1280675515206031 0.11076103697222701
0.2588761 5.290842e-06 0.15818571316034719 0.13680915591653692
0.2886724 6.040881e-06 0.1806103960582817 0.15620346073502958
0.31880200000000003 7.453983e-06 0.22285935144918415 0.19274306857891724
0.3489502 8.373479e-06 0.250350463545914 0.21651914649404527
0.3789409 9.596656e-06 0.28692103701348953 0.24814772525457565
0.4091168 1.040109e-05 0.31097202284531567 0.26894856121425154
0.43881549999999997 1.169856e-05 0.34976381009848934 0.302498188197448
0.46882979999999996 1.279624e-05 0.38258227143637275 0.3308816996057388
0.49916309999999997 1.426017e-05 0.426350883514909 0.3687356040732878
0.5289851999999999 1.509881e-05 0.45142456110437273 0.3904209294936735
0.5588297999999999 1.657201e-05 0.49547032785148476 0.4285145351043197
0.5892094 1.79529e-05 0.5367562081416147 0.4642212137981054
0.6190796000000001 1.948872e-05 0.5826741890576814 0.5039340303667603
0.6490241999999999 2.064943e-05 0.6173771227537448 0.5339473544017408
0.679023 2.258879e-05 0.675360151669492 0.5840947987250251
0.7090242 2.36291e-05 0.7064633634565463 0.6109948522498768
0.7389593999999999 2.546701e-05 0.761413237989661 0.6585190300179073
0.7693298 2.62491e-05 0.7847961824067452 0.678742100892215
0.7994039000000001 2.725196e-05 0.8147797132511716 0.704673782485137
0.8292494 2.799016e-05 0.8368504334607276 0.7237619576560431
0.859126 2.926092e-05 0.8748436445329243 0.7566209247112866
0.8891173 2.964809e-05 0.8864192619042788 0.766632261450544
0.9188391 3.026935e-05 0.9049937073626759 0.7826966338518947
0.9492186 3.106697e-05 0.9288409680691865 0.8033212752496435
0.9794224 3.188985e-05 0.9534434528240491 0.8245990828690356
1.0091649999999999 3.194784e-05 0.9551772391488287 0.8260985725441385
1.039422 3.240911e-05 0.9689682999874386 0.8380259669644634
1.0689190000000002 3.273087e-05 0.9785882877070631 0.8463459496832263
1.099052 3.30896e-05 0.9893136053185154 0.8556218926242439
1.129413 3.342896e-05 0.999459798234141 0.8643969713644208
1.1595060000000001 3.389175e-05 1.0132963040669514 0.8763636695320499
1.189438 3.418831e-05 1.0221628616195737 0.8840320374928787
1.219071 3.418242e-05 1.0219867622670484 0.8838797354720761
1.249191 3.492747e-05 1.04426228393073 0.9031450360831349
1.279202 3.510695e-05 1.0496283810090437 0.9077859811924199
1.309154 3.50668e-05 1.0484279754056658 0.9067477933935689
1.339487 3.510275e-05 1.0495028093145435 0.9076773787327643
1.369278 3.561446e-05 1.0648019264080573 0.9209090369780968
1.399237 3.544952e-05 1.0598705465768947 0.9166440632410482
1.4295060000000002 3.591855e-05 1.0738936160701054 0.9287721136344511
1.459344 3.572612e-05 1.0681403396004159 0.9237963109412278
1.489191 3.588527e-05 1.0728986098813027 0.9279115684303224
1.5191649999999999 3.594249e-05 1.0746093747287573 0.9293911476544884
1.5492650000000001 3.637948e-05 1.0876745115810653 0.9406907164270897
1.579617 3.612154e-05 1.0799626156573958 0.934020973940523
1.6090799999999998 3.619032e-05 1.082019001644951 0.9357994685060267
1.639524 3.653851e-05 1.0924291940992525 0.9448028709887658
1.6693630000000002 3.649e-05 1.0909788410277739 0.9435485125797428
1.699293 3.645579e-05 1.0899560296780462 0.942663919688119
1.7293669999999999 3.690918e-05 1.1035114940993556 0.9543875552079472
1.7595889999999998 3.690936e-05 1.1035168757434055 0.9543922095990752
1.789228 3.661549e-05 1.0947307438713083 0.946793398927883
1.8195709999999998 3.697376e-05 1.1054423083924105 0.9560574473137953
1.849626 3.679108e-05 1.0999805376420968 0.9513337574733441
1.879627 3.710282e-05 1.1093009471762705 0.9593946457526428
1.909376 3.682243e-05 1.100917840647474 0.952144397261488
1.939867 3.707378e-05 1.1084327086028682 0.9586437373173093
1.969448 3.709158e-05 1.1089648934033696 0.9591040048844215
1.999469 3.707116e-05 1.108354375783918 0.958575990068667
2.029672 3.713325e-05 1.1102107440009477 0.9601814964305765
2.05983 3.71506e-05 1.110729474691324 0.9606301280198684
2.089682 3.756811e-05 1.1232121980653307 0.9714259882414952
2.119663 3.720668e-05 1.1124061557931284 0.9620802294335563
2.149515 3.772584e-05 1.127928013154268 0.975504527756135
2.1794670000000003 3.719216e-05 1.1119720365064272 0.9617047752158895
2.2093760000000002 3.766752e-05 1.1261843604820634 0.9739965050306307
2.239182 3.757349e-05 1.1233730494263814 0.9715651028207686
2.269635 3.74231e-05 1.1188766858225947 0.9676763590332412
2.299487 3.771939e-05 1.1277351709091423 0.9753377454073782
2.329274 3.752058e-05 1.1217911450559022 0.9701969704063921
2.359607 3.755765e-05 1.12289946474998 0.9711555164014957
2.389665 3.766508e-05 1.126111409307163 0.9739334121731164
2.419543 3.782701e-05 1.1309527960906005 0.978120554147412
2.4496170000000004 3.772774e-05 1.1279848193970177 0.9755536574402648
2.479382 3.787338e-05 1.132339167393929 0.9793195770174673
2.509376 3.769979e-05 1.1271491696681408 0.974830933928985
2.539552 3.78581e-05 1.1318823256101278 0.9789244709261486
2.569793 3.754975e-05 1.1226632703722295 0.9709512403464292
2.5996819999999996 3.794131e-05 1.1343701400623591 0.981076092513755
2.629608 3.751918e-05 1.121749287824402 0.9701607695865068
2.659367 3.806812e-05 1.1381615082955938 0.9843551110635013
2.689654 3.777168e-05 1.1292985385056713 0.9766898460300911
2.7197649999999998 3.773616e-05 1.1282365607464684 0.9757713795141459
2.749533 3.785731e-05 1.1318587061723528 0.978904043320642
2.779663 3.784042e-05 1.1313537285723263 0.9784673062864552
2.809561 3.791213e-05 1.133497715765807 0.9803215639964332
2.8398339999999997 3.802364e-05 1.1368316442547903 0.9832049593002908
2.869487 3.791562e-05 1.1336020598643322 0.9804118074688614
2.899459 3.795519e-05 1.13478512461466 0.9814349977851885
2.929478 3.816863e-05 1.1411665585370765 0.9869540713539751
2.9593949999999998 3.804607e-05 1.137502256899467 0.983784948150309
2.989941 3.797481e-05 1.1353717238161118 0.9819423264181515
3.019712 3.797987e-05 1.1355230078099623 0.9820731665243081
3.0497829999999997 3.802438e-05 1.1368537687914404 0.983224094019373
3.0796930000000002 3.824979e-05 1.1435930820431826 0.9890526845981781
3.109802 3.82639e-05 1.1440149431406585 0.9894175371471642
3.139901 3.812396e-05 1.139831013871998 0.9857990066223518
3.169913 3.813763e-05 1.1402397198395742 0.9861524817708024
3.199821 3.815181e-05 1.1406636737986249 0.9865191443607825
3.230098 3.821298e-05 1.1424925358349547 0.9881008616124818
3.259904 3.796034e-05 1.1349390994305355 0.9815681650869091
3.2901170000000004 3.801853e-05 1.1366788653598148 0.9830728263077096
3.320004 3.808107e-05 1.1385486876869697 0.9846899686474395
3.3496819999999996 3.81497e-05 1.14060058897115 0.9864645845536699
3.379848 3.826344e-05 1.1440011900503084 0.989405642592059
3.409904 3.846245e-05 1.1499511955080488 0.994551589138743
3.440015 3.829983e-05 1.1450891790890863 0.9903466053317898
3.470237 3.821256e-05 1.1424799786655047 0.9880900013665163
3.500283 3.844861e-05 1.1495374068766475 0.9941937181764489
3.5303020000000003 3.842481e-05 1.148825833941146 0.9935783042384003
3.5600419999999997 3.83151e-05 1.1455457218926626 0.9907414528458237
3.590145 3.82361e-05 1.1431837781151564 0.9886986922951576
3.620419 3.835294e-05 1.1466770630640655 0.9917199092918642
3.650126 3.862959e-05 1.1549483509887115 0.9988734498784683
3.6803670000000004 3.824648e-05 1.1434941195887074 0.9889670955168781
3.710274 3.823312e-05 1.1430946820081063 0.9886216362642591
3.740154 3.845895e-05 1.1498465524292987 0.99446108708903
3.7702310000000003 3.827003e-05 1.144198218018584 0.9895760450228044
3.7999229999999997 3.864199e-05 1.1553190864677123 0.9991940857117373
3.830015 3.838107e-05 1.1475180944369925 0.9924472871942721
3.860219 3.865753e-05 1.1557837017373636 0.9995959148124633
3.889967 3.825749e-05 1.143823296816433 0.9892517891075467
3.919997 3.859801e-05 1.154004171438159 0.9980568628127717
3.950098 3.810898e-05 1.139383141494947 0.9854116578495798
3.980042 3.840614e-05 1.1482676378610694 0.9930955404475024
4.009978 3.821055e-05 1.1424198836402797 0.9880380273322525
4.04021 3.844909e-05 1.1495517579274477 0.9942061298861239
4.070339 3.831388e-05 1.1455092463052123 0.9907099064170664
4.1004380000000005 3.843874e-05 1.149242313394572 0.9939385023962582
4.130376 3.846599e-05 1.150057034507699 0.9946431254975956
4.160305999999999 3.836779e-05 1.1471210486981918 0.9921038965599325
4.190349 3.846545e-05 1.1500408895755492 0.9946291623242114
4.220052 3.824878e-05 1.1435628850404573 0.9890265682924038
4.250284 3.856869e-05 1.1531275614184568 0.9972987142134613
4.2803059999999995 3.850774e-05 1.151305276947077 0.9957226856620297
4.31008 3.869586e-05 1.1569296929397914 1.0005870415454636
4.340274 3.837398e-05 1.147306117457467 0.992263955899282
4.370367 3.821335e-05 1.1425035981032796 0.9881104289720228
4.400399999999999 3.838509e-05 1.1476382844874429 0.9925512352627996
4.430441 3.847808e-05 1.1504185015997248 0.9949557454350328
4.460256 3.850494e-05 1.151221562484077 0.9956502840222593
4.490432 3.881367e-05 1.1604519789705254 1.0036333405388047
4.520386 3.794434e-05 1.1344607310705344 0.981154441431078
4.550448 3.86867e-05 1.1566558270536906 1.0003501847525003
4.580209 3.852847e-05 1.1519250629535038 0.996258716373616
4.6103119999999995 3.834399e-05 1.1464094757626895 0.9914884826218835
4.640395000000001 3.84747e-05 1.1503174462836747 0.9948683463127386
4.670247000000001 3.838624e-05 1.147672667213318 0.9925809716505625
4.700728 3.832734e-05 1.1459116736880635 0.9910579514425344
4.730551999999999 3.862031e-05 1.1546708973399107 0.9986334901580862
4.760571 3.845636e-05 1.1497691165510233 0.9943941155722422
4.79058 3.834406e-05 1.1464115686242649 0.9914902926628779
4.820671999999999 3.860363e-05 1.1541721983246094 0.9982021832468824
4.850849 3.852046e-05 1.1516855797932781 0.9960515959684155
4.880904 3.876475e-05 1.1589893677098215 1.0023683804611012
4.9107780000000005 3.86053e-05 1.1542221280221847 0.9982453656534598
4.940867 3.853847e-05 1.1522240431785047 0.9965172936585104
4.9705699999999995 3.835048e-05 1.1466035139287152 0.99165629927978
5.000321 3.839205e-05 1.1478463747240435 0.9927312050530862
5.030339 3.862545e-05 1.154824573175561 0.9987663988825219
5.060404 3.845182e-05 1.149633379528873 0.9942767214849002
5.09033 3.856274e-05 1.1529496681845812 0.997144860728949
5.120372000000001 3.876886e-05 1.1591122485822971 1.002474655725193
5.150145 3.870847e-05 1.1573067070035175 1.0009131075017155
5.180626 3.835476e-05 1.1467314774650155 0.9917669703577149
5.210524 3.841716e-05 1.1485971140690203 0.9933804926154561
5.2405990000000005 3.888827e-05 1.162682371449031 1.0055623270841172
5.270459 3.861146e-05 1.154406299840785 0.9984046492609546
5.3003540000000005 3.837635e-05 1.1473769757707921 0.9923252387158019
5.330533999999999 3.856537e-05 1.1530282999837564 0.9972128665548763
5.360562 3.857058e-05 1.153184068680982 0.9973475853203063
5.3906350000000005 3.883535e-05 1.161100168098327 1.0041939360924559
5.420287999999999 3.833521e-05 1.1461469711251389 0.9912614517657462
5.4505799999999995 3.855716e-05 1.152782837219031 0.9970005746039781
5.480932 3.878762e-05 1.1596731354843985 1.0029597467116549
5.510839 3.867157e-05 1.1562034699732646 0.999958957320455
5.540801999999999 3.85741e-05 1.1532893097201822 0.9974386045245891
5.570793 3.84378e-05 1.1492142092534219 0.9939141961314782
5.6006350000000005 3.8498e-05 1.1510140702079266 0.9954708313865427
5.6306080000000005 3.878943e-05 1.1597272509051235 1.0030065492002207
5.6608670000000005 3.868042e-05 1.1564680674723904 1.0001877982175866
5.690805999999999 3.834877e-05 1.1465523883102402 0.9916120825640632
5.720867 3.86526e-05 1.1556363044864384 0.9994684362110104
5.750774000000001 3.883053e-05 1.1609560596298767 1.0040693018411369
5.78074 3.874206e-05 1.158310981579295 1.0017816686016758
5.810849 3.87035e-05 1.157158113831692 1.000784594591123
5.840739999999999 3.883468e-05 1.1610801364232521 1.004176611414368
5.870562 3.857555e-05 1.1533326618528073 0.9974760982308988
5.90096 3.882149e-05 1.1606857815064762 1.0038355479755923
5.930759 3.872861e-05 1.157908853176669 1.001433882153493
5.960904 3.86713e-05 1.1561953975071895 0.9999519757337628
5.991089 3.855288e-05 1.1526548736827307 0.9968899035260432
6.0210420000000004 3.896546e-05 1.164990199805812 1.0075582851462173
6.050802 3.869181e-05 1.1568086059486662 1.0004823177450815
6.080833999999999 3.858879e-05 1.1537285116707083 0.9978184545560991
6.110784 3.859495e-05 1.1539126834893088 0.997977738163594
6.140929 3.869301e-05 1.1568444835756662 1.0005133470192686
6.170747 3.86045e-05 1.1541982096041845 0.9982246794706682
6.200729999999999 3.873844e-05 1.1582027507378447 1.001688063624544
6.230774 3.875418e-05 1.1586733456119958 1.0020950642709678
6.261006 3.884119e-05 1.1612747725497277 1.0043449452268343
6.290812 3.872579e-05 1.1578245407532188 1.0013609633591527
6.320617 3.852029e-05 1.151680497129453 0.9960472001545722
6.3507690000000006 3.874844e-05 1.1585017309628454 1.0019466409094384
6.380756 3.87754e-05 1.1593077816494477 1.002643765269514
6.411042999999999 3.882878e-05 1.1609037380905016 1.0040240508162803
6.440873 3.846008e-05 1.1498803371947237 0.994490306322223
6.470784 3.881824e-05 1.1605886129333507 1.0037515103580015
6.501034 3.879781e-05 1.1599777963336744 1.0032232369649623
6.530988000000001 3.878503e-05 1.1595956996061232 1.002892775194867
6.5609589999999995 3.887733e-05 1.1623552870828802 1.0052794435344425
6.591062 3.855048e-05 1.1525831184287305 0.9968278449776685
6.621042 3.896655e-05 1.1650227886503368 1.0075864700702706
6.650821 3.853429e-05 1.1520990694444542 0.9964092083534244
6.6812 3.881312e-05 1.1604355350581503 1.0036191187881356
6.710854 3.856941e-05 1.1531490879946569 0.9973173317779737
6.74108 3.896369e-05 1.1649372803059868 1.007512516966791
6.770684 3.865018e-05 1.155563951271988 0.9994058605080659
6.800923 3.883604e-05 1.1611207977338522 1.0042117779251136
6.830969 3.863336e-05 1.1550610665335366 0.9989709335148734
6.860741 3.874207e-05 1.15831128055952 1.0017819271789608
6.890849 3.891587e-05 1.1635075568700333 1.0062760003904259
6.920867 3.895886e-05 1.1647928728573116 1.007387624138187
6.951135 3.891179e-05 1.163385572938233 1.006170500858189
6.981203000000001 3.877171e-05 1.1591974579464224 1.0025483502513879
7.010904 3.869176e-05 1.156807111047541 1.0004810248586569
7.041117 3.888547e-05 1.1625986569860307 1.0054899254443466
7.071237 3.87392e-05 1.1582254732349446 1.001707715498196
7.101163 3.868675e-05 1.1566573219548157 1.0003514776389248
7.13108 3.869554e-05 1.1569201255725914 1.000578767072347
7.1611080000000005 3.880554e-05 1.1602089080476001 1.0034231172061858
7.19133 3.883545e-05 1.161103157900577 1.0041965218653048
7.221608 3.857806e-05 1.1534077058892827 0.9975410011294074
7.25146 3.889714e-05 1.1629475669086067 1.0057916851358184
7.281089 3.885223e-05 1.1616048467181286 1.0046304145493579
7.311182 3.871547e-05 1.1575159931610177 1.0010941116011414
7.341144 3.857758e-05 1.1533933548384825 0.9975285894197323
7.371487 3.849679e-05 1.1509778936007014 0.9954395435350705
7.401259 3.890572e-05 1.1632040919416573 1.006013544446258
7.430923 3.888941e-05 1.1627164551946811 1.005591804894595
7.461201 3.818263e-05 1.1415851308520775 0.9873160795528273
7.491321 3.872678e-05 1.157854139795494 1.0013865625103573
7.521004 3.860546e-05 1.1542269117057846 0.998249502890018
7.551071 3.885888e-05 1.161803668567754 1.0048023684438125
7.581052 3.880416e-05 1.16016764877655 1.0033874335408703
7.611172 3.8864e-05 1.1619567464429543 1.0049347600136784
7.641051999999999 3.868706e-05 1.156666590341791 1.0003594935347566
7.671349 3.91688e-05 1.1710696637009774 1.0128161956572603
7.701390999999999 3.876113e-05 1.1588811368683716 1.0022747754839696
7.7313670000000005 3.880494e-05 1.1601909692341 1.0034076025690921
7.76124 3.851241e-05 1.1514449007121526 0.9958434412540755
7.790932 3.892852e-05 1.1638857668546592 1.0066031006558172
7.8209409999999995 3.839751e-05 1.148009617926894 0.9928723882506386
7.851182 3.870705e-05 1.1572642518115674 1.0008763895272605
7.881412999999999 3.861446e-05 1.1544959939082853 0.998482222446423
7.911316 3.903334e-05 1.1670196775731172 1.0093135077560806
7.941126000000001 3.876433e-05 1.1589768105403717 1.0023575202151358
7.971386000000001 3.877374e-05 1.1592581509320974 1.0026008414402214
8.001495 3.872316e-05 1.1577459089540434 1.0012929575332252
8.031488 3.859821e-05 1.154010151042659 0.9980620343584696
8.061201 3.876043e-05 1.1588602082526211 1.0022566750740267
8.091385 3.869398e-05 1.1568734846574913 1.0005384290159034
8.121212 3.869203e-05 1.156815183513616 1.000488006445349
8.151216999999999 3.871691e-05 1.1575590463134182 1.0011313467301666
8.181487 3.90155e-05 1.1664862968517158 1.0088522058798288
8.211737999999999 3.883298e-05 1.1610293097850017 1.0041326532759358
8.241581 3.876091e-05 1.1588745593034215 1.0022690867837019
8.271396000000001 3.885176e-05 1.1615907946475532 1.0046182614169676
8.301683 3.890269e-05 1.1631135009334823 1.005935195528935
8.331628 3.867462e-05 1.1562946589418899 1.000037823392348
8.361246999999999 3.868716e-05 1.156669580144041 1.0003620793076056
8.391371999999999 3.875765e-05 1.1587770917500713 1.0021847905888264
8.42134 3.875456e-05 1.1586847068605461 1.002104890207794
8.451599 3.869624e-05 1.1569410541883416 1.0005968674822896
8.481627 3.873767e-05 1.1581797292605196 1.0016681531736071
8.511728999999999 3.852617e-05 1.1518562975017537 0.9961992435980903
8.541618 3.855573e-05 1.152740083046856 0.9969635980522382
8.571487999999999 3.885347e-05 1.1616419202660286 1.0046624781326847
8.601683000000001 3.864752e-05 1.155484422532138 0.999337078950284
8.63184 3.850432e-05 1.151203025710127 0.9956342522305959
8.661849 3.857304e-05 1.153257617816332 0.9974111953323903
8.691756 3.889096e-05 1.1627627971295564 1.005631884373754
8.721757 3.880743e-05 1.1602654153101248 1.0034719883130305
8.751553 3.856309e-05 1.1529601324924563 0.9971539109339204
8.781868000000001 3.868988e-05 1.1567509027652412 1.0004324123290969
8.811867 3.896347e-05 1.1649307027410367 1.0075068282665232
8.841433 3.842922e-05 1.1489576842203713 0.9936923368210387
8.871664 3.862547e-05 1.1548251711360111 0.9987669160370918
8.901608 3.866448e-05 1.155991492993739 0.9997756260254649
8.931209999999998 3.873839e-05 1.1582012558367198 1.0016867707381196
8.961534 3.879969e-05 1.1600340046159743 1.0032718494945223
8.991479 3.868642e-05 1.1566474556073907 1.0003429445885232
9.021353999999999 3.835648e-05 1.146782902063716 0.9918114456507169
9.051433000000001 3.882794e-05 1.1608786237516013 1.004002330324349
9.081741 3.869965e-05 1.1570430064450667 1.0006850423364386
9.111377000000001 3.875489e-05 1.158694573207971 1.0021134232581954
9.141627 3.877102e-05 1.159176828310897 1.00253050841873
9.171654 3.870102e-05 1.1570839667358919 1.0007204674244692
9.201581000000001 3.859723e-05 1.1539808509806089 0.9980366937845498
9.231663000000001 3.85967e-05 1.153965005028684 0.9980229891884506
9.261673 3.853846e-05 1.1522237441982797 0.9965170350812255
9.291757 3.860975e-05 1.15435517422231 0.9983604325452378
9.321683 3.852811e-05 1.151914299665404 0.9962494075913598
9.351877 3.864422e-05 1.1553857590578875 0.9992517484462687
9.381731 3.879006e-05 1.1597460866592986 1.003022839569169
9.411849 3.864717e-05 1.1554739582242628 0.9993280287453128
9.441785 3.88335e-05 1.161044856756702 1.0041460992947504
9.471770000000001 3.901547e-05 1.166485399911041 1.0088514301479743
9.501267 3.879064e-05 1.1597634275123485 1.0030378370516928
9.531618 3.861334e-05 1.1544625081230853 0.998453261790515
9.561757 3.876098e-05 1.1588766521649965 1.002270896824696
9.591933000000001 3.901007e-05 1.1663239505895402 1.0087117984141312
9.621831 3.882793e-05 1.1608783247713763 1.0040020717470641
9.651636 3.869465e-05 1.1568935163325662 1.0005557536939913
9.681608 3.855068e-05 1.1525890980332305 0.9968330165233665
9.711807 3.885202e-05 1.1615985681334036 1.004624984426375
9.741896 3.882956e-05 1.1609270585480518 1.004044219844502
9.771692 3.863496e-05 1.155108903369537 0.9990123058804568
9.801774 3.851115e-05 1.1514072292038025 0.9958108605161788
9.832044 3.86372e-05 1.1551758749399372 0.9990702271922731
9.861967 3.866359e-05 1.155964883753714 0.9997526126471092
9.891887 3.86249e-05 1.1548081292631858 0.9987521771318526
9.921685 3.84893e-05 1.1507539574121757 0.9952458691486843
9.951488 3.874373e-05 1.1583609112768702 1.0018248510082532
9.981871 3.861617e-05 1.1545471195267607 0.9985264391621401
10.00373 3.840945e-05 1.1483666003155448 0.9931811295288026
