Keff(MJ/m3):-0.033829086557656894 Ms(MA/m):1.1809121334432682
H(kOe) moment(emu) M(MA/m) M_norm()
9.967424000000001 3.736122e-05 1.1939848903206012 1.011070050435688
9.939461 3.642933e-05 1.1642036738763613 0.985851225426748
9.910888000000002 3.660168e-05 1.1697116122104614 0.9905153644241519
9.882202 3.732721e-05 1.1928980032724854 1.010149671165008
9.853238 3.714988e-05 1.1872309147619775 1.0053507633123264
9.823665 3.688524e-05 1.1787735849056602 0.9981890705692282
9.794894000000001 3.713181e-05 1.1866534361098326 1.0048617526266108
9.765924 3.711734e-05 1.186191005777982 1.0044701652097705
9.736257 3.739538e-05 1.1950765710487294 1.011994489009238
9.706874 3.659498e-05 1.1694974945032468 0.9903340488959674
9.677396 3.710489e-05 1.1857931303369635 1.0041332430715768
9.647646 3.647601e-05 1.1656954670961803 0.9871144804798309
9.617915 3.762503e-05 1.2024156951475176 1.018209281702907
9.587805 3.678738e-05 1.1756461880656541 0.9955407813769684
9.558326999999998 3.636525e-05 1.1621558137751187 0.984117091240768
9.528406 3.746725e-05 1.1973733829319426 1.0139394363242566
9.498276 3.659636e-05 1.1695415963593596 0.9903713944823695
9.468761 3.708667e-05 1.1852108580048064 1.0036401730829914
9.438896000000002 3.63814e-05 1.1626719333231068 0.9845541428497502
9.409091 3.677635e-05 1.1752936927954183 0.9952422873059422
9.378776 3.708678e-05 1.1852143733701488 1.003643149905096
9.348790000000001 3.753397e-05 1.1995056118014011 1.0157450142407451
9.319249 3.705232e-05 1.184113105281996 1.0027105927258064
9.289396 3.632271e-05 1.1607963261236385 0.9829658729468917
9.258906000000001 3.642724e-05 1.164136881934857 0.9857946658067621
9.229167 3.70691e-05 1.1846493582860356 1.0031646934068417
9.199035 3.724938e-05 1.1904107225034513 1.0080434342159628
9.168997 3.695176e-05 1.180899422201769 0.9999892360818903
9.139313 3.646971e-05 1.165494132535665 0.9869439897592991
9.109285 3.712685e-05 1.1864949250907602 1.004727525011716
9.079044 3.7167e-05 1.1877780334407115 1.0058140650798668
9.049119000000001 3.748708e-05 1.1980071074295646 1.0144760761636444
9.018989 3.719038e-05 1.188525208365291 1.0064467750871735
8.989146 3.683908e-05 1.1772984097765506 0.9969398877660942
8.958952 3.671143e-05 1.1732189880861073 0.9934854210238915
8.929186 3.731516e-05 1.1925129109781663 1.0098235738344672
8.898942 3.691887e-05 1.1798483279644116 0.9990991662726382
8.869024999999999 3.737705e-05 1.1944907833512297 1.011498442198548
8.839351 3.747e-05 1.1974612670655005 1.0140138568768693
8.809229 3.742177e-05 1.1959199391522215 1.012708655694132
8.778971 3.70521e-05 1.1841060745513114 1.0027046390815975
8.749035 3.740728e-05 1.1954568696630363 1.0123165270369092
8.719252000000001 3.770589e-05 1.2049998082527993 1.0203975165699222
8.689092 3.675129e-05 1.1744928286547014 0.9945641131064938
8.659388000000002 3.734712e-05 1.1935342843994476 1.0106884759659265
8.629091 3.76239e-05 1.2023795827580916 1.0181787016212875
8.598979 3.628232e-05 1.1595055478856673 0.9818728379941493
8.569035 3.660487e-05 1.1698135578053892 0.990601692265183
8.538896000000001 3.738745e-05 1.1948231451654137 1.011779887197521
8.508989 3.665308e-05 1.1713542465613334 0.9919063522075379
8.479035 3.723261e-05 1.1898747890780794 1.0075896041551187
8.449308 3.751293e-05 1.198833218285013 1.015175629358207
8.419258 3.724227e-05 1.1901835020708695 1.007851023259934
8.388962 3.706971e-05 1.1846688525847522 1.0031812012385124
8.35912 3.724836e-05 1.1903781254793677 1.008015830956448
8.329268 3.705492e-05 1.184196195735542 1.0027809539755497
8.299137 3.724538e-05 1.1902828910364573 1.0079351861394346
8.268893 3.722761e-05 1.189714999744337 1.0074542940594586
8.239138 3.710361e-05 1.1857522242675256 1.004098603687088
8.20911 3.71383e-05 1.1868608426650302 1.0050373851307777
8.178747999999999 3.75374e-05 1.199615227284348 1.0158378369663676
8.148921 3.719122e-05 1.18855205297336 1.0064695071832443
8.118998 3.72648e-05 1.190903512808713 1.0084607305509785
8.088711 3.695516e-05 1.1810080789487138 1.0000812469469391
8.05859 3.696366e-05 1.181279720816076 1.0003112741095614
8.028785 3.687329e-05 1.178391688398016 0.9978656794406006
7.998855 3.755666e-05 1.2002307357979238 1.0163590514548504
7.968942 3.640779e-05 1.163515301426599 0.9852683095346443
7.938674 3.758228e-05 1.20104949634402 1.0170523803850129
7.9085529999999995 3.676126e-05 1.1748114485861838 0.99483392143724
7.878912000000001 3.729519e-05 1.191874712379199 1.0092831453124007
7.848924 3.715152e-05 1.1872833256634452 1.0053951450237029
7.8186 3.667442e-05 1.1720362274377458 0.9924838556958151
7.788637 3.687234e-05 1.1783613284246048 0.997839970522425
7.758452 3.683559e-05 1.1771868768215983 0.9968454413193234
7.728331 3.757808e-05 1.2009152733036763 1.0169387199046585
7.698742 3.66058e-05 1.1698432786214652 0.9906268599429758
7.668683 3.731128e-05 1.1923889144551822 1.009718573200235
7.638563 3.689602e-05 1.179118090709209 0.9984807991354714
7.608516 3.74363e-05 1.196384286956077 1.0131018668321203
7.578638 3.701147e-05 1.1828076264253207 1.0016051092442633
7.548794 3.711728e-05 1.1861890883059774 1.0044685414886225
7.5186090000000005 3.696224e-05 1.181234340645293 1.0002728460423937
7.488506999999999 3.658421e-05 1.1691533082783658 0.9900425909499156
7.458742 3.687339e-05 1.1783948841846907 0.9978683856425137
7.428989 3.689616e-05 1.1791225648105534 0.9984845878181497
7.39884 3.670527e-05 1.1730221276269366 0.9933187189860381
7.3688649999999996 3.750662e-05 1.19863156414583 1.0150048680174841
7.33872 3.72716e-05 1.1911208263026023 1.0086447522810762
7.3087290000000005 3.740873e-05 1.1955032085698214 1.0123557669646506
7.278646 3.72315e-05 1.1898393158459886 1.0075595653138822
7.248498 3.618318e-05 1.1563372449762233 0.9791899094174007
7.21878 3.758061e-05 1.2009961267065499 1.0170071868130623
7.188572 3.729311e-05 1.1918082400163623 1.0092268563126061
7.158377000000001 3.796454e-05 1.2132657104872935 1.0273971078184199
7.128507 3.716274e-05 1.1876418929283632 1.0056987808783644
7.098368000000001 3.704854e-05 1.1839923045456868 1.0026082982934874
7.068553 3.684192e-05 1.1773891701181163 0.997016743900429
7.038692 3.693393e-05 1.1803296134376438 0.9995067202807664
7.008294 3.685265e-05 1.1777320780283274 0.9973071193657156
6.978387 3.726971e-05 1.191060425934448 1.0085936050649167
6.94847 3.69047e-05 1.1793954849925856 0.9987156974615373
6.918267 3.763689e-05 1.202794715447154 1.0185302372498124
6.888118 3.715069e-05 1.187256800634044 1.0053726835478236
6.858345999999999 3.743397e-05 1.1963098251265532 1.0130388123275427
6.828535 3.753083e-05 1.1994052640998107 1.0156600395006703
6.7983590000000005 3.722442e-05 1.1896130541494092 1.0073679662184274
6.768516 3.707035e-05 1.1846893056194712 1.0031985209307568
6.738165 3.671861e-05 1.1734484455693612 0.9936797263212593
6.707933 3.682927e-05 1.1769849031037478 0.9966744093584089
6.678165 3.713965e-05 1.1869039857851407 1.005073918856606
6.648317 3.680655e-05 1.1762588203712223 0.9960595602837292
6.618155 3.731297e-05 1.192442923249987 1.009764308012568
6.588127 3.775235e-05 1.2064845707419336 1.0216548179787959
6.5580169999999995 3.683937e-05 1.1773076775579077 0.9969477357516425
6.5280439999999995 3.724677e-05 1.190327312471238 1.0079728023460284
6.498322 3.684534e-05 1.1774984660223962 0.9971092960058606
6.468242 3.764458e-05 1.20304047144245 1.0187383441769378
6.438072 3.724477e-05 1.1902633967377407 1.007918678307764
6.40796 3.734709e-05 1.193533325663445 1.0106876641053526
6.378082 3.705015e-05 1.184043756711152 1.00265186814429
6.347998 3.665372e-05 1.1713746995960523 0.9919236718997824
6.318118999999999 3.710774e-05 1.185884210257197 1.0042103698261031
6.28809 3.750486e-05 1.1985753183003527 1.0149572388638117
6.258183 3.742707e-05 1.1960893158459884 1.0128520843955318
6.228136999999999 3.675158e-05 1.1745020964360586 0.994571961092042
6.198238 3.670866e-05 1.1731304647952139 0.9934104592308957
6.168279999999999 3.731897e-05 1.1926346704504778 1.00992668012736
6.138665 3.659708e-05 1.1695646060234188 0.9903908791361448
6.108433 3.70155e-05 1.1829364166283172 1.0017141691813654
6.078174 3.692922e-05 1.1801790918852584 0.9993792581706546
6.048415 3.646831e-05 1.165449391522217 0.9869061029325141
6.018192 3.718933e-05 1.1884916526052052 1.0064183599670848
5.988192 3.737828e-05 1.1945300915273303 1.0115317284820804
5.958239 3.733721e-05 1.1932175819399702 1.0104202913563283
5.92784 3.663663e-05 1.1708285396533211 0.9914611819928163
5.898213 3.716457e-05 1.1877003758245128 1.005748304373376
5.8681090000000005 3.701841e-05 1.183029414020555 1.0017929196570394
5.83809 3.701226e-05 1.182832873140052 1.0016264882393777
5.808015999999999 3.694247e-05 1.1806025336196755 0.9997378299241537
5.778109000000001 3.696183e-05 1.181221237919926 1.0002617506145497
5.747813 3.680902e-05 1.1763377563020914 0.9961264034709856
5.717957999999999 3.735559e-05 1.1938049675308073 1.010917691267975
5.688007 3.689384e-05 1.179048422559697 0.9984218039337636
5.658072 3.720883e-05 1.1891148310068005 1.006946069340159
5.6276090000000005 3.727747e-05 1.1913084189804162 1.0088036063333814
5.597957999999999 3.753841e-05 1.1996475047297643 1.015865169605691
5.567831 3.666805e-05 1.171832655826558 0.9923114706339442
5.53772 3.739437e-05 1.1950442936033132 1.0119671563699146
5.507874 3.720581e-05 1.18901831824922 1.0068643420423806
5.478015999999999 3.751058e-05 1.198758117298154 1.0151120336132469
5.4479239999999995 3.704245e-05 1.1837976811371886 1.0024434905969735
5.417732 3.755158e-05 1.2000683898348417 1.0162215763976599
5.387933 3.679696e-05 1.1759523444291045 0.9958000355202532
5.357756999999999 3.742799e-05 1.1961187170833971 1.012876981453133
5.327655 3.679377e-05 1.1758503988341769 0.995713707679222
5.297497999999999 3.722913e-05 1.1897635757017948 1.0074954283285393
5.267629 3.732944e-05 1.1929692693153344 1.0102100194676724
5.237822 3.728493e-05 1.1915468246663596 1.0090054889961062
5.207803 3.686217e-05 1.178036316919773 0.9975647497878525
5.177692 3.690677e-05 1.179461637776755 0.9987717158411406
5.147387 3.675306e-05 1.1745493940788465 0.9946120128803576
5.117526 3.689821e-05 1.179188078437388 0.9985400649573705
5.087458 3.670026e-05 1.1728620187145269 0.9931831382701869
5.057701 3.688354e-05 1.178719256532188 0.9981430651367038
5.027674 3.717604e-05 1.188066932556118 1.0060587057328203
4.997831 3.678984e-05 1.1757248044178554 0.9956073539440333
4.967952 3.685602e-05 1.1778397760392698 0.9973983183701906
4.938081 3.697083e-05 1.1815088587206624 1.0005053087867377
4.90811 3.680295e-05 1.176143772050928 0.9959621370148541
4.878081 3.707625e-05 1.1848778570332872 1.0033581868436359
4.847887 3.752363e-05 1.1991751674592217 1.01546519296292
4.817517 3.680722e-05 1.1762802321419437 0.9960776918365477
4.7877849999999995 3.69656e-05 1.181341719077568 1.0003637744266773
4.75797 3.730363e-05 1.1921444367745564 1.009511548753875
4.727822 3.719368e-05 1.188630669325561 1.0065360797503091
4.6979239999999995 3.645475e-05 1.1650160428491076 0.986539141953084
4.6678500000000005 3.734815e-05 1.1935672010021985 1.0107163498456326
4.638025 3.70825e-05 1.1850775937004654 1.003527324463211
4.607774999999999 3.711227e-05 1.1860289793935674 1.0043329607727711
4.57772 3.714004e-05 1.1869164493531728 1.0050844730440676
4.547683 3.718482e-05 1.1883475226261695 1.0062963102607994
4.517683 3.708938e-05 1.1852974638236948 1.0037135111548394
4.4876000000000005 3.734728e-05 1.1935393976581274 1.0106928058889877
4.4575439999999995 3.685483e-05 1.177801746177839 0.9973661145674234
4.427747999999999 3.714691e-05 1.1871359998977349 1.0052703891155046
4.397506999999999 3.703138e-05 1.1834439075522827 1.0021439140451818
4.367534 3.717327e-05 1.1879784092652246 1.0059837439398245
4.337692 3.776643e-05 1.2069345375057523 1.0220358512081749
4.307359 3.727483e-05 1.1912240502122002 1.0087321626028727
4.277654999999999 3.656641e-05 1.1685844582502427 0.9895608870093655
4.247359 3.758763e-05 1.2012204709311243 1.0171971621873692
4.2175720000000005 3.724771e-05 1.1903573528659812 1.0079982406440122
4.187794 3.741107e-05 1.195577989978013 1.0124190920894194
4.15771 3.692515e-05 1.1800490233675922 0.9992691157527872
4.12772 3.723046e-05 1.18980607966457 1.0075314208139847
4.097433 3.716386e-05 1.1876776857391214 1.0057290903397922
4.067201 3.633492e-05 1.1611865316766372 0.9832963002004936
4.03711 3.639184e-05 1.1630055734519609 0.9848366703294884
4.007313 3.675603e-05 1.1746443089430894 0.9946923870771796
3.977535 3.670686e-05 1.1730729406350668 0.9933617475964582
3.947414 3.745741e-05 1.1970589175231374 1.0136731460559973
3.917109 3.650346e-05 1.166572710538426 0.9878573329050048
3.88697 3.620318e-05 1.1569764023111928 0.9797311498000411
3.8570900000000004 3.732901e-05 1.192955527432633 1.0101983827994458
3.827099 3.642177e-05 1.163962072403743 0.98564663656211
3.7972420000000002 3.70132e-05 1.1828629135347954 1.0016519265373618
3.767257 3.72137e-05 1.1892704658178657 1.0070778613733322
3.737303 3.669022e-05 1.1725411617323718 0.9929114355981011
3.70746 3.706883e-05 1.1846407296620136 1.0031573866616763
3.677136 3.704246e-05 1.183798000715856 1.0024437612171646
3.6473679999999997 3.677589e-05 1.1752789921767142 0.9952298387771417
3.617449 3.643475e-05 1.164376885514138 0.9859979015704436
3.587303 3.632607e-05 1.1609037045559134 0.9830568013311755
3.556988 3.661428e-05 1.1701142813314922 0.9908563458652153
3.5268260000000002 3.733781e-05 1.1932367566600195 1.0104365285678076
3.4972849999999998 3.706033e-05 1.1843690877946513 1.0029273594990538
3.466905 3.629183e-05 1.1598094671984454 0.9821301977960949
3.436998 3.653126e-05 1.1674611392340337 0.988609657036875
3.4069209999999996 3.661473e-05 1.1701286623715292 0.990868523773825
3.377025 3.650832e-05 1.1667280257708237 0.9879888543179864
3.347119 3.676147e-05 1.174818159738201 0.9948396044612579
3.3172289999999998 3.703156e-05 1.1834496599682975 1.0021487852086255
3.287081 3.679386e-05 1.1758532750421842 0.9957161432609439
3.257025 3.693936e-05 1.180503144654088 0.9996536670446532
3.226933 3.677141e-05 1.1751358209336809 0.99510860093143
3.196859 3.665734e-05 1.1714903870736821 0.9920216364090405
3.1669490000000002 3.576829e-05 1.143078245640947 0.9679621482997162
3.136775 3.705985e-05 1.1843537480186122 1.0029143697298706
3.106855 3.60023e-05 1.1505567060387585 0.9742949313968006
3.0767480000000003 3.691285e-05 1.179655941606586 0.9989362529174635
3.0466379999999997 3.610022e-05 1.1536860203507695 0.9769448443102082
3.016988 3.674627e-05 1.1743324001636242 0.9944282617704512
2.986785 3.644263e-05 1.164628713504116 0.9862111502812038
2.956563 3.662875e-05 1.1705767116633428 0.9912479332820557
2.9267130000000003 3.698242e-05 1.1818792503962774 1.000818957588478
2.8967289999999997 3.599519e-05 1.1503294856061768 0.974102520440772
2.866959 3.703788e-05 1.183651633686148 1.00231981716954
2.8368960000000003 3.683844e-05 1.1772779567418314 0.9969225680738496
2.8063960000000003 3.724599e-05 1.190302385335174 1.0079516939711053
2.776591 3.64148e-05 1.163739326072506 0.9854580142887598
2.746775 3.639187e-05 1.163006532187963 0.9848374821900623
2.716822 3.6891e-05 1.1789576622181317 0.9983449477994287
2.68677 3.671708e-05 1.173399550033236 0.9936383214319873
2.656748 3.706258e-05 1.1844409929948354 1.002988249042101
2.626507 3.675566e-05 1.1746324845323926 0.9946823741301009
2.596414 3.690544e-05 1.1794191338139794 0.9987357233556949
2.5664789999999997 3.668537e-05 1.1723861660786417 0.9927801848053108
2.536136 3.660063e-05 1.1696780564503757 0.9904869493040633
2.506468 3.728195e-05 1.1914515902234493 1.0089248441790928
2.476886 3.616278e-05 1.1556853044945543 0.9786378442271074
2.446905 3.668474e-05 1.1723660326225902 0.9927631357332577
2.416757 3.596987e-05 1.1495203124201052 0.9734173101163491
2.386655 3.632844e-05 1.1609794447001072 0.9831209383165183
2.356789 3.60898e-05 1.1533530193792503 0.9766628580708525
2.326757 3.675127e-05 1.1744921894973666 0.9945635718661112
2.296646 3.683661e-05 1.1772194738456816 0.996873044578838
2.266732 3.636492e-05 1.1621452676790918 0.9841081607744545
2.236989 3.665377e-05 1.17137629748939 0.9919250250007392
2.206877 3.690314e-05 1.1793456307204582 0.9986734807116914
2.176442 3.66893e-05 1.1725117604949635 0.9928865385404999
2.146544 3.586835e-05 1.1462759497877997 0.9706699739340662
2.116433 3.656592e-05 1.168568798895536 0.9895476266199908
2.0866379999999998 3.634757e-05 1.161590798691006 0.983638634742514
2.0568589999999998 3.613235e-05 1.1547128266093982 0.9778143469849202
2.026775 3.666351e-05 1.1716875671115201 0.992188609067085
1.9968489999999999 3.656947e-05 1.168682249322493 0.9896436967879095
1.966692 3.600113e-05 1.1505193153346627 0.9742632688344162
1.936498 3.565495e-05 1.1394561410236743 0.9648949390512926
1.906655 3.598697e-05 1.1500667919415042 0.9738800706435066
1.8763219999999998 3.642074e-05 1.1639291558009919 0.9856187626824039
1.846412 3.613055e-05 1.1546553024492507 0.9777656353504823
1.816674 3.608123e-05 1.1530791404612157 0.976430936566891
1.7863769999999999 3.652973e-05 1.1674122436979084 0.9885682521476029
1.75677 3.578709e-05 1.1436790535358183 0.9684709142593982
1.726636 3.592605e-05 1.1481199186991868 0.9722314524379839
1.696479 3.675196e-05 1.174514240425423 0.9945822446593122
1.6664700000000001 3.614777e-05 1.1552056169146594 0.9782316433199357
1.636666 3.62183e-05 1.1574596052564297 0.9801403275293173
1.606748 3.648318e-05 1.1659246050007668 0.9873085151570073
1.576627 3.67262e-05 1.1736910057779821 0.9938851270464714
1.546336 3.61803e-05 1.1562452063199877 0.9791119708023006
1.516322 3.589571e-05 1.147150317022038 0.9714103907775183
1.486412 3.598271e-05 1.1499306514291556 0.9737647864420043
1.4563679999999999 3.674999e-05 1.1744512834279286 0.9945289324816222
1.4263309999999998 3.588123e-05 1.1466875671115202 0.9710185327404867
1.3963679999999998 3.532603e-05 1.1289445594927647 0.955993699718388
1.366242 3.568044e-05 1.140270747047093 0.9655847499189679
1.336192 3.54912e-05 1.134223040343611 0.9604635334184242
1.3062660000000001 3.562969e-05 1.1386488853096077 0.9642113524480178
1.276251 3.437209e-05 1.0984586720867207 0.9301781571875868
1.246183 3.447522e-05 1.1017544868844913 0.9329690632206722
1.216242 3.368535e-05 1.0765119266758705 0.9115935861688619
1.186248 3.372842e-05 1.0778883519967275 0.9127591473328782
1.1562750000000002 3.202381e-05 1.023412652758603 0.8666289589002418
1.126109 3.088431e-05 0.9869966635987113 0.8357917880993025
1.09643 3.010406e-05 0.9620615380682108 0.8146766476715424
1.066238 2.891118e-05 0.9239396379812854 0.7823949062893357
1.036451 2.702428e-05 0.8636383392135807 0.7313315823891232
1.00644 2.675317e-05 0.8549742419594007 0.7239947983822408
0.9765254999999999 2.548451e-05 0.8144305747302756 0.6896622971902094
0.9463680000000001 2.469165e-05 0.7890924605000766 0.6682059047011945
0.9161285 2.312687e-05 0.739085429769392 0.6258597984037887
0.8863124 2.289836e-05 0.7317827376386971 0.6196758564119305
0.8560995 2.18061e-05 0.6968764381040037 0.590117095394788
0.8259587 2.069582e-05 0.6613942578105027 0.5600706767928864
0.7965995 1.954179e-05 0.6245139208467556 0.5288402948539589
0.766331 1.843217e-05 0.5890528327453086 0.4988117371846845
0.7363124 1.815314e-05 0.5801356291864805 0.49126062198627635
0.7062754 1.797102e-05 0.5743154624942475 0.48633208706195247
0.6762197999999999 1.599108e-05 0.5110408038042644 0.43275091290169654
0.6463266 1.51364e-05 0.4837270542516745 0.40962154638993986
0.6160439 1.442226e-05 0.4609046632919159 0.39029547604699755
0.5861458 1.334213e-05 0.42638601268088144 0.3610649773219265
0.5561663 1.281919e-05 0.40967396584343196 0.34691316503702685
0.5264976 1.217332e-05 0.389033338446592 0.3294346187402277
0.4959698 1.172068e-05 0.3745679296415605 0.3171852664003092
0.4656921 1.081115e-05 0.34550129109781663 0.29257154813916114
0.4359115 1.052967e-05 0.3365057907654548 0.2849541309938795
0.40603469999999997 9.551668e-06 0.305250933169709 0.2584874221587236
0.3759775 8.508391e-06 0.27191002582195634 0.23025424002472497
0.3461458 8.752934e-06 0.2797250984302295 0.23687206736932703
0.31575689999999995 8.537039e-06 0.2728255547885667 0.2310295127488191
0.28575110000000004 7.807553e-06 0.24951273840568589 0.21128814866027681
0.25593279999999996 6.15471e-06 0.19669140205552998 0.16655887977204797
0.2257569 6.456144e-06 0.20632458966099093 0.17471629244708994
0.1959775 5.925569e-06 0.18936854451091678 0.1603578616461173
0.1659328 5.550773e-06 0.17739086388505393 0.15021512512351193
0.1355069 4.757494e-06 0.15203935930868742 0.1287473936484805
0.10578879999999999 3.386649e-06 0.10823007746586899 0.09164956003144363
0.07600685 3.551303e-06 0.11349206805747301 0.09610542972960762
0.045729080000000005 2.307111e-06 0.07373034591194969 0.06243508202169873
0.01583599 2.105524e-06 0.06728805542772408 0.05697973077093177
-0.01437278 1.464614e-06 0.04680593904995654 0.039635412089027475
-0.044298699999999996 1.902177e-06 0.06078951909802116 0.05147675036649247
-0.07415057 5.992386e-07 0.019150387329344987 0.01621660645784616
-0.1044006 2.329973e-07 0.00744609666615534 0.006305377390309502
-0.1342112 5.560939e-07 0.017771574755841894 0.015049023761000802
-0.16432650000000001 -2.631715e-07 -0.008410399728997289 -0.007121952168002964
-0.1943357 -2.752685e-07 -0.008796994043053636 -0.007449321413443035
-0.2242802 -1.730835e-06 -0.05531379429360331 -0.046839889884373535
-0.25422059999999996 -1.555458e-06 -0.049709119496855345 -0.04209383415505689
-0.2839005 -2.672433e-06 -0.08540525770823744 -0.07232143297504731
-0.3142246 -3.443471e-06 -0.11004598737025105 -0.0931872780825634
-0.3446228 -3.24819e-06 -0.10380522319374136 -0.08790257992444298
-0.3740602 -3.805703e-06 -0.12162214935828602 -0.10299000739679404
-0.404058 -4.579696e-06 -0.14635731451654138 -0.12393582077084525
-0.4340602 -5.254007e-06 -0.16790685560157487 -0.14218403795377824
-0.4641413 -6.029785e-06 -0.19269906555197625 -0.1631781570319801
-0.4941228 -5.515434e-06 -0.17626150483202943 -0.14925878042940538
-0.5244006000000001 -7.0986e-06 -0.22685611290075164 -0.19210244901057236
-0.554558 -7.439501e-06 -0.23775058163317478 -0.2013279183946978
-0.5843809999999999 -8.784526e-06 -0.2807347113565475 -0.2377270106777459
-0.6144839 -9.245216e-06 -0.2954573809889042 -0.25019421227167715
-0.644447 -1.024486e-05 -0.32740387073682053 -0.27724659732488827
-0.6741042 -1.093663e-05 -0.34951136421741574 -0.29596729029984725
-0.7043821 -1.166675e-05 -0.372844441887815 -0.3157258117085192
-0.7344654 -1.224129e-05 -0.39120551464948605 -0.33127402418063123
-0.7644561999999999 -1.409459e-05 -0.45043302909444183 -0.3814280642380079
-0.7944471 -1.439378e-05 -0.4599945032469192 -0.38952474974211754
-0.8245209 -1.530983e-05 -0.4892695070818632 -0.41431491236800644
-0.8542894999999999 -1.627756e-05 -0.5201960934703687 -0.44050364014263826
-0.8845394999999999 -1.662689e-05 -0.5313599350616147 -0.4499572152860275
-0.9144561 -1.787177e-05 -0.571143644219461 -0.4836461816630992
-0.9447523999999999 -1.895072e-05 -0.6056245845477322 -0.5128447472055945
-0.9747617000000001 -1.998628e-05 -0.638718873037787 -0.5408690917379514
-1.004882 -2.095934e-05 -0.6698157948560618 -0.5672020600745569
-1.034632 -2.221852e-05 -0.7100565015084112 -0.6012780133252165
-1.064799 -2.359322e-05 -0.7539889809275451 -0.6384801710260073
-1.094504 -2.469977e-05 -0.7893519583780743 -0.6684256482965464
-1.124632 -2.537506e-05 -0.8109327862146546 -0.6867003591962096
-1.154466 -2.618985e-05 -0.8369717364626477 -0.70875022176479
-1.1844839999999999 -2.723724e-05 -0.8704440865163369 -0.7370947099834787
-1.214586 -2.840321e-05 -0.9077060004090606 -0.7686482124308425
-1.2444659999999999 -2.894653e-05 -0.9250693485708441 -0.7833515486656527
-1.274289 -2.989216e-05 -0.9552896661042081 -0.8089422058174668
-1.304345 -3.022166e-05 -0.9658197831978318 -0.8178591411214681
-1.33441 -3.070056e-05 -0.9811244055836784 -0.8308191420837935
-1.364354 -3.089193e-05 -0.9872401825433347 -0.8359980006850884
-1.394485 -3.096311e-05 -0.9895149434984916 -0.837924275206906
-1.424234 -3.198047e-05 -1.022027598813724 -0.86545609099106
-1.4547059999999998 -3.199874e-05 -1.0226114690392185 -0.865950514080602
-1.4845789999999999 -3.20006e-05 -1.0226709106713707 -0.8660008494361876
-1.514567 -3.279625e-05 -1.0480981873497979 -0.8875327449585809
-1.544521 -3.243332e-05 -1.0364997187707725 -0.8777111263549962
-1.574808 -3.290922e-05 -1.0517084675563735 -0.8905899412599255
-1.604815 -3.318357e-05 -1.0604761082988188 -0.8980144062087959
-1.634598 -3.380088e-05 -1.0802040190213222 -0.9147200612391844
-1.664502 -3.425913e-05 -1.0948487114588126 -0.9271212315064336
-1.694715 -3.407482e-05 -1.0889585570384006 -0.9221334307602107
-1.724919 -3.470952e-05 -1.1092422150636598 -0.9393096943033049
-1.7546169999999999 -3.459107e-05 -1.1054568057473027 -0.936104198137117
-1.784373 -3.470176e-05 -1.1089942220176918 -0.9390996930348405
-1.81454 -3.491857e-05 -1.1159230071074293 -0.9449670094028542
-1.844493 -3.488993e-05 -1.1150077338037532 -0.9441919531749132
-1.87466 -3.570883e-05 -1.1411780308840824 -0.966353040642126
-1.904721 -3.51773e-05 -1.1241914659712633 -0.9519687656128824
-1.934317 -3.623403e-05 -1.1579623025003833 -0.9805660130902641
-1.9645920000000001 -3.581882e-05 -1.1446930766477474 -0.9693295921264571
-1.994626 -3.617834e-05 -1.1561825689011607 -0.9790589292448019
-2.024373 -3.586432e-05 -1.1461471595848034 -0.9705609139969642
-2.054808 -3.611367e-05 -1.1541158536585365 -0.9773088284675339
-2.084753 -3.637153e-05 -1.162356509178299 -0.984287040720917
-2.114617 -3.639856e-05 -1.1632203303165107 -0.9850185270980557
-2.144716 -3.677344e-05 -1.1752006954031804 -0.9951635368302681
-2.174551 -3.683106e-05 -1.1770421076852275 -0.9967228503726552
-2.204808 -3.68088e-05 -1.1763307255714064 -0.9961204498267764
-2.2347620000000004 -3.678293e-05 -1.1755039755586234 -0.9954203553918309
-2.2647399999999998 -3.67144e-05 -1.1733139029503503 -0.9935657952207135
-2.294799 -3.586525e-05 -1.1461768804008794 -0.9705860816747569
-2.324759 -3.65091e-05 -1.1667529529068874 -0.9880099626929094
-2.354753 -3.646995e-05 -1.1655018024236845 -0.9869504846438907
-2.384759 -3.617723e-05 -1.1561470956690698 -0.9790288904035652
-2.41466 -3.596532e-05 -1.1493749041263999 -0.9732941779292985
-2.444827 -3.619681e-05 -1.156772830700005 -0.9795587647381702
-2.4750949999999996 -3.619259e-05 -1.1566379685023265 -0.9794445630174331
-2.504749 -3.623447e-05 -1.1579763639617526 -0.9805779203786821
-2.534456 -3.643251e-05 -1.1643052998926213 -0.9859372826475877
-2.56479 -3.752366e-05 -1.199176126195224 -1.0154660048234936
-2.5946640000000003 -3.747638e-05 -1.197665158255356 -1.0141865125589316
-2.624558 -3.64905e-05 -1.1661585365853657 -0.9875066091370538
-2.654456 -3.65777e-05 -1.1689452625658332 -0.9898664172053662
-2.684568 -3.639528e-05 -1.1631155085135756 -0.9849297636753026
-2.7149099999999997 -3.612843e-05 -1.154587551771744 -0.9777082638699226
-2.744864 -3.704561e-05 -1.1838986679961139 -1.0025290065774306
-2.7745610000000003 -3.61034e-05 -1.1537876463670296 -0.977030901531048
-2.804678 -3.614268e-05 -1.1550429513729097 -0.9780938976425538
-2.834711 -3.686266e-05 -1.1780519762744797 -0.9975780101772271
-2.8646599999999998 -3.665784e-05 -1.1715063660070564 -0.9920351674186065
-2.8946419999999997 -3.716741e-05 -1.1877911361660785 -1.0058251605077109
-2.924716 -3.680154e-05 -1.1760987114588126 -0.995923979567878
-2.9549659999999998 -3.650074e-05 -1.16648578514087 -0.9877837242129657
-2.984824 -3.653172e-05 -1.167475839852738 -0.9886221055656758
-3.014382 -3.679824e-05 -1.1759932504985424 -0.9958346749047421
-3.044829 -3.687041e-05 -1.1782996497417804 -0.9977877408255003
-3.0749 -3.686646e-05 -1.1781734161681239 -0.9976808458499288
-3.104429 -3.62832e-05 -1.159533670808406 -0.9818966525709855
-3.134799 -3.583904e-05 -1.145339264713402 -0.9698767861533067
-3.16529 -3.633851e-05 -1.1613012604182642 -0.9833934528491776
-3.195023 -3.661705e-05 -1.1702028046223858 -0.9909313076582112
-3.22479 -3.683531e-05 -1.1771779286189088 -0.9968378639539663
-3.254818 -3.692845e-05 -1.180154484327862 -0.9993584204159229
-3.28491 -3.715084e-05 -1.1872615943140563 -1.0053767428506932
-3.314743 -3.639924e-05 -1.1632420616658994 -0.9850369292710653
-3.345021 -3.702983e-05 -1.1833943728588225 -1.0021019679155272
-3.3749290000000003 -3.639923e-05 -1.163241742087232 -0.9850366586508741
-3.405049 -3.727198e-05 -1.1911329702919669 -1.0086550358483464
-3.434919 -3.718536e-05 -1.1883647798742139 -1.0063109237511307
-3.464928 -3.686604e-05 -1.1781599938640894 -0.9976694798018935
-3.495142 -3.671078e-05 -1.1731982154727207 -0.9934678307114556
-3.525268 -3.726851e-05 -1.1910220764943498 -1.0085611306419582
-3.554771 -3.751407e-05 -1.1988696502531062 -1.0152064800600176
-3.584815 -3.708558e-05 -1.1851760239300506 -1.0036106754821377
-3.615021 -3.65948e-05 -1.1694917420872322 -0.9903291777325237
-3.6450859999999996 -3.663818e-05 -1.1708780743467813 -0.9915031281224709
-3.675206 -3.660731e-05 -1.1698915350002554 -0.9906677235918653
-3.70504 -3.571827e-05 -1.1414797131461878 -0.9666085061027322
-3.7351739999999998 -3.612917e-05 -1.1546112005931377 -0.9777282897640801
-3.764901 -3.650755e-05 -1.1667034182134273 -0.9879680165632547
-3.794993 -3.656646e-05 -1.1685860561435801 -0.9895622401103222
-3.8250680000000004 -3.663856e-05 -1.1708902183361456 -0.991513411689741
-3.8547399999999996 -3.682827e-05 -1.1769529452369993 -0.9966473473392768
-3.884892 -3.722102e-05 -1.1895043974024646 -1.0072759553533785
-3.914995 -3.680708e-05 -1.1762757580405991 -0.9960739031538693
-3.944845 -3.684693e-05 -1.1775492790305262 -0.9971523246162804
-3.975012 -3.628649e-05 -1.1596388121900085 -0.9819856866139299
-4.004815 -3.683364e-05 -1.177124558981439 -0.9967926703820159
-4.034901 -3.690613e-05 -1.1794411847420359 -0.998754396148896
-4.064845 -3.73427e-05 -1.1933930306284193 -1.0105688618413629
-4.095183 -3.753965e-05 -1.1996871324845322 -1.0158987265094148
-4.125095 -3.741829e-05 -1.1958087257759369 -1.0126144798675525
-4.155216 -3.673437e-05 -1.1739521015493173 -0.9941062237427801
-4.18504 -3.649133e-05 -1.166185061614767 -0.9875290706129335
-4.2152579999999995 -3.702308e-05 -1.1831786572582705 -1.0019192992863861
-4.2451289999999995 -3.635703e-05 -1.1618931201104463 -0.9838946414435028
-4.2754840000000005 -3.644976e-05 -1.1648565730940328 -0.9864041024776151
-4.305278 -3.688284e-05 -1.178696886025464 -0.9981241217233114
-4.33504 -3.657224e-05 -1.1687707726133862 -0.9897186585809051
-4.365381999999999 -3.685152e-05 -1.1776959656389014 -0.9972765392840963
-4.395586000000001 -3.733941e-05 -1.1932878892468168 -1.0104798277984186
-4.425457000000001 -3.715204e-05 -1.1872999437541545 -1.005409217273652
-4.455363999999999 -3.725988e-05 -1.1907462801043103 -1.008327585416849
-4.485032 -3.70883e-05 -1.1852629493276066 -1.0036842841741767
-4.515002000000001 -3.73347e-05 -1.1931373676944315 -1.0103523656883069
-4.545234000000001 -3.694941e-05 -1.1808243212149103 -0.9999256403369301
-4.575216 -3.682999e-05 -1.1770079127678068 -0.996693894012184
-4.605013 -3.56741e-05 -1.1400681341719077 -0.9654131767176708
-4.634966 -3.654923e-05 -1.168035422099504 -0.9890959615206774
-4.665151 -3.697884e-05 -1.181764841233318 -1.0007220755599855
-4.695419 -3.631798e-05 -1.1606451654139183 -0.9828378695963973
-4.725234 -3.719901e-05 -1.1888010047553306 -1.0066803203122827
-4.755098 -3.711503e-05 -1.1861171831057933 -1.0044076519455756
-4.784872999999999 -3.642401e-05 -1.1640336580252595 -0.9857072554849656
-4.815327 -3.687978e-05 -1.1785990949532137 -0.9980413119447673
-4.845318 -3.734197e-05 -1.193369701385693 -1.0105491065673966
-4.87541 -3.646266e-05 -1.1652688295750881 -0.9867532025244183
-4.905279999999999 -3.685478e-05 -1.1778001482845015 -0.9973647614664668
-4.935317 -3.670969e-05 -1.1731633813979647 -0.9934383331106016
-4.965325 -3.713552e-05 -1.1867719997954695 -1.0049621527175907
-4.995002 -3.727362e-05 -1.1911853811934345 -1.008699417559723
-5.024827 -3.7081e-05 -1.1850296569003425 -1.0034867314345128
-5.054855 -3.663709e-05 -1.1708432402720252 -0.9914736305216169
-5.084725000000001 -3.679038e-05 -1.1757420616658993 -0.9956219674343645
-5.114739999999999 -3.718845e-05 -1.1884635296824666 -1.0063945453902485
-5.14478 -3.734884e-05 -1.193589251930255 -1.0107350226388336
-5.174809 -3.678971e-05 -1.175720649895178 -0.995603835881546
-5.204815 -3.688547e-05 -1.1787809352150125 -0.9981952948336287
-5.234716000000001 -3.582496e-05 -1.144889297949583 -0.9694957529239278
-5.264836 -3.711408e-05 -1.1860868231323822 -1.0043819430274001
-5.294586000000001 -3.64142e-05 -1.1637201513524569 -0.9854417770772805
-5.3251040000000005 -3.697264e-05 -1.1815667024594776 -1.0005542910413672
-5.3549750000000005 -3.697244e-05 -1.1815603108861277 -1.0005488786375405
-5.384759 -3.765897e-05 -1.2035003451449606 -1.0191277666322476
-5.41466 -3.710662e-05 -1.1858484174464385 -1.0041800603646753
-5.4448360000000005 -3.69141e-05 -1.1796958889400213 -0.9989700804413784
-5.474994 -3.724217e-05 -1.1901803062841947 -1.0078483170580208
-5.504805999999999 -3.655355e-05 -1.1681734800838575 -0.9892128694433279
-5.53491 -3.671545e-05 -1.173347458710436 -0.9935942103408022
-5.564669 -3.626681e-05 -1.1590098813723986 -0.9814531060774117
-5.594827 -3.667605e-05 -1.1720883187605462 -0.9925279667870006
-5.625132 -3.721293e-05 -1.1892458582604692 -1.0070570236186005
-5.655447000000001 -3.718214e-05 -1.1882618755432837 -1.0062237840495256
-5.685104 -3.692279e-05 -1.1799736028020658 -0.9992052493876357
-5.714711 -3.697925e-05 -1.1817779439586846 -1.0007331709878293
-5.744707 -3.66024e-05 -1.1697346218745206 -0.9905348490779271
-5.774679 -3.736703e-05 -1.1941705655264097 -1.011227280766845
-5.804836 -3.698517e-05 -1.1819671345298357 -1.0008933781410911
-5.834929 -3.610172e-05 -1.1537339571508922 -0.9769854373389062
-5.864770999999999 -3.606984e-05 -1.1527151403589508 -0.9761227001689774
-5.894626000000001 -3.657279e-05 -1.1687883494400981 -0.9897335426914279
-5.92453 -3.732174e-05 -1.1927231937413711 -1.010001641920356
-5.954845000000001 -3.644283e-05 -1.1646351050774657 -0.9862165626850301
-5.984684000000001 -3.658657e-05 -1.169228728843892 -0.9901064573150671
-6.014364 -3.694981e-05 -1.1808371043616093 -0.9999364651445827
-6.044697 -3.70162e-05 -1.182958787135041 -1.001733112594758
-6.07458 -3.700732e-05 -1.1826750012783145 -1.0014928018648654
-6.104567 -3.717885e-05 -1.1881567341616812 -1.0061347500065814
-6.134716 -3.647718e-05 -1.1657328578002761 -0.9871461430422154
-6.1646790000000005 -3.675766e-05 -1.1746964002658893 -0.9947364981683647
-6.194768 -3.693299e-05 -1.1802995730429002 -0.9994812819827823
-6.2245680000000005 -3.730028e-05 -1.1920373779209488 -1.0094208909897826
-6.254532 -3.705224e-05 -1.1841105486526562 -1.002708427764276
-6.284327 -3.706916e-05 -1.1846512757580403 -1.0031663171279896
-6.314253 -3.666872e-05 -1.1718540675972795 -0.9923296021867626
-6.344299 -3.696904e-05 -1.1814516541391828 -1.0004568677724917
-6.37441 -3.704372e-05 -1.183838267627959 -1.002477859361271
-6.404296 -3.664277e-05 -1.1710247609551565 -0.9916273427902867
-6.434411 -3.727843e-05 -1.1913390985324948 -1.008829585871748
-6.464372999999999 -3.66755e-05 -1.1720707419338343 -0.9925130826764779
-6.494327 -3.679982e-05 -1.1760437439280051 -0.9958774328949708
-6.524363999999999 -3.778257e-05 -1.2074503374750727 -1.0224726321969655
-6.5543059999999995 -3.751887e-05 -1.199023048013499 -1.0153363777518514
-6.584270999999999 -3.658561e-05 -1.1691980492918135 -0.9900804777767004
-6.614345 -3.678169e-05 -1.1754643478038553 -0.9953867984881074
-6.6443639999999995 -3.660252e-05 -1.1697384568185305 -0.9905380965202231
-6.674126 -3.723238e-05 -1.1898674387687271 -1.0075833798907183
-6.70404 -3.642682e-05 -1.1641234596308228 -0.9857832997587267
-6.734374 -3.724918e-05 -1.1904043309301016 -1.0080380218121363
-6.764373 -3.67124e-05 -1.173249987216853 -0.9935116711824493
-6.794447 -3.610495e-05 -1.1538371810604897 -0.9770728476607026
-6.824253 -3.6413e-05 -1.1636818019123587 -0.985409302654322
-6.854179 -3.636698e-05 -1.1622111008845937 -0.9841639085338664
-6.884475999999999 -3.720546e-05 -1.189007132995858 -1.006854870335684
-6.914207 -3.628792e-05 -1.1596845119394588 -0.9820243853012887
-6.944271 -3.675767e-05 -1.1746967198445568 -0.9947367687885561
-6.973938 -3.710361e-05 -1.1857522242675256 -1.004098603687088
-7.0040119999999995 -3.748187e-05 -1.1978406069438052 -1.0143350830439666
-7.034262 -3.743704e-05 -1.1964079357774708 -1.013121892726278
-7.064179 -3.745039e-05 -1.196834573298563 -1.0134831706816905
-7.094197 -3.714824e-05 -1.1871785038605103 -1.0053063816009502
-7.124419 -3.708227e-05 -1.185070243391113 -1.0035211001988105
-7.154183 -3.70717e-05 -1.1847324487395816 -1.003235054656585
-7.184159999999999 -3.725296e-05 -1.190525131666411 -1.0081403162444555
-7.214493999999999 -3.685356e-05 -1.1777611596870683 -0.9973317458031257
-7.244089 -3.693906e-05 -1.1804935572940634 -0.9996455484389135
-7.273753 -3.693718e-05 -1.1804334765045763 -0.9995946718429454
-7.303836 -3.631756e-05 -1.1606317431098838 -0.982826503548362
-7.333771 -3.688075e-05 -1.1786300940839594 -0.9980675621033253
-7.364122999999999 -3.659881e-05 -1.1696198931328936 -0.9904376964292432
-7.3941419999999995 -3.701842e-05 -1.1830297335992228 -1.001793190277231
-7.424104000000001 -3.698822e-05 -1.1820646060234188 -1.000975917299444
-7.453787 -3.736949e-05 -1.1942491818786112 -1.01129385333391
-7.483892 -3.723488e-05 -1.1899473334355983 -1.0076510349385484
-7.513770999999999 -3.70478e-05 -1.183968655724293 -1.0025882723993298
-7.543679 -3.665694e-05 -1.1714776039269825 -0.9920108116013875
-7.573707000000001 -3.626406e-05 -1.1589219972388403 -0.9813786855247988
-7.603613999999999 -3.686392e-05 -1.1780922431865826 -0.9976121083213334
-7.633560999999999 -3.645131e-05 -1.164906107787493 -0.9864460486072698
-7.663299 -3.723108e-05 -1.1898258935419541 -1.0075481992658468
-7.693586 -3.716678e-05 -1.187771002710027 -1.0058081114356576
-7.723827 -3.669253e-05 -1.1726149844045608 -0.9929739488622961
-7.7535039999999995 -3.684833e-05 -1.1775940200439738 -0.9971902114430652
-7.783382 -3.72456e-05 -1.1902899217671423 -1.0079411397836437
-7.813872999999999 -3.660263e-05 -1.1697419721838729 -0.9905410733423275
-7.8436840000000005 -3.696249e-05 -1.1812423301119805 -1.000279611547177
-7.873364 -3.647117e-05 -1.1655407910211177 -0.9869835003072318
-7.903586000000001 -3.71873e-05 -1.1884267781357059 -1.0063634240682469
-7.933127000000001 -3.690254e-05 -1.1793264560004089 -0.9986572435002121
-7.963253 -3.697403e-05 -1.1816111238942577 -1.0005919072479603
-7.993457 -3.664823e-05 -1.1711992509076032 -0.9917751014147477
-8.023521 -3.654096e-05 -1.167771130541494 -0.9888721586224556
-8.053457 -3.655944e-05 -1.1683617119190057 -0.9893722647360153
-8.083355 -3.690832e-05 -1.1795111724702152 -0.9988136619707952
-8.113089 -3.690788e-05 -1.179497111008846 -0.9988017546823772
-8.143012 -3.684489e-05 -1.1774840849823593 -0.9970971180972512
-8.172854000000001 -3.640348e-05 -1.163377563020913 -0.9851516722321852
-8.203237999999999 -3.64264e-05 -1.164110037326788 -0.985771933710691
-8.232956 -3.687085e-05 -1.1783137112031496 -0.9977996481139185
-8.262659 -3.641171e-05 -1.1636405762642532 -0.9853743926496419
-8.29316 -3.696966e-05 -1.1814714680165666 -1.0004736462243533
-8.323032 -3.680203e-05 -1.1761143708135193 -0.9959372399572527
-8.352780000000001 -3.688319e-05 -1.1787080712788258 -0.9981335934300075
-8.382862999999999 -3.695319e-05 -1.1809451219512195 -1.0000279347692493
-8.412711999999999 -3.691616e-05 -1.1797617221455232 -0.9990258282007903
-8.442669 -3.675683e-05 -1.1746698752364881 -0.9947140366924854
-8.472753 -3.684459e-05 -1.1774744976223346 -0.9970889994915115
-8.502947 -3.634472e-05 -1.1614997187707725 -0.9835615079879876
-8.532825 -3.638797e-05 -1.1628818965076444 -0.9847319403154476
-8.562493 -3.698697e-05 -1.182024658689983 -1.0009420897755288
-8.592632 -3.679379e-05 -1.175851037991512 -0.9957142489196048
-8.622798000000001 -3.709692e-05 -1.1855384261389783 -1.0039175587790947
-8.652588 -3.641184e-05 -1.1636447307869302 -0.9853779107121288
-8.682077 -3.68018e-05 -1.1761070205041673 -0.9959310156928523
-8.712196 -3.711735e-05 -1.1861913253566496 -1.0044704358299619
-8.74242 -3.716661e-05 -1.1877655698726797 -1.0058035108924053
-8.772594999999999 -3.652597e-05 -1.1672920821189343 -0.9884664989556666
-8.802192 -3.624082e-05 -1.1581792964156057 -0.9807497642001706
-8.831993 -3.752267e-05 -1.199144487907143 -1.015439213424553
-8.861809 -3.669541e-05 -1.1727070230607968 -0.9930518874773966
-8.891771 -3.699387e-05 -1.1822451679705475 -1.0011288177075397
-8.921975 -3.674878e-05 -1.174412614409163 -0.9944961874384725
-8.951836 -3.698458e-05 -1.181948279388454 -1.0008774115498031
-8.981966 -3.68922e-05 -1.1789960116582296 -0.9983774222223871
-9.011928 -3.605575e-05 -1.1522648540164646 -0.9757413963194072
-9.041711 -3.664352e-05 -1.1710487293552179 -0.9916476393046356
-9.071512 -3.626155e-05 -1.1588417829933015 -0.9813107598567774
-9.101346 -3.691212e-05 -1.1796326123638594 -0.998916497643497
-9.131362999999999 -3.650219e-05 -1.1665321240476554 -0.987822964140707
-9.161363999999999 -3.688604e-05 -1.178799151199059 -0.9982107201845337
-9.191243 -3.689288e-05 -1.1790177430076187 -0.9983958243953969
-9.221268 -3.648904e-05 -1.166111878099913 -0.987467098589121
-9.2509 -3.710139e-05 -1.185681277803344 -1.004038526004615
-9.280882 -3.715661e-05 -1.1874459912051951 -1.005532890701085
-9.310872 -3.717429e-05 -1.1880110062893081 -1.0060113471993393
-9.340616 -3.716337e-05 -1.1876620263844146 -1.0057158299504176
-9.370725 -3.72011e-05 -1.1888677966968348 -1.0067368799322687
-9.400595 -3.678352e-05 -1.175522830700005 -0.9954363219831189
-9.430333000000001 -3.706179e-05 -1.184415746280104 -1.0029668700469865
-9.459845 -3.673204e-05 -1.1738776397197934 -0.9940431692382026
-9.489984 -3.706961e-05 -1.1846656567980773 -1.0031784950365992
-9.52016 -3.644066e-05 -1.1645657565066216 -0.9861578381035139
-9.550077 -3.697362e-05 -1.181598021168891 -1.0005808118201165
-9.580041 -3.698852e-05 -1.182074193383443 -1.0009840359051834
-9.610003 -3.710645e-05 -1.1858429846090912 -1.0041754598214228
-9.639873 -3.676381e-05 -1.1748929411463926 -0.9949029295860268
-9.670169 -3.688611e-05 -1.1788013882497315 -0.9982126145258731
-9.700220999999999 -3.722459e-05 -1.1896184869867565 -1.00737256676168
-9.730225 -3.687999e-05 -1.1786058061052307 -0.9980469949687849
-9.760178 -3.654558e-05 -1.167918775885872 -0.9889971851508457
-9.790066999999999 -3.708922e-05 -1.1852923505650148 -1.003709181231778
-9.820226 -3.704496e-05 -1.1838778953827274 -1.0025114162649948
-9.850164000000001 -3.615012e-05 -1.1552807179015185 -0.9782952390648961
-9.880215 -3.751857e-05 -1.1990134606534744 -1.0153282591461117
-9.910013999999999 -3.681859e-05 -1.176643593086874 -0.9963853869940789
-9.939929 -3.697797e-05 -1.1817370378892467 -1.0006985316033405
-9.97016 -3.690059e-05 -1.1792641381602496 -0.9986044725629049
-9.992127 -3.727817e-05 -1.1913307894871403 -1.0088225497467738
-9.993853999999999 -3.701674e-05 -1.182976044383085 -1.0017477260850889
-9.96518 -3.713406e-05 -1.1867253413100167 -1.004922642169658
-9.9357 -3.694556e-05 -1.1807012834279285 -0.9998214515632717
-9.90618 -3.725759e-05 -1.1906730965894563 -1.0082656133930366
-9.876605999999999 -3.690494e-05 -1.1794031548806054 -0.9987221923461291
-9.846819 -3.631613e-05 -1.1605860433604334 -0.982787804861003
-9.817041 -3.643291e-05 -1.164318083039321 -0.9859481074552408
-9.787144 -3.704819e-05 -1.1839811192923249 -1.0025988265867911
-9.757431 -3.705372e-05 -1.1841578462954438 -1.0027484795525912
-9.727551 -3.674564e-05 -1.1743122667075727 -0.9944112126983979
-9.697588 -3.711859e-05 -1.186230953111418 -1.0045039927336856
-9.667606 -3.654976e-05 -1.1680523597688806 -0.9891103043908173
-9.637671000000001 -3.715822e-05 -1.18749744337066 -1.0055764605518875
-9.607588 -3.754141e-05 -1.1997433783300095 -1.0159463556630872
-9.577912 -3.687827e-05 -1.1785508385744232 -0.998000448295878
-9.547898 -3.749066e-05 -1.1981215165925243 -1.014572958192137
-9.517995 -3.761115e-05 -1.2019721199570486 -1.0178336608773544
-9.487955 -3.734152e-05 -1.1933553203456564 -1.0105369286587873
-9.458152 -3.773712e-05 -1.2059978524313544 -1.0212426634274152
-9.428134 -3.694887e-05 -1.180807063966866 -0.9999110268465988
-9.398351 -3.712929e-05 -1.1865729022856266 -1.0047935563383983
-9.368661 -3.650848e-05 -1.1667331390295035 -0.9879931842410477
-9.338754000000002 -3.709388e-05 -1.185441274224063 -1.0038352902409333
-9.308781999999999 -3.637061e-05 -1.1623271079408908 -0.9842621436633158
-9.278818 -3.726262e-05 -1.190833844659201 -1.0084017353492707
-9.248717000000001 -3.684431e-05 -1.177465549419645 -0.9970814221261547
-9.218936 -3.743727e-05 -1.1964152860868231 -1.0131281169906783
-9.188949000000001 -3.713274e-05 -1.1866831569259089 -1.0048869203044037
-9.159104 -3.672842e-05 -1.1737619522421638 -0.9939452047289445
-9.129394 -3.720957e-05 -1.1891384798281945 -1.006966095234317
-9.099291 -3.754977e-05 -1.2000105460960269 -1.0161725941430308
-9.069502 -3.599979e-05 -1.1504764917932198 -0.9742270057287793
-9.039662 -3.750345e-05 -1.1985302577082373 -1.0149190814168356
-9.009411 -3.603849e-05 -1.151713261236386 -0.9752743058691885
-8.979745000000001 -3.71227e-05 -1.1863622999437542 -1.0046152176323182
-8.949588 -3.703661e-05 -1.1836110471953776 -1.0022854484052424
-8.919662 -3.652772e-05 -1.1673480083857442 -0.9885138574891477
-8.889504 -3.667215e-05 -1.171963683080227 -0.9924224249123856
-8.859662 -3.656701e-05 -1.1686036329702918 -0.9895771242208447
-8.829818999999999 -3.623121e-05 -1.1578721813161525 -0.9804896981963117
-8.799828 -3.740908e-05 -1.1955143938231834 -1.0123652386713466
-8.770114 -3.665755e-05 -1.1714970982256991 -0.9920273194330581
-8.74006 -3.708657e-05 -1.1852076622181316 -1.0036374668810784
-8.710218000000001 -3.698836e-05 -1.1820690801247633 -1.0009797059821222
-8.680263 -3.674846e-05 -1.1744023878918033 -0.9944875275923502
-8.650208000000001 -3.675425e-05 -1.174587423940277 -0.9946442166831245
-8.620331 -3.729238e-05 -1.191784910773636 -1.0092071010386399
-8.590486 -3.734678e-05 -1.1935234187247532 -1.0106792748794216
-8.560332 -3.679812e-05 -1.1759894155545327 -0.9958314274624465
-8.530365 -3.722471e-05 -1.1896223219307662 -1.0073758142039757
-8.500523 -3.675427e-05 -1.174588063097612 -0.9946447579235072
-8.470422000000001 -3.715758e-05 -1.1874769903359408 -1.005559140859643
-8.440290999999998 -3.652289e-05 -1.167193651889349 -0.98838314793674
-8.410069 -3.712285e-05 -1.1863670936237662 -1.004619276935188
-8.380455 -3.70596e-05 -1.184345758551925 -1.0029076042250875
-8.350829 -3.655838e-05 -1.1683278365802523 -0.9893435789957353
-8.320855 -3.742942e-05 -1.1961644168328474 -1.012915680140492
-8.290606 -3.69575e-05 -1.1810828603569052 -1.0001445720717081
-8.260375 -3.638221e-05 -1.162697819195173 -0.9845760630852471
-8.230813 -3.697542e-05 -1.181655545329038 -1.000629523454554
-8.200698000000001 -3.678305e-05 -1.1755078105026333 -0.9954236028341269
-8.170586 -3.738999e-05 -1.194904318146955 -1.0118486247261163
-8.140744 -3.690365e-05 -1.1793619292324997 -0.9986872823414487
-8.110578 -3.690613e-05 -1.1794411847420359 -0.998754396148896
-8.080541 -3.676836e-05 -1.175038349440098 -0.9950260617730774
-8.050614 -3.610306e-05 -1.153776780692335 -0.9770217004445431
-8.020831 -3.731451e-05 -1.1924921383647797 -1.0098059835220312
-7.990939 -3.694527e-05 -1.1806920156465714 -0.9998136035777235
-7.961124 -3.722667e-05 -1.1896849593495933 -1.0074288557614746
-7.9309579999999995 -3.734842e-05 -1.1935758296262207 -1.0107236565907982
-7.900818 -3.73266e-05 -1.192878508973769 -1.0101331633333375
-7.870976 -3.689998e-05 -1.179244643861533 -0.9985879647312342
-7.84101 -3.671131e-05 -1.1732151531420976 -0.9934821735815957
-7.811001 -3.699636e-05 -1.1823247430587511 -1.0011962021351786
-7.781217 -3.765074e-05 -1.2032373319016207 -1.018905046214791
-7.750939000000001 -3.659117e-05 -1.1693757350309353 -0.9902309426030745
-7.721124 -3.718359e-05 -1.1883082144500687 -1.006263023977267
-7.691374 -3.699025e-05 -1.1821294804929179 -1.001030853198282
-7.660966 -3.722568e-05 -1.1896533210615123 -1.0074020643625337
-7.631004 -3.669747e-05 -1.1727728562662982 -0.9931076352368083
-7.600948000000001 -3.667543e-05 -1.172068504883162 -0.9925111883351386
-7.571087 -3.685278e-05 -1.1777362325510046 -0.9973106374282027
-7.541275 -3.68505e-05 -1.1776633686148181 -0.9972489360245818
-7.511463 -3.729296e-05 -1.19180344633635 -1.0092227970097363
-7.481939000000001 -3.699654e-05 -1.182330495474766 -1.0012010732986223
-7.451587000000001 -3.688293e-05 -1.1786997622334714 -0.9981265573050333
-7.421689000000001 -3.648381e-05 -1.1659447384568185 -0.9873255642290606
-7.3918 -3.712481e-05 -1.1864297310425933 -1.004672318492687
-7.361632999999999 -3.719043e-05 -1.1885268062586285 -1.0064481281881301
-7.331495 -3.69423e-05 -1.1805971007823284 -0.9997332293809014
-7.301708 -3.656487e-05 -1.1685352431354499 -0.9895192114999021
-7.271772 -3.638761e-05 -1.1628703916756147 -0.98472219798856
-7.241822 -3.666781e-05 -1.1718249859385388 -0.9923049757493527
-7.2119480000000005 -3.633713e-05 -1.1612571585621516 -0.9833561072627756
-7.18168 -3.686619e-05 -1.1781647875441017 -0.9976735391047632
-7.151309 -3.685493e-05 -1.177804941964514 -0.9973688207693368
-7.12142 -3.666364e-05 -1.1716917216341973 -0.9921921271295722
-7.091513 -3.7199e-05 -1.1888006851766628 -1.0066800496920913
-7.061615 -3.705701e-05 -1.1842629876770465 -1.0028375135955356
-7.031439000000001 -3.736551e-05 -1.194121989568952 -1.0111861464977645
-7.0015410000000005 -3.733351e-05 -1.1930993378330008 -1.0103201618855397
-6.971728 -3.632304e-05 -1.1608068722196656 -0.9829748034132054
-6.941893 -3.653703e-05 -1.1676455361251725 -0.9887658048872668
-6.9115590000000005 -3.68176e-05 -1.176611954798793 -0.9963585955951381
-6.881803 -3.676978e-05 -1.175083729610881 -0.995064489840245
-6.851643 -3.689443e-05 -1.1790672777010789 -0.9984377705250516
-6.821632999999999 -3.696236e-05 -1.1812381755893029 -1.0002760934846897
-6.791698 -3.683122e-05 -1.1770472209439073 -0.9967271802957163
-6.761708 -3.666286e-05 -1.1716667944981336 -0.9921710187546492
-6.7318370000000005 -3.780445e-05 -1.2081495755995293 -1.023064749175574
-6.701604000000001 -3.703441e-05 -1.183540739888531 -1.002225911963152
-6.671791 -3.649661e-05 -1.166353799151199 -0.9876719580739504
-6.641781 -3.693887e-05 -1.1804874852993812 -0.9996404066552785
-6.612013 -3.792689e-05 -1.2120624968042133 -1.026378222798099
-6.5815969999999995 -3.753336e-05 -1.1994861175026843 -1.0157285064090742
-6.551558 -3.735217e-05 -1.1936956716265277 -1.0108251391625434
-6.521624 -3.694154e-05 -1.1805728128035997 -0.999712662246361
-6.49181 -3.650461e-05 -1.1666094620851866 -0.9878884542270064
-6.461822 -3.73852e-05 -1.1947512399652298 -1.011718997654474
-6.431948 -3.735325e-05 -1.1937301861226157 -1.010854366143206
-6.401865 -3.653873e-05 -1.1676998644986447 -0.988811810319791
-6.371985 -3.728101e-05 -1.1914215498287055 -1.0088994058811085
-6.341448000000001 -3.725115e-05 -1.1904672879275964 -1.0080913339898265
-6.311559 -3.769938e-05 -1.2047917625402667 -1.0202213428253726
-6.2818689999999995 -3.661783e-05 -1.1702277317584497 -0.9909524160331342
-6.252143 -3.713847e-05 -1.1868662755023778 -1.0050419856740302
-6.222152 -3.764844e-05 -1.2031638288080992 -1.0188428035707875
-6.192095999999999 -3.679874e-05 -1.1760092294319167 -0.9958482059143082
-6.162476 -3.74194e-05 -1.1958441990080277 -1.0126445187087891
-6.131958 -3.747366e-05 -1.1975782328578 -1.0141129038668926
-6.10201 -3.669436e-05 -1.1726734673007106 -0.9930234723573078
-6.072346 -3.684088e-05 -1.1773559339366977 -0.9969885994005316
-6.0420039999999995 -3.676345e-05 -1.174881436314363 -0.9948931872591391
-6.012039 -3.75491e-05 -1.1999891343253055 -1.0161544625902126
-5.982198 -3.63033e-05 -1.1601760239300507 -0.9824405991555394
-5.9521049999999995 -3.687399e-05 -1.1784140589047398 -0.997884622853993
-5.922076 -3.670679e-05 -1.1730707035843941 -0.9933598532551188
-5.892188 -3.712861e-05 -1.1865511709362377 -1.0047751541653884
-5.862226 -3.650086e-05 -1.16648962008488 -0.9877869716552615
-5.832293 -3.654879e-05 -1.1680213606381344 -0.9890840542322592
-5.80218 -3.673124e-05 -1.1738520734263946 -0.9940215196228968
-5.77205 -3.695875e-05 -1.181122807690341 -1.0001783995956233
-5.742114 -3.720267e-05 -1.1889179705476298 -1.006779367302306
-5.712254 -3.766877e-05 -1.203813532239096 -1.0193929744197414
-5.68217 -3.672835e-05 -1.1737597151914916 -0.9939433103876053
-5.652388 -3.697121e-05 -1.1815210027100267 -1.0005155923540079
-5.622282 -3.696484e-05 -1.181317431098839 -1.000343207292137
-5.59217 -3.722051e-05 -1.1894880988904228 -1.0072621537236213
-5.562022 -3.633569e-05 -1.1612111392340336 -0.9833171379552254
-5.532256 -3.758223e-05 -1.2010478984506827 -1.0170510272840565
-5.502495 -3.663612e-05 -1.1708122411412791 -0.9914473803630588
-5.47255 -3.692608e-05 -1.180078744183668 -0.9992942834305799
-5.442439 -3.632279e-05 -1.1607988827529785 -0.9829680379084225
-5.411975999999999 -3.694408e-05 -1.1806539857851408 -0.9997813997749564
-5.382254 -3.634141e-05 -1.161393938231835 -0.9834719327046605
-5.35252 -3.640701e-05 -1.1634903742905354 -0.9852472011597213
-5.322337 -3.73367e-05 -1.1932012834279284 -1.010406489726571
-5.292001 -3.712673e-05 -1.1864910901467505 -1.0047242775694203
-5.262161 -3.724814e-05 -1.1903710947486834 -1.0080098773122392
-5.232254 -3.758934e-05 -1.2012751188832642 -1.017243438240085
-5.202312 -3.608914e-05 -1.1533319271871965 -0.9766449971382255
-5.172281 -3.65883e-05 -1.1692840159533668 -0.9901532746081655
-5.142068 -3.6059e-05 -1.1523687170833972 -0.9758293478815862
-5.111975999999999 -3.630386e-05 -1.1601939203354297 -0.9824557538862533
-5.0821890000000005 -3.710628e-05 -1.185837551771744 -1.0041708592781704
-5.0523370000000005 -3.751046e-05 -1.1987542823541444 -1.0151087861709513
-5.0222809999999996 -3.724215e-05 -1.1901796671268599 -1.0078477758176383
-4.992439 -3.652605e-05 -1.167294638748274 -0.9884686639171971
-4.962531 -3.647116e-05 -1.16554047144245 -0.9869832296870404
-4.932576 -3.732025e-05 -1.192675576519916 -1.009961319511849
-4.902864999999999 -3.699043e-05 -1.1821352329089327 -1.0010357243617256
-4.872652 -3.715761e-05 -1.1874779490719434 -1.005559952720217
-4.842439000000001 -3.689057e-05 -1.1789439203354297 -0.9983333111312019
-4.8125290000000005 -3.711531e-05 -1.1861261313084828 -1.0044152293109325
-4.7827079999999995 -3.648027e-05 -1.1658316076085289 -0.9872297646813333
-4.752707 -3.673863e-05 -1.1740882420616658 -0.9942215079442824
-4.722734999999999 -3.684956e-05 -1.1776333282200744 -0.9972234977265976
-4.6923829999999995 -3.713058e-05 -1.186614127933732 -1.0048284663430787
-4.662337000000001 -3.700428e-05 -1.1825778493633992 -1.001410533326704
-4.632388 -3.721078e-05 -1.18917714884696 -1.0069988402774668
-4.602708 -3.735343e-05 -1.1937359385386306 -1.0108592373066496
-4.57268 -3.668788e-05 -1.1724663803241804 -0.9928481104733322
-4.542457000000001 -3.704278e-05 -1.1838082272332158 -1.002452421063287
-4.512272 -3.679058e-05 -1.175748453239249 -0.9956273798381908
-4.482425 -3.737771e-05 -1.1945118755432835 -1.0115163031311751
-4.452865 -3.668584e-05 -1.1724011862760138 -0.9927929039543031
-4.4228000000000005 -3.700157e-05 -1.1824912435445107 -1.0013371952548562
-4.392772 -3.684702e-05 -1.1775521552385335 -0.9971547601980024
-4.36251 -3.678082e-05 -1.175436544459784 -0.9953632545314623
-4.332689 -3.633153e-05 -1.16107819450836 -0.9832045599556362
-4.302485 -3.711744e-05 -1.1861942015646572 -1.0044728714116837
-4.272735 -3.648003e-05 -1.165823937720509 -0.9872232697967415
-4.242576 -3.699792e-05 -1.182374597330879 -1.0012384188850245
-4.212642 -3.698632e-05 -1.1820038860765967 -1.0009244994630933
-4.1822349999999995 -3.68528e-05 -1.1777368717083396 -0.9973111786685853
-4.152179 -3.693246e-05 -1.1802826353735236 -0.9994669391126424
-4.122457000000001 -3.616176e-05 -1.155652707470471 -0.9786102409675929
-4.092397 -3.66459e-05 -1.1711247890780794 -0.99171204691017
-4.062216 -3.679991e-05 -1.1760466201360125 -0.9958798684766927
-4.031948 -3.689906e-05 -1.179215242624124 -0.9985630676736327
-4.001985 -3.664578e-05 -1.1711209541340695 -0.9917087994678742
-3.972095 -3.683402e-05 -1.1771367029708033 -0.9968029539492861
-3.942318 -3.654814e-05 -1.1680005880247482 -0.9890664639198236
-3.9121799999999998 -3.706623e-05 -1.1845576392084674 -1.0030870254119328
-3.881874 -3.649107e-05 -1.1661767525694124 -0.987522034487959
-3.852171 -3.77174e-05 -1.2053676432990743 -1.0207090004101318
-3.822383 -3.685151e-05 -1.1776956460602341 -0.9972762686639052
-3.792411 -3.651109e-05 -1.166816549061717 -0.9880638161109823
-3.762272 -3.649229e-05 -1.1662157411668457 -0.9875550501513002
-3.732279 -3.756084e-05 -1.2003643196809326 -1.0164721706948223
-3.702318 -3.694901e-05 -1.180811538068211 -0.9999148155292774
-3.672142 -3.692038e-05 -1.1798965843432017 -0.9991400299215274
-3.6421799999999998 -3.770668e-05 -1.2050250549675305 -1.0204188955650364
-3.612467 -3.651884e-05 -1.1670642225290178 -0.9882735467592554
-3.5821520000000002 -3.671059e-05 -1.1731921434780384 -0.9934626889278204
-3.552388 -3.762701e-05 -1.2024789717236792 -1.018262864500788
-3.522216 -3.739729e-05 -1.1951376105742189 -1.01204617746578
-3.492218 -3.702435e-05 -1.1832192437490412 -1.0019536680506838
-3.462531 -3.644191e-05 -1.1646057038400572 -0.9861916656274289
-3.432105 -3.693481e-05 -1.180357736360382 -0.9995305348576023
-3.4021329999999996 -3.7322e-05 -1.1927315027867258 -1.0100086780453301
-3.372004 -3.736596e-05 -1.194136370608989 -1.0111983244063738
-3.342189 -3.638137e-05 -1.1626709745871044 -0.9845533309891763
-3.312346 -3.621939e-05 -1.1574944393311857 -0.9801698251301714
-3.282226 -3.706149e-05 -1.1844061589200796 -1.002958751441247
-3.252059 -3.71456e-05 -1.1870941350922941 -1.0052349378704415
-3.222013 -3.688141e-05 -1.1786511862760138 -0.9980854230359527
-3.192272 -3.65635e-05 -1.1684914608580048 -0.9894821365336914
-3.1621799999999998 -3.759292e-05 -1.2013895280462237 -1.0173403202685776
-3.1319760000000003 -3.629449e-05 -1.1598944751239966 -0.9822021827669861
-3.102068 -3.710941e-05 -1.185937579894667 -1.0042555633980537
-3.0720590000000003 -3.582573e-05 -1.1449139055069795 -0.9695165906786595
-3.042022 -3.712518e-05 -1.1864415554532903 -1.0046823314397655
-3.011911 -3.676632e-05 -1.1749731553919311 -0.9949708552540482
-2.982143 -3.718177e-05 -1.1882500511325869 -1.0062137711024468
-2.951791 -3.67647e-05 -1.1749213836477985 -0.9949270147830542
-2.921939 -3.707831e-05 -1.184943690238789 -1.0034139346030477
-2.891967 -3.70927e-05 -1.1854035639412996 -1.0038033570583573
-2.862022 -3.729826e-05 -1.1919728230301168 -1.0093662257111358
-2.8321419999999997 -3.732434e-05 -1.1928062841949172 -1.0100720031700992
-2.802235 -3.630163e-05 -1.1601226542925807 -0.9823954055835888
-2.771985 -3.666068e-05 -1.1715971263486218 -0.9921120235529411
-2.742235 -3.643203e-05 -1.1642899601165824 -0.9859242928784046
-2.7121239999999998 -3.674328e-05 -1.1742368461420463 -0.9943473463332464
-2.682001 -3.642706e-05 -1.1641311295188423 -0.9857897946433183
-2.6523090000000002 -3.691853e-05 -1.179837462289717 -0.9990899651861331
-2.621967 -3.685262e-05 -1.177731119292325 -0.9973063075051418
-2.592105 -3.693366e-05 -1.1803209848136216 -0.9994994135356007
-2.561855 -3.644305e-05 -1.1646421358081505 -0.9862225163292393
-2.5319670000000003 -3.661033e-05 -1.1699880477578362 -0.9907494508896441
-2.502115 -3.63905e-05 -1.162962749910518 -0.9848004072238516
-2.4718180000000003 -3.627404e-05 -1.1592409367489902 -0.9816487644757363
-2.441957 -3.686708e-05 -1.1781932300455078 -0.9976976243017905
-2.411991 -3.665477e-05 -1.1714082553561385 -0.991952087019871
-2.382041 -3.646135e-05 -1.1652269647696476 -0.9867177512793553
-2.352048 -3.613027e-05 -1.1546463542465613 -0.9777580579851255
-2.322078 -3.674723e-05 -1.1743630797157028 -0.9944542413088179
-2.292022 -3.698769e-05 -1.182047668354042 -1.000961574429304
-2.2620590000000003 -3.594709e-05 -1.1487923122155748 -0.9728008373205216
-2.231966 -3.548033e-05 -1.133875658332055 -0.9601693692704591
-2.2021889999999997 -3.61662e-05 -1.155794600398834 -0.978730396332539
-2.171994 -3.62963e-05 -1.1599523188628111 -0.982251165021615
-2.141911 -3.639401e-05 -1.163074922022805 -0.9848953949110049
-2.1118829999999997 -3.685991e-05 -1.1779640921409213 -0.9975035896246142
-2.081963 -3.658976e-05 -1.1693306744388197 -0.9901927851560982
-2.052031 -3.665947e-05 -1.1715584573298563 -0.9920792785097916
-2.021717 -3.582199e-05 -1.1447943830853402 -0.9694153787271058
-1.9917070000000001 -3.578107e-05 -1.1434866671779924 -0.9683080009042232
-1.961837 -3.605369e-05 -1.1521990208109627 -0.9756856485599953
-1.932048 -3.615964e-05 -1.155584956792964 -0.9785528694870329
-1.902217 -3.632963e-05 -1.161017474561538 -0.9831531421192854
-1.872013 -3.680639e-05 -1.1762537071125427 -0.9960552303606683
-1.841846 -3.555366e-05 -1.1362191287007208 -0.9621538271334101
-1.811892 -3.628393e-05 -1.1595570000511324 -0.9819164078449519
-1.781781 -3.597503e-05 -1.1496852150125274 -0.9735569501350703
-1.7519200000000001 -3.612886e-05 -1.1546012936544459 -0.9777199005381494
-1.722022 -3.627357e-05 -1.1592259165516183 -0.9816360453267443
-1.6919819999999999 -3.64047e-05 -1.1634165516183463 -0.9851846878955264
-1.6619570000000001 -3.595773e-05 -1.1491323439177785 -0.9730887772040863
-1.6320409999999999 -3.622262e-05 -1.1575976632407832 -0.9802572354519677
-1.601897 -3.583486e-05 -1.1452056808303932 -0.9697636669133349
-1.571991 -3.632444e-05 -1.1608516132331133 -0.9830126902399902
-1.5416800000000002 -3.640163e-05 -1.1633184409674286 -0.9851016074967911
-1.5117170000000002 -3.621692e-05 -1.1574155034003168 -0.980102981942915
-1.4820309999999999 -3.575942e-05 -1.142794779362888 -0.9677221081900151
-1.451754 -3.555982e-05 -1.1364159891598915 -0.9623205291712634
-1.421772 -3.547601e-05 -1.1337376003477013 -0.9600524613478085
-1.391772 -3.547311e-05 -1.1336449225341307 -0.9599739814923256
-1.361633 -3.573109e-05 -1.1418894129979036 -0.9669554411880049
-1.33168 -3.551715e-05 -1.1350523469857339 -0.9611657928149001
-1.301893 -3.459474e-05 -1.1055740911182694 -0.9362035157473314
-1.2719390000000002 -3.514791e-05 -1.1232522242675254 -0.9511734128705921
-1.241781 -3.440454e-05 -1.0994957048627088 -0.9310563197084208
-1.211735 -3.434697e-05 -1.0976558904739988 -0.9294983592669903
-1.181763 -3.306896e-05 -1.0568134171907757 -0.8949128281960749
-1.151818 -3.27018e-05 -1.0450797668354042 -0.8849767372515616
-1.121717 -3.179863e-05 -1.0162163803241804 -0.8605351334320931
-1.0918219999999998 -3.089608e-05 -0.987372807690341 -0.8361103080644865
-1.061846 -3.058854e-05 -0.977544485350514 -0.8277876547006245
-1.031865 -2.843391e-05 -0.908687106918239 -0.7694790164181955
-1.001837 -2.676897e-05 -0.8554791762540266 -0.7244223782845266
-0.9717536 -2.592886e-05 -0.8286310528199621 -0.7016873053915235
-0.9417350999999999 -2.45273e-05 -0.7838401850999642 -0.6637582618568466
-0.9113462 -2.355628e-05 -0.7528084573298562 -0.6374805000392704
-0.881614 -2.284073e-05 -0.7299410057779823 -0.618116272249352
-0.8516794999999999 -2.111702e-05 -0.6748549112849619 -0.5714691992512941
-0.821624 -2.042818e-05 -0.6528410543539397 -0.552827797992392
-0.7917367000000001 -1.910923e-05 -0.6106902260060335 -0.5171343478582113
-0.7615777 -1.89969e-05 -0.607100398834177 -0.5140944712491113
-0.7316147 -1.79533e-05 -0.5737491690954645 -0.48585254808293304
-0.7017721 -1.675834e-05 -0.5355607966457023 -0.45351451770093193
-0.6719109999999999 -1.677735e-05 -0.5361683156925908 -0.45402896668463155
-0.6418275999999999 -1.599834e-05 -0.5112728179168583 -0.43294738316059495
-0.6114295 -1.448868e-05 -0.46302730480134985 -0.3920929353577465
-0.5815406000000001 -1.416426e-05 -0.45265953367080836 -0.38331347511093583
-0.5518121 -1.335402e-05 -0.4267659917165209 -0.36138674472940624
-0.5217258 -1.240697e-05 -0.396500294012374 -0.33575765951042463
-0.4913091 -1.180252e-05 -0.3771833614562561 -0.31940002204607393
-0.4614064 -1.143047e-05 -0.36529343713248447 -0.30933159782800507
-0.43151280000000003 -1.121076e-05 -0.3582719742291762 -0.3033858016045085
-0.40136869999999997 -1.012778e-05 -0.32366224369790864 -0.27407817612491114
-0.3715869 -9.462464e-06 -0.3024001636242777 -0.2560733818040707
-0.3417443 -8.862353e-06 -0.28322189625198135 -0.2398331664407338
-0.311198 -8.826447e-06 -0.2820744170885105 -0.2388614775817794
-0.2813215 -8.33805e-06 -0.2664662908421537 -0.22564446862375717
-0.251448 -7.436317e-06 -0.23764882778544766 -0.20124175292578148
-0.2212721 -5.996223e-06 -0.1916264956281638 -0.16226990154587118
-0.19172720000000001 -6.136517e-06 -0.1961099925857749 -0.16606654045797908
-0.1613184 -5.418116e-06 -0.173151429155801 -0.14662515885151528
-0.131161 -5.007576e-06 -0.1600314465408805 -0.1355151175170549
-0.1014347 -4.845835e-06 -0.1548625492151148 -0.1311380794806225
-0.07122577 -3.757619e-06 -0.12008548729355217 -0.10168875726884989
-0.04127207 -3.490485e-06 -0.11154845451756404 -0.0944595718500363
-0.011406409999999999 -3.545339e-06 -0.11330147134018509 -0.09594403184750423
0.018468679999999998 -2.975358e-06 -0.0950860944930204 -0.08051919512061512
0.048561270000000004 -1.996377e-06 -0.06379995014572787 -0.05402599256872896
0.07859831 -2.050614e-06 -0.06553324896456511 -0.05549375530039243
0.1085559 -4.453202e-07 -0.01423148361200593 -0.012051263772275923
0.1383946 -3.96657e-07 -0.012676311550851355 -0.010734339322850504
0.16880199999999998 6.497884e-07 0.02076585110190724 0.01758458611256605
0.19895939999999998 9.23586e-07 0.029515838318760545 0.024994102002067798
0.2287917 9.604573e-07 0.030694166411003733 0.025991913828090327
0.25863529999999996 1.569946e-06 0.0501721250703073 0.042485908688241626
0.2886691 2.037964e-06 0.06512898195019685 0.055151420758372365
0.318478 1.974107e-06 0.06308824845323924 0.05342332140265882
0.3486816 2.90697e-06 0.09290055990182541 0.07866847775621438
0.3786125 4.276283e-06 0.13666088229278517 0.11572485235994101
0.4087743 3.976322e-06 0.12707476862504472 0.10760730203908052
0.43868799999999997 5.085093e-06 0.16250872449762233 0.13761288405411184
0.4686354 5.397815e-06 0.17250265250294008 0.14607577280111605
0.4990335 6.727686e-06 0.21500249271360636 0.1820647672462375
0.5291909 6.979424e-06 0.2230475021731349 0.18887730581849446
0.5589993 6.460197e-06 0.2064541148949225 0.174825974810632
0.5886879 8.358134e-06 0.2671081326379301 0.2261879822160047
0.6189039000000001 8.793467e-06 0.2810204466431456 0.2379689721908053
0.6490336 9.594558e-06 0.30662160607455125 0.259648112159296
0.6791631 9.876502e-06 0.3156319348570844 0.26727808608145487
0.7088766000000001 1.149308e-05 0.36729431916960675 0.311025950845861
0.7387928 1.195721e-05 0.3821269238635782 0.3235862457856064
0.7687095 1.285935e-05 0.4109573937720509 0.3479999757253689
0.7990706 1.371407e-05 0.4382724216393107 0.3711304247178908
0.8292465 1.457322e-05 0.4657290228562662 0.3943807584551676
0.8590842 1.510889e-05 0.4828478933374239 0.40887707024361797
0.8888298 1.633099e-05 0.5219036022907398 0.4419495638248622
0.9188021 1.712744e-05 0.5473564452625658 0.46350310896256125
0.9492068 1.805343e-05 0.5769491102929898 0.48856226805862246
0.9791354 1.984734e-05 0.6342786470317533 0.5371090947997482
1.009339 2.064296e-05 0.659704964974178 0.5586401784615677
1.039209 2.148862e-05 0.6867304545686966 0.5815254455607536
1.069015 2.258254e-05 0.7216898041621924 0.6111291295296551
1.099534 2.385035e-05 0.7622063072045815 0.6454386280054242
1.129367 2.475372e-05 0.7910760852891547 0.6698856442287191
1.159404 2.572086e-05 0.8219838165362785 0.6960584054120629
1.189084 2.656545e-05 0.8489751112133763 0.7189147161507775
1.218895 2.787836e-05 0.8909329140461216 0.7544447116894007
1.2490709999999998 2.879101e-05 0.9200992611341207 0.7791428634502406
1.278867 2.833119e-05 0.9054043948458352 0.7666992058129543
1.3088389999999999 3.002943e-05 0.9596765224727718 0.8126570091837195
1.338997 3.027687e-05 0.9675841770210154 0.819353235197747
1.369154 3.083168e-05 0.9853147210717389 0.8343675140323842
1.399188 3.093292e-05 0.9885501355013548 0.8371072728493101
1.428941 3.10197e-05 0.9913234391777878 0.839455714869587
1.459182 3.202694e-05 1.0235126808815256 0.866713663020125
1.489006 3.262703e-05 1.0426902771386204 0.8829533100810601
1.519339 3.290641e-05 1.0516186659508102 0.8905138969861645
1.549441 3.296914e-05 1.0536233829319424 0.8922114974463162
1.579377 3.294767e-05 1.0529372475328524 0.8916304758955518
1.609413 3.438325e-05 1.098815321879634 0.9304801693211003
1.6390060000000002 3.376698e-05 1.0791206473385488 0.913802658790609
1.6690340000000001 3.386972e-05 1.0824039985682876 0.9165830106362328
1.699135 3.406535e-05 1.0886559160402924 0.9218771534390303
1.729228 3.398813e-05 1.086188129569975 0.9197874243216556
1.759367 3.444061e-05 1.1006484251163264 0.9320324467385129
1.789367 3.484098e-05 1.113443396226415 0.9428672673384006
1.819339 3.499215e-05 1.1182744669427824 0.9469582327705884
1.849348 3.533984e-05 1.1293858976325613 0.9563674262026012
1.879443 3.550764e-05 1.1347484276729558 0.9609084330129545
1.9093579999999999 3.635231e-05 1.1617422789793934 0.9837669087131996
1.93946 3.611711e-05 1.1542257887201512 0.9774019218133481
1.9695429999999998 3.59001e-05 1.1472906120570638 0.9715291930415079
1.999358 3.552907e-05 1.1354332847573758 0.9614883720829537
2.029172 3.629032e-05 1.1597612108196553 0.9820893341472057
2.059488 3.645192e-05 1.1649256020862095 0.9864625564389403
2.089562 3.670765e-05 1.1730981873497979 0.9933831265915724
2.1195619999999997 3.604775e-05 1.1520091910824768 0.975524900166351
2.149385 3.650548e-05 1.1666372654292578 0.9879119981836514
2.179238 3.618242e-05 1.1563129569974944 0.9791693422828605
2.209543 3.653574e-05 1.167604310477067 0.9887308948825865
2.239617 3.658317e-05 1.169120072096947 0.9900144464500181
2.2695279999999998 3.674224e-05 1.1742036099606277 0.994319201833349
2.2992 3.672617e-05 1.1736900470419795 0.9938843151858973
2.3296729999999997 3.638472e-05 1.1627780334407116 0.9846439887532684
2.359443 3.675163e-05 1.174503694329396 0.9945733141929988
2.38958 3.694074e-05 1.180547246510201 0.9996910126310555
2.4195369999999996 3.692666e-05 1.1800972797463822 0.9993099794016764
2.4494499999999997 3.734167e-05 1.1933601140256684 1.0105409879616571
2.479469 3.615158e-05 1.1553273763869714 0.9783347496128288
2.5093850000000004 3.696817e-05 1.1814238507951116 1.0004333238158467
2.539506 3.726936e-05 1.191049240681086 1.0085841333582206
2.569132 3.731506e-05 1.1925097151914916 1.009820867632554
2.599265 3.678826e-05 1.1756743109883927 0.9955645959538046
2.629339 3.658719e-05 1.1692485427212762 0.9901232357669291
2.659641 3.719712e-05 1.1887406043871758 1.0066291730961232
2.68945 3.701559e-05 1.1829392928363245 1.0017166047630872
2.719589 3.68806e-05 1.1786253004039475 0.9980635028004557
2.749556 3.688283e-05 1.1786965664467963 0.99812385110312
2.779275 3.66848e-05 1.172367950094595 0.9927647594544056
2.809395 3.64537e-05 1.1649824870890217 0.9865107268329955
2.839673 3.639165e-05 1.1629995014572787 0.9848315285458534
2.869654 3.688108e-05 1.1786406401799865 0.9980764925696389
2.899594 3.66861e-05 1.1724094953213682 0.9927999400792773
2.9293850000000003 3.622196e-05 1.1575765710487291 0.9802393745193405
2.959562 3.631915e-05 1.1606825561180139 0.9828695321587818
2.9898580000000003 3.637465e-05 1.1624562177225544 0.9843714742206089
3.0195279999999998 3.663769e-05 1.1708624149920746 0.9914898677330962
3.04933 3.707722e-05 1.1849088561640333 1.0033844370021938
3.07958 3.768736e-05 1.20440762898195 1.0198960573554057
3.1097930000000003 3.773587e-05 1.2059579050979188 1.0212088359035
3.139867 3.613378e-05 1.1547585263588485 0.9778530456722789
3.1696999999999997 3.662822e-05 1.1705597739939662 0.9912335904119158
3.19995 3.634619e-05 1.1615466968348929 0.9836012891561117
3.22996 3.724999e-05 1.1904302168021677 1.008059942047633
3.259547 3.720027e-05 1.1888412716674337 1.0067144184563892
3.2898020000000003 3.642931e-05 1.1642030347190264 0.9858506841863653
3.319773 3.718087e-05 1.1882212890525132 1.006189415285228
3.349774 3.701444e-05 1.1829025412895637 1.0016854834410855
3.3799409999999996 3.654962e-05 1.1680478856675358 0.989106515708139
3.409792 3.694007e-05 1.1805258347394796 0.999672881078237
3.4397379999999997 3.727866e-05 1.191346448841847 1.0088358101361485
3.469849 3.747172e-05 1.1975162345963082 1.0140604035497764
3.4996509999999996 3.69638e-05 1.1812841949174209 1.00031506279224
3.5297840000000003 3.721336e-05 1.1892596001431712 1.0070686602868273
3.559924 3.678435e-05 1.1755493557294066 0.9954587834589986
3.5896909999999997 3.697107e-05 1.1815165286086822 1.0005118036713296
3.620247 3.692977e-05 1.18019666871197 0.9993941422811771
3.6500839999999997 3.69262e-05 1.1800825791276779 0.9992975308728758
3.6796729999999997 3.713592e-05 1.186784782942169 1.0049729775252434
3.709839 3.683828e-05 1.1772728434831516 0.9969182381507885
3.7398580000000003 3.676657e-05 1.1749811448586183 0.9949776207588311
3.7699879999999997 3.647803e-05 1.1657600219870123 0.9871691457584776
3.8000749999999996 3.707653e-05 1.1848868052359767 1.0033657642089926
3.8298490000000003 3.68703e-05 1.178296134376438 0.9977847640033958
3.8596500000000002 3.753242e-05 1.199456077107941 1.0157030681110903
3.889728 3.733201e-05 1.193051401032878 1.0102795688568418
3.9202 3.676119e-05 1.1748092115355115 0.994832027095901
3.950084 3.687415e-05 1.1784191721634196 0.9978889527770541
3.980024 3.754435e-05 1.19983733445825 1.0160259179993352
4.01008 3.711642e-05 1.1861616045405736 1.004445268152169
4.0398760000000005 3.709236e-05 1.1853926982666052 1.0037941559718526
4.0700650000000005 3.703871e-05 1.1836781587155494 1.0023422786454197
4.100024 3.642403e-05 1.164034297182594 0.9857077967253481
4.130117 3.665727e-05 1.1714881500230094 0.992019742067701
4.1601729999999995 3.753497e-05 1.1995375696681492 1.0157720762598768
4.190312 3.734594e-05 1.1934965741166845 1.010656542783351
4.220024 3.689681e-05 1.1791433374239402 0.9985021781305857
4.250394 3.740982e-05 1.1955380426445772 1.0123852645655043
4.2803580000000006 3.741519e-05 1.1957096563890166 1.0125305876082433
4.310145 3.683662e-05 1.1772197934243493 0.9968733151990293
4.340432 3.757908e-05 1.2009472311704248 1.0169657819237905
4.370349 3.623891e-05 1.1581182568901158 0.9806980757436282
4.40033 3.649668e-05 1.1663560362018714 0.9876738524152897
4.430608 3.709497e-05 1.1854761082988188 1.0038647878417872
4.460386000000001 3.723685e-05 1.190010290433093 1.0077043471162386
4.490310999999999 3.662492e-05 1.1704543130336962 0.9911442857487802
4.520173 3.742517e-05 1.1960285958991665 1.0128006665591809
4.550301999999999 3.677582e-05 1.1752767551260417 0.9952279444358023
4.580552 3.748833e-05 1.1980470547630004 1.0145099036875596
4.610589 3.725846e-05 1.1907008999335276 1.0082891573496815
4.6404049999999994 3.662664e-05 1.1705092805645039 0.9911908324216874
4.670349 3.688121e-05 1.1786447947026641 0.9980800106321263
4.700599 3.672831e-05 1.1737584368768215 0.9939422279068398
4.730682 3.694112e-05 1.1805593904995653 0.9997012961983256
4.76032 3.727818e-05 1.1913311090658074 1.008822820366965
4.790358 3.638317e-05 1.1627284987472515 0.9846020426236138
4.820645000000001 3.779429e-05 1.207824883673365 1.022789799061193
4.850566 3.635589e-05 1.161856688142353 0.9838637907416923
4.880524 3.707627e-05 1.1848784961906222 1.0033587280840184
4.910672 3.670212e-05 1.1729214603466787 0.9932334736257722
4.940664 3.735809e-05 1.1938848621976785 1.010985346315805
4.970528 3.768959e-05 1.204478895024799 1.01995640565807
5.000331 3.696027e-05 1.1811713836477986 1.0002195338647037
5.030431999999999 3.735667e-05 1.1938394820268956 1.0109469182486375
5.060245 3.633379e-05 1.1611504192872117 0.9832657201188746
5.090052 3.691808e-05 1.1798230812496804 0.9990777872775238
5.1201170000000005 3.636499e-05 1.1621475047297642 0.9841100551157937
5.1501220000000005 3.649999e-05 1.1664618167408087 0.9877634276986166
5.180154000000001 3.705171e-05 1.1840936109832794 1.002694084894136
5.210247000000001 3.697656e-05 1.1816919772971313 1.0006603741563642
5.240552 3.695602e-05 1.1810355627141176 1.0001045202833927
5.2703299999999995 3.633132e-05 1.1610714833563427 0.9831988769316183
5.300469 3.700486e-05 1.1825963849261134 1.0014262292978007
5.330622 3.702613e-05 1.1832761287518536 1.002001838444739
5.360339 3.586573e-05 1.1461922201769186 0.9705990714439403
5.390599 3.707984e-05 1.1849925857749142 1.0034553394923198
5.420604 3.656639e-05 1.1685838190929079 0.9895603457689829
5.450312 3.75467e-05 1.199912435445109 1.0160895137442956
5.4807380000000006 3.673043e-05 1.1738261875543283 0.9939995993873999
5.510453 3.650024e-05 1.166469806207496 0.9877701932033998
5.540358 3.680007e-05 1.1760517333946923 0.9958841983997538
5.57046 3.72329e-05 1.1898840568594364 1.007597452140667
5.600312 3.625157e-05 1.1585228434831518 0.9810406809058397
5.630562 3.645278e-05 1.1649530858516133 0.986485829775394
5.660914 3.666785e-05 1.1718262642532085 0.9923060582301179
5.6907820000000005 3.724009e-05 1.190113833921358 1.0077920280582262
5.720904000000001 3.699436e-05 1.1822608273252544 1.0011420780969147
5.750729000000001 3.626076e-05 1.1588165362785703 0.9812893808616631
5.780575 3.764485e-05 1.2030491000664723 1.0187456509221036
5.810497000000001 3.736606e-05 1.194139566395664 1.011201030608287
5.840728 3.760329e-05 1.2017209311244055 1.0176209534069767
5.8704790000000004 3.655883e-05 1.1683422176202893 0.989355756904345
5.900599000000001 3.697916e-05 1.1817750677506773 1.0007307354061077
5.930831 3.699141e-05 1.1821665516183464 1.0010622451404751
5.961028000000001 3.698363e-05 1.181917919415043 1.000851702631628
5.990682 3.774159e-05 1.20614070409572 1.0213636306529352
6.0207370000000004 3.744356e-05 1.196616301068671 1.013298337091019
6.050765999999999 3.70998e-05 1.1856304647952138 1.003995497394195
6.080793 3.721039e-05 1.1891646852789282 1.0069882860900052
6.111 3.714403e-05 1.1870439612414991 1.0051924505004042
6.1407560000000005 3.707685e-05 1.1848970317533363 1.003374424055115
6.1706080000000005 3.757256e-05 1.2007388658792246 1.0167893375590495
6.200774 3.698737e-05 1.1820374418366826 1.0009529145831817
6.230765 3.689129e-05 1.1789669299994887 0.998352795784977
6.260803 3.633759e-05 1.161271859180856 0.9833685557915763
6.290556 3.676698e-05 1.1749942475839852 0.9949887161866754
6.320784 3.742116e-05 1.1959004448535049 1.0126921478624615
6.350716 3.722235e-05 1.18954690136524 1.0073119478388242
6.380626 3.654029e-05 1.1677497187707724 0.9888540270696371
6.410645000000001 3.70197e-05 1.1830706396686608 1.00182782966172
6.440801 3.733262e-05 1.1930708953315945 1.010296076688512
6.470636000000001 3.678893e-05 1.1756957227591143 0.9955827275066231
6.500737 3.722799e-05 1.1897271437337016 1.0074645776267288
6.530819999999999 3.650767e-05 1.1667072531574372 0.9879712640055507
6.560654 3.720842e-05 1.1891017282814338 1.0069349739123152
6.590867 3.736855e-05 1.1942191414838677 1.011268415035926
6.620914 3.786232e-05 1.209998977348264 1.0246308282227443
6.651052 3.68908e-05 1.178951270644782 0.9983395353956024
6.680792 3.713624e-05 1.1867950094595285 1.0049816373713658
6.7106639999999995 3.706301e-05 1.1844547348775374 1.002999885710328
6.74109 3.662645e-05 1.1705032085698215 0.9911856906380522
6.771043 3.718805e-05 1.1884507465357672 1.0063837205825958
6.801154 3.707335e-05 1.1847851792197166 1.003279706988153
6.830811 3.696509e-05 1.1813254205655264 1.0003499727969203
6.860765000000001 3.67281e-05 1.1737517257248042 0.9939365448828221
6.890931999999999 3.711141e-05 1.1860014956281637 1.0043096874363175
6.921349 3.686957e-05 1.1782728051337117 0.9977650087294295
6.951247 3.748652e-05 1.1979892110241857 1.0144609214329305
6.981104 3.720762e-05 1.189076161988035 1.0069133242970096
7.010708999999999 3.744052e-05 1.1965191491537557 1.0132160685528575
7.040914 3.711458e-05 1.1861028020657562 1.004395474036966
7.071071 3.68434e-05 1.177436467760904 0.9970567956887444
7.100904000000001 3.684322e-05 1.1774307153448893 0.9970519245253007
7.131024999999999 3.731075e-05 1.1923719767858054 1.009704230330095
7.161154000000001 3.700783e-05 1.1826912997903563 1.0015066034946227
7.191146 3.749246e-05 1.1981790407526713 1.0146216698265746
7.221198 3.724348e-05 1.1902221710896355 1.007883768303084
7.250969 3.736892e-05 1.1942309658945647 1.0112784279830047
7.281293 3.73996e-05 1.1952114332464077 1.012108690729975
7.311173 3.740505e-05 1.195385603620187 1.0122561787342448
7.341264 3.69531e-05 1.180942245743212 1.0000254991875273
7.371312 3.694313e-05 1.1806236258117297 0.999755690856781
7.40146 3.67148e-05 1.1733266860970495 0.9935766200283663
7.431117 3.692026e-05 1.179892749399192 0.9991367824792315
7.461368 3.74699e-05 1.1974580712788259 1.0140111506749563
7.491123 3.688264e-05 1.1786904944521144 0.998118709319485
7.521108 3.677371e-05 1.1752093240272021 0.9951708435754336
7.551201 3.662893e-05 1.1705824640793576 0.9912528044454996
7.581226 3.686543e-05 1.1781404995653728 0.9976529719702228
7.611034 3.712212e-05 1.18634376438104 1.0045995216612218
7.641062 3.708851e-05 1.1852696604796236 1.0036899671981943
7.671009 3.728759e-05 1.1916318325919106 1.0090774739669972
7.701367 3.764213e-05 1.2029621746689163 1.0186720422300644
7.731188 3.680564e-05 1.1762297387124814 0.9960349338463192
7.761062 3.697051e-05 1.181498632203303 1.0004966489406157
7.791024 3.671817e-05 1.173434384107992 0.9936678190328413
7.821094 3.671301e-05 1.1732694815155698 0.99352817901412
7.851256 3.762403e-05 1.2023837372807689 1.0181822196837749
7.881339 3.7432e-05 1.1962468681290583 1.0129855001498524
7.911441 3.644729e-05 1.164777637163164 0.9863372592903591
7.941146 3.673272e-05 1.1738993710691823 0.9940615714112122
7.971236 3.721214e-05 1.189220611545738 1.0070356446234863
8.001118 3.680739e-05 1.1762856649792914 0.9960822923798004
8.031302 3.684021e-05 1.1773345221659763 0.9969704678477133
8.061441 3.730115e-05 1.19206518126502 1.0094444349464275
8.091453 3.744096e-05 1.196533210615125 1.0132279758412757
8.121127 3.653148e-05 1.1674681699647182 0.988615610681084
8.151432 3.699841e-05 1.1823902566855857 1.001251679274399
8.181404 3.620837e-05 1.1571422636396176 0.9798716016793365
8.211635 3.661494e-05 1.1701353735235465 0.9908742067978425
8.241396 3.649392e-05 1.1662678324896456 0.9875991612424854
8.271062 3.678151e-05 1.1754585953878407 0.9953819273246636
8.301506 3.698134e-05 1.1818447359001891 1.0007897306078155
8.331589 3.657193e-05 1.1687608656746944 0.9897102693549743
8.361462 3.786688e-05 1.2101447052206369 1.0247542310299864
8.391421000000001 3.724433e-05 1.1902493352763714 1.0079067710193461
8.421672000000001 3.693044e-05 1.1802180804826914 0.9994122738339956
8.451641 3.728418e-05 1.1915228562662985 1.0089851924817572
8.481440000000001 3.719245e-05 1.1885913611494605 1.0065027934667767
8.511682 3.681344e-05 1.1764790100731195 0.996246017595549
8.541571 3.705701e-05 1.1842629876770465 1.0028375135955356
8.571709 3.715183e-05 1.1872932326021373 1.0054035342496341
8.601636000000001 3.679298e-05 1.1758251521194454 0.9956923286841076
8.631784 3.660024e-05 1.1696655928823438 0.9904763951166019
8.661800999999999 3.694976e-05 1.180835506468272 0.9999351120436263
8.691312 3.679135e-05 1.1757730607966455 0.9956482175929225
8.721376 3.762236e-05 1.2023303676432988 1.0181370261118243
8.751626 3.78265e-05 1.2088542465613334 1.0236614666974353
8.781793 3.655651e-05 1.1682680753694328 0.9892929730199586
8.811396 3.669591e-05 1.1727230019941708 0.9930654184869624
8.841385 3.690071e-05 1.1792679731042592 0.9986077200052006
8.871367 3.721997e-05 1.1894708416423785 1.0072475402332899
8.901470999999999 3.71334e-05 1.1867042491179627 1.0049047812370309
8.931469 3.716506e-05 1.1877160351792195 1.0057615647627505
8.961626 3.735977e-05 1.1939385514138159 1.0110308105079466
8.991396 3.746339e-05 1.1972500255662932 1.0138349769304067
9.021108 3.719921e-05 1.1888073963286803 1.0066857327161092
9.051468999999999 3.703523e-05 1.1835669453392648 1.0022481028188404
9.081672000000001 3.635032e-05 1.161678682824564 0.983713055295127
9.111547 3.716933e-05 1.1878524952702356 1.0058771195844443
9.14169 3.684623e-05 1.177526908523802 0.9971333812028881
9.171735 3.621997e-05 1.1575129748938997 0.9801855211012679
9.201506 3.642763e-05 1.1641493455028888 0.9858052199942234
9.231707 3.662512e-05 1.1704607046070459 0.9911496981526066
9.26146 3.67195e-05 1.1734768880707676 0.9937038115182869
9.291630999999999 3.701214e-05 1.1828290381960422 1.001623240797082
9.321386 3.630697e-05 1.1602933093010175 0.9825399167657537
9.351403 3.656231e-05 1.1684534309965742 0.9894499327309243
9.381471 3.729843e-05 1.1919782558674643 1.0093708262543883
9.411376 3.705813e-05 1.184298780487805 1.0028678230569636
9.441523 3.662394e-05 1.1704229943242828 0.9911177649700309
9.471635000000001 3.685298e-05 1.1777426241243543 0.9973160498320292
9.501571 3.674622e-05 1.1743308022702867 0.9944269086694945
9.531718999999999 3.676577e-05 1.1749555785652195 0.9949559711435254
9.561857 3.700757e-05 1.1826829907450016 1.0014995673696485
9.591790999999999 3.747677e-05 1.1976776218233878 1.014197066746393
9.621645000000001 3.665738e-05 1.1714916653883518 0.9920227188898055
9.651641999999999 3.65155e-05 1.1669574832540777 0.9881831596153543
9.68144 3.710148e-05 1.1856841540113514 1.0040409615863368
9.711672 3.694063e-05 1.1805437311448583 0.9996880358089508
9.741866 3.742063e-05 1.1958835071841283 1.0126778049923215
9.771812 3.77941e-05 1.2078188116786825 1.0227846572775576
9.802052 3.741293e-05 1.1956374316101648 1.0124694274450048
9.83195 3.641495e-05 1.1637441197525182 0.9854620735916295
9.861829 3.686861e-05 1.1782421255816333 0.9977390291910628
9.891793 3.664455e-05 1.171081645957969 0.9916755131843418
9.921987 3.702163e-05 1.1831323183514852 1.0018800593586448
9.95194 3.723449e-05 1.1899348698675667 1.007640480751087
9.981905000000001 3.692061e-05 1.179903934652554 0.9991462541859278
10.00394 3.700491e-05 1.1825979828194508 1.0014275823987575
