Keff(MJ/m3):-0.03060778638753034 Ms(MA/m):1.1898779277146463
H(kOe) moment(emu) M(MA/m) M_norm()
9.968095 3.809091e-05 1.2023645833333332 1.0104940644143803
9.939918 3.763439e-05 1.1879542297979797 0.9983832812830123
9.911187 3.768511e-05 1.1895552398989897 0.9997288059487947
9.88256 3.854392e-05 1.216664141414141 1.022511732569863
9.853890999999999 3.760397e-05 1.1869940025252523 0.9975762848253409
9.824529 3.801188e-05 1.1998699494949494 1.0083975183903902
9.795418 3.839697e-05 1.2120255681818182 1.01861337196977
9.766343 3.795349e-05 1.1980268308080808 1.0068485202587847
9.73727 3.788467e-05 1.1958544823232322 1.0050228300478392
9.707483 3.75733e-05 1.186025883838384 0.9967626562468799
9.677455 3.709262e-05 1.1708529040404039 0.9840109449624105
9.648069 3.811391e-05 1.2030905934343434 1.0111042195270183
9.618409 3.763316e-05 1.1879154040404039 0.9983506512487278
9.588724000000001 3.859652e-05 1.2183244949494947 1.0239071307839827
9.559031000000001 3.790531e-05 1.1965059974747474 1.0055703779402239
9.529380999999999 3.821259e-05 1.2062054924242422 1.0137220502450663
9.499262 3.793837e-05 1.197549558080808 1.006447409593433
9.469408999999999 3.712628e-05 1.1719154040404038 0.9849038937055145
9.439691 3.796512e-05 1.1983939393939393 1.007157046517914
9.409880999999999 3.80537e-05 1.2011900252525252 1.0095069395560647
9.379437 3.84979e-05 1.2152114898989899 1.0212908917749242
9.349606 3.792821e-05 1.197228851010101 1.006177880204546
9.3199 3.785617e-05 1.1949548611111112 1.0042667682778315
9.289946 3.750207e-05 1.183777462121212 0.9948730323915234
9.259762 3.786581e-05 1.1952591540404038 1.004522502855476
9.23004 3.801646e-05 1.20001452020202 1.0085190188432545
9.199761 3.752464e-05 1.1844898989898989 0.9954717802564031
9.169882 3.731485e-05 1.1778677398989899 0.9899063697746507
9.139789 3.755683e-05 1.1855059974747473 0.9963257321292647
9.109975 3.760319e-05 1.1869693813131312 0.9975555926084775
9.079928 3.769769e-05 1.189952335858586 1.0000625342669247
9.049919 3.851814e-05 1.2158503787878787 1.0218278282740454
9.019928 3.802679e-05 1.2003405934343432 1.0087930580742783
8.989816000000001 3.733854e-05 1.1786155303030301 0.9905348295406676
8.959648999999999 3.770387e-05 1.1901474116161614 1.000226480292842
8.929575000000002 3.774689e-05 1.1915053661616162 1.0013677356383066
8.899604 3.831943e-05 1.209577967171717 1.0165563533856854
8.869586 3.764458e-05 1.1882758838383838 0.9986536065263942
8.839807 3.802561e-05 1.2003033459595958 1.0087617544641518
8.809798 3.70858e-05 1.1706376262626264 0.9838300207072719
8.779798000000001 3.741763e-05 1.181112058080808 0.9926329672736475
8.749813 3.784715e-05 1.194670138888889 1.0040274813597447
8.719937 3.752392e-05 1.1844671717171715 0.9954526797485294
8.689715 3.797368e-05 1.198664141414141 1.0073841303337479
8.659832 3.731486e-05 1.1778680555555554 0.9899066350594823
8.630075999999999 3.78365e-05 1.1943339646464646 1.0037449530141103
8.599825000000001 3.729693e-05 1.1773020833333332 0.9894309793564563
8.569861000000001 3.801741e-05 1.2000445075757575 1.0085442209022548
8.539890999999999 3.794411e-05 1.197730744949495 1.006599683086761
8.510002 3.824387e-05 1.207192866161616 1.014551861198254
8.479733 3.763807e-05 1.1880703914141413 0.9984809061010345
8.449464 3.715766e-05 1.1729059343434345 0.985736357507018
8.419606 3.790115e-05 1.1963746843434342 1.0054600194502858
8.389909 3.805311e-05 1.2011714015151513 1.0094912877510014
8.359715 3.844449e-05 1.213525568181818 1.0198740054894462
8.329621999999999 3.810514e-05 1.2028137626262623 1.0108715647297208
8.299492 3.745198e-05 1.182196338383838 0.9935442206701304
8.269663000000001 3.790464e-05 1.1964848484848483 1.005552603856508
8.239706 3.739183e-05 1.180297664141414 0.9919485324081667
8.209807000000001 3.773519e-05 1.1911360479797977 1.0010573523853559
8.179826 3.808838e-05 1.202284722222222 1.01042694735199
8.149752000000001 3.792027e-05 1.1969782196969696 1.00596724404827
8.119354 3.751263e-05 1.1841107954545453 0.9951531731736735
8.089483 3.78047e-05 1.1933301767676767 1.0029013472496804
8.059315999999999 3.773088e-05 1.191 1.0009430146229443
8.029464 3.826314e-05 1.2078011363636363 1.015063065068712
7.999658999999999 3.730672e-05 1.1776111111111112 0.9896906932065748
7.969363 3.791938e-05 1.196950126262626 1.0059436336982592
7.939289 3.807327e-05 1.201807765151515 1.0100261019714702
7.909187 3.814398e-05 1.2040397727272725 1.0119019310155843
7.879326 3.835604e-05 1.2107335858585857 1.017527561154106
7.8491040000000005 3.783917e-05 1.194418244949495 1.0038157840641426
7.818909 3.807106e-05 1.2017380050505049 1.0099674740236906
7.789144 3.712551e-05 1.1718910984848485 0.9848834667734828
7.759316 3.83828e-05 1.2115782828282826 1.0182374633634186
7.729354 3.814881e-05 1.2041922348484846 1.012030063589238
7.699279000000001 3.82802e-05 1.2083396464646463 1.0155156409913904
7.669020000000001 3.802658e-05 1.2003339646464644 1.008787487092815
7.638917999999999 3.802171e-05 1.2001802398989898 1.008658293379835
7.609306999999999 3.769231e-05 1.1897825126262627 0.9999198110275337
7.579131 3.757841e-05 1.1861871843434342 0.996898216795818
7.548928 3.862242e-05 1.2191420454545452 1.0245942184977794
7.519059 3.769989e-05 1.1900217803030302 1.0001208969298727
7.489104 3.780891e-05 1.193463068181818 1.0030130321637762
7.4592290000000006 3.753733e-05 1.184890467171717 0.9958084267076804
7.429399999999999 3.795318e-05 1.1980170454545453 1.0068402964290055
7.398928 3.761447e-05 1.1873254419191919 0.9978548338985017
7.369305000000001 3.776785e-05 1.1921669823232321 1.0019237726453016
7.338974 3.783693e-05 1.1943475378787878 1.0037563602618682
7.309178 3.761634e-05 1.1873844696969695 0.9979044421620074
7.279106 3.75401e-05 1.1849779040404038 0.9958819106060285
7.2491769999999995 3.77155e-05 1.1905145202020202 1.0005350065519716
7.219131 3.819208e-05 1.2055580808080808 1.0131779510554926
7.188641 3.77662e-05 1.1921148989898989 1.0018800006480908
7.158984 3.786477e-05 1.1952263257575757 1.0044949132329917
7.129122000000001 3.759706e-05 1.1867758838383835 0.9973929730067178
7.099178 3.78688e-05 1.1953535353535352 1.004601823020119
7.0689459999999995 3.79393e-05 1.197578914141414 1.0064720810827699
7.038604 3.776787e-05 1.1921676136363635 1.001924303214965
7.008814 3.804665e-05 1.2009674873737373 1.0093199137497997
6.979001 3.783311e-05 1.194226957070707 1.0036550214562039
6.948804 3.781424e-05 1.193631313131313 1.0031544289790093
6.919097 3.752319e-05 1.1844441287878789 0.9954333139558239
6.889021 3.856403e-05 1.2172989267676766 1.0230452203661737
6.858789 3.734855e-05 1.1789315025252525 0.990800379657081
6.828474 3.82341e-05 1.2068844696969696 1.0142926779177988
6.798776 3.775514e-05 1.1917657828282828 1.0015865956243617
6.768816 3.821357e-05 1.2062364267676766 1.0137480481585615
6.738742 3.778653e-05 1.1927566287878786 1.0024193247106963
6.708653 3.776078e-05 1.191943813131313 1.0017362162693735
6.678576 3.803226e-05 1.2005132575757576 1.0089381688771537
6.648428 3.822672e-05 1.206651515151515 1.0140968977120914
6.6185659999999995 3.750174e-05 1.1837670454545455 0.9948642779920812
6.588691 3.793691e-05 1.1975034722222222 1.0064086780080221
6.558613 3.771323e-05 1.190442866161616 1.0004747868952024
6.528733 3.840043e-05 1.2121347853535354 1.0187051605214972
6.498437 3.789535e-05 1.1961916035353533 1.0053061542479684
6.468594 3.800726e-05 1.1997241161616161 1.0082749567981995
6.438757 3.772735e-05 1.1908885732323231 1.0008493690773959
6.408511000000001 3.782799e-05 1.1940653409090907 1.003519195622434
6.378344 3.769954e-05 1.1900107323232323 1.0001116119607674
6.34856 3.804175e-05 1.2008128156565656 1.0091899241823248
6.318807 3.778958e-05 1.192852904040404 1.0025002365843287
6.288761 3.764514e-05 1.1882935606060605 0.9986684624769627
6.258604 3.767732e-05 1.1893093434343434 0.9995221490649927
6.228738 3.79801e-05 1.1988667929292929 1.0075544431956234
6.198705 3.734189e-05 1.1787212752525251 0.9906236999592476
6.168701 3.746562e-05 1.1826268939393938 0.9939060691804079
6.138705 3.792384e-05 1.197090909090909 1.0060619507331447
6.108663 3.802312e-05 1.2002247474747474 1.008695698541088
6.078743 3.827488e-05 1.208171717171717 1.015374509460989
6.048872 3.760387e-05 1.186990845959596 0.9975736319770251
6.018808 3.782805e-05 1.1940672348484846 1.0035207873314236
5.988770000000001 3.7214e-05 1.1746843434343435 0.9872309722481493
5.958678 3.759469e-05 1.186701073232323 0.9973301005016331
5.928456 3.777127e-05 1.192274936868687 1.0020145000577028
5.898335 3.802669e-05 1.2003374368686865 1.0087904052259624
5.868520999999999 3.835239e-05 1.2106183712121212 1.017430732190579
5.838576 3.753201e-05 1.1847225378787878 0.9956672951772789
5.808622000000001 3.798694e-05 1.1990827020202022 1.0077358980204254
5.778243000000001 3.766388e-05 1.188885101010101 0.9991656062513469
5.748229 3.772524e-05 1.1908219696969695 1.000793393977932
5.71839 3.81576e-05 1.204469696969697 1.012263248956199
5.688474 3.768544e-05 1.1895656565656563 0.9997375603482369
5.65855 3.794872e-05 1.1978762626262627 1.0067219793941202
5.628082999999999 3.770313e-05 1.1901240530303028 1.000206849215305
5.598371 3.766312e-05 1.1888611111111111 0.9991454446041467
5.56839 3.801442e-05 1.1999501262626262 1.0084649007376119
5.538326 3.752933e-05 1.184637941919192 0.9955961988424151
5.508455 3.798213e-05 1.198930871212121 1.0076082960164345
5.478363 3.784633e-05 1.1946442550505048 1.004005728003555
5.448187 3.781221e-05 1.1935672348484847 1.0031005761581984
5.418178 3.787995e-05 1.1957054924242423 1.0048976156073326
5.3882330000000005 3.737082e-05 1.1796344696969696 0.9913911689770134
5.358298 3.776262e-05 1.1920018939393937 1.0017850286783845
5.328276 3.717998e-05 1.1736104797979796 0.9863284732511083
5.298011000000001 3.765535e-05 1.188615845959596 0.9989393182900076
5.268068 3.769243e-05 1.1897863005050504 0.9999229944455126
5.238159 3.778644e-05 1.1927537878787877 1.0024169371472123
5.208058 3.790243e-05 1.1964150883838383 1.0054939759087285
5.177854 3.72166e-05 1.174766414141414 0.9872999463043605
5.148012 3.769197e-05 1.1897717803030303 0.9999107913432599
5.1180010000000005 3.763397e-05 1.1879409722222218 0.9983721393200858
5.087974 3.791997e-05 1.19696875 1.0059592855033228
5.058076 3.758584e-05 1.186421717171717 0.9970953234256833
5.027788999999999 3.787558e-05 1.1955675505050503 1.0047816861359316
4.998087000000001 3.741312e-05 1.1809696969696968 0.992513323814604
4.968306999999999 3.785289e-05 1.1948513257575755 1.0041797548530724
4.9384369999999995 3.798355e-05 1.1989756944444443 1.0076459664625192
4.908576 3.789093e-05 1.1960520833333332 1.0051888983524095
4.8783900000000004 3.795155e-05 1.1979655934343434 1.0067970550014578
4.848242 3.762018e-05 1.1875056818181817 0.9980063115373349
4.818021 3.747903e-05 1.1830501893939394 0.994261816139559
4.788066 3.771509e-05 1.190501578282828 1.0005241298738767
4.758122 3.758429e-05 1.1863727904040402 0.9970542042767879
4.7282150000000005 3.794486e-05 1.1977544191919192 1.0066195794491295
4.697946 3.763616e-05 1.188010101010101 0.9984302366982024
4.667872 3.769596e-05 1.1898977272727271 1.0000166399910608
4.637937 3.778717e-05 1.1927768308080808 1.0024363029399177
4.6078909999999995 3.762151e-05 1.187547664141414 0.9980415944199352
4.577872 3.773776e-05 1.1912171717171716 1.0011255305870725
4.547956 3.779268e-05 1.1929507575757574 1.0025824748821193
4.517983 3.819388e-05 1.205614898989899 1.0132257023251772
4.487761000000001 3.738877e-05 1.1802010732323232 0.9918673552497026
4.457937 3.78765e-05 1.1955965909090909 1.004806092340437
4.427789 3.767477e-05 1.189228851010101 0.9994545014329393
4.3976440000000006 3.762926e-05 1.187792297979798 0.998247190164411
4.367854 3.793039e-05 1.197297664141414 1.0062357122978307
4.3374179999999996 3.743828e-05 1.1817638888888888 0.9931807804508638
4.307696 3.770235e-05 1.1900994318181817 1.0001861569984416
4.277502 3.726385e-05 1.176257891414141 0.9885534171335838
4.247946 3.776403e-05 1.1920464015151515 1.0018224338396378
4.217844 3.770545e-05 1.1901972853535354 1.0002683952962321
4.187714 3.757397e-05 1.1860470328282826 0.9967804303305957
4.157678 3.7908e-05 1.1965909090909088 1.0056417395599193
4.1279639999999995 3.762743e-05 1.1877345328282827 0.9981986430402315
4.097658999999999 3.751758e-05 1.1842670454545452 0.9952844891653064
4.067474 3.71147e-05 1.1715498737373737 0.9845966938705429
4.037215 3.751663e-05 1.1842370580808081 0.9952592871063064
4.0071959999999995 3.755356e-05 1.1854027777777778 0.9962389839893376
3.97727 3.788022e-05 1.195714015151515 1.0049047782977854
3.947436 3.768176e-05 1.189449494949495 0.999639935530215
3.917501 3.737554e-05 1.1797834595959593 0.9915163834175199
3.88727 3.762634e-05 1.187700126262626 0.9981697269935891
3.857103 3.717697e-05 1.1735154671717172 0.9862486225168021
3.827224 3.756823e-05 1.1858658459595959 0.9966281568372678
3.797446 3.776902e-05 1.1922039141414138 1.0019548109705967
3.76752 3.784848e-05 1.194712121212121 1.004062764242345
3.737557 3.762676e-05 1.1877133838383838 0.9981808689565157
3.707344 3.718194e-05 1.1736723484848484 0.9863804690780982
3.677465 3.765638e-05 1.1886483585858585 0.9989666426276606
3.647547 3.721435e-05 1.1746953914141411 0.9872402572172544
3.617474 3.764934e-05 1.1884261363636364 0.998779882106227
3.587251 3.767761e-05 1.1893184974747473 0.9995298423251086
3.557247 3.713344e-05 1.1721414141414142 0.9850938376449271
3.527548 3.715633e-05 1.1728639520202018 0.9857010746244175
3.497298 3.762553e-05 1.1876745580808081 0.9981482389222311
3.467251 3.799436e-05 1.199316919191919 1.0079327393654591
3.437288 3.724742e-05 1.1757392676767677 0.9881175541552953
3.407427 3.784252e-05 1.1945239898989897 1.0039046544827221
3.377399 3.698746e-05 1.1675334595959597 0.9812212096734974
3.347538 3.703517e-05 1.169039457070707 0.9824868836049736
3.317251 3.773135e-05 1.1910148358585857 1.0009554830100285
3.287149 3.776039e-05 1.1919315025252524 1.001725870160942
3.256862 3.74274e-05 1.1814204545454545 0.9928921505541027
3.226899 3.734111e-05 1.178696654040404 0.9906030077423842
3.197087 3.703925e-05 1.169168244949495 0.982595119816259
3.167196 3.692103e-05 1.165436553030303 0.9794589225373002
3.136899 3.734636e-05 1.1788623737373736 0.9907422822789647
3.106751 3.778025e-05 1.1925583964646462 1.002252725836463
3.0769729999999997 3.723625e-05 1.175386679292929 0.9878212309984185
3.0471060000000003 3.767183e-05 1.1891360479797979 0.9993765076924543
3.017019 3.768538e-05 1.1895637626262625 0.9997359686392475
2.98704 3.716965e-05 1.1732844065656567 0.9860544340200844
2.9568809999999996 3.700327e-05 1.1680325126262625 0.981640624992228
2.926863 3.793497e-05 1.1974422348484848 1.0063572127506952
2.897011 3.773602e-05 1.1911622474747474 1.0010793710263772
2.867149 3.742707e-05 1.1814100378787877 0.9928833961546605
2.837196 3.721658e-05 1.1747657828282827 0.9872994157346973
2.8066489999999997 3.761092e-05 1.1872133838383836 0.99776065778329
2.776596 3.713724e-05 1.1722613636363635 0.985194645880928
2.7469360000000003 3.716977e-05 1.1732881944444444 0.9860576174380633
2.717066 3.757664e-05 1.186131313131313 0.996851261380628
2.6870010000000004 3.732674e-05 1.1782430555555554 0.9902217934394013
2.656788 3.764834e-05 1.1883945707070707 0.9987533536230689
2.626668 3.810957e-05 1.2029535984848485 1.0109890859101118
2.596631 3.790571e-05 1.1965186237373737 1.0055809893334873
2.5666770000000003 3.656485e-05 1.1541934974747474 0.970010007406023
2.536757 3.747726e-05 1.182994318181818 0.994214860724369
2.506955 3.689521e-05 1.1646215277777776 0.978773957102156
2.4767609999999998 3.714264e-05 1.172431818181818 0.9853378996899821
2.446677 3.745559e-05 1.1823102904040401 0.9936399884943314
2.416751 3.785316e-05 1.1948598484848485 1.0041869175435254
2.386889 3.712038e-05 1.1717291666666667 0.9847473756548815
2.356937 3.759062e-05 1.186572601010101 0.9972221295751793
2.3267849999999997 3.678087e-05 1.1610123106060604 0.9757406903378507
2.2969090000000003 3.727959e-05 1.1767547348484848 0.9889709754584936
2.2668530000000002 3.754849e-05 1.1852427398989898 0.9961044845797257
2.236798 3.698332e-05 1.1674027777777776 0.9811113817532224
2.206955 3.785447e-05 1.1949011994949494 1.0042216698564626
2.1765749999999997 3.654651e-05 1.1536145833333333 0.9695234750249021
2.1465199999999998 3.701077e-05 1.168269255050505 0.9818395886159141
2.116696 3.650446e-05 1.1522872474747474 0.9684079523081011
2.086668 3.703446e-05 1.1690170454545454 0.9824680483819315
2.056842 3.720446e-05 1.1743832070707072 0.9869778905188205
2.027057 3.675032e-05 1.1600479797979797 0.9749302451773688
1.996742 3.75466e-05 1.1851830808080805 0.9960543457465566
1.966814 3.680118e-05 1.161653409090909 0.9762794838307933
1.936937 3.653678e-05 1.1533074494949491 0.9692653528837729
1.906696 3.674539e-05 1.1598923611111112 0.9747994597553991
1.876575 3.6035e-05 1.1374684343434345 0.9559538906046665
1.8466150000000001 3.71635e-05 1.1730902777777776 0.9858912838486615
1.81677 3.713137e-05 1.172076073232323 0.9850389236847895
1.78677 3.676416e-05 1.1604848484848482 0.9752973993842777
1.7568350000000001 3.713973e-05 1.172339962121212 0.9852607018039918
1.7266400000000002 3.699362e-05 1.1677279040404038 0.9813846251297517
1.696575 3.658477e-05 1.1548222853535353 0.9705384547905338
1.666298 3.684326e-05 1.1629816919191918 0.977395802402089
1.636719 3.629801e-05 1.1457705176767674 0.9629311469600966
1.606974 3.722366e-05 1.1749892676767675 0.987487237395457
1.576691 3.611e-05 1.1398358585858583 0.9579435268415292
1.546342 3.673953e-05 1.1597073863636362 0.9746440028440921
1.516483 3.715613e-05 1.1728576388888887 0.9856957689277858
1.486353 3.657744e-05 1.154590909090909 0.9703440010089843
1.456521 3.586082e-05 1.1319703282828282 0.9513331594081763
1.426364 3.61883e-05 1.1423074494949494 0.960020707072814
1.396191 3.632376e-05 1.1465833333333333 0.9636142554014197
1.3666310000000002 3.659152e-05 1.1550353535353532 0.9707175220518512
1.336594 3.590594e-05 1.1333945707070707 0.952530124568273
1.306612 3.688793e-05 1.1643917297979798 0.9785808297447646
1.276335 3.661657e-05 1.1558260732323231 0.9713820605549635
1.246251 3.538141e-05 1.1168374368686869 0.938615139297318
1.216644 3.544202e-05 1.1187506313131312 0.9402230306615346
1.186474 3.487239e-05 1.1007698863636362 0.925111610800146
1.15677 3.444774e-05 1.0873655303030303 0.9138462904270291
1.126788 3.380484e-05 1.0670719696969697 0.8967911286046415
1.096337 3.245962e-05 1.0246092171717172 0.8611044824906076
1.066001 3.211959e-05 1.013875946969697 0.852084002362335
1.036307 3.031927e-05 0.9570476641414141 0.8043242435630178
1.006251 2.963926e-05 0.935582702020202 0.7862846097306304
0.9762191 2.790407e-05 0.8808102904040404 0.7402526510394049
0.9462327 2.642076e-05 0.8339886363636363 0.7009026866860593
0.9161342 2.523946e-05 0.7967001262626261 0.6695645895313126
0.8861864 2.348792e-05 0.7414116161616161 0.6230988901404511
0.8562285000000001 2.247295e-05 0.7093734217171715 0.596173275589403
0.8263623999999999 2.209388e-05 0.6974078282828283 0.5861171234786354
0.7959919 2.066382e-05 0.6522670454545455 0.5481798008534625
0.766153 1.919926e-05 0.6060372474747474 0.5093272455593326
0.7360938 1.82773e-05 0.5769349747474746 0.4848690452268258
0.7061772 1.692435e-05 0.5342282196969697 0.44897733393797934
0.6763416999999999 1.641061e-05 0.5180116792929292 0.43534859100030093
0.6463438 1.577248e-05 0.49786868686868685 0.41841997004257775
0.6159738 1.45907e-05 0.46056502525252524 0.3870691392159153
0.5863994 1.434923e-05 0.4529428661616161 0.38066330638771184
0.5561216 1.259638e-05 0.397613005050505 0.3341628546839131
0.5262697 1.199045e-05 0.37848642676767674 0.31808845088388293
0.4960938 1.109901e-05 0.35034753787878786 0.2944398998573637
0.4661216 1.053751e-05 0.33262342171717163 0.279544156564051
0.4358901 1.013012e-05 0.31976388888888885 0.268736717810244
0.4062234 9.48354e-06 0.29935416666666664 0.25158393116983424
0.3756771 8.724816e-06 0.2754045454545454 0.23145613431413467
0.34592720000000005 8.864645e-06 0.27981833964646463 0.23516558558565848
0.3159455 7.945967e-06 0.2508196654040404 0.2107944517348769
0.2858623 7.677241e-06 0.24233715277777776 0.20366555856971444
0.2557975 6.56137e-06 0.207113952020202 0.1740631935395238
0.2257234 6.168229e-06 0.1947041982323232 0.16363375914223757
0.1956679 6.046241e-06 0.19085356691919192 0.1603976025387387
0.1657379 5.059874e-06 0.15971824494949494 0.13423078219146373
0.1358068 5.099028e-06 0.16095416666666665 0.13526947842103873
0.1058417 4.156009e-06 0.1311871527777778 0.11025261476170417
0.07585307000000001 3.509136e-06 0.11076818181818182 0.09309205527572907
0.04552898 2.987419e-06 0.09429984217171716 0.07925169462789793
0.01572849 2.046677e-06 0.06460470328282827 0.05429523632471449
-0.014276569999999999 2.39439e-06 0.07558049242424242 0.06351953478909136
-0.044248800000000005 1.263686e-06 0.03988907828282827 0.03352367276821558
-0.07448953 8.572023e-07 0.027058153409090905 0.022740276778694835
-0.1042904 4.724274e-07 0.014912481060606058 0.012532782324358178
-0.13419319999999998 -8.365818e-07 -0.02640725378787879 -0.022193246191731787
-0.16445249999999997 -6.049401e-07 -0.019095331439393938 -0.016048143254551853
-0.1945636 -1.585464e-06 -0.050046212121212116 -0.0420599550218853
-0.2242858 -1.489829e-06 -0.047027430555555555 -0.03952290353505369
-0.2543506 -2.168517e-06 -0.06845066287878787 -0.057527466712705956
-0.2844155 -2.999752e-06 -0.0946891414141414 -0.07957887041068765
-0.3142432 -3.539978e-06 -0.11174172979797979 -0.09391024675329335
-0.3442766 -4.062415e-06 -0.1282327967171717 -0.10776970790899834
-0.37453590000000003 -4.513312e-06 -0.14246565656565655 -0.11973132137956788
-0.404471 -5.138873e-06 -0.16221190025252524 -0.13632650583247605
-0.4344155 -5.373667e-06 -0.169623327020202 -0.14255523450711546
-0.4644602 -5.702351e-06 -0.17999845328282826 -0.1512747224654755
-0.49435070000000003 -6.949764e-06 -0.2193738636363636 -0.18436669722725818
-0.524434 -7.202405e-06 -0.22734864267676766 -0.1910688797408215
-0.5546378 -8.179621e-06 -0.25819510732323225 -0.216992937938716
-0.5844602 -8.490728e-06 -0.268015404040404 -0.22524613474860491
-0.6146007 -8.983501e-06 -0.28357010732323235 -0.23831865497990598
-0.6446470000000001 -1.01241e-05 -0.31957386363636364 -0.26857701634163184
-0.6745544 -9.835413e-06 -0.3104612689393939 -0.26091858812414914
-0.7044602 -1.148942e-05 -0.3626710858585859 -0.3047968849671449
-0.7343044 -1.192357e-05 -0.3763753156565656 -0.31631422593026454
-0.7645452 -1.23561e-05 -0.3900284090909091 -0.32778859075066796
-0.7947119 -1.410031e-05 -0.4450855429292929 -0.37405983635998014
-0.8245167999999999 -1.3896e-05 -0.4386363636363636 -0.3686398019659344
-0.8543093 -1.508346e-05 -0.47611931818181813 -0.40014131457693525
-0.8845544 -1.605743e-05 -0.5068633207070706 -0.42597926131849834
-0.9144618 -1.589435e-05 -0.5017155934343435 -0.421652996285064
-0.9445735 -1.775553e-05 -0.560464962121212 -0.4710272785693873
-0.9746840999999999 -1.856876e-05 -0.586135101010101 -0.49260103692810625
-1.004499 -1.994393e-05 -0.6295432449494949 -0.5290822111127272
-1.034786 -2.072304e-05 -0.6541363636363636 -0.5497508176260893
-1.0647760000000002 -2.145968e-05 -0.6773888888888888 -0.5692927594597238
-1.095027 -2.255938e-05 -0.7121016414141413 -0.5984661323887637
-1.12479 -2.333831e-05 -0.7366890782828281 -0.6191299637751573
-1.154582 -2.491359e-05 -0.7864138257575758 -0.6609197527245598
-1.184499 -2.582813e-05 -0.8152818813131312 -0.6851811117120328
-1.214536 -2.678e-05 -0.8453282828282828 -0.7104327789758004
-1.244823 -2.868776e-05 -0.9055479797979796 -0.7610427580056313
-1.274397 -2.831899e-05 -0.8939075126262626 -0.7512598492713929
-1.3044149999999999 -2.976592e-05 -0.939580808080808 -0.7896447074074442
-1.334786 -3.024953e-05 -0.9548462752525252 -0.8024741471475669
-1.364573 -3.046053e-05 -0.9615066287878786 -0.8080716570939408
-1.3946869999999998 -3.177781e-05 -1.0030874368686866 -0.8430170973885354
-1.424443 -3.146909e-05 -0.9933424873737373 -0.8348272240679451
-1.454675 -3.240975e-05 -1.0230350378787878 -0.8597815070355096
-1.484675 -3.302491e-05 -1.0424529671717169 -0.8761007687350895
-1.514804 -3.261494e-05 -1.0295119949494949 -0.8652248864947346
-1.544602 -3.342655e-05 -1.0551309974747474 -0.8867556687107371
-1.57449 -3.326932e-05 -1.0501679292929291 -0.882584595303778
-1.604573 -3.373888e-05 -1.064989898989899 -0.8950413098555284
-1.6345820000000002 -3.460244e-05 -1.0922487373737375 -0.9179502467715981
-1.664554 -3.419622e-05 -1.0794261363636362 -0.9071738463430861
-1.694712 -3.503104e-05 -1.1057777777777775 -0.9293203546531897
-1.724828 -3.462502e-05 -1.09296148989899 -0.9185492599213095
-1.754712 -3.47687e-05 -1.0974968434343433 -0.9223608723814752
-1.7848689999999998 -3.512794e-05 -1.1088364898989898 -0.9318909646712165
-1.8146300000000002 -3.477432e-05 -1.0976742424242423 -0.9225099624568243
-1.8445909999999999 -3.654447e-05 -1.1535501893939393 -0.9694693569192594
-1.8746749999999999 -3.551175e-05 -1.1209517045454542 -0.9420728617921537
-1.905036 -3.599293e-05 -1.136140467171717 -0.9548378373182023
-1.934953 -3.634741e-05 -1.147329861111111 -0.9642416540281102
-1.96479 -3.603854e-05 -1.1375801767676768 -0.9560478014350463
-1.994499 -3.635629e-05 -1.147610164141414 -0.964477226958555
-2.024693 -3.678479e-05 -1.1611360479797979 -0.9758446819918309
-2.055092 -3.710037e-05 -1.1710975378787878 -0.9842165407068862
-2.084906 -3.712322e-05 -1.171818813131313 -0.9848227165470504
-2.11498 -3.684991e-05 -1.1631916035353536 -0.9775722168150911
-2.144888 -3.715627e-05 -1.1728620580808078 -0.985699482915428
-2.174962 -3.672149e-05 -1.1591379419191918 -0.9741654290079188
-2.20513 -3.749576e-05 -1.1835782828282826 -0.9947056376627952
-2.234869 -3.683758e-05 -1.1628023989898988 -0.9772451206177507
-2.26511 -3.73587e-05 -1.1792518939393937 -0.9910696437611364
-2.2949430000000004 -3.75991e-05 -1.1868402777777776 -0.9974470911123605
-2.325203 -3.690334e-05 -1.1648781565656563 -0.978989633670232
-2.3552910000000002 -3.70098e-05 -1.1682386363636363 -0.9818138559872508
-2.385027 -3.730838e-05 -1.1776635101010102 -0.9897347304886175
-2.415295 -3.720376e-05 -1.1743611111111112 -0.9869593205806096
-2.445203 -3.709544e-05 -1.1709419191919193 -0.9840857552849166
-2.474847 -3.741432e-05 -1.1810075757575758 -0.9925451579943939
-2.504934 -3.700271e-05 -1.1680148358585858 -0.9816257690416593
-2.534999 -3.684311e-05 -1.162976957070707 -0.9773918231296154
-2.5651840000000004 -3.727756e-05 -1.1766906565656565 -0.9889171226376826
-2.595249 -3.704976e-05 -1.1695 -0.9828739341742514
-2.625168 -3.748357e-05 -1.1831934974747473 -0.9943822554530971
-2.654749 -3.721997e-05 -1.1748727904040401 -0.9873893472926034
-2.684934 -3.777662e-05 -1.192443813131313 -1.0021564274425991
-2.715064 -3.689149e-05 -1.1645041035353534 -0.9786752711448077
-2.7449529999999998 -3.741277e-05 -1.1809586489898989 -0.9925040388454986
-2.775073 -3.737031e-05 -1.179618371212121 -0.9913776394506028
-2.805175 -3.728419e-05 -1.1768999368686865 -0.989093006481021
-2.835268 -3.716946e-05 -1.173278409090909 -0.9860493936082844
-2.865323 -3.710562e-05 -1.1712632575757576 -0.9843558152434667
-2.895397 -3.692717e-05 -1.1656303661616159 -0.9796218074238912
-2.925083 -3.790514e-05 -1.1965006313131312 -1.005565868098087
-2.954888 -3.75129e-05 -1.184119318181818 -0.9951603358641262
-2.984879 -3.746171e-05 -1.182503472222222 -0.9938023428112596
-3.015277 -3.70237e-05 -1.1686773989898989 -0.9821826019031493
-3.045036 -3.689346e-05 -1.1645662878787877 -0.9787275322566292
-3.075249 -3.727397e-05 -1.1765773358585856 -0.9888218853831446
-3.105221 -3.808035e-05 -1.2020312499999997 -1.0102139236322298
-3.135249 -3.691118e-05 -1.165125631313131 -0.9791976169781921
-3.165323 -3.701812e-05 -1.1685012626262623 -0.9820345729671267
-3.195379 -3.674848e-05 -1.159989898989899 -0.9748814327683577
-3.2251399999999997 -3.703201e-05 -1.1689397095959595 -0.9824030535981939
-3.254971 -3.733395e-05 -1.178470643939394 -0.9904130638029719
-3.285351 -3.766219e-05 -1.1888317550505048 -0.9991207731148095
-3.315262 -3.782733e-05 -1.1940445075757575 -1.0035016868235498
-3.344916 -3.696837e-05 -1.1669308712121214 -0.980714780930008
-3.374999 -3.74067e-05 -1.1807670454545456 -0.9923430109527287
-3.405342 -3.744789e-05 -1.1820672348484846 -0.9934357191740135
-3.435243 -3.779844e-05 -1.1931325757575757 -1.0027352789451103
-3.465073 -3.733033e-05 -1.1783563762626261 -0.9903170306939391
-3.495212 -3.732384e-05 -1.178151515151515 -0.9901448608382426
-3.52511 -3.778495e-05 -1.192706755050505 -1.0023774097073066
-3.555295 -3.752772e-05 -1.184587121212121 -0.9955534879845302
-3.5853319999999997 -3.766926e-05 -1.189054924242424 -0.9993083294907377
-3.615647 -3.755586e-05 -1.1854753787878787 -0.9962999995006013
-3.645404 -3.73007e-05 -1.1774210858585856 -0.9895309917379626
-3.6749989999999997 -3.660141e-05 -1.1553475378787879 -0.9709798887502856
-3.705277 -3.740856e-05 -1.1808257575757573 -0.9923923539314027
-3.735379 -3.704061e-05 -1.169211174242424 -0.9826311985533539
-3.7652910000000004 -3.854234e-05 -1.2166142676767677 -1.0224698175664733
-3.79499 -3.764519e-05 -1.188295138888889 -0.9986697889011208
-3.825268 -3.772568e-05 -1.1908358585858585 -1.0008050665105217
-3.854999 -3.762593e-05 -1.1876871843434342 -0.9981588503154942
-3.885351 -3.71206e-05 -1.1717361111111109 -0.9847532119211759
-3.915175 -3.741994e-05 -1.1811849747474745 -0.9926942480697427
-3.945177 -3.794899e-05 -1.197884785353535 -1.0067291420845728
-3.9751469999999998 -3.762882e-05 -1.187778409090909 -0.9982355176318214
-4.005101 -3.729534e-05 -1.1772518939393937 -0.9893887990682347
-4.035138 -3.765837e-05 -1.1887111742424243 -0.9990194343091454
-4.065212 -3.808718e-05 -1.2022468434343434 -1.0103951131722004
-4.09561 -3.781923e-05 -1.1937888257575757 -1.0032868061099687
-4.1255820000000005 -3.747139e-05 -1.1828090277777776 -0.9940591385282306
-4.155368999999999 -3.736345e-05 -1.1794018308080807 -0.9911956540561376
-4.185175 -3.737452e-05 -1.1797512626262625 -0.9914893243646987
-4.2154430000000005 -3.780466e-05 -1.1933289141414138 -1.002900286110354
-4.24561 -3.786158e-05 -1.195125631313131 -1.0044102873717171
-4.275564 -3.765197e-05 -1.188509154040404 -0.998849652016933
-4.305359999999999 -3.70431e-05 -1.1692897727272724 -0.9826972544764178
-4.335224 -3.715936e-05 -1.1729595959595958 -0.9857814559283867
-4.365258 -3.786419e-05 -1.1952080176767677 -1.00447952671276
-4.395545 -3.799445e-05 -1.19931976010101 -1.0079351269289432
-4.425768 -3.811859e-05 -1.2032383207070705 -1.0112283728281983
-4.455814 -3.718594e-05 -1.1737986111111112 -0.986486583010731
-4.485443 -3.74163e-05 -1.1810700757575758 -0.9925976843910471
-4.5156469999999995 -3.713202e-05 -1.1720965909090908 -0.9850561671988424
-4.545832000000001 -3.841677e-05 -1.212650568181818 -1.0191386359363017
-4.575545 -3.695643e-05 -1.1665539772727274 -0.9803980308410993
-4.605526 -3.764132e-05 -1.1881729797979796 -0.9985671236712985
-4.635638 -3.751658e-05 -1.1842354797979797 -0.9952579606821483
-4.665869 -3.693546e-05 -1.1658920454545454 -0.9798417285492725
-4.695677 -3.708744e-05 -1.170689393939394 -0.9838735274196513
-4.725536 -3.739723e-05 -1.1804681186868684 -0.9920917862172206
-4.755776 -3.75883e-05 -1.1864993686868686 -0.9971605834942523
-4.785677 -3.655595e-05 -1.153912563131313 -0.9697739039059151
-4.815591 -3.730168e-05 -1.17745202020202 -0.9895569896514576
-4.845720999999999 -3.737268e-05 -1.1796931818181817 -0.9914405119556877
-4.875753 -3.742782e-05 -1.181433712121212 -0.9929032925170291
-4.905850999999999 -3.784942e-05 -1.194741792929293 -1.0040877010165137
-4.935555 -3.765534e-05 -1.1886155303030304 -0.9989390530051762
-4.965526 -3.773958e-05 -1.191274621212121 -1.0011738124264202
-4.995814 -3.747575e-05 -1.1829466540404039 -0.9941748027148003
-5.025526 -3.788947e-05 -1.1960059974747475 -1.0051501667669984
-5.055252 -3.763719e-05 -1.1880426136363635 -0.9984575610358553
-5.085054 -3.747008e-05 -1.1827676767676767 -0.9940243862152934
-5.114971 -3.780573e-05 -1.1933626893939393 -1.0029286715873333
-5.145276 -3.731211e-05 -1.1777812499999998 -0.9898336817307972
-5.175281 -3.817368e-05 -1.2049772727272727 -1.0126898269653821
-5.2051750000000006 -3.759756e-05 -1.1867916666666665 -0.9974062372482969
-5.235175 -3.837168e-05 -1.2112272727272728 -1.0179424666307
-5.265193 -3.750429e-05 -1.1838475378787878 -0.9949319256241345
-5.295332999999999 -3.799307e-05 -1.1992761994949495 -1.0078985176221849
-5.325394 -3.745043e-05 -1.1821474116161614 -0.9935031015212353
-5.355092 -3.754479e-05 -1.1851259469696969 -0.9960063291920402
-5.385369 -3.765221e-05 -1.1885167297979797 -0.998856018852891
-5.4152759999999995 -3.780159e-05 -1.1932320075757574 -1.0028188436670584
-5.445234 -3.762333e-05 -1.1876051136363635 -0.998089876259283
-5.47549 -3.719651e-05 -1.1741322601010102 -0.986766989077713
-5.505555 -3.758313e-05 -1.186336174242424 -0.9970234312363245
-5.5352619999999995 -3.760154e-05 -1.186917297979798 -0.9975118206112665
-5.565268 -3.77995e-05 -1.1931660353535354 -1.002763399137258
-5.595267 -3.838964e-05 -1.2117941919191917 -1.0184189181882204
-5.625413 -3.740226e-05 -1.180626893939394 -0.9922252244875065
-5.655378 -3.72133e-05 -1.1746622474747475 -0.9872124023099385
-5.6854059999999995 -3.716652e-05 -1.173185606060606 -0.9859713998677994
-5.715215 -3.808808e-05 -1.2022752525252525 -1.0104189888070427
-5.745147 -3.782027e-05 -1.1938216540404039 -1.003314395732453
-5.775055 -3.725533e-05 -1.1759889520202018 -0.9883273944570763
-5.805377999999999 -3.747284e-05 -1.1828547979797979 -0.99409760482881
-5.835249 -3.743396e-05 -1.1816275252525252 -0.9930661774036204
-5.865286 -3.727088e-05 -1.1764797979797978 -0.988739912370186
-5.894979 -3.750575e-05 -1.1838936237373736 -0.9949706572095454
-5.925166 -3.813397e-05 -1.2037238005050506 -1.0116363808991713
-5.955488999999999 -3.774596e-05 -1.19147601010101 -1.0013430641489693
-5.985277 -3.769009e-05 -1.1897124368686869 -0.9998609177949226
-6.0151769999999996 -3.69575e-05 -1.1665877525252524 -0.9804264163180785
-6.0449340000000005 -3.719713e-05 -1.1741518308080805 -0.9867834367372708
-6.075026 -3.724891e-05 -1.1757863005050506 -0.9881570815952011
-6.105111 -3.797147e-05 -1.1985943813131312 -1.0073255023859684
-6.135388 -3.817533e-05 -1.205029356060606 -1.0127335989625932
-6.165397 -3.72324e-05 -1.1752651515151513 -0.9877190963382594
-6.195036 -3.742747e-05 -1.1814226641414138 -0.9928940075479237
-6.2252030000000005 -3.789867e-05 -1.1962964015151516 -1.0053942288120536
-6.254951 -3.804815e-05 -1.201014835858586 -1.009359706474537
-6.284943 -3.749285e-05 -1.1834864267676766 -0.994628439776805
-6.3147709999999995 -3.717146e-05 -1.1733415404040402 -0.9861024505746006
-6.344647 -3.811805e-05 -1.203221275252525 -1.011214047447293
-6.374841999999999 -3.715788e-05 -1.1729128787878784 -0.9857421937733125
-6.405055 -3.80786e-05 -1.20197601010101 -1.010167498786703
-6.434997999999999 -3.791448e-05 -1.1967954545454544 -1.0058136441307843
-6.464813 -3.764538e-05 -1.1883011363636362 -0.9986748293129207
-6.494668 -3.767287e-05 -1.189168876262626 -0.9994040973149387
-6.524712 -3.764067e-05 -1.188152462121212 -0.9985498801572457
-6.554819 -3.753049e-05 -1.184674558080808 -0.9956269718828786
-6.5849530000000005 -3.805629e-05 -1.2012717803030302 -1.0095756483274445
-6.615045 -3.832677e-05 -1.209809659090909 -1.0167510724520663
-6.64496 -3.75362e-05 -1.1848547979797979 -0.9957784495217117
-6.6746289999999995 -3.757262e-05 -1.1860044191919192 -0.9967446168783323
-6.704934000000001 -3.740182e-05 -1.1806130050505048 -0.9922135519549167
-6.734932 -3.724448e-05 -1.1756464646464644 -0.9880395604148101
-6.764609999999999 -3.785335e-05 -1.1948658459595958 -1.0041919579553253
-6.794805 -3.79698e-05 -1.1985416666666666 -1.0072811998190943
-6.824508 -3.818789e-05 -1.2054258207070707 -1.0130667967110598
-6.854628 -3.765984e-05 -1.1887575757575755 -0.9990584311793878
-6.88498 -3.755084e-05 -1.185316919191919 -0.9961668265151473
-6.914953000000001 -3.730596e-05 -1.1775871212121212 -0.9896705315593747
-6.944743000000001 -3.744882e-05 -1.1820965909090908 -0.9934603906633507
-6.974675 -3.808864e-05 -1.2022929292929294 -1.0104338447576113
-7.0046930000000005 -3.749232e-05 -1.183469696969697 -0.9946143796807313
-7.034743000000001 -3.75448e-05 -1.1851262626262626 -0.996006594476872
-7.064749 -3.734515e-05 -1.178824179292929 -0.9907101828143432
-7.094536 -3.706324e-05 -1.1699255050505049 -0.9832315381272234
-7.124527 -3.766003e-05 -1.1887635732323232 -0.9990634715911879
-7.15461 -3.719222e-05 -1.1739968434343435 -0.9866531818849643
-7.184804 -3.849957e-05 -1.2152642045454543 -1.021335194341798
-7.214791 -3.820271e-05 -1.2058936237373736 -1.0134599488314637
-7.2446660000000005 -3.787979e-05 -1.195700441919192 -1.0048933710500274
-7.27461 -3.831869e-05 -1.2095546085858584 -1.0165367223081483
-7.3045919999999995 -3.751897e-05 -1.1843109217171717 -0.9953213637568964
-7.334703 -3.777249e-05 -1.1923134469696968 -1.0020468648071557
-7.3646210000000005 -3.733262e-05 -1.1784286616161614 -0.9903777809203713
-7.394378 -3.793952e-05 -1.1975858585858585 -1.0064779173490648
-7.424453000000001 -3.807967e-05 -1.2020097853535352 -1.0101958842636825
-7.454314 -3.749739e-05 -1.1836297348484845 -0.9947488790903429
-7.48449 -3.752632e-05 -1.1845429292929293 -0.9955163481081091
-7.514220999999999 -3.786669e-05 -1.1952869318181818 -1.0045458479206555
-7.544268 -3.709647e-05 -1.1709744318181816 -0.9841130796225693
-7.574128 -3.778216e-05 -1.1926186868686868 -1.0023033952392952
-7.604184 -3.691979e-05 -1.1653974116161614 -0.9794260272181838
-7.634518 -3.843839e-05 -1.2133330176767676 -1.0197121817421815
-7.664375 -3.714486e-05 -1.1725018939393939 -0.9853967929225932
-7.694314 -3.794064e-05 -1.1976212121212118 -1.0065076292502018
-7.724355999999999 -3.780178e-05 -1.193238005050505 -1.0028238840788584
-7.753851 -3.761315e-05 -1.187283775252525 -0.9978198163007327
-7.78398 -3.833279e-05 -1.2099996843434342 -1.0169107739206784
-7.814055000000001 -3.793551e-05 -1.19745928030303 -1.0063715381316005
-7.8441279999999995 -3.790613e-05 -1.1965318813131312 -1.0055921312964136
-7.874277 -3.811251e-05 -1.2030464015151512 -1.0110670796505967
-7.90412 -3.733804e-05 -1.1785997474747474 -0.9905215652990886
-7.934101 -3.780487e-05 -1.193335542929293 -1.0029058570918172
-7.963998999999999 -3.759859e-05 -1.1868241792929293 -0.99743356158595
-7.993879 -3.745262e-05 -1.1822165404040403 -0.9935611988993519
-8.024008 -3.779917e-05 -1.1931556186868686 -1.0027546447378157
-8.053791 -3.771415e-05 -1.1904719065656566 -1.0004991930997083
-8.083657 -3.781338e-05 -1.1936041666666666 -1.0031316144834932
-8.113749 -3.774058e-05 -1.191306186868687 -1.0012003409095787
-8.143904000000001 -3.766108e-05 -1.188796717171717 -0.999091326498504
-8.173720999999999 -3.793316e-05 -1.1973851010101009 -1.006309196196179
-8.203823 -3.69392e-05 -1.166010101010101 -0.979940945076284
-8.233906000000001 -3.780728e-05 -1.193411616161616 -1.0029697907362283
-8.263601000000001 -3.764918e-05 -1.1884210858585857 -0.9987756375489217
-8.29386 -3.785343e-05 -1.1948683712121213 -1.0041940802339782
-8.323725 -3.804061e-05 -1.2007768308080806 -1.0091596817115243
-8.353193 -3.805905e-05 -1.2013589015151513 -1.009648866940961
-8.38323 -3.745456e-05 -1.1822777777777778 -0.9936126641566788
-8.413388000000001 -3.751532e-05 -1.184195707070707 -0.995224534793369
-8.443435 -3.768903e-05 -1.1896789772727272 -0.9998327976027749
-8.473426 -3.81276e-05 -1.2035227272727271 -1.0114673944614534
-8.503193 -3.776241e-05 -1.191995265151515 -1.0017794576969212
-8.533055000000001 -3.737278e-05 -1.1796963383838384 -0.9914431648040035
-8.563102 -3.729847e-05 -1.1773506944444443 -0.9894718332205198
-8.593238999999999 -3.731119e-05 -1.1777522095959596 -0.9898092755262918
-8.623249 -3.715494e-05 -1.1728200757575757 -0.9856642000328277
-8.653093 -3.815519e-05 -1.2043936237373736 -1.0121993153117874
-8.682711999999999 -3.790277e-05 -1.1964258207070704 -1.005502995593002
-8.712933999999999 -3.816309e-05 -1.2046429924242423 -1.012408890328737
-8.742796 -3.747996e-05 -1.1830795454545453 -0.994286487628896
-8.772924999999999 -3.799305e-05 -1.199275568181818 -1.0078979870525218
-8.803046 -3.799928e-05 -1.1994722222222223 -1.0080632595025971
-8.832692999999999 -3.79318e-05 -1.1973421717171715 -1.0062731174590838
-8.862525999999999 -3.78415e-05 -1.1944917929292929 -1.003877595429901
-8.892249 -3.733326e-05 -1.1784488636363635 -0.9903947591495925
-8.922488999999999 -3.752344e-05 -1.18445202020202 -0.9954399460766132
-8.952638 -3.733764e-05 -1.1785871212121213 -0.9905109539058254
-8.98247 -3.86407e-05 -1.2197190656565653 -1.0250791591699107
-9.012063 -3.802951e-05 -1.200426452020202 -1.0088652155484685
-9.042259 -3.70439e-05 -1.169315025252525 -0.9827184772629445
-9.072185 -3.768981e-05 -1.1897035984848483 -0.9998534898196381
-9.102253000000001 -3.722358e-05 -1.1749867424242422 -0.9874851151168044
-9.132018 -3.745149e-05 -1.1821808712121211 -0.9935312217133829
-9.16186 -3.798953e-05 -1.199164457070707 -1.007804606791805
-9.191848 -3.789403e-05 -1.1961499368686868 -1.0052711366501998
-9.221675999999999 -3.772236e-05 -1.1907310606060606 -1.0007169919464367
-9.252027 -3.79147e-05 -1.1968023989898988 -1.005819480397079
-9.281696 -3.787103e-05 -1.1954239267676767 -1.0046609815375618
-9.311425 -3.758648e-05 -1.186441919191919 -0.9971123016549045
-9.341472 -3.734407e-05 -1.178790088383838 -0.9906815320525323
-9.371225 -3.792426e-05 -1.1971041666666666 -1.0060730926960715
-9.401138000000001 -3.750778e-05 -1.183957702020202 -0.9950245100303564
-9.431239 -3.752272e-05 -1.1844292929292928 -0.9954208455687396
-9.461026 -3.738911e-05 -1.1802118055555555 -0.9918763749339764
-9.490768 -3.730273e-05 -1.1774851641414141 -0.9895848445587737
-9.52074 -3.756391e-05 -1.1857294823232323 -0.9965135537900247
-9.550852 -3.726678e-05 -1.1763503787878788 -0.9886311455892375
-9.580972 -3.813592e-05 -1.2037853535353535 -1.0116881114413296
-9.610781000000001 -3.722617e-05 -1.1750684974747474 -0.9875538238881841
-9.640685 -3.742276e-05 -1.18127398989899 -0.9927690583922488
-9.670442999999999 -3.793994e-05 -1.1975991161616162 -1.0064890593119915
-9.701055 -3.736063e-05 -1.1793128156565655 -0.9911208437336317
-9.730999 -3.764384e-05 -1.1882525252525251 -0.9986339754488571
-9.761296 -3.735987e-05 -1.1792888257575755 -0.9911006820864314
-9.790763 -3.84141e-05 -1.2125662878787877 -1.0190678048862694
-9.820888 -3.751926e-05 -1.1843200757575758 -0.9953290570170124
-9.85098 -3.748151e-05 -1.183128472222222 -0.9943276067777912
-9.881036 -3.782711e-05 -1.1940375631313132 -1.003495850557255
-9.911055000000001 -3.757236e-05 -1.185996212121212 -0.9967377194727111
-9.941129 -3.756241e-05 -1.1856821338383836 -0.9964737610652872
-9.970979 -3.746312e-05 -1.1825479797979797 -0.9938397479725125
-9.993069 -3.751345e-05 -1.1841366792929293 -0.9951749265298634
-9.994643 -3.760438e-05 -1.1870069444444444 -0.9975871615034357
-9.966173000000001 -3.783733e-05 -1.194360164141414 -1.0037669716551316
-9.936701 -3.752534e-05 -1.1845119949494949 -0.995490350194614
-9.90695 -3.770192e-05 -1.1900858585858585 -1.0001747497506837
-9.877367 -3.727894e-05 -1.176734217171717 -0.9889537319444408
-9.847718 -3.752208e-05 -1.184409090909091 -0.9954038673395185
-9.818108 -3.791591e-05 -1.1968405934343433 -1.0058515798617005
-9.788081 -3.788844e-05 -1.1959734848484849 -1.0051228424293457
-9.758472 -3.756532e-05 -1.1857739898989899 -0.9965509589512777
-9.72871 -3.738074e-05 -1.1799476010101009 -0.9916543315299425
-9.69872 -3.764851e-05 -1.1883999368686866 -0.9987578634652057
-9.668524999999999 -3.758206e-05 -1.1863023989898989 -0.9969950457593453
-9.638331 -3.784203e-05 -1.1945085227272727 -1.003891655525975
-9.608441000000001 -3.79308e-05 -1.197310606060606 -1.0062465889759258
-9.57859 -3.739845e-05 -1.1805066287878787 -0.9921241509666737
-9.54884 -3.734905e-05 -1.1789472853535354 -0.9908136438986601
-9.518951 -3.72018e-05 -1.1742992424242422 -0.9869073247536194
-9.488914000000001 -3.793387e-05 -1.1974075126262624 -1.0063280314192211
-9.458969999999999 -3.750923e-05 -1.1840034722222221 -0.9950629763309359
-9.429071 -3.777594e-05 -1.1924223484848484 -1.0021383880740515
-9.399028 -3.722838e-05 -1.1751382575757574 -0.9876124518359637
-9.369468999999999 -3.769649e-05 -1.189914457070707 -1.0000307000871347
-9.339284 -3.769029e-05 -1.1897187499999997 -0.9998662234915541
-9.309423 -3.765501e-05 -1.1886051136363636 -0.9989302986057339
-9.279575999999999 -3.814516e-05 -1.2040770202020201 -1.011933234625711
-9.249868000000001 -3.729231e-05 -1.17715625 -0.9893084177642656
-9.219654 -3.775179e-05 -1.1916600378787878 -1.0014977252057815
-9.189784 -3.746205e-05 -1.1825142045454542 -0.9938113624955331
-9.159868000000001 -3.760054e-05 -1.1868857323232322 -0.9974852921281084
-9.130198 -3.785071e-05 -1.1947825126262626 -1.004121922759788
-9.100266 -3.758102e-05 -1.1862695707070707 -0.9969674561368609
-9.070071 -3.787073e-05 -1.195414457070707 -1.0046530229926143
-9.040076 -3.757864e-05 -1.1861944444444443 -0.9969043183469444
-9.010377 -3.764412e-05 -1.1882613636363635 -0.9986414034241414
-8.980367 -3.730335e-05 -1.1775047348484848 -0.9896012922183317
-8.950654 -3.780389e-05 -1.1933046085858585 -1.0028798591783221
-8.920219 -3.788501e-05 -1.1958652146464646 -1.0050318497321131
-8.890321 -3.789764e-05 -1.1962638888888888 -1.0053669044744007
-8.860453 -3.779083e-05 -1.192892361111111 -1.0025333971882766
-8.830570999999999 -3.718124e-05 -1.1736502525252523 -0.9863618991398876
-8.800537 -3.758993e-05 -1.1865508207070707 -0.9972038249218003
-8.770646000000001 -3.758332e-05 -1.1863421717171716 -0.9970284716481246
-8.740821 -3.798855e-05 -1.1991335227272726 -1.0077786088783098
-8.710959999999998 -3.791876e-05 -1.1969305555555554 -1.0059271860387013
-8.68084 -3.789057e-05 -1.1960407196969696 -1.0051793480984723
-8.650981 -3.749404e-05 -1.1835239898989898 -0.9946600086717633
-8.621016 -3.726595e-05 -1.1763241792929293 -0.9886091269482162
-8.590935 -3.795403e-05 -1.1980438762626262 -1.00686284563969
-8.561127 -3.774505e-05 -1.1914472853535354 -1.0013189232292956
-8.531023999999999 -3.812644e-05 -1.2034861111111108 -1.01143662142099
-8.501048 -3.756379e-05 -1.1857256944444443 -0.9965103703720456
-8.471357 -3.737382e-05 -1.1797291666666665 -0.9914707544264879
-8.441025 -3.787673e-05 -1.195603851010101 -1.0048121938915635
-8.411151 -3.759517e-05 -1.1867162247474745 -0.997342834173549
-8.381294 -3.804576e-05 -1.2009393939393938 -1.0092963033997888
-8.351497 -3.773107e-05 -1.1910059974747473 -1.0009480550347443
-8.321462 -3.765783e-05 -1.1886941287878787 -0.99900510892824
-8.291377 -3.728861e-05 -1.177039457070707 -0.9892102623765803
-8.261209999999998 -3.734953e-05 -1.1789624368686868 -0.9908263775705761
-8.231367 -3.788736e-05 -1.195939393939394 -1.0050941916675349
-8.201358 -3.74768e-05 -1.182979797979798 -0.9942026576221163
-8.171331 -3.806258e-05 -1.201470328282828 -1.0097425124865094
-8.141567 -3.712349e-05 -1.1718273358585858 -0.9848298792375031
-8.111396 -3.802784e-05 -1.200373737373737 -1.0088209129815944
-8.081368000000001 -3.740361e-05 -1.1806695075757576 -0.9922610379397699
-8.051472 -3.758081e-05 -1.1862629419191917 -0.9969618851553975
-8.021478 -3.789042e-05 -1.1960359848484847 -1.0051753688259988
-7.991488 -3.748431e-05 -1.1832168560606058 -0.9944018865306341
-7.961443 -3.779304e-05 -1.192962121212121 -1.002592025136056
-7.9318029999999995 -3.766843e-05 -1.1890287247474747 -0.9992863108497165
-7.901599 -3.761741e-05 -1.1874182449494948 -0.9979328276389865
-7.871849 -3.767555e-05 -1.189253472222222 -0.9994751936498028
-7.841654 -3.773831e-05 -1.1912345328282827 -1.0011401212528095
-7.811349 -3.778991e-05 -1.1928633207070707 -1.002508990983771
-7.781792 -3.758725e-05 -1.1864662247474747 -0.9971327285869362
-7.751608 -3.755608e-05 -1.1854823232323233 -0.9963058357668962
-7.721944000000001 -3.72145e-05 -1.1747001262626262 -0.9872442364897283
-7.691923 -3.769193e-05 -1.1897705176767674 -0.9999097302039334
-7.661876 -3.775192e-05 -1.1916641414141413 -1.0015011739085922
-7.63184 -3.766439e-05 -1.1889011994949492 -0.9991791357777573
-7.601479 -3.810415e-05 -1.2027825126262623 -1.0108453015313943
-7.571651 -3.775916e-05 -1.1918926767676767 -1.0016932401266574
-7.541821 -3.771995e-05 -1.190654987373737 -1.0006530583020254
-7.511821 -3.776352e-05 -1.192030303030303 -1.001808904313227
-7.48201 -3.709315e-05 -1.170869633838384 -0.9840250050584844
-7.452108 -3.761405e-05 -1.1873121843434342 -0.9978436919355752
-7.4222269999999995 -3.77702e-05 -1.1922411616161614 -1.0019861145807234
-7.392349 -3.748884e-05 -1.1833598484848484 -0.9945220605593408
-7.362246 -3.808258e-05 -1.2021016414141414 -1.0102730821496728
-7.332006000000001 -3.814642e-05 -1.2041167929292929 -1.0119666605144904
-7.302163999999999 -3.812631e-05 -1.2034820075757575 -1.0114331727181796
-7.272126 -3.804464e-05 -1.2009040404040403 -1.0092665914986518
-7.242136 -3.759366e-05 -1.1866685606060605 -0.9973027761639801
-7.212181999999999 -3.780542e-05 -1.1933529040404038 -1.0029204477575542
-7.182123 -3.776539e-05 -1.1920893308080809 -1.0018585125767328
-7.15221 -3.773436e-05 -1.1911098484848484 -1.0010353337443345
-7.1222010000000004 -3.764866e-05 -1.1884046717171717 -0.9987618427376794
-7.092042999999999 -3.762718e-05 -1.1877266414141414 -0.998192010919442
-7.062229 -3.775804e-05 -1.191857323232323 -1.0016635282255202
-7.032108 -3.740301e-05 -1.180650568181818 -0.9922451208498749
-7.002085 -3.800569e-05 -1.1996745580808081 -1.0082333070796412
-6.972321 -3.78011e-05 -1.1932165404040402 -1.002805844710311
-6.942368 -3.801008e-05 -1.1998131313131313 -1.0083497671207053
-6.912571 -3.792116e-05 -1.1970063131313131 -1.005990854398281
-6.882303 -3.738716e-05 -1.1801502525252525 -0.9918246443918179
-6.852066 -3.783018e-05 -1.1941344696969696 -1.0035772930005504
-6.822274 -3.779754e-05 -1.1931041666666664 -1.0027114033102678
-6.792247000000001 -3.745761e-05 -1.182374053030303 -0.9936935760303112
-6.762274000000001 -3.802006e-05 -1.2001281565656565 -1.008614521382624
-6.732451 -3.730686e-05 -1.17761553030303 -0.9896944071942168
-6.7021180000000005 -3.792404e-05 -1.1970972222222223 -1.0060672564297766
-6.672273000000001 -3.798418e-05 -1.1989955808080806 -1.0076626794069088
-6.642229 -3.730218e-05 -1.177467803030303 -0.9895702538930368
-6.612432 -3.809787e-05 -1.20258428030303 -1.010678702657161
-6.58234 -3.74391e-05 -1.1817897727272726 -0.9932025338070533
-6.552274000000001 -3.781426e-05 -1.1936319444444443 -1.0031549595486724
-6.522386 -3.810345e-05 -1.2027604166666666 -1.0108267315931838
-6.492386000000001 -3.773821e-05 -1.191231376262626 -1.0011374684044936
-6.462238 -3.784463e-05 -1.1945905934343435 -1.0039606295821861
-6.432491 -3.785125e-05 -1.194799558080808 -1.004136248140693
-6.402358 -3.758642e-05 -1.1864400252525251 -0.997110709945915
-6.37246 -3.777403e-05 -1.192362058080808 -1.0020877186712194
-6.342453000000001 -3.785736e-05 -1.194992424242424 -1.0042983371727896
-6.31247 -3.833434e-05 -1.2100486111111108 -1.0169518930695736
-6.282247 -3.791976e-05 -1.196962121212121 -1.0059537145218593
-6.252642 -3.784198e-05 -1.1945069444444443 -1.003890329101817
-6.222404 -3.769718e-05 -1.1899362373737372 -1.000049004740514
-6.192406 -3.743181e-05 -1.1815596590909088 -0.9930091411648301
-6.162719 -3.781884e-05 -1.193776515151515 -1.003276460001537
-6.13258 -3.787873e-05 -1.1956669823232324 -1.00486525085788
-6.102557 -3.759334e-05 -1.1866584595959595 -0.9972942870493696
-6.072618 -3.790865e-05 -1.1966114267676766 -1.0056589830739722
-6.042562 -3.760363e-05 -1.18698327020202 -0.9975672651410671
-6.012774 -3.772747e-05 -1.1908923611111109 -1.0008525524953749
-5.982877 -3.789154e-05 -1.1960713383838382 -1.0052050807271358
-5.952746 -3.797119e-05 -1.1985855429292929 -1.0073180744106842
-5.922469 -3.728302e-05 -1.176863005050505 -0.989061968155726
-5.892651 -3.775797e-05 -1.1918551136363635 -1.001661671231699
-5.862719 -3.803352e-05 -1.2005530303030303 -1.008971594765933
-5.832738 -3.746454e-05 -1.182592803030303 -0.9938774184185972
-5.802581 -3.783046e-05 -1.1941433080808082 -1.0035847209758348
-5.772451 -3.773778e-05 -1.1912178030303031 -1.0011260611567356
-5.742623 -3.818404e-05 -1.2053042929292928 -1.0129646620509007
-5.712867 -3.761798e-05 -1.1874362373737375 -0.997947948874387
-5.6827749999999995 -3.779259e-05 -1.1929479166666666 -1.002580087318635
-5.652849 -3.777739e-05 -1.1924681186868686 -1.0021768543746308
-5.622623 -3.729203e-05 -1.1771474116161615 -0.9893009897889812
-5.592747 -3.797937e-05 -1.19884375 -1.0075350774029181
-5.56246 -3.786303e-05 -1.1951714015151516 -1.0044487536722966
-5.532812 -3.776904e-05 -1.1922045454545454 -1.00195534154026
-5.502979 -3.763938e-05 -1.1881117424242424 -0.9985156584139718
-5.472654 -3.777592e-05 -1.192421717171717 -1.0021378575043882
-5.442543 -3.78873e-05 -1.1959374999999999 -1.0050925999585452
-5.412566 -3.808e-05 -1.2020202020202018 -1.0102046386631247
-5.383006 -3.778046e-05 -1.1925650252525253 -1.0022582968179263
-5.352645000000001 -3.774111e-05 -1.1913229166666666 -1.0012144010056523
-5.3225810000000005 -3.759636e-05 -1.1867537878787877 -0.9973744030685072
-5.292422999999999 -3.785632e-05 -1.1949595959595958 -1.0042707475503052
-5.262632 -3.773774e-05 -1.1912165404040402 -1.0011250000174092
-5.2330060000000005 -3.776786e-05 -1.192167297979798 -1.0019240379301335
-5.202775 -3.813083e-05 -1.2036246843434342 -1.0115530814620544
-5.172904000000001 -3.776901e-05 -1.1922035984848482 -1.0019545456857653
-5.142599000000001 -3.760266e-05 -1.1869526515151514 -0.9975415325124037
-5.112506000000001 -3.736545e-05 -1.179464962121212 -0.991248711022454
-5.082623 -3.79394e-05 -1.1975820707070703 -1.0064747339310858
-5.052867 -3.769437e-05 -1.1898475378787878 -0.9999744597028395
-5.022766 -3.756186e-05 -1.1856647727272727 -0.9964591703995505
-4.992988 -3.798619e-05 -1.1990590277777775 -1.0077160016580566
-4.962951 -3.723447e-05 -1.1753304924242423 -0.9877740102983968
-4.932691 -3.782153e-05 -1.1938614267676766 -1.0033478216212324
-4.903179 -3.777942e-05 -1.1925321969696967 -1.0022307071954417
-4.873238000000001 -3.796625e-05 -1.1984296085858583 -1.0071870237038827
-4.8430990000000005 -3.816362e-05 -1.2046597222222222 -1.012422950424811
-4.813293 -3.734105e-05 -1.17869476010101 -0.9906014160333947
-4.78284 -3.772036e-05 -1.1906679292929294 -1.0006639349801205
-4.753076 -3.753924e-05 -1.1849507575757572 -0.9958590961105124
-4.72321 -3.801344e-05 -1.1999191919191918 -1.008438902824117
-4.6929229999999995 -3.771592e-05 -1.1905277777777776 -1.0005461485148979
-4.662839 -3.758268e-05 -1.1863219696969696 -0.9970114934189034
-4.632708 -3.815379e-05 -1.2043494318181818 -1.012162175435366
-4.602978 -3.759759e-05 -1.1867926136363636 -0.9974070331027918
-4.572915 -3.768488e-05 -1.1895479797979798 -0.9997227043976684
-4.543034 -3.763782e-05 -1.1880625 -0.998474273980245
-4.512821 -3.798009e-05 -1.198866477272727 -1.0075541779107917
-4.4828019999999995 -3.838772e-05 -1.2117335858585856 -1.0183679835005568
-4.45317 -3.729176e-05 -1.1771388888888887 -0.9892938270985284
-4.423081 -3.778296e-05 -1.1926439393939392 -1.0023246180258218
-4.393043 -3.748764e-05 -1.1833219696969695 -0.9944902263795509
-4.362608 -3.807004e-05 -1.201705808080808 -1.0099404149708693
-4.3326080000000005 -3.761752e-05 -1.1874217171717172 -0.9979357457721341
-4.302887 -3.809764e-05 -1.20257702020202 -1.0106726011060347
-4.273034 -3.785939e-05 -1.1950565025252524 -1.0043521899936008
-4.243062 -3.773173e-05 -1.1910268308080807 -1.0009655638336286
-4.212747 -3.802905e-05 -1.2004119318181818 -1.0088530124462158
-4.182701 -3.761135e-05 -1.187226957070707 -0.9977720650310481
-4.152821 -3.747801e-05 -1.1830179924242425 -0.9942347570867379
-4.122951 -3.811908e-05 -1.2032537878787877 -1.011241371784946
-4.092849 -3.780204e-05 -1.193246212121212 -1.0028307814844797
-4.062376 -3.787896e-05 -1.1956742424242424 -1.004871352409006
-4.032182 -3.774444e-05 -1.1914280303030302 -1.0013027408545692
-4.002396 -3.78086e-05 -1.1934532828282827 -1.0030048083339973
-3.9724229999999996 -3.776067e-05 -1.1919403409090907 -1.0017332981362261
-3.942645 -3.775068e-05 -1.191625 -1.0014682785894762
-3.91267 -3.771393e-05 -1.190464962121212 -1.0004933568334133
-3.8825990000000004 -3.81232e-05 -1.2033838383838384 -1.0113506691355576
-3.852376 -3.776345e-05 -1.1920280934343435 -1.0018070473194058
-3.82221 -3.757621e-05 -1.18611773989899 -0.9968398541328701
-3.792423 -3.746328e-05 -1.1825530303030303 -0.9938439925298179
-3.7624969999999998 -3.757684e-05 -1.1861376262626262 -0.9968565670772597
-3.732453 -3.732847e-05 -1.1782976641414138 -0.9902676877152649
-3.702682 -3.838035e-05 -1.2115009469696967 -1.0181724685796811
-3.6726170000000002 -3.772375e-05 -1.1907749368686869 -1.0007538665380267
-3.642811 -3.791857e-05 -1.1969245580808079 -1.0059221456269012
-3.6128020000000003 -3.823383e-05 -1.206875946969697 -1.0142855152273462
-3.582719 -3.713669e-05 -1.1722440025252525 -0.985180055215191
-3.552645 -3.751542e-05 -1.1841988636363636 -0.9952271876416848
-3.5226819999999996 -3.795012e-05 -1.1979204545454545 -1.0067591192705416
-3.49258 -3.766554e-05 -1.1889375 -0.9992096435333895
-3.4625749999999997 -3.833295e-05 -1.2100047348484846 -1.0169150184779836
-3.432589 -3.782257e-05 -1.193894255050505 -1.0033754112437168
-3.40245 -3.743867e-05 -1.1817761994949494 -0.9931911265592953
-3.372538 -3.755512e-05 -1.18545202020202 -0.9962803684230642
-3.34258 -3.725633e-05 -1.1760205176767677 -0.9883539229402346
-3.312453 -3.795518e-05 -1.1980801767676768 -1.006893353395322
-3.28245 -3.754362e-05 -1.185089015151515 -0.9959752908667453
-3.252191 -3.76862e-05 -1.1895896464646463 -0.9997577219954371
-3.2224899999999996 -3.76153e-05 -1.1873516414141414 -0.997876852539523
-3.1927280000000002 -3.763973e-05 -1.1881227904040401 -0.998524943383077
-3.162645 -3.788694e-05 -1.1959261363636362 -1.0050830497046084
-3.1326039999999997 -3.691372e-05 -1.1652058080808079 -0.9792649993254137
-3.102598 -3.755469e-05 -1.1854384469696968 -0.9962689611753062
-3.072469 -3.775729e-05 -1.1918336489898989 -1.0016436318631514
-3.042432 -3.775261e-05 -1.1916859217171716 -1.0015194785619712
-3.0122739999999997 -3.809692e-05 -1.202554292929293 -1.010653500598161
-2.9826219999999997 -3.665502e-05 -1.1570397727272728 -0.9724020807323953
-2.952367 -3.770784e-05 -1.1902727272727271 -1.00033179837098
-2.9224229999999998 -3.740574e-05 -1.1807367424242425 -0.9923175436088969
-2.892098 -3.720296e-05 -1.1743358585858585 -0.9869380977940829
-2.86234 -3.809401e-05 -1.2024624368686867 -1.0105763027121706
-2.8327 -3.7669e-05 -1.1890467171717172 -0.9993014320851167
-2.802062 -3.755282e-05 -1.185379419191919 -0.9962193529118003
-2.772283 -3.756838e-05 -1.1858705808080807 -0.9966321361097417
-2.7423580000000003 -3.718115e-05 -1.1736474116161615 -0.9863595115764032
-2.7121350000000004 -3.79954e-05 -1.1993497474747474 -1.0079603289879435
-2.682209 -3.696843e-05 -1.1669327651515151 -0.9807163726389972
-2.6520520000000003 -3.750593e-05 -1.1838993055555553 -0.9949754323365139
-2.6223769999999997 -3.784204e-05 -1.194508838383838 -1.0038919208108064
-2.59245 -3.761476e-05 -1.1873345959595958 -0.9978625271586176
-2.562358 -3.763743e-05 -1.1880501893939392 -0.9984639278718133
-2.532219 -3.722305e-05 -1.1749700126262625 -0.9874710550207307
-2.502273 -3.697253e-05 -1.1670621843434341 -0.9808251394199458
-2.472488 -3.718928e-05 -1.1739040404040402 -0.9865751881444791
-2.4426039999999998 -3.757946e-05 -1.186220328282828 -0.9969260717031341
-2.41246 -3.762319e-05 -1.1876006944444444 -0.9980861622716409
-2.382413 -3.726578e-05 -1.176318813131313 -0.9886046171060792
-2.352434 -3.765866e-05 -1.1887203282828283 -0.9990271275692612
-2.322321 -3.697818e-05 -1.1672405303030302 -0.9809750253497895
-2.2922 -3.743061e-05 -1.1815217803030302 -0.9929773069850405
-2.262321 -3.761203e-05 -1.1872484217171715 -0.9977901043995957
-2.2326170000000003 -3.79911e-05 -1.199214015151515 -1.0078462565103632
-2.202506 -3.726513e-05 -1.1762982954545453 -0.9885873735920264
-2.172182 -3.717521e-05 -1.1734599116161615 -0.9862019323864437
-2.1420239999999997 -3.715666e-05 -1.1728743686868686 -0.9857098290238597
-2.112377 -3.801265e-05 -1.199894255050505 -1.0084179453224218
-2.0823020000000003 -3.798066e-05 -1.1988844696969696 -1.007569299146192
-2.052339 -3.709236e-05 -1.170844696969697 -0.9840040475567895
-2.022104 -3.73387e-05 -1.1786205808080807 -0.9905390740979731
-1.9921479999999998 -3.70548e-05 -1.169659090909091 -0.9830076377293686
-1.962019 -3.689888e-05 -1.1647373737373736 -0.9788713166353467
-1.932321 -3.718734e-05 -1.1738428030303028 -0.9865237228871523
-1.902441 -3.750166e-05 -1.1837645202020202 -0.9948621557134285
-1.872089 -3.730536e-05 -1.1775681818181818 -0.9896546144694797
-1.8420239999999999 -3.729844e-05 -1.1773497474747474 -0.989471037366025
-1.811972 -3.691139e-05 -1.16513226010101 -0.9792031879596552
-1.782404 -3.716162e-05 -1.1730309343434342 -0.9858414103003242
-1.752136 -3.780387e-05 -1.193303977272727 -1.002879328608659
-1.7218209999999998 -3.612531e-05 -1.1403191287878784 -0.9583496779186806
-1.6918119999999999 -3.668935e-05 -1.1581234217171716 -0.9733128035592151
-1.662179 -3.64066e-05 -1.1491982323232321 -0.9658118749462424
-1.632219 -3.707666e-05 -1.1703491161616162 -0.9835875503712062
-1.6022100000000001 -3.695741e-05 -1.1665849116161615 -0.9804240287545942
-1.572009 -3.666943e-05 -1.1574946338383838 -0.9727843561747045
-1.541997 -3.651628e-05 -1.1526603535353535 -0.9687215189790306
-1.5119500000000001 -3.706037e-05 -1.1698349116161615 -0.9831554013805595
-1.482151 -3.707285e-05 -1.1702288510101009 -0.9834864768503735
-1.4522739999999998 -3.659425e-05 -1.1551215277777775 -0.9707899448108731
-1.421932 -3.689267e-05 -1.164541351010101 -0.9787065747549344
-1.391645 -3.729207e-05 -1.177148674242424 -0.9893020509283075
-1.3618299999999999 -3.666371e-05 -1.1573140782828282 -0.9726326132510397
-1.331904 -3.715985e-05 -1.172975063131313 -0.9857944548851342
-1.30195 -3.606108e-05 -1.1382916666666665 -0.9566457534454315
-1.271885 -3.606371e-05 -1.1383746843434341 -0.9567155233561374
-1.242009 -3.63295e-05 -1.14676452020202 -0.9637665288947476
-1.211886 -3.635285e-05 -1.1475015782828282 -0.9643859689764909
-1.182154 -3.527491e-05 -1.1134756944444444 -0.9357898558409727
-1.151821 -3.48313e-05 -1.0994728535353533 -0.9240215554271768
-1.121737 -3.475139e-05 -1.096950441919192 -0.9219016643380076
-1.0918489999999998 -3.235747e-05 -1.0213847853535354 -0.8583945979360005
-1.061784 -3.294062e-05 -1.039792297979798 -0.8738646828896874
-1.0318209999999999 -3.156643e-05 -0.9964150883838382 -0.8374095066185614
-1.002145 -3.022467e-05 -0.9540615530303029 -0.8018146490562548
-0.9718946999999999 -2.930138e-05 -0.9249172979797978 -0.7773211658411477
-0.9418948 -2.700097e-05 -0.8523033459595959 -0.7162947778992612
-0.9117545 -2.614225e-05 -0.8251972853535352 -0.6935142388416772
-0.8818021 -2.410282e-05 -0.7608213383838384 -0.63941125443441
-0.8517733 -2.348092e-05 -0.7411906565656564 -0.622913190758344
-0.8216725 -2.189631e-05 -0.6911714015151514 -0.5808758910610756
-0.7917639000000001 -2.12815e-05 -0.67176452020202 -0.564565914330601
-0.7615614 -2.030206e-05 -0.6408478535353535 -0.5385828567861627
-0.7317836 -1.858351e-05 -0.5866006944444443 -0.4929923320546891
-0.7016077000000001 -1.771301e-05 -0.5591227904040403 -0.4698992874655019
-0.6718583 -1.673588e-05 -0.5282790404040403 -0.44397751071715896
-0.6420984 -1.63189e-05 -0.5151167929292928 -0.4329156638098651
-0.6116817999999999 -1.515192e-05 -0.47828030303030294 -0.40195745453394355
-0.5816355 -1.465328e-05 -0.462540404040404 -0.3887292916919535
-0.5517073 -1.270241e-05 -0.40095991161616157 -0.33697566975317383
-0.5217929 -1.258084e-05 -0.3971224747474747 -0.3337506020556351
-0.4918299 -1.214765e-05 -0.383448547979798 -0.32225872843634734
-0.46135770000000004 -1.163853e-05 -0.3673778409090908 -0.30875254709085964
-0.4314337 -1.076003e-05 -0.33964741161616163 -0.28544727463640707
-0.4017373 -9.328952e-06 -0.29447449494949496 -0.24748294601537907
-0.37159840000000005 -9.008876e-06 -0.28437108585858584 -0.23899181524004454
-0.3413392 -8.938288e-06 -0.2821429292929292 -0.2371192226708756
-0.3114225 -8.96194e-06 -0.2828895202020202 -0.23774667435453267
-0.2814148 -7.602824e-06 -0.2399881313131313 -0.2016913884385329
-0.2516077 -6.800848e-06 -0.2146732323232323 -0.1804161816292761
-0.22142250000000002 -6.471345e-06 -0.20427225378787875 -0.17167496684320951
-0.19138650000000001 -5.682325e-06 -0.17936631944444442 -0.15074346306175
-0.1617558 -5.580978e-06 -0.17616723484848484 -0.14805488087911892
-0.1312836 -4.654786e-06 -0.14693137626262626 -0.12348441200588686
-0.10120950000000001 -4.80132e-06 -0.15155681818181815 -0.12737173675698618
-0.07140539 -4.205387e-06 -0.13274580176767675 -0.11156253820308827
-0.04155214 -3.337156e-06 -0.1053395202020202 -0.08852968674218693
-0.01148732 -3.325664e-06 -0.10497676767676767 -0.08822482141373324
0.01866083 -1.98327e-06 -0.06260321969696969 -0.052613144793104395
0.04848491 -1.559884e-06 -0.04923876262626263 -0.04138135642269931
0.07869839000000001 -9.896246e-07 -0.031238150252525246 -0.02625323953401101
0.1084294 -4.743201e-07 -0.014972225378787878 -0.012582992784431648
0.1385405 -1.93724e-07 -0.006115025252525251 -0.005139203871333381
0.1686331 7.505699e-07 0.02369223169191919 0.01991148095117956
0.1988368 1.124418e-06 0.03549299242424243 0.029829103975743523
0.22864179999999998 1.693024e-06 0.05344141414141414 0.044913358670378094
0.25839229999999996 1.716595e-06 0.054185448232323234 0.04553866154689933
0.2881886 3.025533e-06 0.09550293560606059 0.08026280123498843
0.3187257 3.241196e-06 0.10231047979797978 0.0859840134983289
0.34886459999999997 4.078171e-06 0.1287301452020202 0.1081876906896385
0.3786041 4.33602e-06 0.1368693181818182 0.11502803354348956
0.408735 4.818873e-06 0.15211089015151516 0.12783739122186155
0.43869790000000003 5.651735e-06 0.178400726010101 0.14993195676194157
0.4688183 4.442982e-06 0.14024564393939395 0.11786557315905377
0.4991424 7.435861e-06 0.23471783459595957 0.1972621133049953
0.5290758 7.308831e-06 0.23070804924242422 0.1938922000894129
0.5588368 7.823918e-06 0.2469671085858586 0.20755667689390542
0.588985 8.825828e-06 0.2785930555555555 0.23413582945490777
0.6188211 8.832228e-06 0.2787950757575757 0.23430561174712006
0.6489109 9.753369e-06 0.3078714962121212 0.2587420852519202
0.6789155 9.62073e-06 0.3036846590909091 0.25522337377430365
0.7087905 1.093703e-05 0.3452345328282828 0.2901428161554032
0.7387627999999999 1.199695e-05 0.3786916035353535 0.3182608860244111
0.7688923 1.229325e-05 0.3880445075757575 0.3261212755841769
0.7991887000000001 1.290409e-05 0.4073260732323232 0.3423259342365137
0.8291984 1.409798e-05 0.4450119949494949 0.3739980249942216
0.8590405 1.502404e-05 0.47424368686868684 0.39856499210767676
0.888906 1.57261e-05 0.4964046717171716 0.41718957899370174
0.9188369000000001 1.721137e-05 0.5432881944444444 0.45659153917403744
0.9491423999999999 1.757677e-05 0.5548222853535352 0.46628504692003275
0.9793022 1.835072e-05 0.5792525252525251 0.4868167664602987
1.009235 1.854486e-05 0.5853806818181817 0.4919670061806259
1.039198 2.069247e-05 0.6531714015151515 0.548939841895944
1.0693920000000001 2.173627e-05 0.6861196338383837 0.5766302726164421
1.099255 2.20874e-05 0.6972032828282828 0.5859452189077705
1.129152 2.372361e-05 0.7488513257575756 0.6293513883360002
1.159227 2.471124e-05 0.7800265151515151 0.655551714157504
1.1890589999999999 2.544156e-05 0.8030795454545454 0.674925995977579
1.218985 2.636037e-05 0.8320823863636363 0.6993006315881374
1.249068 2.708054e-05 0.8548150252525252 0.7184056493041568
1.27904 2.917842e-05 0.9210359848484848 0.7740592235520192
1.309309 2.922818e-05 0.9226066919191919 0.7753792808739698
1.339318 3.025057e-05 0.9548791035353534 0.8025017367700514
1.369076 3.131125e-05 0.9883601641414141 0.8306399682862595
1.399068 3.133977e-05 0.9892604166666665 0.8313965606259305
1.429244 3.238293e-05 1.022188446969697 0.8590700131172074
1.459246 3.252922e-05 1.0268061868686869 0.8629508649184162
1.488957 3.389598e-05 1.0699488636363634 0.899208934559677
1.519235 3.267905e-05 1.031535669191919 0.8669256275500049
1.5491510000000002 3.334337e-05 1.0525053661616162 0.8845490294816406
1.579272 3.328375e-05 1.0506234217171715 0.8829674013157504
1.6094570000000001 3.349719e-05 1.0573607954545454 0.8886296407610303
1.6394760000000002 3.471963e-05 1.0959479166666666 0.9210591197129039
1.669406 3.40547e-05 1.0749589646464643 0.9034195354065417
1.6995129999999998 3.558203e-05 1.1231701388888888 0.9439372835885101
1.729614 3.388626e-05 1.0696420454545452 0.8989510777033796
1.759374 3.483316e-05 1.0995315656565656 0.9240708984058511
1.789355 3.57832e-05 1.1295202020202018 0.9492740185454391
1.819309 3.542251e-05 1.1181347853535353 0.9397054599551188
1.849318 3.562229e-05 1.1244409722222222 0.945005320320458
1.879726 3.60027e-05 1.1364488636363634 0.9550970205986575
1.909707 3.575732e-05 1.1287032828282826 0.9485874614013057
1.939849 3.702631e-05 1.1687597853535354 0.9822518412441923
1.969355 3.670352e-05 1.158570707070707 0.9736887121655664
1.999476 3.708501e-05 1.1706126893939393 0.9838090632055768
2.029522 3.665706e-05 1.1571041666666666 0.9724561988380378
2.059837 3.663783e-05 1.156497159090909 0.9719460561069062
2.089651 3.726623e-05 1.1763330176767677 0.9886165549235005
2.119476 3.737442e-05 1.179748106060606 0.9914866715163829
2.1493870000000004 3.730258e-05 1.1774804292929293 0.9895808652863001
2.179531 3.729831e-05 1.177345643939394 0.9894675886632147
2.209911 3.644021e-05 1.150259154040404 0.9667034972651886
2.23968 3.735534e-05 1.1791458333333333 0.990980508057725
2.269429 3.697738e-05 1.1672152777777776 0.9809538025632629
2.299643 3.775157e-05 1.1916530934343432 1.0014918889394866
2.329828 3.707823e-05 1.1703986742424242 0.9836292000897645
2.359689 3.782733e-05 1.1940445075757575 1.0035016868235498
2.389513 3.795245e-05 1.1979940025252525 1.0068209306363
2.419661 3.756549e-05 1.1857793560606058 0.9965554687934143
2.4495189999999996 3.746206e-05 1.1825145202020202 0.9938116277803649
2.4794389999999997 3.656534e-05 1.1542089646464646 0.9700230063627705
2.509457 3.709897e-05 1.1710533459595958 0.9841794008304648
2.539661 3.754326e-05 1.1850776515151515 0.9959657406128084
2.5697069999999997 3.69487e-05 1.1663099747474746 0.9801929656662866
2.5996149999999996 3.862811e-05 1.219321654040404 1.0247451655669493
2.6297260000000002 3.702394e-05 1.1686849747474746 0.9821889687391073
2.6597809999999997 3.780357e-05 1.1932945075757575 1.0028713700637117
2.689623 3.746194e-05 1.182510732323232 0.9938084443623858
2.719652 3.724398e-05 1.1756306818181819 0.9880262961732311
2.749504 3.750479e-05 1.1838633207070706 0.9949451898657136
2.7791799999999998 3.7946e-05 1.197790404040404 1.0066498219199298
2.809494 3.851699e-05 1.215814078282828 1.0217973205184132
2.8395189999999997 3.827628e-05 1.2082159090909088 1.0154116493374101
2.86967 3.768261e-05 1.1894763257575756 0.9996624847408992
2.899883 3.856085e-05 1.217198547979798 1.0229608597897308
2.929595 3.701464e-05 1.168391414141414 0.9819422538457364
2.9596329999999997 3.741751e-05 1.1811082702020201 0.9926297838556685
2.989906 3.805743e-05 1.201307765151515 1.0096058907982448
3.01967 3.772673e-05 1.1908690025252524 1.0008329214178378
3.0498279999999998 3.92314e-05 1.2383648989898988 1.040749534171442
3.0799819999999998 3.741757e-05 1.181110164141414 0.9926313755646577
3.109887 3.744493e-05 1.1819738005050504 0.9933571948638654
3.140078 3.806745e-05 1.2016240530303028 1.0098717061994895
3.170235 3.736984e-05 1.179603535353535 0.9913651710635183
3.199878 3.781655e-05 1.1937042297979796 1.0032157097751047
3.229819 3.822654e-05 1.2066458333333332 1.014092122585123
3.260031 3.842108e-05 1.212786616161616 1.0192529736987135
3.290114 3.736158e-05 1.1793428030303028 0.9911460457926319
3.319689 3.808114e-05 1.2020561868686868 1.010234881133925
3.3499299999999996 3.800421e-05 1.1996278409090908 1.008194044924567
3.380013 3.834079e-05 1.2102522095959596 1.017123001785944
3.4100129999999997 3.755624e-05 1.1854873737373737 0.9963100803242014
3.439755 3.838793e-05 1.2117402146464646 1.01837355448202
3.469957 3.770313e-05 1.1901240530303028 1.000206849215305
3.5001700000000002 3.78944e-05 1.1961616161616162 1.0052809521889683
3.529814 3.708423e-05 1.170588068181818 0.9837883709887134
3.560152 3.800942e-05 1.1997922979797977 1.0083322583218208
3.5903829999999997 3.711386e-05 1.1715233585858584 0.98457440994469
3.620652 3.792745e-05 1.197204861111111 1.0061577185573458
3.650274 3.846718e-05 1.2142417929292928 1.020475936772305
3.680069 3.849026e-05 1.2149703282828281 1.0210882141635955
3.7101149999999996 3.797446e-05 1.1986887626262623 1.0074048225506111
3.740114 3.758711e-05 1.1864618055555554 0.9971290145992942
3.7698829999999997 3.824251e-05 1.2071499368686869 1.014515782461159
3.800393 3.786975e-05 1.1953835227272724 1.0046270250791194
3.829953 3.837031e-05 1.2111840277777777 1.0179061226087731
3.860022 3.764233e-05 1.188204861111111 0.9985939174392882
3.890152 3.799516e-05 1.1993421717171715 1.0079539621519855
3.920281 3.769055e-05 1.189726957070707 0.9998731208971752
3.950096 3.810435e-05 1.2027888257575756 1.010850607228026
3.980255 3.788885e-05 1.1959864267676767 1.0051337191074405
4.010078 3.856333e-05 1.2172768308080806 1.023026650427963
4.040189 3.785636e-05 1.1949608585858587 1.0042718086896316
4.0703000000000005 3.714789e-05 1.1725975378787878 0.9854771742265626
4.100744 3.78753e-05 1.1955587121212121 1.0047742581606471
4.130604 3.767295e-05 1.1891714015151515 0.9994062195935915
4.160318 3.717041e-05 1.1733083964646465 0.9860745956672846
4.190416 3.771966e-05 1.1906458333333332 1.0006453650419096
4.220216000000001 3.817051e-05 1.2048772095959595 1.0126057316737707
4.250578000000001 3.828298e-05 1.2084273989898988 1.01558939017457
4.280576 3.787505e-05 1.1955508207070706 1.0047676260398577
4.310207999999999 3.797919e-05 1.1988380681818183 1.0075303022759496
4.340434 3.783578e-05 1.1943112373737372 1.0037258525062362
4.370387 3.791288e-05 1.1967449494949494 1.0057711985577313
4.400374 3.806891e-05 1.2016701388888886 1.0099104377849004
4.430707 3.816023e-05 1.2045527146464647 1.0123330188669049
4.460781 3.788052e-05 1.1957234848484848 1.0049127368427329
4.490716 3.787933e-05 1.1956859217171716 1.0048811679477747
4.520519 3.880977e-05 1.2250558712121211 1.0295643298174626
4.550263 3.755768e-05 1.1855328282828281 0.9963482813399491
4.580430000000001 3.798263e-05 1.198946654040404 1.0076215602580136
4.610735 3.718541e-05 1.173781881313131 0.986472522914657
4.640734999999999 3.840906e-05 1.212407196969697 1.0189341013311524
4.6708549999999995 3.76482e-05 1.1883901515151516 0.9987496396354268
4.700831 3.832593e-05 1.2097831439393938 1.0167287885262135
4.73092 3.831202e-05 1.2093440656565655 1.0163597773254833
4.760717 3.840712e-05 1.2123459595959596 1.0188826360738255
4.790642 3.804488e-05 1.200911616161616 1.0092729583346096
4.821022 3.785002e-05 1.194760732323232 1.0041036181064085
4.850886999999999 3.800623e-05 1.1996916035353533 1.0082476324605463
4.88092 3.808739e-05 1.2022534722222222 1.0104006841536637
4.911031 3.818182e-05 1.2052342171717172 1.0129057688182896
4.94068 3.792321e-05 1.1970710227272725 1.006045237788755
4.9706790000000005 3.746466e-05 1.1825965909090908 0.9938806018365761
5.00068 3.836058e-05 1.2108768939393937 1.017648000467644
5.030743999999999 3.784692e-05 1.1946628787878788 1.0040213798086184
5.060661 3.82595e-05 1.2076862373737374 1.0149665013900164
5.09067 3.787576e-05 1.1955732323232322 1.0047864612628998
5.1203 3.830714e-05 1.2091900252525252 1.0162303183276715
5.1507629999999995 3.788799e-05 1.1959592803030303 1.0051109046119244
5.18093 3.811791e-05 1.2032168560606058 1.0112103334596507
5.210906 3.790729e-05 1.1965684974747473 1.005622904336877
5.240791 3.805956e-05 1.201375 1.0096623964673717
5.2709660000000005 3.794385e-05 1.1977225378787877 1.0065927856811399
5.3009949999999995 3.69794e-05 1.1672790404040403 0.9810073900992423
5.330746 3.774981e-05 1.1915975378787877 1.0014451988091284
5.360494 3.761755e-05 1.187422664141414 0.9979365416266288
5.390642 3.850585e-05 1.2154624368686868 1.0215017932160315
5.420781 3.797488e-05 1.19870202020202 1.0074159645135379
5.450887 3.767744e-05 1.189313131313131 0.9995253324829716
5.480874 3.787876e-05 1.195667929292929 1.0048660467123744
5.5109200000000005 3.738158e-05 1.179974116161616 0.9916766154557952
5.540958 3.796044e-05 1.198246212121212 1.0070328932167338
5.5710500000000005 3.790326e-05 1.1964412878787878 1.0055159945497496
5.601013 3.892781e-05 1.2287818813131313 1.032695751969453
5.630993999999999 3.709048e-05 1.1707853535353534 0.983954174008452
5.661245 3.77588e-05 1.191881313131313 1.0016836898727204
5.6912259999999995 3.800134e-05 1.1995372474747474 1.008117908177903
5.720925 3.842384e-05 1.2128737373737373 1.0193261923122299
5.75092 3.758063e-05 1.18625726010101 0.9969571100284291
5.780930000000001 3.80272e-05 1.2003535353535353 1.0088039347523734
5.811161 3.824359e-05 1.2071840277777777 1.0145444332229696
5.841189 3.778486e-05 1.1927039141414142 1.0023750221438223
5.870966 3.729997e-05 1.1773980429292927 0.9895116259452571
5.901002999999999 3.803178e-05 1.200498106060606 1.0089254352052377
5.931188 3.75652e-05 1.185770202020202 0.9965477755332985
5.961263 3.82022e-05 1.2058775252525251 1.0134464193050532
5.991283 3.760106e-05 1.1869021464646463 0.9974990869393506
6.020957999999999 3.800258e-05 1.1995763888888886 1.008150803497019
6.051244 3.739492e-05 1.1803952020202018 0.9920305054211254
6.081142 3.763293e-05 1.1879081439393937 0.9983445496976014
6.111198 3.827288e-05 1.2081085858585858 1.0153214524946728
6.140962 3.78998e-05 1.1963320707070706 1.0054242059980225
6.171198 3.856904e-05 1.2174570707070704 1.0231781280667962
6.201096 3.785042e-05 1.1947733585858584 1.0041142294996719
6.2310680000000005 3.765389e-05 1.18856976010101 0.9989005867045967
6.2611419999999995 3.765124e-05 1.188486111111111 0.9988302862242274
6.291180000000001 3.825567e-05 1.2075653409090907 1.0148648972995205
6.321038 3.818119e-05 1.2052143308080807 1.0128890558738999
6.350911 3.779048e-05 1.1928813131313132 1.0025241122191713
6.3810780000000005 3.738975e-05 1.1802320075757575 0.9918933531631976
6.410995 3.706667e-05 1.1700337752525252 0.983322530824456
6.44142 3.847428e-05 1.2144659090909087 1.020664289002728
6.4713639999999995 3.788074e-05 1.1957304292929292 1.0049185731090275
6.501161 3.836408e-05 1.2109873737373738 1.0177408501586978
6.530883 3.777431e-05 1.1923708964646464 1.0020951466465036
6.56117 3.782587e-05 1.1939984217171715 1.0034629552381389
6.5914660000000005 3.782067e-05 1.1938342803030302 1.0033250071257165
6.621605 3.761396e-05 1.1873093434343434 0.9978413043720911
6.651255 3.854905e-05 1.2168260732323233 1.0226478236884646
6.681105 3.846725e-05 1.2142440025252523 1.020477793766126
6.711208 3.820519e-05 1.2059719065656564 1.013525739469696
6.741434 3.755522e-05 1.1854551767676766 0.99628302127138
6.771481 3.750262e-05 1.183794823232323 0.9948876230572603
6.80117 3.802513e-05 1.2002881944444443 1.0087490207922358
6.8313180000000004 3.787813e-05 1.1956480429292928 1.004849333767985
6.861096 3.839574e-05 1.2119867424242423 1.0185807419354853
6.891754 3.788811e-05 1.195963068181818 1.0051140880299034
6.921753 3.775554e-05 1.1917784090909087 1.0015972070176247
6.951567 3.777336e-05 1.1923409090909087 1.0020699445875032
6.981263 3.784942e-05 1.194741792929293 1.0040877010165137
7.0114849999999995 3.774157e-05 1.1913374368686869 1.0012266041079052
7.041503 3.809061e-05 1.2023551136363635 1.0104861058694328
7.071595 3.757184e-05 1.185979797979798 0.9967239246614689
7.101374 3.805146e-05 1.201119318181818 1.0094475157537905
7.1312809999999995 3.771851e-05 1.1906095328282826 1.0006148572862776
7.161493999999999 3.779147e-05 1.1929125631313129 1.0025503754174978
7.191578000000001 3.90239e-05 1.2318150252525248 1.0352448739161215
7.2218 3.776271e-05 1.1920047348484848 1.0017874162418687
7.251791 3.767791e-05 1.1893279671717172 0.999537800870056
7.281818 3.786202e-05 1.19513952020202 1.0044219599043067
7.311948 3.734001e-05 1.1786619318181817 0.9905738264109103
7.341604 3.786204e-05 1.1951401515151514 1.00442249047397
7.371448 3.756171e-05 1.1856600378787878 0.9964551911270766
7.401596 3.900803e-05 1.2313140782828282 1.0348238668884016
7.431772 3.80867e-05 1.202231691919192 1.0103823795002844
7.4615290000000005 3.817563e-05 1.2050388257575757 1.0127415575075405
7.491522 3.863343e-05 1.219489583333333 1.0248862970973507
7.521503 3.811726e-05 1.2031963383838384 1.011193089945598
7.551818 3.857394e-05 1.2176117424242425 1.0233081176342715
7.581735 3.799882e-05 1.1994577020202017 1.0080510564003444
7.6115200000000005 3.81006e-05 1.2026704545454545 1.010751125416183
7.6415500000000005 3.734397e-05 1.1787869318181818 0.9906788792042166
7.671753 3.726434e-05 1.1762733585858585 0.9885664160903315
7.70192 3.69687e-05 1.1669412878787877 0.98072353532945
7.731585 3.774821e-05 1.1915470328282827 1.0014027532360754
7.761494 3.741926e-05 1.1811635101010098 0.9926762087011952
7.791457 3.784801e-05 1.1946972853535354 1.0040502958552608
7.821587 3.83538e-05 1.2106628787878786 1.0174681373518315
7.851902 3.714536e-05 1.1725176767676766 0.9854100571641724
7.8818649999999995 3.773294e-05 1.1910650252525252 1.00099766329825
7.911632 3.79299e-05 1.1972821969696967 1.0062227133410833
7.9417349999999995 3.742348e-05 1.1812967171717168 0.9927881589001225
7.971725999999999 3.843916e-05 1.2133573232323231 1.0197326086742131
8.001893 3.764592e-05 1.1883181818181818 0.9986891546938261
8.031944000000001 3.820545e-05 1.2059801136363635 1.013532636875317
8.061679 3.760385e-05 1.1869902146464644 0.9975731014073618
8.091752999999999 3.779657e-05 1.193073547979798 1.0026856706816045
8.121698 3.787125e-05 1.195430871212121 1.0046668178038565
8.152189 3.791505e-05 1.196813446969697 1.0058287653661846
8.18218 3.788236e-05 1.1957815656565656 1.0049615492517439
8.211874 3.779605e-05 1.1930571338383835 1.002671875870362
8.241957000000001 3.790535e-05 1.1965072601010098 1.0055714390795503
8.272105 3.762552e-05 1.1876742424242424 0.9981479736373994
8.302226000000001 3.802017e-05 1.2001316287878785 1.0086174395157712
8.332123 3.838892e-05 1.2117714646464646 1.0183998176803468
8.361893 3.772488e-05 1.190810606060606 1.0007838437239953
8.392059 3.763081e-05 1.1878412247474746 0.9982883093133061
8.421935 3.705746e-05 1.1697430555555555 0.9830782034945692
8.452114 3.76216e-05 1.1875505050505049 0.9980439819834194
8.482171000000001 3.750098e-05 1.1837430555555555 0.9948441163448809
8.512133 3.809556e-05 1.2025113636363636 1.0106174218610657
8.542358 3.866678e-05 1.220542297979798 1.025771022010676
8.572021000000001 3.82338e-05 1.2068749999999997 1.0142847193728513
8.602245 3.815835e-05 1.204493371212121 1.0122831453185672
8.63242 3.765933e-05 1.1887414772727272 0.9990449016529772
8.662236 3.722253e-05 1.1749535984848483 0.9874572602094883
8.692171 3.807391e-05 1.2018279671717171 1.0100430802006914
8.722318 3.757067e-05 1.1859428661616163 0.9966928863361739
8.752265 3.80308e-05 1.2004671717171715 1.0088994372917426
8.782077 3.791505e-05 1.196813446969697 1.0058287653661846
8.812254000000001 3.763139e-05 1.1878595328282826 0.9983036958335378
8.842022 3.769316e-05 1.189809343434343 0.9999423602382179
8.871911 3.716421e-05 1.1731126893939392 0.9859101190717039
8.902198 3.790015e-05 1.1963431186868685 1.0054334909671276
8.932291 3.757736e-05 1.1861540404040405 0.9968703618885021
8.962038 3.776716e-05 1.192145202020202 1.0019054679919226
8.991874 3.826295e-05 1.2077951388888888 1.0150580246569119
9.021874 3.759753e-05 1.1867907196969698 0.9974054413938024
9.052041 3.780372e-05 1.1932992424242423 1.0028753493361853
9.082040000000001 3.762219e-05 1.1875691287878787 0.9980596337884828
9.112188 3.785679e-05 1.1949744318181819 1.0042832159373896
9.142318 3.741314e-05 1.180970328282828 0.9925138543842672
9.172038 3.8007e-05 1.1997159090909089 1.0082680593925781
9.20205 3.762953e-05 1.1878008207070705 0.9982543528548635
9.232217 3.720528e-05 1.1744090909090907 0.9869996438750099
9.262317999999999 3.767056e-05 1.1890959595959596 0.9993428165188435
9.292411 3.749343e-05 1.1835047348484848 0.9946438262970367
9.322429 3.815989e-05 1.2045419823232322 1.0123239991826307
9.352075999999999 3.793547e-05 1.1974580176767677 1.0063704769922743
9.38205 3.77805e-05 1.1925662878787877 1.0022593579572527
9.412293 3.748282e-05 1.1831698232323231 0.9943623590907285
9.442217000000001 3.739212e-05 1.180306818181818 0.9919562256682825
9.472383 3.782737e-05 1.1940457702020202 1.0035027479628762
9.502291 3.728064e-05 1.1767878787878787 0.9889988303658097
9.532337 3.797901e-05 1.1988323863636363 1.0075255271489811
9.562595 3.7233e-05 1.1752840909090907 0.9877350134281544
9.592448000000001 3.70541e-05 1.169636994949495 0.9829890677911578
9.622326999999999 3.755494e-05 1.185446338383838 0.9962755932960956
9.652124 3.756973e-05 1.1859131944444443 0.9966679495620051
9.682328 3.760404e-05 1.186996212121212 0.9975781418191619
9.712568 3.751006e-05 1.1840296717171717 0.9950849949719571
9.74243 3.765922e-05 1.188738005050505 0.9990419835198299
9.772782 3.706326e-05 1.1699261363636362 0.9832320686968866
9.802425 3.739895e-05 1.1805224116161617 0.9921374152082529
9.832336999999999 3.745317e-05 1.1822339015151515 0.9935757895650889
9.862387 3.788695e-05 1.1959264520202018 1.0050833149894398
9.89218 3.77033e-05 1.1901294191919192 1.000211359057442
9.922096999999999 3.737613e-05 1.1798020833333334 0.9915320352225834
9.952485000000001 3.725578e-05 1.1760031565656566 0.9883393322744977
9.982235000000001 3.762242e-05 1.1875763888888888 0.9980657353396092
10.00435 3.737293e-05 1.1797010732323232 0.9914471440764772
