Keff(MJ/m3):-0.015155921345851383 Ms(MA/m):1.3166354261680349
H(kOe) moment(emu) M(MA/m) M_norm()
9.968021 2.637344e-05 1.336446741664133 1.015046925749034
9.93992 2.633722e-05 1.3346113306982872 1.013652909661234
9.911067999999998 2.625398e-05 1.3303932299584473 1.010449212832176
9.882494000000001 2.622597e-05 1.3289738522347219 1.0093711788559396
9.853642 2.617157e-05 1.326217188608493 1.0072774606014856
9.824627 2.611857e-05 1.3235314685314685 1.0052376248021095
9.795399999999999 2.635719e-05 1.3356232897537246 1.0144215043954516
9.76604 2.615035e-05 1.3251418870984089 1.0064607565323769
9.7369 2.624235e-05 1.3298038917604136 1.0100016035803505
9.707559 2.621812e-05 1.32857606161954 1.0090690522328245
9.677567 2.624094e-05 1.3297324414715719 1.0099473362505937
9.647872999999999 2.602206e-05 1.318640924293098 1.0015231992738491
9.618438 2.612673e-05 1.3239449680754027 1.0055516825402775
9.588816999999999 2.642081e-05 1.3388471673254283 1.0168700771040613
9.55891 2.615592e-05 1.325424141076315 1.0066751317286509
9.528938 2.629173e-05 1.3323061720887808 1.0119021147458827
9.499141999999999 2.610874e-05 1.323033343468126 1.004859292992527
9.46916 2.609607e-05 1.322391304347826 1.0043716567740724
9.439457 2.603711e-05 1.3194035674470457 1.002102435665936
9.40965 2.62491e-05 1.330145941015506 1.0102613939887617
9.379335999999999 2.643412e-05 1.3395216377825072 1.01738234530198
9.349646 2.593926e-05 1.3144451200972942 0.9983364369306731
9.319503000000001 2.616065e-05 1.3256638289246987 1.0068571774518784
9.289560999999999 2.634606e-05 1.3350592885375492 1.0139931388775825
9.259697000000001 2.634839e-05 1.335177358873011 1.0140828146778194
9.229595999999999 2.613522e-05 1.324375190027364 1.005878441142857
9.199466000000001 2.634194e-05 1.3348505118070333 1.013834570509782
9.169771 2.643742e-05 1.339688861862775 1.0175093539460922
9.139918999999999 2.638356e-05 1.3369595621769537 1.015436418924311
9.109763000000001 2.649392e-05 1.3425519408128102 1.0196838958831629
9.079846 2.639424e-05 1.3375007601094557 1.0158474650816194
9.049762000000001 2.636085e-05 1.3358087564609304 1.0145623685280123
9.019466 2.607463e-05 1.321304854565724 1.0035464854620229
8.989308999999999 2.620304e-05 1.3278118982466809 1.0084886612167
8.959786 2.636731e-05 1.336136110266545 1.0148109975707287
8.92979 2.646457e-05 1.3410646599777032 1.0185542886999235
8.899586 2.626477e-05 1.3309400020269586 1.0108644926109547
8.869484 2.631504e-05 1.3334873821830344 1.012799257622929
8.839345 2.621316e-05 1.3283247187595013 1.0088781543919771
8.80943 2.618654e-05 1.326975777845343 1.0078536179961397
8.779549000000001 2.637203e-05 1.3363752913752915 1.014992658419277
8.749512000000001 2.622543e-05 1.3289464882943143 1.0093503956232668
8.719457 2.606534e-05 1.3208340934427891 1.0031889368851132
8.689484 2.621768e-05 1.3285537650755044 1.009052117746943
8.659854 2.623731e-05 1.3295484949832777 1.0098076267420704
8.629697 2.617027e-05 1.3261513124556603 1.0072274268931989
8.59975 2.639215e-05 1.3373948515252865 1.0157670262736818
8.569697 2.644214e-05 1.3399280429715212 1.0176910147946405
8.539603999999999 2.635696e-05 1.3356116347420695 1.0144126522778316
8.509559 2.614592e-05 1.3249174014391405 1.0062902570495234
8.479683000000001 2.615639e-05 1.325447957839262 1.0066932208385697
8.449605 2.647772e-05 1.3417310226005879 1.0190603989029763
8.419419 2.599185e-05 1.3171100638491944 1.0003604928682048
8.389382 2.638504e-05 1.3370345596432553 1.015493380376822
8.35966 2.61606e-05 1.3256612952265128 1.0068552530784827
8.329308999999999 2.634957e-05 1.3352371541501977 1.0141282298899565
8.299457 2.616714e-05 1.3259927029492249 1.0071069611186323
8.269540000000001 2.640366e-05 1.337978108847674 1.0162100170293575
8.239346 2.633653e-05 1.334576365663322 1.013626353308374
8.209456 2.645215e-05 1.340435289348333 1.018076274348447
8.17916 2.630844e-05 1.3331529340224992 1.0125452403347048
8.149161 2.616123e-05 1.3256932198236548 1.0068795001832678
8.118892 2.624323e-05 1.3298484848484848 1.0100354725521137
8.088836 2.616722e-05 1.3259967568663222 1.007110040116065
8.058984 2.624949e-05 1.330165703861356 1.0102764041012475
8.02929 2.640907e-05 1.3382522549913853 1.0164182342307655
7.999096 2.639167e-05 1.337370528022702 1.0157485522890837
7.96908 2.630196e-05 1.3328245667376102 1.01229584154263
7.939243 2.620856e-05 1.3280916185264011 1.0087011120395786
7.908947 2.619929e-05 1.3276218708827405 1.0083443332120272
7.878845 2.621568e-05 1.3284524171480694 1.0089751428111173
7.849202 2.640776e-05 1.3381858720989155 1.0163678156477998
7.818864 2.633e-05 1.3342454646802473 1.0133750301429039
7.789089 2.616048e-05 1.3256552143508666 1.0068506345823331
7.759086 2.628802e-05 1.3321181716833892 1.0117593262399263
7.729248999999999 2.628295e-05 1.3318612546873416 1.0115641947776086
7.699447 2.62144e-05 1.328387554474511 1.008925878852189
7.669021 2.649858e-05 1.3427880814837336 1.0198632474836364
7.6389380000000005 2.669385e-05 1.3526831863788384 1.0273786953429604
7.608633 2.62766e-05 1.3315394750177358 1.0113197993563625
7.5789 2.633057e-05 1.3342743488395663 1.013396967999614
7.548864 2.652974e-05 1.3443670821931692 1.021062516983798
7.5189189999999995 2.647868e-05 1.3417796696057565 1.0190973468721725
7.4891049999999995 2.621483e-05 1.3284093442789093 1.0089424284633914
7.459077000000001 2.640386e-05 1.3379882436404176 1.01621771452294
7.429207 2.629621e-05 1.3325331914462348 1.0120745386021317
7.399141999999999 2.628519e-05 1.3319747643660687 1.011650406705733
7.368919 2.607622e-05 1.321385426168035 1.0036076805360041
7.339002000000001 2.621623e-05 1.328480287828114 1.0089963109184694
7.309069999999999 2.608194e-05 1.3216752812404986 1.0038278288524651
7.279382 2.635117e-05 1.3353182324921455 1.0141898098386168
7.249243000000001 2.617589e-05 1.3264361001317522 1.0074437264628686
7.218919 2.645432e-05 1.3405452518495997 1.0181597921538177
7.188707 2.634967e-05 1.3352422215465694 1.0141320786367478
7.158815 2.649958e-05 1.3428387554474512 1.0199017349515491
7.128604 2.629673e-05 1.332559541907368 1.0120945520854463
7.098854 2.623307e-05 1.3293336373771156 1.0096444398781201
7.068697 2.605952e-05 1.3205391709739536 1.0029649398218612
7.038549 2.638693e-05 1.3371303334346811 1.015566121691177
7.008806 2.628166e-05 1.3317958852741463 1.0115145459440011
6.978864 2.622698e-05 1.3290250329380764 1.0094100511985316
6.949142 2.615003e-05 1.3251256714300192 1.0064484405426448
6.919031 2.612469e-05 1.3238415931894192 1.0054731681057354
6.888752 2.620294e-05 1.327806830850309 1.0084848124699088
6.858586 2.616744e-05 1.3260079051383398 1.0071185073590059
6.828438 2.636284e-05 1.335909597648728 1.0146389585891586
6.79873 2.612785e-05 1.3240017229147665 1.00559478850434
6.768656 2.615124e-05 1.3251869869261175 1.0064950103788193
6.738438 2.626596e-05 1.3310003040437823 1.0109102926977709
6.70874 2.612954e-05 1.3240873619134488 1.0056598323251125
6.678901 2.61488e-05 1.3250633424546467 1.006401100957112
6.648623 2.648114e-05 1.3419043275565015 1.0191920260432379
6.618919 2.627618e-05 1.3315181919529746 1.0113036346198392
6.588818 2.630228e-05 1.3328407824059998 1.012308157532362
6.5584750000000005 2.601819e-05 1.3184448160535116 1.0013742527730267
6.528169 2.621121e-05 1.3282259045302525 1.0088031038295473
6.498636 2.603537e-05 1.3193153947501775 1.002035467471768
6.468743000000001 2.597923e-05 1.31647055842708 0.9998747810231458
6.438642 2.607748e-05 1.321449275362319 1.0036561747455743
6.4086229999999995 2.608238e-05 1.3216975777845343 1.0038447633383467
6.378346 2.623264e-05 1.3293118475727173 1.0096278902669178
6.348542 2.638613e-05 1.3370897942637072 1.0155353317168467
6.31879 2.617427e-05 1.3263540083105299 1.0073813767648498
6.288622999999999 2.606229e-05 1.320679537853451 1.0030715501079794
6.258762 2.615617e-05 1.3254368095672444 1.0066847535956291
6.228457000000001 2.637405e-05 1.3364776527820006 1.0150704031044608
6.19879 2.625935e-05 1.33066534914361 1.0106558905348675
6.168642 2.63009e-05 1.3327708523360697 1.0122550448266425
6.138642 2.597099e-05 1.3160530049660484 0.9995576442875446
6.108558 2.643962e-05 1.3398003445829534 1.0175940263755003
6.0783819999999995 2.641455e-05 1.338529948312557 1.0166291455549274
6.04828 2.616946e-05 1.3261102665450493 1.0071962520441897
6.018663999999999 2.612548e-05 1.323881625620756 1.0055035732053865
5.9887060000000005 2.633673e-05 1.3345865004560657 1.0136340508019568
5.958688 2.614181e-05 1.3247091314482617 1.0061320735564019
5.928503 2.614583e-05 1.324912840782406 1.006286793177411
5.898586 2.648013e-05 1.341853146853147 1.019153153700646
5.868129 2.609882e-05 1.322530657748049 1.0044774973108324
5.838132 2.602878e-05 1.3189814533292794 1.001781835058223
5.808253 2.616854e-05 1.326063646498429 1.0071608435737098
5.778077000000001 2.63416e-05 1.3348332826593696 1.0138214847706917
5.7481040000000005 2.643645e-05 1.339639708117969 1.0174720211022168
5.718239 2.647413e-05 1.3415491030708422 1.0189222288931694
5.688438 2.620116e-05 1.327716631194892 1.008416304777024
5.658401 2.606637e-05 1.320886287625418 1.0032285789770634
5.62816 2.60614e-05 1.3206344380257424 1.003037296261537
5.598058 2.636721e-05 1.3361310428701734 1.0148071488239374
5.567957000000001 2.610961e-05 1.3230774298165602 1.004892777089611
5.538216 2.621816e-05 1.3285780885780887 1.009070591731541
5.508051 2.614875e-05 1.3250608087564608 1.0063991765837164
5.478262 2.619871e-05 1.3275924799837844 1.0083220104806379
5.4479560000000005 2.651409e-05 1.3435740346609912 1.0204601881109632
5.418142 2.617733e-05 1.3265090706395053 1.007499148416663
5.388253 2.627096e-05 1.3312536738623697 1.0111027300373348
5.357873 2.608733e-05 1.3219484139049356 1.0040352763045148
5.327890999999999 2.642158e-05 1.3388861862774906 1.0168997124543542
5.297752 2.638024e-05 1.3367913246174117 1.0153086405308407
5.267632 2.627538e-05 1.3314776527820007 1.011272844645509
5.237908999999999 2.6259e-05 1.330647613256309 1.010642419921098
5.208086000000001 2.621216e-05 1.328274044795784 1.0088396669240645
5.177975 2.620812e-05 1.3280693219823654 1.0086841775536968
5.14778 2.635492e-05 1.335508259856086 1.0143341378432897
5.1176319999999995 2.595625e-05 1.3153060707408533 0.9989903390105106
5.087664 2.609346e-05 1.3222590453025236 1.0042712044828201
5.057761999999999 2.633004e-05 1.3342474916387959 1.0133765696416202
5.027614 2.621926e-05 1.3286338299381777 1.009112927946245
4.9979949999999995 2.611787e-05 1.3234959967568665 1.0052106835745707
4.968095 2.630157e-05 1.3328048038917604 1.0122808314301441
4.938169 2.612152e-05 1.323680956724435 1.005351162832452
4.90804 2.625666e-05 1.33052903618121 1.0105523592461823
4.878132 2.638771e-05 1.3371698591263808 1.015596141916149
4.847919 2.621147e-05 1.3282390797608188 1.0088131105712046
4.818098 2.613016e-05 1.3241187797709537 1.0056836945552183
4.788216 2.602267e-05 1.3186718354109657 1.001546676629276
4.758114 2.632905e-05 1.3341973244147158 1.0133384670483867
4.727947 2.631927e-05 1.333701733049559 1.0129620596122
4.698086 2.627924e-05 1.33167325428195 1.0114214062716522
4.667947 2.590869e-05 1.3128960170264519 0.9971598750365799
4.638067 2.639786e-05 1.3376841998581128 1.0159867897154635
4.608142 2.629946e-05 1.3326978818283164 1.012199622872848
4.577947 2.625681e-05 1.3305366372757679 1.010558132366369
4.547577 2.638448e-05 1.3370061822235735 1.0154718273947907
4.517692 2.629594e-05 1.3325195094760311 1.0120641469857952
4.487873 2.623123e-05 1.3292403972838756 1.0095736229371608
4.457771 2.617625e-05 1.3264543427586906 1.0074575819513172
4.4279470000000005 2.62159e-05 1.3284635654200871 1.0089836100540581
4.39804 2.64665e-05 1.3411624607276784 1.0186285695129953
4.367770999999999 2.613531e-05 1.3243797506840986 1.005881905014969
4.337697 2.611734e-05 1.323469139556096 1.0051902852165768
4.307761999999999 2.643193e-05 1.339410661801966 1.0172980577472512
4.27757 2.619615e-05 1.3274627546366677 1.0082234825627812
4.247642 2.631606e-05 1.3335390696260263 1.0128385148402
4.217561 2.60841e-05 1.3217847370021283 1.0039109617831568
4.18779 2.625566e-05 1.3304783622174927 1.0105138717782693
4.157827 2.630418e-05 1.3329370629370632 1.0123812837213964
4.127738999999999 2.604998e-05 1.3200557413600893 1.0025977693779735
4.097752000000001 2.606e-05 1.3205634944765379 1.0029834138064593
4.067327000000001 2.595286e-05 1.3151342860038513 0.9988598664942864
4.0369850000000005 2.631629e-05 1.3335507246376812 1.01284736695782
4.007419 2.623164e-05 1.3292611736089999 1.009589402799005
3.977475 2.633102e-05 1.3342971521232392 1.0134142873601748
3.947197 2.618529e-05 1.3269124353906965 1.0078055086612487
3.917169 2.60476e-05 1.3199351373264416 1.002506169204341
3.8872020000000003 2.615567e-05 1.3254114725853856 1.0066655098616728
3.8573449999999996 2.610068e-05 1.3226249113205635 1.0045490840011502
3.827296 2.582977e-05 1.3088968278098712 0.994122444068905
3.797253 2.617399e-05 1.3263398196006893 1.0073706002738345
3.7674659999999998 2.616925e-05 1.3260996250126684 1.007188169675928
3.737521 2.601118e-05 1.3180895915678525 1.0011044556229585
3.70753 2.631484e-05 1.3334772473902907 1.0127915601293462
3.67741 2.638654e-05 1.3371105705888315 1.015551111578691
3.6472710000000004 2.599504e-05 1.317271713793453 1.0004832678908466
3.6175129999999998 2.607412e-05 1.3212790108442283 1.0035268568533873
3.587345 2.610737e-05 1.3229639201378331 1.0048065651614866
3.557503 2.600499e-05 1.3177759197324415 1.0008662181965784
3.52753 2.600104e-05 1.3175757575757574 1.000714192698323
3.4975859999999996 2.642637e-05 1.3391289145636973 1.0170840674256563
3.4674099999999997 2.624953e-05 1.3301677308199047 1.010277943599964
3.4371039999999997 2.625055e-05 1.3302194182628964 1.0103172008172352
3.40729 2.607115e-05 1.3211285091719873 1.0034125490736865
3.376919 2.60216e-05 1.3186176142697883 1.0015054950386093
3.347178 2.588072e-05 1.3114786662612747 0.99608338055906
3.3170509999999997 2.586151e-05 1.310505219418263 0.995344036300456
3.287299 2.565544e-05 1.3000628357150097 0.9874129237876741
3.256993 2.615989e-05 1.3256253167122731 1.0068279269762646
3.227164 2.597339e-05 1.3161746224789703 0.9996500142105353
3.1972530000000003 2.589227e-05 1.3120639505422114 0.9965279108134524
3.1672800000000003 2.597225e-05 1.3161168541603325 0.9996061384971148
3.136993 2.606862e-05 1.3210003040437823 1.0033151757798673
3.10691 2.586301e-05 1.3105812303638391 0.9954017675023251
3.0767800000000003 2.614209e-05 1.3247233201581028 1.0061428500474174
3.0470129999999997 2.559872e-05 1.2971886084929563 0.9852299146076625
3.017197 2.576602e-05 1.3056663626228842 0.9916688679894667
2.9870210000000004 2.591325e-05 1.3131270903010033 0.997335377890262
2.956558 2.584282e-05 1.309558123036384 0.9946247055251666
2.926957 2.605816e-05 1.320470254383298 1.0029125968655
2.896808 2.603626e-05 1.3193604945778858 1.0020697213182104
2.8668270000000002 2.561767e-05 1.298148880105402 0.9859592521246093
2.836909 2.633939e-05 1.334721293199554 1.0137364274666045
2.806762 2.577302e-05 1.3060210803689065 0.9919382802648562
2.77654 2.597068e-05 1.3160372960372961 0.9995457131724917
2.746692 2.582622e-05 1.3087169352386745 0.9939858135578149
2.716901 2.606642e-05 1.3208888213236039 1.0032305033504592
2.686715 2.610025e-05 1.322603121516165 1.0045325343899478
2.656655 2.615602e-05 1.3254292084726866 1.0066789804754421
2.626919 2.588994e-05 1.3119458802067496 0.9964382350132157
2.5965949999999998 2.55546e-05 1.2949528732137428 0.9835318475233517
2.5666170000000004 2.585109e-05 1.3099771967163272 0.9949429968848051
2.5366880000000003 2.556952e-05 1.295708928752407 0.98410608054461
2.506808 2.595979e-05 1.315485456572413 0.9991265846469218
2.476966 2.598708e-05 1.3168683490422621 1.000176907646261
2.4470210000000003 2.571572e-05 1.303117462247897 0.9897329483534552
2.416919 2.607252e-05 1.3211979325022802 1.003465276904727
2.386817 2.563712e-05 1.299134488699706 0.9867078333755124
2.356706 2.566814e-05 1.300706395054221 0.9879017146301661
2.326598 2.590873e-05 1.3128980439850004 0.9971614145352964
2.296752 2.57228e-05 1.3034762339110166 0.9900054396262775
2.26654 2.553986e-05 1.2942059389885476 0.9829645422463175
2.2367869999999996 2.551971e-05 1.2931848586196413 0.9821890197678755
2.206743 2.564663e-05 1.299616398094659 0.9870738491953627
2.176466 2.584759e-05 1.309799837843316 0.9948082907471104
2.14641 2.609663e-05 1.3224196817675078 1.0043932097561035
2.1166039999999997 2.604507e-05 1.3198069321982366 1.002408795910522
2.0865489999999998 2.557733e-05 1.29610469240904 0.9844066676690085
2.056607 2.552432e-05 1.2934184655923786 0.9823664469949533
2.0267239999999997 2.570786e-05 1.302719164893078 0.9894304368556609
1.996614 2.578763e-05 1.3067614269788181 0.9925005821710615
1.966513 2.555622e-05 1.2950349650349648 0.9835941972213702
1.936836 2.592235e-05 1.313588223370832 0.9976856138482683
1.906456 2.581744e-05 1.3082720178372353 0.9936478935895409
1.876503 2.557781e-05 1.2961290159116248 0.9844251416536068
1.8466600000000002 2.541067e-05 1.2876593696158913 0.9779923462666684
1.816688 2.578935e-05 1.3068485861964123 0.9925667806158714
1.7866410000000001 2.569453e-05 1.3020436809567246 0.9889173989083838
1.7565950000000001 2.566327e-05 1.3004596128509172 0.987714280661431
1.726132 2.560094e-05 1.2973011046924092 0.9853153567864289
1.696262 2.566049e-05 1.3003187392317828 0.9876072855006335
1.6664469999999998 2.569997e-05 1.3023193473193473 0.9891267707338292
1.636576 2.544467e-05 1.2893822843822842 0.9793009201757021
1.606466 2.561274e-05 1.2978990574642748 0.9857695089077994
1.576623 2.564809e-05 1.2996903820816863 0.9871300408985152
1.546039 2.544372e-05 1.289334144116753 0.9792643570811852
1.516123 2.541681e-05 1.2879705077531165 0.9782286593196527
1.486211 2.546815e-05 1.2905721090503701 0.9802046059222939
1.4564380000000001 2.557827e-05 1.2961523259349346 0.9844428458888466
1.426558 2.54071e-05 1.28747846356542 0.9778549460062199
1.396336 2.554657e-05 1.2945459612850918 0.9832227931560122
1.366123 2.551505e-05 1.292948717948718 0.9820096681674021
1.335947 2.550024e-05 1.2921982365460627 0.9814396687676141
1.306095 2.538269e-05 1.2862415121110773 0.9769154669144695
1.276049 2.535855e-05 1.2850182426269385 0.9759863794390556
1.246188 2.502528e-05 1.2681301307388264 0.9631596610077708
1.216211 2.504642e-05 1.269201378331813 0.9639732860794464
1.18666 2.506174e-05 1.2699777034559643 0.96456291408787
1.156567 2.48764e-05 1.2605857910205736 0.9574296467849196
1.126567 2.46713e-05 1.2501925610621263 0.949535867116013
1.096252 2.413988e-05 1.2232634032634033 0.9290828569178153
1.066183 2.407548e-05 1.22 0.9266042639842338
1.036576 2.319077e-05 1.175168237559542 0.8925540162471381
1.0065950000000001 2.26906e-05 1.149822641126989 0.8733037394212142
0.9763449000000001 2.182962e-05 1.1061933718455457 0.8401667992976883
0.946419 2.090241e-05 1.0592079659470963 0.8044808341743004
0.9162245 1.99536e-05 1.0111280024323503 0.7679635397439971
0.8861876 1.877216e-05 0.9512597547380156 0.722492905653149
0.8562245 1.795401e-05 0.9098008513225904 0.6910043837803264
0.8260579 1.703313e-05 0.8631362116144725 0.6555620443288264
0.7963713 1.608845e-05 0.8152655315698794 0.6192037031410027
0.766169 1.517491e-05 0.7689728387554474 0.5840438617039823
0.7361412 1.398394e-05 0.7086216681868855 0.5382064420439254
0.7063264 1.330538e-05 0.6742363433667781 0.5120903858170447
0.6759745 1.229985e-05 0.6232821526299788 0.47339008220672985
0.6461920999999999 1.167628e-05 0.5916833890746934 0.44939045184037163
0.6160023 1.108059e-05 0.5614974156278504 0.4264638520794211
0.5860116000000001 1.025681e-05 0.519753217796696 0.3947586457622498
0.5558634 9.842284e-06 0.4987475423127597 0.3788045896382461
0.5260208 9.103603e-06 0.461315648119996 0.3503746283529825
0.4957523 8.684139e-06 0.4400597446032229 0.3342305211124256
0.46595620000000004 8.316102e-06 0.4214098510185467 0.3200657088842181
0.4359653 7.508871e-06 0.38050425661295223 0.288997431673535
0.4061166 6.951639e-06 0.3522671024627546 0.2675509829535733
0.3760949 6.329178e-06 0.320724536333232 0.2435940351891304
0.34605790000000003 6.196824e-06 0.3140176345393737 0.23850006486100533
0.3157616 5.81474e-06 0.2946559237863586 0.22379461917102728
0.2857616 5.374902e-06 0.2723675889328063 0.20686636825921587
0.2558147 4.920409e-06 0.24933662714097496 0.18937408350514298
0.2256782 4.391484e-06 0.22253390088172698 0.16901709953938776
0.1961071 4.097704e-06 0.20764690382081685 0.15771025121597784
0.16605789999999998 3.441505e-06 0.17439469950339515 0.13245481325909433
0.13561340000000002 3.131461e-06 0.15868354109658458 0.12052200475755137
0.1056597 2.613189e-06 0.1324206445728185 0.10057502778747075
0.07580524 2.564658e-06 0.1299613864396473 0.0987071924821967
0.04572453 2.006183e-06 0.10166124455254891 0.0772129038396195
0.01548379 1.422089e-06 0.07206288638897336 0.05473260475658534
-0.01433627 1.155079e-06 0.05853243133677916 0.044456065949199965
-0.04425696 8.655439e-07 0.04386054018445323 0.033312593078332946
-0.07428910000000001 1.810551e-07 0.009174779568257829 0.006968352351691093
-0.10406270000000001 -1.595608e-07 -0.008085578189926015 -0.00614109117013391
-0.13400700000000001 -3.385198e-07 -0.017154140062835714 -0.013028769940333071
-0.16421070000000001 -9.304102e-07 -0.04714757271713793 -0.03580913271820224
-0.1944977 -1.386414e-06 -0.0702550927333536 -0.05335956433879772
-0.2242325 -1.581077e-06 -0.080119438532482 -0.060851650305098814
-0.2541736 -1.645353e-06 -0.0833765582243843 -0.06332547079265921
-0.2844236 -2.271255e-06 -0.11509349346305868 -0.08741485393418993
-0.3143403 -2.666789e-06 -0.13513676902807337 -0.10263795606759453
-0.3444237 -3.117828e-06 -0.15799270294922468 -0.11999730510749675
-0.3745718 -3.195715e-06 -0.1619395459612851 -0.12299497852081769
-0.4045155 -3.831318e-06 -0.19414806932198236 -0.14745772858857006
-0.4343125 -3.865403e-06 -0.1958752913752914 -0.14876957393237641
-0.46434960000000003 -4.537351e-06 -0.2299255599472991 -0.17463115102141796
-0.49449669999999996 -5.043494e-06 -0.25557383196513633 -0.19411131349318475
-0.5241737000000001 -5.233744e-06 -0.26521455356237966 -0.20143355426358686
-0.5543681 -5.920996e-06 -0.3000403364751191 -0.22788414356156525
-0.5844329 -6.409526e-06 -0.324796087970001 -0.2466864262609846
-0.6144792 -6.245304e-06 -0.31647430830039525 -0.24036593730541578
-0.6444329 -6.908148e-06 -0.3500632411067194 -0.2658771244865796
-0.6748033 -7.458813e-06 -0.37796761933718453 -0.28707082600475814
-0.7046644 -8.00684e-06 -0.40573831965136314 -0.3081629975825829
-0.7345816 -7.858342e-06 -0.39821333738725045 -0.30244768557247426
-0.7643311 -8.962686e-06 -0.45417482517482516 -0.3449510898371205
-0.7947107 -9.413867e-06 -0.4770379547988243 -0.3623159040974662
-0.8246854 -1.021865e-05 -0.5178194993412385 -0.39328996398669896
-0.8544329 -1.050985e-05 -0.5325757575757576 -0.40449751464289396
-0.8841829 -1.114552e-05 -0.564787676092024 -0.4289628433709965
-0.9145441 -1.182256e-05 -0.5990959764872809 -0.4550203986466498
-0.9447042 -1.25203e-05 -0.6344532279314887 -0.48187464450809714
-0.9745996 -1.281381e-05 -0.6493265430221952 -0.4931711012151706
-1.004526 -1.371895e-05 -0.6951935745414006 -0.5280076479217238
-1.034739 -1.440349e-05 -0.7298819296645384 -0.5543538592067229
-1.064757 -1.52024e-05 -0.7703658660180399 -0.585101882196904
-1.095035 -1.601358e-05 -0.8114715719063545 -0.6163221464183746
-1.124887 -1.673645e-05 -0.8481022600587819 -0.6441435823484696
-1.154933 -1.727406e-05 -0.8753450896929157 -0.664834829973047
-1.184667 -1.80368e-05 -0.9139961487787576 -0.6941907612488237
-1.214618 -1.891122e-05 -0.9583064761325631 -0.7278449729410971
-1.2448309999999998 -1.962077e-05 -0.9942621870882741 -0.7551537557985941
-1.2747570000000001 -2.015295e-05 -1.0212298570994223 -0.7756360164724053
-1.304933 -2.09219e-05 -1.0601956014999494 -0.8052309549239202
-1.33477 -2.137767e-05 -1.083291273943448 -0.8227723881745177
-1.3645999999999998 -2.189011e-05 -1.1092586399108137 -0.8424949062317311
-1.394609 -2.215944e-05 -1.1229066585588325 -0.852860735964674
-1.424877 -2.243901e-05 -1.1370735785953177 -0.8636206773690436
-1.454572 -2.270652e-05 -1.1506293706293707 -0.8739164599103854
-1.484442 -2.297395e-05 -1.164181108746326 -0.8842091634542941
-1.5144790000000001 -2.30607e-05 -1.1685770750988143 -0.8875479512957258
-1.5445440000000001 -2.344694e-05 -1.188149386845039 -0.9024133509023493
-1.574766 -2.367494e-05 -1.1997030505726156 -0.9111884935864578
-1.6048030000000002 -2.363926e-05 -1.1978950035471776 -0.9098152607313309
-1.634924 -2.379489e-05 -1.205781392520523 -0.9158050653625932
-1.664591 -2.425573e-05 -1.2291339819600688 -0.9335416300755084
-1.694498 -2.419718e-05 -1.2261670213844127 -0.9312881888292164
-1.724637 -2.420002e-05 -1.2263109354413702 -0.9313974932380886
-1.754933 -2.460815e-05 -1.2469925002533697 -0.9471053835173223
-1.784676 -2.475756e-05 -1.2545636971723928 -0.9528557960981674
-1.814646 -2.495798e-05 -1.2647197729806425 -0.9605694544172423
-1.844479 -2.463468e-05 -1.2483368805107935 -0.9481264560410477
-1.874572 -2.487274e-05 -1.2604003243133677 -0.9572887826523587
-1.9050070000000001 -2.514803e-05 -1.2743503597851422 -0.9678839976940617
-1.934789 -2.493317e-05 -1.2634625519408127 -0.9596145803383267
-1.964507 -2.531818e-05 -1.282972534711665 -0.9744326403594175
-1.994581 -2.539434e-05 -1.2868318637883855 -0.9773638459156532
-2.024766 -2.552603e-05 -1.2935051180703356 -0.9824322605650843
-2.054757 -2.580268e-05 -1.307524070132766 -0.9930798185631486
-2.084794 -2.552088e-05 -1.2932441471571905 -0.9822340501053334
-2.115081 -2.543365e-05 -1.288823857302118 -0.9788767882793036
-2.145025 -2.548283e-05 -1.291316002837742 -0.9807696019512531
-2.1750819999999997 -2.576126e-05 -1.3054251545555895 -0.9914856676422021
-2.2048769999999998 -2.573781e-05 -1.3042368501064154 -0.990583136519648
-2.234924 -2.58811e-05 -1.3114979223674874 -0.9960980057968669
-2.26497 -2.569795e-05 -1.3022169859126382 -0.9890490260486454
-2.2950630000000003 -2.563724e-05 -1.2991405695753522 -0.9867124518716619
-2.3250070000000003 -2.579788e-05 -1.307280835106922 -0.9928950787171672
-2.355174 -2.545023e-05 -1.2896640316205534 -0.9795149104972972
-2.385138 -2.596908e-05 -1.315956217695348 -0.9994841332238313
-2.414933 -2.571751e-05 -1.3032081686429513 -0.989801840921019
-2.445081 -2.557316e-05 -1.2958933819803384 -0.9842461749278124
-2.475331 -2.559032e-05 -1.2967629471977298 -0.9849066198771953
-2.505322 -2.609961e-05 -1.3225706901793859 -1.0045079024104835
-2.535082 -2.588868e-05 -1.311882031012466 -0.9963897408036457
-2.564655 -2.575959e-05 -1.305340529036181 -0.9914213935707877
-2.594914 -2.604799e-05 -1.3199549001722914 -1.002521179316827
-2.625229 -2.583679e-05 -1.3092525590351676 -0.9943926260936526
-2.655359 -2.576569e-05 -1.3056496402148576 -0.9916561671250556
-2.6849119999999997 -2.547504e-05 -1.290921252660383 -0.9804697845762126
-2.714979 -2.575178e-05 -1.304944765379548 -0.9911208064463891
-2.744942 -2.565633e-05 -1.300107935542718 -0.9874471776341164
-2.7750529999999998 -2.60116e-05 -1.3181108746326138 -1.0011206203594818
-2.804924 -2.562038e-05 -1.2982862065470764 -0.9860635531626529
-2.835405 -2.598325e-05 -1.3166742677612242 -1.000029500644155
-2.865261 -2.603832e-05 -1.3194648829431437 -1.0021490055021105
-2.894896 -2.574164e-05 -1.3044309313874534 -0.9907305435217539
-2.9249140000000002 -2.572682e-05 -1.3036799432451607 -0.9901601592472868
-2.954961 -2.594687e-05 -1.3148307489611837 -0.998629326561489
-2.984868 -2.604582e-05 -1.3198449376710246 -1.0024376615114563
-3.015248 -2.562873e-05 -1.298709334144117 -0.9863849235197244
-3.045109 -2.591464e-05 -1.3131975271105707 -0.9973888754706609
-3.075368 -2.574384e-05 -1.3045424141076314 -0.9908152159511618
-3.1053029999999997 -2.607778e-05 -1.3214644775514341 -1.0036677209859481
-3.1353649999999997 -2.582686e-05 -1.3087493665754535 -0.9940104455372789
-3.1652289999999996 -2.589603e-05 -1.312254484645789 -0.9966726236928044
-3.195109 -2.605952e-05 -1.3205391709739536 -1.0029649398218612
-3.225294 -2.584445e-05 -1.3096407215972434 -0.9946874400978644
-3.2551460000000003 -2.597702e-05 -1.3163585689672646 -0.9997897237190586
-3.285294 -2.623356e-05 -1.3293584676193373 -1.0096632987373975
-3.315331 -2.604975e-05 -1.3200440863484342 -1.0025889172603535
-3.3454050000000004 -2.571726e-05 -1.303195500152022 -0.9897922190540407
-3.375285 -2.615712e-05 -1.3254849498327759 -1.006721316690146
-3.405359 -2.595936e-05 -1.3154636667680146 -0.9991100350357194
-3.435563 -2.597429e-05 -1.316220229046316 -0.9996846529316569
-3.4653739999999997 -2.636242e-05 -1.3358883145839668 -1.0146227938526353
-3.495294 -2.588217e-05 -1.3115521435086652 -0.9961391873875336
-3.5250529999999998 -2.599394e-05 -1.3172159724333636 -1.0004409316761425
-3.554794 -2.632387e-05 -1.3339348332826595 -1.0131391019645986
-3.5850720000000003 -2.607639e-05 -1.3213940407418667 -1.0036142234055494
-3.615377 -2.634027e-05 -1.3347658862876255 -1.013770296438368
-3.645146 -2.599203e-05 -1.3171191851626634 -1.0003674206124291
-3.675451 -2.619885e-05 -1.3275995743387048 -1.0083273987261456
-3.7053220000000002 -2.614154e-05 -1.3246954494780583 -1.0061216819400656
-3.735308 -2.6085e-05 -1.3218303435694738 -1.003945600504278
-3.765016 -2.578162e-05 -1.3064568764568765 -0.9922692724889058
-3.795118 -2.597105e-05 -1.3160560454038714 -0.9995599535356194
-3.825183 -2.60545e-05 -1.3202847876760921 -1.002771732732939
-3.855313 -2.60758e-05 -1.3213641431032734 -1.0035915157994806
-3.885053 -2.627882e-05 -1.3316519712171888 -1.011405241535129
-3.914998 -2.616814e-05 -1.3260433769129423 -1.007145448586545
-3.9451 -2.59529e-05 -1.3151363129623999 -0.9988614059930029
-3.9753499999999997 -2.576976e-05 -1.3058558832471876 -0.9918128111194605
-4.005266 -2.600599e-05 -1.3178265936961588 -1.000904705664491
-4.035285 -2.608595e-05 -1.3218784838350057 -1.0039821635987953
-4.065431 -2.623702e-05 -1.3295337995337995 -1.0097964653763756
-4.095683 -2.612562e-05 -1.3238887199756766 -1.0055089614508945
-4.125412 -2.609746e-05 -1.3224617411573933 -1.004425154354471
-4.155285 -2.617491e-05 -1.3263864396473093 -1.0074060087443142
-4.185322 -2.639771e-05 -1.3376765987635553 -1.0159810165952767
-4.215683 -2.613768e-05 -1.324499847978109 -1.0059731203139222
-4.245544 -2.596697e-05 -1.3158492956319041 -0.9994029246665354
-4.275396 -2.620353e-05 -1.3278367284889023 -1.0085075200759772
-4.305183 -2.56888e-05 -1.3017533191446236 -0.9886968657172437
-4.33546 -2.597665e-05 -1.3163398196006892 -0.9997754833559309
-4.365384 -2.622974e-05 -1.3291648930779365 -1.0095162766099708
-4.395516 -2.573367e-05 -1.304027059896625 -0.9904237984024892
-4.425350000000001 -2.601611e-05 -1.3183394142089795 -1.0012941988397683
-4.4553400000000005 -2.609678e-05 -1.3224272828620653 -1.0043989828762903
-4.485313 -2.564616e-05 -1.2995925813317117 -0.9870557600854436
-4.515331 -2.583723e-05 -1.3092748555792033 -0.9944095605795342
-4.545424 -2.616044e-05 -1.3256531873923179 -1.0068490950836166
-4.5753770000000005 -2.630212e-05 -1.332832674571805 -1.012301999537496
-4.605368 -2.609973e-05 -1.322576771055032 -1.004512520906633
-4.635266 -2.623048e-05 -1.3292023918110873 -1.0095447573362262
-4.66521 -2.625507e-05 -1.3304484645788994 -1.0104911641722008
-4.695692 -2.644243e-05 -1.3399427384209994 -1.017702176160335
-4.725655 -2.593701e-05 -1.3143311036789298 -0.9982498401278692
-4.75578 -2.608639e-05 -1.3219007803790415 -1.0039990980846771
-4.785322 -2.609247e-05 -1.3222088780784433 -1.0042331018895865
-4.815581 -2.629916e-05 -1.3326826796392015 -1.0121880766324745
-4.845442 -2.611462e-05 -1.3233313063747847 -1.005085599303854
-4.875877 -2.596178e-05 -1.315586297760211 -0.9992031747080683
-4.905723 -2.598579e-05 -1.3168029796290666 -1.0001272588126535
-4.935479 -2.605619e-05 -1.3203704266747744 -1.0028367765537116
-4.965646 -2.580954e-05 -1.3078716935238675 -0.99334384259303
-4.995674 -2.606484e-05 -1.3208087564609305 -1.0031696931511571
-5.025525 -2.571788e-05 -1.3032269180095266 -0.9898160812841466
-5.0553360000000005 -2.601265e-05 -1.318164082294517 -1.0011610322007902
-5.084961 -2.593677e-05 -1.3143189419276375 -0.9982406031355701
-5.11496 -2.621716e-05 -1.328527414614371 -1.009032104263628
-5.145284999999999 -2.634354e-05 -1.3349315901489816 -1.0138961504584425
-5.175405 -2.588178e-05 -1.3115323806628152 -0.9961241772750475
-5.205554 -2.619594e-05 -1.3274521131042871 -1.0082154001945196
-5.23535 -2.635871e-05 -1.335700314178575 -1.0144800053466791
-5.265214 -2.638837e-05 -1.3372033039424343 -1.0156215436449714
-5.2950159999999995 -2.605273e-05 -1.3201950947603123 -1.0027036099147335
-5.325239 -2.597772e-05 -1.3163940407418668 -0.9998166649465975
-5.355572 -2.590991e-05 -1.3129578392621872 -0.9972068297474336
-5.385256999999999 -2.61995e-05 -1.327632512415121 -1.0083524155802888
-5.415395999999999 -2.603933e-05 -1.3195160636464984 -1.0021878778447026
-5.445294 -2.620808e-05 -1.3280672950238168 -1.0086826380549805
-5.475535 -2.614641e-05 -1.3249422316813624 -1.0063091159088007
-5.505421 -2.619459e-05 -1.3273837032532685 -1.0081634421128374
-5.53509 -2.59843e-05 -1.3167274754231277 -1.0000699124854637
-5.565202 -2.616762e-05 -1.3260170264518092 -1.0071254351032304
-5.594939999999999 -2.610105e-05 -1.3226436606871388 -1.004563324364278
-5.6251549999999995 -2.582396e-05 -1.3086024120806727 -0.9938988318803319
-5.6553770000000005 -2.623574e-05 -1.3294689368602413 -1.0097472014174473
-5.685433 -2.625021e-05 -1.3302021891152327 -1.0103041150781449
-5.715415 -2.632198e-05 -1.3338390594912333 -1.0130663606502432
-5.7453959999999995 -2.614985e-05 -1.32511655011655 -1.0064415127984205
-5.774959 -2.633275e-05 -1.3343848180804703 -1.0134808706796639
-5.804942 -2.613687e-05 -1.3244588020674977 -1.0059419454649128
-5.835211 -2.601765e-05 -1.3184174521131042 -1.0013534695403539
-5.865145999999999 -2.599268e-05 -1.31715212323908 -1.0003924374665725
-5.894979 -2.621457e-05 -1.328396169048343 -1.0089324217217341
-5.925015999999999 -2.63282e-05 -1.3341542515455558 -1.0133057527006608
-5.955304 -2.615696e-05 -1.3254768419985812 -1.0067151586952803
-5.985415 -2.595315e-05 -1.3151489814533293 -0.998871027859981
-6.015202 -2.607929e-05 -1.3215409952366475 -1.0037258370624964
-6.045229 -2.620182e-05 -1.3277500760109455 -1.0084417065058464
-6.075266 -2.608498e-05 -1.3218293300901995 -1.00394483075492
-6.105271 -2.603176e-05 -1.3191324617411573 -1.001896527712603
-6.135174 -2.629404e-05 -1.332423228944968 -1.011991020796761
-6.1651549999999995 -2.628472e-05 -1.3319509476031215 -1.011632317595814
-6.194896 -2.609314e-05 -1.3222428296341338 -1.0042588884930879
-6.224859 -2.616469e-05 -1.325868551738117 -1.0070126668222459
-6.25497 -2.623703e-05 -1.3295343062734366 -1.0097968502510546
-6.285006999999999 -2.651521e-05 -1.3436307895003547 -1.0205032940750256
-6.315043999999999 -2.624227e-05 -1.329799837843316 -1.0099985245829175
-6.345136999999999 -2.586385e-05 -1.3106237964933618 -0.995434096975372
-6.374827 -2.630001e-05 -1.3327257525083611 -1.0122207909802001
-6.404655 -2.580123e-05 -1.3074505928853755 -0.993024011734675
-6.434942 -2.59104e-05 -1.3129826695044085 -0.9972256886067106
-6.46479 -2.609582e-05 -1.3223786358568967 -1.0043620349070943
-6.4947479999999995 -2.645844e-05 -1.3407540285801156 -1.0183183605216184
-6.5251090000000005 -2.604427e-05 -1.3197663930272625 -1.0023780059361915
-6.554969 -2.608872e-05 -1.322018850714503 -1.0040887738849138
-6.585026 -2.621371e-05 -1.3283525894395458 -1.0088993224993292
-6.615082 -2.633928e-05 -1.334715719063545 -1.013732193845134
-6.644756999999999 -2.623906e-05 -1.3296371744197832 -1.0098749798109177
-6.674884 -2.639816e-05 -1.3376994020472281 -1.0159983359558373
-6.704841 -2.622997e-05 -1.3291765480895914 -1.0095251287275906
-6.734896 -2.616887e-05 -1.326080368906456 -1.0071735444381213
-6.765035 -2.593327e-05 -1.3141415830546266 -0.9981058969978756
-6.794742 -2.611422e-05 -1.3233110367892975 -1.0050702043166888
-6.824507 -2.607648e-05 -1.3213986013986014 -1.0036176872776614
-6.854544 -2.622964e-05 -1.3291598256815649 -1.0095124278631795
-6.8850169999999995 -2.607523e-05 -1.3213352589439546 -1.0035695779427705
-6.914667000000001 -2.605175e-05 -1.3201454342758692 -1.002665892196179
-6.944665 -2.595815e-05 -1.3154023512719166 -0.999063465199545
-6.974563 -2.625729e-05 -1.330560960778352 -1.0105766063509671
-7.004506 -2.625597e-05 -1.330494071146245 -1.0105258028933224
-7.034507 -2.616481e-05 -1.3258746326137631 -1.0070172853183954
-7.064705 -2.621942e-05 -1.3286419377723726 -1.009119085941111
-7.094461 -2.611615e-05 -1.3234088375392723 -1.0051444851297606
-7.12472 -2.61738e-05 -1.326330191547583 -1.007363287654931
-7.15479 -2.603286e-05 -1.3191882031012465 -1.001938863927307
-7.18459 -2.58681e-05 -1.310839160839161 -0.9955976687140012
-7.21471 -2.611956e-05 -1.3235816357555488 -1.0052757273953432
-7.244738999999999 -2.612777e-05 -1.3239976689976691 -1.005591709506907
-7.274618 -2.629699e-05 -1.3325727171379345 -1.0121045588271036
-7.304601 -2.584855e-05 -1.3098484848484848 -0.9948452387163066
-7.334303 -2.617428e-05 -1.3263545150501672 -1.0073817616395293
-7.364618 -2.637926e-05 -1.3367416641329686 -1.0152709228122863
-7.3944790000000005 -2.589657e-05 -1.3122818485861965 -0.9966934069254774
-7.4245529999999995 -2.602804e-05 -1.3189439545961286 -1.0017533543319677
-7.4544120000000005 -2.617588e-05 -1.3264355933921153 -1.0074433415881896
-7.484313 -2.613797e-05 -1.324514543427587 -1.005984281679617
-7.514155 -2.612627e-05 -1.323921658052093 -1.0055339783050377
-7.544322 -2.630642e-05 -1.3330505726157902 -1.012467495649521
-7.574129 -2.613838e-05 -1.324535319752711 -1.0060000615414613
-7.604006999999999 -2.596896e-05 -1.315950136819702 -0.9994795147276818
-7.633915 -2.612084e-05 -1.323646498429107 -1.0053249913542712
-7.6641 -2.591234e-05 -1.3130809769940204 -0.9973003542944614
-7.694294 -2.610721e-05 -1.3229558123036385 -1.0048004071666206
-7.724285 -2.583407e-05 -1.3091147258538562 -0.9942879401809299
-7.754359 -2.594305e-05 -1.3146371744197831 -0.9984823044340623
-7.78412 -2.604496e-05 -1.3198013580622276 -1.0024045622890514
-7.813988999999999 -2.638616e-05 -1.3370913144826189 -1.0155364863408842
-7.844035 -2.625134e-05 -1.3302594506942333 -1.010347605916886
-7.874017 -2.582639e-05 -1.3087255498125063 -0.9939923564273601
-7.9039399999999995 -2.609801e-05 -1.3224896118374379 -1.0044463224618232
-7.933637 -2.616142e-05 -1.3257028478767612 -1.0068868128021713
-7.963813 -2.609605e-05 -1.3223902908685519 -1.004370887024714
-7.9940169999999995 -2.608297e-05 -1.3217274754231276 -1.0038674709444153
-8.023997999999999 -2.6366e-05 -1.3360697273740751 -1.014760578987763
-8.053693 -2.618575e-05 -1.3269357454140063 -1.0078232128964886
-8.083767 -2.619332e-05 -1.3273193473193474 -1.0081145630285882
-8.11379 -2.610059e-05 -1.322620350663829 -1.0045456201290381
-8.143804 -2.628291e-05 -1.331859227728793 -1.011562655278892
-8.173765999999999 -2.617041e-05 -1.3261584068105807 -1.0072328151387069
-8.203808 -2.611873e-05 -1.3235395763656634 -1.0052437827969756
-8.233295 -2.616022e-05 -1.3256420391202999 -1.0068406278406756
-8.263517 -2.585585e-05 -1.3102184047836223 -0.9951261972320699
-8.293683000000001 -2.644415e-05 -1.3400298976385931 -1.017768374605145
-8.323692 -2.604216e-05 -1.319659470963819 -1.0022967973788957
-8.353554 -2.614956e-05 -1.325101854667072 -1.0064303514327257
-8.383581 -2.608932e-05 -1.3220492550927334 -1.0041118663656612
-8.413374 -2.638262e-05 -1.3369119286510591 -1.015400240704473
-8.443322 -2.607198e-05 -1.3211705685618729 -1.0034444936720541
-8.473692 -2.613242e-05 -1.324233302928955 -1.005770676232701
-8.503424 -2.603795e-05 -1.3194461335765684 -1.002134765138983
-8.533214 -2.63261e-05 -1.3340478362217492 -1.013224929018044
-8.562933000000001 -2.606504e-05 -1.3208188912536738 -1.0031773906447397
-8.593081 -2.607018e-05 -1.3210793554271816 -1.003375216229811
-8.623155 -2.626986e-05 -1.3311979325022802 -1.0110603938226306
-8.652987 -2.623221e-05 -1.3292900577683187 -1.0096113406557152
-8.682832000000001 -2.623861e-05 -1.3296143711361104 -1.0098576604503569
-8.712997999999999 -2.598309e-05 -1.3166661599270297 -1.0000233426492893
-8.742868 -2.621973e-05 -1.328657646701125 -1.009131017056164
-8.772952 -2.618601e-05 -1.3269489206445728 -1.0078332196381459
-8.802804 -2.613063e-05 -1.3241425965339009 -1.0057017836651372
-8.832831 -2.609441e-05 -1.322307185568055 -1.004307767577337
-8.862667 -2.594712e-05 -1.314843417452113 -0.9986389484284671
-8.892581 -2.598262e-05 -1.3166423431640821 -1.00000525353937
-8.922619000000001 -2.606113e-05 -1.3206207560555385 -1.0030269046452005
-8.952326999999999 -2.620282e-05 -1.327800749974663 -1.0084801939737593
-8.982026 -2.572297e-05 -1.3034848484848485 -0.9900119824958226
-9.012191999999999 -2.584962e-05 -1.3099027059896626 -0.9948864203069734
-9.041969 -2.598503e-05 -1.3167644674166412 -1.0000980083370399
-9.072294 -2.585534e-05 -1.3101925610621263 -0.9951065686234343
-9.102155 -2.582019e-05 -1.3084113712374583 -0.993753734126301
-9.131949 -2.605239e-05 -1.3201778656126482 -1.0026905241756432
-9.161591 -2.618051e-05 -1.3266702138441269 -1.0076215385646257
-9.191711 -2.58988e-05 -1.3123948515252863 -0.9967792339789229
-9.221748 -2.609492e-05 -1.3223330292895512 -1.0043273961859729
-9.251878000000001 -2.571806e-05 -1.3032360393229958 -0.989823009028371
-9.281715 -2.591733e-05 -1.3133338400729704 -0.997492406759346
-9.311424 -2.588946e-05 -1.3119215567041653 -0.9964197610286176
-9.341441999999999 -2.589958e-05 -1.312434377216986 -0.9968092542038947
-9.371351 -2.58768e-05 -1.3112800243235025 -0.9959325096848421
-9.401393 -2.617084e-05 -1.326180196614979 -1.0072493647499092
-9.431155 -2.614253e-05 -1.3247456167021385 -1.0061597845332992
-9.461184 -2.587297e-05 -1.3110859430424648 -0.9957851026827362
-9.490799 -2.619826e-05 -1.3275696767001115 -1.0083046911200773
-9.520841 -2.607756e-05 -1.3214533292794162 -1.0036592537430074
-9.551007 -2.598086e-05 -1.3165531569879396 -0.9999375155958437
-9.580789000000001 -2.604373e-05 -1.3197390290868551 -1.0023572227035187
-9.610868 -2.587759e-05 -1.3113200567548395 -0.9959629147844933
-9.640732 -2.642218e-05 -1.3389165906557212 -1.0169228049351018
-9.670691999999999 -2.571878e-05 -1.3032725245768724 -0.9898507200052682
-9.700804 -2.600274e-05 -1.3176619033140773 -1.0007796213937747
-9.730934 -2.603808e-05 -1.3194527211918516 -1.0021397685098117
-9.761007 -2.618045e-05 -1.3266671734063038 -1.007619229316551
-9.791034 -2.610253e-05 -1.322718658153441 -1.004620285816789
-9.820950999999999 -2.614146e-05 -1.324691395560961 -1.0061186029426326
-9.851165000000002 -2.596116e-05 -1.3155548799027061 -0.9991793124779623
-9.881081 -2.612887e-05 -1.3240534103577581 -1.0056340457216109
-9.911063 -2.598888e-05 -1.3169595621769536 -1.000246185088504
-9.940959000000001 -2.592086e-05 -1.313512719164893 -0.9976282675210781
-9.970925999999999 -2.592607e-05 -1.313776730515861 -0.9978287872289036
-9.992991 -2.590068e-05 -1.312490118577075 -0.9968515904185986
-9.994637 -2.570771e-05 -1.3027115637985203 -0.9894246637354739
-9.96605 -2.614965e-05 -1.3251064153238068 -1.006433815304838
-9.936727000000001 -2.59492e-05 -1.3149488192966452 -0.9987190023617256
-9.907032 -2.624644e-05 -1.3300111482720178 -1.0101590173241137
-9.877328 -2.590235e-05 -1.3125747440964832 -0.9969158644900131
-9.847704 -2.603882e-05 -1.3194902199250025 -1.002168249236067
-9.818143 -2.575129e-05 -1.3049199351373266 -0.991101947587112
-9.788057 -2.601197e-05 -1.318129623999189 -1.0011348607226094
-9.758327 -2.593702e-05 -1.314331610418567 -0.9982502250025483
-9.728439 -2.609107e-05 -1.322137934529239 -1.0041792194345087
-9.698291 -2.596017e-05 -1.3155047126786257 -0.9991412098847287
-9.668374 -2.608105e-05 -1.32163018141279 -1.0037935750060227
-9.638365 -2.626687e-05 -1.331046417350765 -1.0109453162935713
-9.608597 -2.609612e-05 -1.322393838046012 -1.004373581147468
-9.578551 -2.59733e-05 -1.3161700618222358 -0.9996465503384232
-9.548847 -2.635281e-05 -1.3354013377926421 -1.0142529292859939
-9.518994000000001 -2.595962e-05 -1.315476841998581 -0.9991200417773766
-9.488995000000001 -2.58736e-05 -1.3111178676396067 -0.9958093497875211
-9.458939 -2.60169e-05 -1.3183794466403163 -1.0013246039394195
-9.429077999999999 -2.584434e-05 -1.3096351474612342 -0.9946832064763939
-9.399171 -2.596176e-05 -1.3155852842809366 -0.99920240495871
-9.369394 -2.5974e-05 -1.316205533596838 -0.9996734915659622
-9.339448 -2.588986e-05 -1.3119418262896525 -0.9964351560157828
-9.309346999999999 -2.602198e-05 -1.3186368703760007 -1.0015201202764161
-9.279732 -2.604406e-05 -1.319755751494882 -1.00236992356793
-9.249865 -2.615426e-05 -1.3253400222965441 -1.0066112425319158
-9.219421 -2.612512e-05 -1.3238633829938178 -1.005489717716938
-9.189485000000001 -2.595278e-05 -1.3151302320867537 -0.9988567874968534
-9.159827 -2.609537e-05 -1.3223558325732239 -1.0043447155465335
-9.129884 -2.614235e-05 -1.3247364953886693 -1.0061528567890747
-9.099977 -2.625209e-05 -1.3302974561670213 -1.010376471517821
-9.070091 -2.584039e-05 -1.3094349853045506 -0.9945311809781386
-9.040022 -2.593624e-05 -1.3142920847268673 -0.9982202047775764
-9.009856 -2.589186e-05 -1.3120431742170873 -0.9965121309516082
-8.980224 -2.582449e-05 -1.3086292692814432 -0.9939192302383257
-8.950393 -2.602918e-05 -1.3190017229147664 -1.0017972300453881
-8.920281000000001 -2.615183e-05 -1.3252168845647108 -1.0065177179848879
-8.890317999999999 -2.592597e-05 -1.3137716631194891 -0.9978249384821123
-8.860606 -2.628219e-05 -1.3318227424749163 -1.0115349443019948
-8.830605 -2.623262e-05 -1.329310834093443 -1.0096271205175595
-8.800485 -2.619397e-05 -1.3273522853957638 -1.0081395798827315
-8.770597 -2.603875e-05 -1.3194866727475423 -1.002165555113313
-8.740707 -2.594799e-05 -1.3148875038005472 -0.9986724325255512
-8.710854999999999 -2.605335e-05 -1.320226512617817 -1.0027274721448394
-8.680985 -2.589585e-05 -1.31224536333232 -0.9966656959485801
-8.650958000000001 -2.618175e-05 -1.3267330495591365 -1.0076692630248376
-8.62106 -2.623335e-05 -1.3293478260869565 -1.0096552163691357
-8.590817999999999 -2.60683e-05 -1.3209840883753927 -1.0033028597901352
-8.561147 -2.613885e-05 -1.3245591365156584 -1.0060181506513803
-8.531051 -2.623513e-05 -1.3294380257423737 -1.0097237240620205
-8.501157 -2.607792e-05 -1.3214715719063546 -1.003673109231456
-8.471328 -2.586249e-05 -1.310554879902706 -0.9953817540190105
-8.441272000000001 -2.593957e-05 -1.3144608290260464 -0.9983483680457259
-8.411171 -2.593313e-05 -1.314134488699706 -0.9981005087523677
-8.381189000000001 -2.605379e-05 -1.3202488091618527 -1.0027444066307212
-8.35106 -2.603241e-05 -1.3191653998175736 -1.0019215445667462
-8.321134 -2.579517e-05 -1.3071435086652479 -0.9927907776791238
-8.291309 -2.595601e-05 -1.3152939089895612 -0.9989811020182117
-8.26131 -2.623209e-05 -1.3292839768926723 -1.0096067221595655
-8.231290999999999 -2.581934e-05 -1.3083682983682985 -0.9937210197785751
-8.201300999999999 -2.593296e-05 -1.3141258741258741 -0.9980939658828225
-8.171346 -2.602784e-05 -1.318933819803385 -1.0017456568383851
-8.141475999999999 -2.598708e-05 -1.3168683490422621 -1.000176907646261
-8.111226 -2.590252e-05 -1.3125833586703153 -0.9969224073595582
-8.081245 -2.618744e-05 -1.3270213844126888 -1.0078882567172611
-8.051393000000001 -2.609645e-05 -1.3224105604540386 -1.0043862820118792
-8.021819 -2.619768e-05 -1.3275402858011554 -1.0082823683886877
-7.991652 -2.599623e-05 -1.3173320158102768 -1.0005290679776628
-7.961263 -2.594352e-05 -1.3146609911827305 -0.9985003935439813
-7.931336 -2.587746e-05 -1.3113134691395563 -0.9959579114136646
-7.901634 -2.581497e-05 -1.3081468531468532 -0.9935528295437963
-7.871689 -2.61449e-05 -1.3248657139961488 -1.0062509998322524
-7.8416760000000005 -2.6085e-05 -1.3218303435694738 -1.003945600504278
-7.8116710000000005 -2.63965e-05 -1.3376152832674573 -1.0159344467591023
-7.78167 -2.610989e-05 -1.3230916185264012 -1.0049035535806268
-7.7517629999999995 -2.5851e-05 -1.3099726360595925 -0.9949395330126929
-7.721486 -2.597131e-05 -1.3160692206344382 -0.9995699602772768
-7.691587 -2.604645e-05 -1.3198768622681667 -1.0024619086162414
-7.6613370000000005 -2.620039e-05 -1.3276776122428295 -1.0083866694267312
-7.6315349999999995 -2.628384e-05 -1.3319063545150502 -1.011598448624051
-7.601995 -2.585928e-05 -1.310392216479173 -0.9952582092470105
-7.572143 -2.611579e-05 -1.3233905949123341 -1.005130629641312
-7.5419849999999995 -2.613111e-05 -1.3241669200364852 -1.0057202576497353
-7.512106 -2.608432e-05 -1.3217958852741463 -1.0039194290260975
-7.482032 -2.625966e-05 -1.3306810580723625 -1.0106678216499205
-7.451734999999999 -2.613075e-05 -1.324148677409547 -1.005706402161287
-7.4220060000000005 -2.64384e-05 -1.339738522347218 -1.0175470716646469
-7.3925410000000005 -2.601736e-05 -1.3184027566636263 -1.0013423081746593
-7.362254 -2.613098e-05 -1.324160332421202 -1.0057152542789067
-7.33217 -2.592536e-05 -1.3137407520016215 -0.9978014611266856
-7.301772 -2.612621e-05 -1.3239186176142699 -1.005531669056963
-7.2724210000000005 -2.586374e-05 -1.3106182223573528 -0.9954298633539015
-7.242430000000001 -2.606802e-05 -1.320969899665552 -1.0032920832991195
-7.212355 -2.600395e-05 -1.3177232188101755 -1.0008261912299492
-7.182124 -2.606502e-05 -1.3208178777743995 -1.0031766208953812
-7.1519200000000005 -2.625563e-05 -1.330476841998581 -1.0105127171542319
-7.122208 -2.641374e-05 -1.338488902401946 -1.016597970705918
-7.091978 -2.595058e-05 -1.3150187493665755 -0.9987721150674455
-7.062245 -2.623369e-05 -1.3293650552346203 -1.009668302108226
-7.032134 -2.611078e-05 -1.3231367183541096 -1.0049378074270692
-7.002189 -2.601879e-05 -1.3184752204317423 -1.0013973452537746
-6.97244 -2.620478e-05 -1.3279000709435491 -1.0085556294108682
-6.942634 -2.59586e-05 -1.3154251545555893 -0.9990807845601055
-6.912393 -2.623726e-05 -1.3295459612850917 -1.0098057023686746
-6.882261000000001 -2.635804e-05 -1.3356663626228844 -1.0144542187431775
-6.852495 -2.612518e-05 -1.3238664234316408 -1.005492026965013
-6.822291 -2.621598e-05 -1.3284676193371845 -1.0089866890514911
-6.792337000000001 -2.615308e-05 -1.3252802270193573 -1.0065658273197786
-6.762497000000001 -2.619608e-05 -1.3274592074592073 -1.0082207884400272
-6.732439 -2.626791e-05 -1.3310991182730314 -1.0109853432602007
-6.702327 -2.616494e-05 -1.3258812202290464 -1.0070222886892242
-6.672402 -2.631821e-05 -1.3336480186480186 -1.0129212628962123
-6.642291 -2.590295e-05 -1.3126051484747137 -0.9969389569707606
-6.61228 -2.592351e-05 -1.3136470051687443 -0.997730259311047
-6.582541 -2.605483e-05 -1.3203015100841187 -1.0027844335973501
-6.552171 -2.640366e-05 -1.337978108847674 -1.0162100170293575
-6.522336 -2.585467e-05 -1.3101586095064357 -0.9950807820199328
-6.492587 -2.605036e-05 -1.320074997466302 -1.0026123946157803
-6.462365 -2.631716e-05 -1.3335948109861153 -1.0128808510549039
-6.432402 -2.606033e-05 -1.3205802168845648 -1.0029961146708706
-6.402223 -2.629486e-05 -1.3324647815952162 -1.0120225805204492
-6.372466999999999 -2.618275e-05 -1.326783723522854 -1.0077077504927503
-6.342448 -2.633305e-05 -1.3344000202695854 -1.0134924169200377
-6.312449 -2.601048e-05 -1.3180541197932503 -1.0010775143954196
-6.282328000000001 -2.584807e-05 -1.3098241613459003 -0.9948267647317085
-6.252515000000001 -2.614348e-05 -1.3247937569676702 -1.0061963476278164
-6.222716999999999 -2.627212e-05 -1.3313124556602818 -1.0111473755001135
-6.192661 -2.600747e-05 -1.3179015911624605 -1.000961667117002
-6.162605999999999 -2.624995e-05 -1.3301890138846661 -1.0102941083364876
-6.132836 -2.603115e-05 -1.3191015506232897 -1.0018730503571762
-6.102595999999999 -2.63135e-05 -1.3334093442789097 -1.0127399869223435
-6.07268 -2.644953e-05 -1.3403025235633932 -1.0179754371825156
-6.042587 -2.632433e-05 -1.3339581433059693 -1.0131568061998384
-6.012541000000001 -2.617566e-05 -1.3264244451200973 -1.0074348743452488
-5.9829870000000005 -2.627762e-05 -1.3315911624607277 -1.0113590565736335
-5.952912 -2.603622e-05 -1.3193584676193373 -1.0020681818194939
-5.922624 -2.618609e-05 -1.3269529745616702 -1.0078362986355787
-5.89243 -2.612322e-05 -1.3237671024627546 -1.0054165915279036
-5.862578 -2.647375e-05 -1.3415298469646295 -1.0189076036553626
-5.8324300000000004 -2.610658e-05 -1.3229238877064964 -1.0047761600618355
-5.802448 -2.626222e-05 -1.3308107834194791 -1.010766349567777
-5.772554 -2.619357e-05 -1.3273320158102768 -1.0081241848955662
-5.742605999999999 -2.606657e-05 -1.3208964224181616 -1.0032362764706462
-5.712448 -2.605709e-05 -1.3204160332421202 -1.002871415274833
-5.682695 -2.632864e-05 -1.3341765480895915 -1.0133226871865424
-5.6527449999999995 -2.636786e-05 -1.3361639809465897 -1.0148321656780808
-5.6222449999999995 -2.628504e-05 -1.331967163271511 -1.0116446335855462
-5.592263 -2.607039e-05 -1.3210899969595622 -1.0033832985980726
-5.562411 -2.630385e-05 -1.3329203405290362 -1.012368582856985
-5.532686 -2.640489e-05 -1.3380404378230466 -1.0162573566148903
-5.5026980000000005 -2.624477e-05 -1.3299265227526098 -1.0100947432526994
-5.472648 -2.623309e-05 -1.32933465085639 -1.0096452096274784
-5.442634 -2.63194e-05 -1.3337083206648424 -1.0129670629830285
-5.412458 -2.621827e-05 -1.3285836627140974 -1.0090748253530113
-5.3827039999999995 -2.616788e-05 -1.3260302016823755 -1.0071354418448875
-5.353032 -2.607325e-05 -1.3212349244957942 -1.0034933727563033
-5.322846999999999 -2.643072e-05 -1.339349346305868 -1.0172514879110768
-5.2923 -2.597076e-05 -1.3160413499543933 -0.9995487921699248
-5.262487 -2.593651e-05 -1.314305766697071 -0.9982305963939128
-5.2327259999999995 -2.640657e-05 -1.3381255700820918 -1.0163220155609836
-5.20281 -2.650684e-05 -1.3432066484240397 -1.0201811539685959
-5.172563 -2.606231e-05 -1.3206805513327253 -1.003072319857338
-5.142578 -2.621251e-05 -1.3282917806830852 -1.008853137537834
-5.112587 -2.604342e-05 -1.3197233201581027 -1.0023452915884656
-5.082572 -2.62932e-05 -1.3323806628154455 -1.0119586913237144
-5.0526800000000005 -2.627212e-05 -1.3313124556602818 -1.0111473755001135
-5.022532 -2.624515e-05 -1.3299457788588225 -1.0101093684905065
-4.992633 -2.628097e-05 -1.3317609202391811 -1.0114879895911413
-4.962789 -2.607729e-05 -1.3214396473092127 -1.0036488621266708
-4.933123999999999 -2.634063e-05 -1.3347841289145637 -1.0137841519268163
-4.902809 -2.602244e-05 -1.3186601803993108 -1.001537824511656
-4.873063 -2.627692e-05 -1.3315556906861254 -1.0113321153460946
-4.843245 -2.621517e-05 -1.3284265734265734 -1.0089555142024818
-4.813013 -2.602475e-05 -1.318777237255498 -1.0016267305625344
-4.783022 -2.635886e-05 -1.3357079152731326 -1.014485778466866
-4.753216999999999 -2.658911e-05 -1.3473755954190738 -1.0233475179537783
-4.723198 -2.626352e-05 -1.3308766595723118 -1.0108163832760637
-4.692864999999999 -2.6148e-05 -1.3250228032836728 -1.006370310982782
-4.6628739999999995 -2.647277e-05 -1.3414801864801864 -1.0188698859368082
-4.63306 -2.630138e-05 -1.332795175838654 -1.0122735188112406
-4.603133 -2.621422e-05 -1.3283784331610418 -1.0089189511079646
-4.572763 -2.610056e-05 -1.3226188304449173 -1.0045444655050006
-4.542912 -2.641218e-05 -1.3384098510185467 -1.0165379302559743
-4.5130870000000005 -2.605324e-05 -1.320220938481808 -1.0027232385233689
-4.482921 -2.592435e-05 -1.3136895712982668 -0.9977625887840936
-4.452902 -2.629654e-05 -1.3325499138542618 -1.012087239466543
-4.423232 -2.629593e-05 -1.332519002736394 -1.0120637621111161
-4.393282 -2.610414e-05 -1.3228002432350259 -1.0046822506401283
-4.363069 -2.629527e-05 -1.3324855579203407 -1.0120383603822938
-4.332967 -2.621724e-05 -1.3285314685314686 -1.0090351832610613
-4.302948000000001 -2.642356e-05 -1.3389865207256513 -1.0169759176408213
-4.273097 -2.640176e-05 -1.3378818283166107 -1.0161368908403232
-4.242958 -2.593391e-05 -1.3141740143914058 -0.9981305289773397
-4.212828 -2.620029e-05 -1.327672544846458 -1.00838282067994
-4.182828000000001 -2.611259e-05 -1.3232284382284383 -1.0050074697439912
-4.152799 -2.608935e-05 -1.3220507753116448 -1.0041130209896987
-4.1230780000000005 -2.619554e-05 -1.3274318435188 -1.0082000052073543
-4.093106000000001 -2.621392e-05 -1.3283632309719267 -1.008907404867591
-4.062605 -2.596145e-05 -1.315569575352184 -0.999190473843657
-4.03268 -2.608173e-05 -1.321664639708118 -1.0038197464842034
-4.002448 -2.610389e-05 -1.3227875747440965 -1.0046726287731502
-3.972531 -2.642905e-05 -1.33926472078646 -1.0171872138396625
-3.942319 -2.642169e-05 -1.3388917604134998 -1.0169039460758247
-3.9126 -2.594346e-05 -1.3146579507449074 -0.9984980842959066
-3.882596 -2.64167e-05 -1.3386388973345495 -1.0167118936109398
-3.85242 -2.610249e-05 -1.322716631194892 -1.0046187463180722
-3.822572 -2.611597e-05 -1.323399716225803 -1.0051375573855361
-3.792735 -2.618461e-05 -1.3268779770953683 -1.007779337183068
-3.762578 -2.662064e-05 -1.3489733454950847 -1.0245610278170676
-3.73267 -2.578194e-05 -1.306473092125266 -0.9922815884786379
-3.7023829999999998 -2.577327e-05 -1.306033748859836 -0.9919479021318344
-3.672468 -2.58422e-05 -1.3095267051788793 -0.9946008432950607
-3.642809 -2.602945e-05 -1.31901540488497 -1.0018076216617244
-3.6128090000000004 -2.623997e-05 -1.3296832877267661 -1.0099100034067183
-3.5826 -2.604396e-05 -1.3197506840985103 -1.0023660748211387
-3.552495 -2.583576e-05 -1.3092003648525388 -0.9943529840017025
-3.522346 -2.63511e-05 -1.3353146853146851 -1.0141871157158628
-3.492448 -2.594231e-05 -1.3145996756866323 -0.9984538237078069
-3.462619 -2.611636e-05 -1.3234194790716531 -1.0051525674980224
-3.4324850000000002 -2.602507e-05 -1.3187934529238878 -1.0016390465522667
-3.402476 -2.669204e-05 -1.35259146650451 -1.0273090330260384
-3.372365 -2.648539e-05 -1.3421196919023006 -1.0193555977818671
-3.342541 -2.625049e-05 -1.3302163778250735 -1.0103148915691604
-3.3125999999999998 -2.625526e-05 -1.3304580926320058 -1.0104984767911043
-3.2826329999999997 -2.613941e-05 -1.32458751393534 -1.0060397036334112
-3.2523739999999997 -2.601312e-05 -1.3181878990574645 -1.0011791213107093
-3.222615 -2.619902e-05 -1.3276081889125366 -1.0083339415956907
-3.192745 -2.59614e-05 -1.3155670416539982 -0.9991885494702613
-3.16268 -2.57942e-05 -1.307094354920442 -0.9927534448352483
-3.132374 -2.631269e-05 -1.3333682983682984 -1.0127088120733339
-3.102534 -2.615201e-05 -1.32522600587818 -1.0065246457291122
-3.072384 -2.585608e-05 -1.3102300597952772 -0.9951350493496898
-3.042281 -2.589378e-05 -1.312140468227425 -0.9965860268900009
-3.012245 -2.583671e-05 -1.3092485051180704 -0.9943895470962197
-2.9823090000000003 -2.629616e-05 -1.3325306577480491 -1.0120726142287362
-2.952346 -2.595677e-05 -1.3153324212019863 -0.9990103524938252
-2.9224580000000002 -2.629233e-05 -1.3323365764670114 -1.0119252072266303
-2.892485 -2.634689e-05 -1.335101347927435 -1.0140250834759503
-2.8624110000000003 -2.577904e-05 -1.3063261376304856 -0.992169974821691
-2.832393 -2.604634e-05 -1.3198712881321577 -1.0024576749947711
-2.8021149999999997 -2.592624e-05 -1.3137853450896928 -0.9978353300984487
-2.77227 -2.61152e-05 -1.3233606972737406 -1.0051079220352435
-2.7425129999999998 -2.598304e-05 -1.3166636262288436 -1.0000214182758935
-2.712494 -2.624509e-05 -1.3299427384209994 -1.0101070592424315
-2.682235 -2.635863e-05 -1.3356962602614777 -1.014476926349246
-2.652412 -2.628222e-05 -1.331824262693828 -1.0115360989260322
-2.622393 -2.578626e-05 -1.3066920036485254 -0.9924478543400211
-2.592281 -2.593134e-05 -1.3140437823046518 -0.9980316161848038
-2.562189 -2.568447e-05 -1.3015339008817268 -0.9885302149811813
-2.5320500000000004 -2.589717e-05 -1.3123122529644269 -0.9967164994062251
-2.502383 -2.599854e-05 -1.317449072666464 -1.0006179740285412
-2.4723829999999998 -2.607778e-05 -1.3214644775514341 -1.0036677209859481
-2.442319 -2.604706e-05 -1.3199077733860343 -1.0024853859716683
-2.412732 -2.604985e-05 -1.3200491537448058 -1.0025927660071448
-2.382606 -2.594817e-05 -1.3148966251140164 -0.9986793602697756
-2.352281 -2.593417e-05 -1.3141871896219723 -0.998140535718997
-2.322327 -2.570633e-05 -1.3026416337285902 -0.9893715510297543
-2.292393 -2.591523e-05 -1.313227424749164 -0.9974115830767294
-2.262421 -2.586865e-05 -1.3108670315192053 -0.995618836821353
-2.232605 -2.601554e-05 -1.3183105300496607 -1.0012722609830582
-2.202328 -2.570674e-05 -1.3026624100537145 -0.9893873308915986
-2.1722420000000002 -2.592193e-05 -1.3135669403060706 -0.9976694491117447
-2.142319 -2.615407e-05 -1.3253303942434378 -1.0066039299130123
-2.112152 -2.588054e-05 -1.3114695449478058 -0.9960764528148358
-2.082223 -2.574709e-05 -1.3047071044897132 -0.9909403002218783
-2.052226 -2.584698e-05 -1.3097689267254484 -0.9947848133916836
-2.022157 -2.579355e-05 -1.3070614168440255 -0.992728427981105
-1.9925039999999998 -2.588061e-05 -1.311473092125266 -0.9960791469375897
-1.9622439999999999 -2.595692e-05 -1.3153400222965441 -0.9990161256140122
-1.931855 -2.560941e-05 -1.297730313165096 -0.9856413456396499
-1.902043 -2.595778e-05 -1.315383601905341 -0.9990492248364172
-1.8719670000000002 -2.577771e-05 -1.3062587412587414 -0.992118786489367
-1.841949 -2.5469e-05 -1.2906151819195297 -0.9802373202700195
-1.8119020000000001 -2.620573e-05 -1.327948211209081 -1.0085921925053856
-1.781874 -2.585342e-05 -1.310095267051789 -0.9950326726850418
-1.752147 -2.59742e-05 -1.3162156683895814 -0.9996811890595446
-1.721929 -2.581223e-05 -1.3080080064862674 -0.9934473738817152
-1.6919300000000002 -2.581595e-05 -1.3081965136312963 -0.9935905472623509
-1.661939 -2.573842e-05 -1.3042677612242828 -0.9906066138750746
-1.631902 -2.575024e-05 -1.3048667274754229 -0.9910615357458034
-1.602142 -2.56643e-05 -1.3005118070335462 -0.9877539227533811
-1.571818 -2.584041e-05 -1.3094359987838249 -0.9945319507274969
-1.541744 -2.572025e-05 -1.3033470153035371 -0.9899072965831
-1.51177 -2.571464e-05 -1.3030627343670822 -0.9896913818881093
-1.482096 -2.574436e-05 -1.3045687645687647 -0.9908352294344765
-1.452226 -2.533172e-05 -1.2836586601803994 -0.9749537606749563
-1.422031 -2.542655e-05 -1.2884640721597242 -0.9786035272571231
-1.391939 -2.535498e-05 -1.284837336576467 -0.9758489791786069
-1.361615 -2.51772e-05 -1.2758285193067802 -0.969006677133077
-1.331642 -2.561302e-05 -1.2979132461741159 -0.9857802853988149
-1.301717 -2.535783e-05 -1.2849817573730615 -0.9759586684621582
-1.271827 -2.554748e-05 -1.2945920745920747 -0.9832578167518128
-1.242318 -2.540157e-05 -1.2871982365460626 -0.9776421103086623
-1.212281 -2.518359e-05 -1.2761523259349346 -0.9692526120530395
-1.1819760000000001 -2.478037e-05 -1.2557195702847876 -0.9537336952412573
-1.152043 -2.510891e-05 -1.272367994324516 -0.9663783679493148
-1.122467 -2.504082e-05 -1.2689176041349954 -0.9637577562591351
-1.092198 -2.474456e-05 -1.2539049356440661 -0.9523554590153017
-1.0620589999999999 -2.396935e-05 -1.214621972230668 -0.9225195890146529
-1.031763 -2.358699e-05 -1.1952462754636668 -0.9078035207835309
-1.0018 -2.309864e-05 -1.1704996452822538 -0.8890081658283358
-0.9717228 -2.225514e-05 -1.1277561568865917 -0.856543986643925
-0.9418737 -2.14819e-05 -1.0885730211817168 -0.8267839369550642
-0.9120683 -2.036073e-05 -1.0317588932806323 -0.783632942555318
-0.8818553 -1.959203e-05 -0.9928058173710348 -0.7540476259707815
-0.8518924 -1.854466e-05 -0.9397314279922976 -0.7137370067029967
-0.8219758 -1.718085e-05 -0.870621769534813 -0.6612474130888989
-0.7915128 -1.623984e-05 -0.8229370629370629 -0.625030320908315
-0.7616473 -1.529275e-05 -0.7749442586399108 -0.5885792249228216
-0.7319387 -1.47289e-05 -0.7463717441978311 -0.5668780661402133
-0.701809 -1.37706e-05 -0.6978108847674065 -0.5299955256394178
-0.6718924 -1.304856e-05 -0.6612222560048647 -0.5022060343076904
-0.6417983 -1.230006e-05 -0.6232927941623594 -0.4733981645749915
-0.6116239 -1.158953e-05 -0.5872874227222052 -0.44605166399893986
-0.5815683 -1.070294e-05 -0.5423603932299584 -0.4119290598221682
-0.5515035 -1.010141e-05 -0.5118784838350056 -0.3887776932486073
-0.5215869 -9.507807e-06 -0.48179826695044087 -0.3659314168331907
-0.4916284 -8.99411e-06 -0.4557672038106821 -0.3461605200288109
-0.4617257 -8.326758e-06 -0.42194983277591974 -0.32047583134229646
-0.4315498 -7.99138e-06 -0.40495490017229147 -0.30756798132865165
-0.4014665 -7.522043e-06 -0.3811717340630384 -0.2895043886008818
-0.37141090000000004 -6.74476e-06 -0.34178372352285397 -0.25958873407925
-0.34191140000000003 -6.08242e-06 -0.30822033039424346 -0.23409694458191418
-0.3115591 -5.758053e-06 -0.2917833688051079 -0.22161288007745678
-0.2814016 -5.223989e-06 -0.26472022904631604 -0.20105810901409793
-0.2512982 -5.197729e-06 -0.263389530759096 -0.2000474281067089
-0.2215035 -4.598573e-06 -0.2330279213540083 -0.17698743078197277
-0.1914942 -4.041289e-06 -0.20478813215769737 -0.15553898071367964
-0.161522 -3.479143e-06 -0.17630196614979224 -0.1339034045763947
-0.1311979 -3.344243e-06 -0.16946604844430932 -0.12871144515496372
-0.1013171 -3.019359e-06 -0.1530028884159319 -0.11620748262959543
-0.07157756000000001 -2.702054e-06 -0.13692378635856897 -0.10399521662353793
-0.0418646 -2.083523e-06 -0.10558036890645586 -0.08018952460799214
-0.011725709999999999 -1.526775e-06 -0.07736774095469748 -0.05876170382250027
0.01870022 -1.242446e-06 -0.06295966352488092 -0.04781860055833385
0.048570590000000004 -9.144464e-07 -0.04633862369514543 -0.03519472647793656
0.07871123000000001 -7.356783e-07 -0.03727973548190939 -0.02831439496536195
0.1082465 2.062656e-07 0.0104522955305564 0.007938640661505663
0.138441 4.579867e-07 0.023208001418870982 0.017626748420719672
0.168691 3.315566e-07 0.016801287118678423 0.01276077400376296
0.198941 1.001039e-06 0.050726613965744405 0.03852745639191881
0.2287188 1.0524e-06 0.05332927941623594 0.04050421123138595
0.258441 1.483239e-06 0.07516159927029493 0.057086113419450454
0.288691 2.311751e-06 0.11714558629776022 0.08897344243478496
0.3188854 2.275166e-06 0.1152916793351576 0.08756537842119673
0.3487928 2.963015e-06 0.15014771460423634 0.11403894473751902
0.3788245 3.105834e-06 0.1573849194283977 0.11953568641735114
0.4085614 3.630663e-06 0.18398008513225902 0.13973502571453572
0.4385428 3.999949e-06 0.20269327049761832 0.15394790879016626
0.46887619999999997 4.766605e-06 0.24154276882537754 0.18345455699028923
0.4990892 4.878378e-06 0.2472067497719672 0.18775641674130192
0.5289282 5.3821e-06 0.27273234012364445 0.20714340105325188
0.5585336 5.780774e-06 0.2929347319347319 0.22248735383590254
0.5884595 6.057829e-06 0.3069742069524678 0.23315049925847156
0.6187373 6.576788e-06 0.33327191648930776 0.2531239171190083
0.6488484 6.634954e-06 0.33621941826289653 0.25536257917762173
0.6790429 7.575661e-06 0.3838887706496402 0.29156800965542806
0.7090614000000001 7.723156e-06 0.39136292692814434 0.29724471873522024
0.7389943 8.322391e-06 0.4217285395763657 0.32030775656992144
0.7687744 9.136321e-06 0.46297359886490325 0.3516338613281521
0.7989317 9.505348e-06 0.4816736596736597 0.36583677614959326
0.8289188000000001 9.88349e-06 0.5008356136617006 0.3803905042410592
0.8588114 1.029893e-05 0.5218876051484747 0.3963797379107351
0.8890984 1.127267e-05 0.5712308705786967 0.4338565249161036
0.9188622000000001 1.163979e-05 0.5898342961386439 0.44798604413623505
0.948904 1.259615e-05 0.6382968480794567 0.48479391894927976
0.9789225 1.298349e-05 0.6579249011857707 0.4997016547706073
1.0088110000000001 1.404637e-05 0.7117852437417655 0.540609214665719
1.039099 1.410023e-05 0.7145145434275869 0.5426821496875001
1.068867 1.482845e-05 0.7514163372859025 0.5707094935709283
1.09945 1.568835e-05 0.7949908786865308 0.6038048672291084
1.129469 1.633975e-05 0.8279998986520725 0.6288756038274785
1.159202 1.717364e-05 0.8702564102564103 0.6609699184452479
1.189145 1.778858e-05 0.9014178575048141 0.684637401963519
1.219349 1.87991e-05 0.9526249113205636 0.7235297580387187
1.249302 1.988344e-05 1.0075727171379345 0.7652632589952381
1.2793910000000002 2.029914e-05 1.028637883855275 0.7812624994065712
1.3092650000000001 2.067096e-05 1.0474794770446945 0.7955729097258929
1.3392190000000002 2.123715e-05 1.0761705685618728 0.8173641291834169
1.369034 2.162817e-05 1.095985101854667 0.8324134988866633
1.398824 2.228322e-05 1.1291790817877774 0.8576247147429151
1.4290150000000001 2.257419e-05 1.1439236850106416 0.8688234132814902
1.459247 2.304873e-05 1.1679705077531164 0.8870872563048101
1.489249 2.337513e-05 1.1845104895104897 0.8996495658315342
1.51921 2.31639e-05 1.1738066281544544 0.8915198579843224
1.549173 2.323187e-05 1.1772509374683289 0.8941358511783526
1.579306 2.35643e-05 1.194096483226918 0.9069302401365905
1.609296 2.386889e-05 1.2095312658356139 0.9186531379881374
1.639237 2.422482e-05 1.2275676497415626 0.932351982442325
1.669265 2.401903e-05 1.2171394547481504 0.9244316464205588
1.699626 2.452342e-05 1.242698895307591 0.9438443403610746
1.7295699999999998 2.496817e-05 1.2652361406709234 0.9609616417152733
1.7594130000000001 2.443707e-05 1.2383231985405898 0.9405209475068078
1.789571 2.494858e-05 1.2642434377216984 0.9602076722188623
1.8193620000000001 2.491464e-05 1.2625235633931287 0.9589014075579033
1.849145 2.529345e-05 1.2817193675889327 0.973480845277935
1.879422 2.543667e-05 1.288976892672545 0.9789930204324001
1.909543 2.537565e-05 1.2858847674065066 0.9766445151403638
1.939485 2.528243e-05 1.2811609405087665 0.9730567133815364
1.969228 2.550997e-05 1.2926912942130335 0.9818141518304053
1.999274 2.562784e-05 1.2986642343164083 0.986350669673282
2.029552 2.579905e-05 1.3073401236444715 0.9929401090546253
2.059422 2.571415e-05 1.3030379041248605 0.9896725230288319
2.0892649999999997 2.564421e-05 1.299493767102463 0.986980709523014
2.119404 2.581362e-05 1.3080784432958346 0.9935008714621141
2.149409 2.599274e-05 1.3171551636769028 1.000394746714647
2.179117 2.614836e-05 1.325041045910611 1.0063841664712305
2.2093670000000003 2.634963e-05 1.3352401945880208 1.0141305391380313
2.2396260000000003 2.601148e-05 1.3181047937569677 1.0011160018633323
2.269524 2.576188e-05 1.3054565724130942 0.991509529872308
2.299428 2.629531e-05 1.3324875848788893 1.0120398998810103
2.329219 2.611407e-05 1.3233034356947402 1.005064431196502
2.359571 2.598802e-05 1.3169159825681565 1.000213085866099
2.389506 2.579111e-05 1.306937772372555 0.9926345185593979
2.419476 2.620087e-05 1.3277019357454138 1.0084051434113293
2.4493850000000004 2.597008e-05 1.3160068916590655 0.9995226206917441
2.479654 2.613323e-05 1.3242743488395663 1.0058018510817106
2.509802 2.644425e-05 1.3400349650349652 1.0177722233519364
2.5397559999999997 2.636873e-05 1.3362080672950238 1.0148656497751647
2.569774 2.609452e-05 1.322312759704064 1.0043120011988076
2.599447 2.593303e-05 1.3141294213033343 0.9980966600055764
2.6293670000000002 2.622025e-05 1.328683997162258 1.0091510305394786
2.6596260000000003 2.59363e-05 1.3142951251646904 0.9982225140256512
2.689756 2.631742e-05 1.3336079862166819 1.0128908577965612
2.719579 2.591312e-05 1.31312050268572 0.9973303745194335
2.7493670000000003 2.608977e-05 1.322072058376406 1.004129185726222
2.779506 2.622544e-05 1.3289469950339516 1.009350780497946
2.809533 2.593807e-05 1.3143848180804703 0.9982906368438568
2.8399319999999997 2.631852e-05 1.333663727576771 1.0129331940112654
2.869796 2.617623e-05 1.3264533292794163 1.0074568122019592
2.8995520000000004 2.650108e-05 1.3429147663930274 1.0199594661534184
2.929506 2.58558e-05 1.3102158710854364 0.9951242728586743
2.9595610000000003 2.629686e-05 1.3325661295226512 1.0120995554562748
2.989721 2.609071e-05 1.3221196919023006 1.0041653639460602
3.019478 2.613022e-05 1.3241218202087768 1.005686003803293
3.049737 2.603484e-05 1.319288537549407 1.0020150691137741
3.079497 2.628335e-05 1.3318815242728286 1.0115795897647735
3.109524 2.607875e-05 1.32151363129624 1.0037050538298236
3.139944 2.596701e-05 1.3158513225904531 0.999404464165252
3.170404 2.647523e-05 1.3416048444309312 1.0189645651078734
3.1997959999999996 2.644782e-05 1.3402158710854362 1.0179096236123848
3.2297 2.605019e-05 1.32006638289247 1.002605851746235
3.259848 2.660083e-05 1.3479694942738423 1.0237985910777159
3.290022 2.629498e-05 1.3324708624708625 1.012027199016599
3.319765 2.627293e-05 1.3313535015708928 1.0111785503491226
3.349812 2.627765e-05 1.3315926826796392 1.011360211197671
3.380006 2.592133e-05 1.3135365359278404 0.9976463566309972
3.4100129999999997 2.629706e-05 1.3325762643153949 1.0121072529498576
3.440098 2.652011e-05 1.3438790919225703 1.0206918826677982
3.470237 2.626523e-05 1.3309633120502686 1.0108821968461945
3.499985 2.629472e-05 1.3324576872402958 1.0120171922749417
3.530182 2.634504e-05 1.3350076010945575 1.0139538816603115
3.5599659999999997 2.621301e-05 1.3283171176649438 1.0088723812717901
3.590071 2.60101e-05 1.3180348636870376 1.0010628891576128
3.620108 2.619595e-05 1.3274526198439243 1.0082157850691988
3.6504499999999998 2.652488e-05 1.3441208067295025 1.020875467889742
3.680032 2.59108e-05 1.3130029390898956 0.9972410835938758
3.710043 2.627898e-05 1.3316600790513833 1.0114113995299947
3.7402089999999997 2.625219e-05 1.3303025235633932 1.0103803202646122
3.770302 2.592056e-05 1.3134975169757779 0.9976167212807044
3.800107 2.604875e-05 1.3199934123847168 1.0025504297924408
3.830034 2.605836e-05 1.3204803891760415 1.0029202943590823
3.8600149999999998 2.592221e-05 1.3135811290159118 0.9976802256027605
3.890079 2.605659e-05 1.3203906962602614 1.0028521715408767
3.9201819999999996 2.637569e-05 1.3365607580824974 1.0151335225518379
3.95033 2.587278e-05 1.3110763149893585 0.9957777900638328
3.980174 2.640199e-05 1.337893483328266 1.0161457429579432
4.01008 2.647581e-05 1.3416342353298873 1.0189868878392627
4.0400149999999995 2.626548e-05 1.330975980541198 1.0108918187131726
4.0702739999999995 2.647189e-05 1.3414355933921152 1.018836016965045
4.100532 2.618071e-05 1.3266803486368703 1.0076292360582082
4.130636000000001 2.637297e-05 1.3364229249011859 1.015028836639115
4.160386000000001 2.621007e-05 1.3281681362116144 1.0087592281161266
4.1905339999999995 2.620959e-05 1.3281438127090301 1.0087407541315285
4.2204 2.618893e-05 1.3270968886186278 1.0079456030444511
4.250339 2.648001e-05 1.3418470659775008 1.0191485352044964
4.2805420000000005 2.64478e-05 1.340214857606162 1.0179088538630265
4.310191 2.617661e-05 1.326472585385629 1.007471437439766
4.340308 2.623387e-05 1.3293741765480898 1.0096752298524505
4.3705240000000005 2.586531e-05 1.3106977804803892 0.9954902886785245
4.400503 2.608805e-05 1.3219848991588121 1.004062987281412
4.430432 2.628054e-05 1.3317391304347825 1.0114714399799387
4.46039 2.629201e-05 1.3323203607986216 1.011912891236898
4.490654999999999 2.626228e-05 1.3308138238573022 1.0107686588158518
4.520349 2.624002e-05 1.3296858214249518 1.0099119277801138
4.5507 2.61505e-05 1.3251494881929664 1.0064665296525637
4.5806629999999995 2.58275e-05 1.3087817979122327 0.994035077516743
4.610721 2.625375e-05 1.3303815749467924 1.010440360714556
4.640469 2.630011e-05 1.332730819904733 1.0122246397269914
4.670839 2.640058e-05 1.3378220330394244 1.0160914756281862
4.700984999999999 2.604849e-05 1.3199802371541502 1.0025404230507835
4.730899999999999 2.588259e-05 1.3115734265734265 0.9961553521240569
4.760691 2.592904e-05 1.313927232188102 0.9979430950086047
4.790765 2.585323e-05 1.3100856389986826 0.9950253600661384
4.820839 2.626833e-05 1.3311204013377926 1.011001507996724
4.850787 2.621638e-05 1.3284878889226717 1.0090020840386562
4.880515 2.608035e-05 1.321594709638188 1.0037666337784839
4.910921999999999 2.626891e-05 1.3311497922367488 1.0110238307281134
4.940904000000001 2.632244e-05 1.3338623695145433 1.0130840648854833
4.9709319999999995 2.643527e-05 1.3395799128407824 1.0174266058900796
5.00056 2.610761e-05 1.3229760818891254 1.0048158021537856
5.0302 2.624959e-05 1.3301707712577278 1.0102802528480388
5.060598 2.609539e-05 1.3223568460524981 1.0043454852958917
5.090701 2.642451e-05 1.3390346609911827 1.0170124807353385
5.120353 2.621263e-05 1.328297861558731 1.0088577560339833
5.150385 2.661211e-05 1.348541096584575 1.0242327297157718
5.180459 2.59946e-05 1.3172494172494174 1.000466333404965
5.210599 2.595288e-05 1.3151352994831254 0.9988606362436445
5.240532 2.621876e-05 1.328608492956319 1.0090936842122888
5.270451 2.605986e-05 1.3205564001216177 1.0029780255609515
5.300385 2.642524e-05 1.3390716529846964 1.0170405765869146
5.330673 2.627977e-05 1.33170011148272 1.0114418046296458
5.360749 2.627302e-05 1.3313580622276275 1.0111820142212349
5.390542 2.619367e-05 1.3273370832066484 1.0081280336423575
5.420524 2.604751e-05 1.3199305766697074 1.002502705332229
5.450432 2.599895e-05 1.3174698489915881 1.0006337538903853
5.4808580000000005 2.59558e-05 1.3152832674571806 0.9989730196499499
5.5108760000000006 2.612096e-05 1.3236525793047533 1.005329609850421
5.540768 2.599593e-05 1.3173168136211617 1.000517521737289
5.570923 2.595295e-05 1.3151388466605858 0.9988633303663986
5.600673 2.630709e-05 1.3330845241714808 1.0124932822530226
5.63108 2.599656e-05 1.3173487382183033 1.000541768842074
5.661145 2.620321e-05 1.327820512820513 1.0084952040862454
5.690748999999999 2.643922e-05 1.3397800749974662 1.017578631388335
5.72083 2.600766e-05 1.3179112192155669 1.0009689797359054
5.750673 2.595246e-05 1.3151140164183641 0.9988444715071212
5.780957 2.639439e-05 1.3375083612040133 1.0158532382018062
5.810812 2.626691e-05 1.331048444309314 1.010946855792288
5.8411729999999995 2.591113e-05 1.3130196614979222 0.9972537844582869
5.871162999999999 2.598216e-05 1.316619033140772 0.9999875493041301
5.900862 2.661014e-05 1.3484412688760514 1.0241569094039837
5.931172999999999 2.631153e-05 1.333309516570386 1.012664166610555
5.961339 2.635374e-05 1.3354484645788993 1.0142887226311526
5.991432 2.643306e-05 1.3394679233809668 1.0173415485859925
6.021367000000001 2.641766e-05 1.3386875443397181 1.016748841580136
6.051228 2.658875e-05 1.3473573527921354 1.0233336624653298
6.0814319999999995 2.588054e-05 1.3114695449478058 0.9960764528148358
6.111376 2.602638e-05 1.3188598358163577 1.0016894651352324
6.141386000000001 2.630905e-05 1.3331838451403668 1.0125687176901315
6.171543 2.629367e-05 1.3324044795783927 1.0119767804336333
6.201126 2.636196e-05 1.3358650045606566 1.0146050896173955
6.231053 2.627143e-05 1.3312774906253166 1.0111208191472536
6.261247 2.625442e-05 1.3304155265024828 1.0104661473180574
6.291358 2.618303e-05 1.3267979122326947 1.0077185269837656
6.321321 2.643839e-05 1.3397380156075809 1.0175466867899676
6.351219 2.641926e-05 1.3387686226816662 1.0168104215287965
6.3810519999999995 2.629508e-05 1.3324759298672344 1.0120310477633903
6.411022 2.613896e-05 1.3245647106516671 1.0060223842728506
6.441025 2.624575e-05 1.3299761832370527 1.0101324609712539
6.471182 2.647823e-05 1.3417568663220836 1.0190800275116116
6.501015000000001 2.623783e-05 1.3295748454444105 1.0098276402253847
6.5312280000000005 2.633459e-05 1.3344780581737101 1.0135516876206232
6.561051 2.63396e-05 1.3347319347319349 1.0137445098348663
6.591099 2.64814e-05 1.341917502787068 1.0192020327848954
6.6212089999999995 2.621012e-05 1.3281706699098004 1.0087611524895224
6.651414 2.623162e-05 1.3292601601297254 1.0095886330496466
6.681469 2.590883e-05 1.3129031113813723 0.9971652632820878
6.711165 2.642492e-05 1.3390554373163068 1.0170282605971825
6.741479 2.645792e-05 1.3407276781189825 1.0182983470383038
6.771413 2.650105e-05 1.3429132461741158 1.0199583115293809
6.801571 2.640298e-05 1.3379436505523463 1.016183845551177
6.831466000000001 2.643765e-05 1.3397005168744298 1.017518206063712
6.861312 2.624784e-05 1.3300820918212224 1.0102128997791917
6.8914089999999995 2.589395e-05 1.3121490828012567 0.9965925697595459
6.9212929999999995 2.623528e-05 1.3294456268369312 1.0097294971822075
6.951395000000001 2.617593e-05 1.326438127090301 1.0074452659615851
6.981191 2.61312e-05 1.32417148069322 1.0057237215218477
7.011432 2.600801e-05 1.3179289551028681 1.000982450349675
7.041399999999999 2.636404e-05 1.335970406405189 1.0146851435506539
7.071339 2.605777e-05 1.3204504915374482 1.0028975867530139
7.101469 2.608668e-05 1.3219154758285194 1.0040102594503717
7.131353 2.630384e-05 1.332919833789399 1.012368197982306
7.161145 2.601506e-05 1.3182862065470764 1.0012537869984601
7.191312 2.589664e-05 1.3122853957636567 0.9966961010482313
7.2216450000000005 2.611707e-05 1.3234554575858923 1.0051798936002403
7.25183 2.654991e-05 1.3453891760413499 1.0218388092115982
7.28158 2.662157e-05 1.349020472281342 1.0245968211622265
7.311423 2.615588e-05 1.3254221141177664 1.0066735922299346
7.341738 2.608164e-05 1.3216600790513835 1.0038162826120913
7.3716360000000005 2.618177e-05 1.3267340630384108 1.0076700327741956
7.401608 2.597632e-05 1.3163230971926623 0.9997627824915196
7.431479 2.597907e-05 1.3164624505928855 0.9998686230282798
7.461296 2.592613e-05 1.313779770953684 0.9978310964769784
7.491265 2.587093e-05 1.3109825681564813 0.9957065882481942
7.52133 2.613212e-05 1.32421810073984 1.0057591299923274
7.551664 2.609833e-05 1.3225058275058275 1.0044586384515553
7.5816170000000005 2.610725e-05 1.322957839262187 1.004801946665337
7.611589 2.588493e-05 1.3116920036485253 0.9962454127989727
7.641438 2.592369e-05 1.3136561264822135 0.9977371870552714
7.671099 2.603941e-05 1.319520117563596 1.0021909568421357
7.701534 2.565372e-05 1.2999756764974157 0.9873467253428642
7.7314229999999995 2.603328e-05 1.3192094861660077 1.0019550286638303
7.761654 2.615903e-05 1.3255817371034762 1.0067948277538596
7.79141 2.597571e-05 1.3162921860747947 0.9997393051360929
7.821589 2.575494e-05 1.3051048951048951 0.9912424268449935
7.851756 2.621418e-05 1.3283764062024932 1.0089174116092483
7.881729999999999 2.596419e-05 1.31570842201277 0.999295929505738
7.9115150000000005 2.617415e-05 1.326347927434884 1.0073767582687005
7.941626 2.60478e-05 1.3199452721191853 1.0025138666979236
7.9718670000000005 2.624979e-05 1.3301809060504712 1.0102879503416216
8.001997000000001 2.590009e-05 1.312460220938482 0.9968288828125302
8.03175 2.608103e-05 1.3216291679335157 1.0037928052566645
8.061451 2.61961e-05 1.3274602209384818 1.0082215581893856
8.091561 2.61993e-05 1.3276223776223777 1.0083447180867064
8.121895 2.606388e-05 1.3207601094557617 1.0031327451819607
8.151812 2.615819e-05 1.3255391709739535 1.006762498280813
8.181769000000001 2.593331e-05 1.3141436100131751 0.9981074364965921
8.211709999999998 2.584529e-05 1.3096832877267661 0.9947197695709112
8.241757 2.587125e-05 1.3109987838248707 0.9957189042379263
8.272006 2.601419e-05 1.3182421201986418 1.0012203029013758
8.301867 2.607033e-05 1.321086956521739 1.0033809893499979
8.332201 2.593185e-05 1.314069626026148 0.9980512447934395
8.361923 2.597492e-05 1.316252153643458 0.9997089000364417
8.391755999999999 2.601675e-05 1.3183718455457585 1.0013188308192325
8.422127 2.603788e-05 1.319442586399108 1.002132071016229
8.452013 2.601323e-05 1.3181934731934732 1.0011833549321796
8.482004000000002 2.579629e-05 1.3072002635046114 0.9928338836431861
8.51184 2.57756e-05 1.3061518191952977 0.9920375779320711
8.541904 2.63712e-05 1.336333231985406 1.0149607138209094
8.572052 2.608409e-05 1.3217842302624911 1.0039105769084775
8.602163000000001 2.588168e-05 1.3115273132664436 0.9961203285282563
8.632182 2.617493e-05 1.3263874531265836 1.0074067784936724
8.662107 2.610856e-05 1.3230242221546569 1.0048523652483028
8.691636 2.586911e-05 1.3108903415425155 0.9956365410565929
8.722016 2.566037e-05 1.3003126583561366 0.987602667004484
8.751913 2.5963e-05 1.315648119995946 0.9992501294189217
8.781853 2.581736e-05 1.3082679639201378 0.9936448145921077
8.811718999999998 2.591759e-05 1.3133470153035371 0.9975024135010035
8.841774 2.566981e-05 1.3007910205736293 0.9879659887015805
8.871867 2.591486e-05 1.3132086753825885 0.9973973427136016
8.901919 2.576713e-05 1.3057226107226108 0.99171158907885
8.931880999999999 2.624109e-05 1.3297400425661297 1.0099531093707805
8.961812 2.589506e-05 1.312205330900983 0.996635290848929
8.991757 2.551373e-05 1.292881828316611 0.9819588647097574
9.021691 2.573363e-05 1.3040250329380765 0.9904222589037727
9.051896000000001 2.594558e-05 1.3147653795479883 0.9985796777278816
9.08208 2.598899e-05 1.3169651363129624 1.0002504187099743
9.11208 2.58268e-05 1.3087463261376306 0.9940081362892043
9.142146 2.61313e-05 1.3241765480895915 1.0057275702686388
9.172034 2.575217e-05 1.3049645282253979 0.9911358165588751
9.202069999999999 2.582819e-05 1.3088167629471976 0.9940616338696029
9.232256 2.589538e-05 1.3122215465693727 0.9966476068386612
9.262349 2.607625e-05 1.3213869463869463 1.0036088351600416
9.29225 2.564384e-05 1.2994750177358874 0.9869664691598862
9.322163 2.549681e-05 1.292024424850512 0.9813076567526734
9.352060999999999 2.596227e-05 1.3156111280024323 0.9992220335673454
9.381895 2.576912e-05 1.3058234519104082 0.9917881791399963
9.412209 2.594938e-05 1.3149579406101146 0.99872593010595
9.442154 2.58067e-05 1.30772777946691 0.993234538184158
9.472414 2.5798e-05 1.3072869159825682 0.9928996972133168
9.502306 2.563774e-05 1.299165906557211 0.9867316956056184
9.532164 2.589299e-05 1.3121004357960881 0.9965556217903497
9.562266 2.563852e-05 1.2992054322489104 0.9867617158305902
9.592284 2.548856e-05 1.2916063646498428 0.9809901351423931
9.622247 2.584156e-05 1.3094942738421 0.9945762113155966
9.652108 2.598185e-05 1.3166033242120196 0.9999756181890772
9.682553 2.584631e-05 1.3097349751697578 0.9947590267881821
9.712543 2.551924e-05 1.2931610418566941 0.9821709306579566
9.742561 2.589753e-05 1.3123304955913653 0.9967303548946735
9.772293 2.560768e-05 1.2976426472078646 0.9855747623201608
9.802292999999999 2.593613e-05 1.3142865105908583 0.9982159711561059
9.832098 2.592611e-05 1.3137787574744095 0.9978303267276201
9.86234 2.581714e-05 1.30825681564812 0.993636347349167
9.892237 2.551983e-05 1.2931909394952874 0.9821936382640252
9.922626000000001 2.600584e-05 1.3178189926016013 1.0008989325443043
9.952456 2.568833e-05 1.3017295023816764 0.9886787766073247
9.982266 2.560161e-05 1.2973350562480999 0.9853411433899304
10.00436 2.56497e-05 1.2997719671632715 0.9871920057218548
