Keff(MJ/m3):-0.051420770583355424 Ms(MA/m):1.2118841232638886
H(kOe) moment(emu) M(MA/m) M_norm()
9.967754999999999 3.519633e-05 1.2220947916666665 1.0084254494359395
9.939116 3.474906e-05 1.2065645833333332 0.995610520982626
9.910692999999998 3.499407e-05 1.2150718749999998 1.002630409685974
9.881996 3.508354e-05 1.218178472222222 1.0051938537996365
9.853272 3.478959e-05 1.2079718749999997 0.9967717637447446
9.824138000000001 3.509997e-05 1.2187489583333329 1.0056645969178601
9.795013999999998 3.505501e-05 1.217187847222222 1.0043764282875902
9.765616 3.491915e-05 1.2124704861111109 1.0004838439880235
9.73632 3.474383e-05 1.2063829861111108 0.9954606739644695
9.706663 3.474483e-05 1.2064177083333332 0.9954893254019757
9.677033999999999 3.521206e-05 1.222640972222222 1.008876136547909
9.647440000000001 3.520017e-05 1.2222281249999996 1.0085354709559626
9.617681000000001 3.468996e-05 1.2045124999999997 0.9939172210260206
9.588298 3.49546e-05 1.2137013888888888 1.0014995374476117
9.558319 3.519054e-05 1.2218937499999998 1.0082595576127797
9.528606 3.466686e-05 1.2037104166666666 0.993255372819632
9.498653000000001 3.481691e-05 1.208920486111111 0.9975545210174089
9.468561 3.49741e-05 1.214378472222222 1.0020582404789786
9.43881 3.500191e-05 1.215344097222222 1.002855036956021
9.408772 3.480386e-05 1.2084673611111107 0.9971806197579552
9.378727999999999 3.495404e-05 1.2136819444444442 1.0014834926426082
9.349013999999999 3.518223e-05 1.2216052083333329 1.0080214641671046
9.318995999999999 3.502345e-05 1.2160920138888884 1.0034721889199003
9.28894 3.466449e-05 1.2036281249999998 0.9931874689127427
9.259156 3.493517e-05 1.213026736111111 1.0009428400168698
9.229087999999999 3.483561e-05 1.2095697916666666 0.9980903028987714
9.199052 3.473685e-05 1.2061406249999997 0.9952606869306777
9.169162 3.479565e-05 1.2081822916666662 0.996945391456031
9.138958 3.491291e-05 1.2122538194444443 1.000305059017986
9.108949 3.51409e-05 1.2201701388888886 1.0068373002549815
9.079088 3.46547e-05 1.203288194444444 0.9929069713395587
9.048671 3.504964e-05 1.2170013888888886 1.0042225700681828
9.019062 3.516203e-05 1.2209038194444441 1.0074427051294834
8.989068999999999 3.479407e-05 1.2081274305555554 0.9969001221847715
8.958949 3.482735e-05 1.209282986111111 0.9978536420249716
8.928856 3.512861e-05 1.2197434027777776 1.0064851740880325
8.899042 3.499465e-05 1.2150920138888888 1.0026470275197272
8.868618 3.468032e-05 1.2041777777777778 0.993641021168463
8.83907 3.476192e-05 1.2070111111111108 0.9959789784689532
8.809153 3.516388e-05 1.2209680555555553 1.0074957102888695
8.779162 3.494597e-05 1.2134017361111107 1.0012522755419346
8.749189 3.491949e-05 1.2124822916666664 1.0004935854767756
8.71927 3.507183e-05 1.2177718749999997 1.004858345466441
8.689532999999999 3.47227e-05 1.2056493055555553 0.9948552690899675
8.659181 3.47061e-05 1.2050729166666665 0.9943796552273679
8.629172 3.505049e-05 1.2170309027777775 1.0042469237900629
8.59894 3.503866e-05 1.2166201388888884 1.0039079772843666
8.568931000000001 3.508375e-05 1.2181857638888887 1.0051998706015128
8.539081 3.508477e-05 1.2182211805555554 1.005229095067769
8.509272999999999 3.481442e-05 1.2088340277777774 0.9974831789380189
8.478959000000001 3.505138e-05 1.2170618055555553 1.0042724235694434
8.448958000000001 3.485977e-05 1.2104086805555554 0.9987825216289165
8.419051 3.479284e-05 1.208084722222222 0.9968648809166392
8.388763999999998 3.515832e-05 1.2207749999999997 1.007336408296336
8.358875 3.509115e-05 1.2184427083333331 1.0054118912390573
8.328968000000001 3.480069e-05 1.2083572916666665 0.9970897947010614
8.299088 3.489806e-05 1.211738194444444 0.9998795851710216
8.268818999999999 3.541892e-05 1.229823611111111 1.0148029729104027
8.238838 3.506691e-05 1.2176010416666665 1.0047173803939118
8.209106 3.4654e-05 1.2032638888888885 0.9928869153333045
8.178921 3.432358e-05 1.1917909722222222 0.9834199073525686
8.148503999999999 3.492244e-05 1.212584722222222 1.0005781072174182
8.11858 3.460619e-05 1.201603819444444 0.9915170901061422
8.0888 3.520839e-05 1.2225135416666664 1.0087709857722622
8.058845 3.519739e-05 1.2221315972222222 1.008455819959696
8.029088 3.470367e-05 1.2049885416666664 0.9943100322342282
7.9989859999999995 3.489636e-05 1.2116791666666664 0.9998308777272614
7.968902 3.486502e-05 1.2105909722222221 0.9989329416758231
7.938865 3.467705e-05 1.2040642361111107 0.993547330967818
7.9086620000000005 3.497401e-05 1.214375347222222 1.0020556618496033
7.8788469999999995 3.482955e-05 1.2093593749999998 0.9979166751874848
7.848772 3.48705e-05 1.2107812499999995 0.9990899515533559
7.818477 3.485595e-05 1.2102760416666665 0.9986730731376436
7.788532 3.479759e-05 1.2082496527777775 0.9970009752447928
7.7586059999999994 3.508574e-05 1.2182548611111108 1.0052568869621499
7.728495 3.496171e-05 1.2139482638888888 1.0017032491682794
7.698608 3.481632e-05 1.2088999999999999 0.9975376166692804
7.668532 3.513954e-05 1.2201229166666665 1.0067983342999733
7.638292000000001 3.513334e-05 1.2199076388888885 1.006620695387436
7.608291 3.462936e-05 1.202408333333333 0.9921809439131565
7.578514 3.498163e-05 1.2146399305555553 1.002273985803399
7.548541 3.501431e-05 1.2157746527777777 1.0032103147810956
7.518384 3.478219e-05 1.2077149305555555 0.9965597431072002
7.488599 3.490855e-05 1.2121024305555554 1.0001801387504599
7.45856 3.536019e-05 1.2277843749999997 1.0131202739856746
7.428712000000001 3.516964e-05 1.221168055555555 1.007660742568904
7.398829 3.485295e-05 1.2101718749999997 0.9985871188251255
7.368825 3.463219e-05 1.2025065972222222 0.9922620274812987
7.338578 3.487766e-05 1.2110298611111108 0.9992950958458989
7.308652 3.482549e-05 1.2092184027777775 0.9978003503512105
7.278486 3.48887e-05 1.2114131944444442 0.9996114077159653
7.248634 3.507395e-05 1.2178454861111108 1.004919086513954
7.218287999999999 3.497381e-05 1.2143684027777777 1.002049931562102
7.188606 3.498929e-05 1.2149059027777775 1.0024934558146952
7.1584769999999995 3.490393e-05 1.2119420138888886 1.000047769109182
7.128439 3.50244e-05 1.2161249999999997 1.003499407785531
7.0983 3.474424e-05 1.206397222222222 0.995472421053847
7.068354 3.502408e-05 1.2161138888888885 1.0034902393255292
7.038449 3.503069e-05 1.2163434027777775 1.003679625327444
7.008171 3.48779e-05 1.2110381944444442 0.9993019721909004
6.978260000000001 3.49231e-05 1.2126076388888885 1.000597017166172
6.948606 3.528837e-05 1.2252906249999997 1.0110625277439926
6.918532 3.500618e-05 1.215492361111111 1.0029773785941718
6.8883 3.486717e-05 1.2106656249999999 0.9989945422664611
6.858134 3.482563e-05 1.209223263888889 0.9978043615524614
6.827875 3.54476e-05 1.2308194444444442 1.015624696138075
6.798306999999999 3.519503e-05 1.2220496527777776 1.0083882025671818
6.768356 3.463046e-05 1.2024465277777774 0.992212460494413
6.738375 3.512757e-05 1.2197072916666665 1.0064553765930262
6.708143 3.501091e-05 1.215656597222222 1.003112899893575
6.678134 3.497907e-05 1.2145510416666665 1.0022006381233837
6.648486 3.496911e-05 1.214205208333333 1.0019152698058238
6.618227 3.485844e-05 1.2103624999999998 0.9987444152170335
6.588310000000001 3.507474e-05 1.2178729166666664 1.0049417211495837
6.558051000000001 3.469648e-05 1.2047388888888886 0.9941040283985599
6.5281270000000005 3.502858e-05 1.2162701388888886 1.0036191707943063
6.498282000000001 3.479504e-05 1.2081611111111108 0.9969279140791524
6.468412 3.468409e-05 1.2043086805555554 0.9937490370878606
6.4382079999999995 3.511995e-05 1.219442708333333 1.0062370526392304
6.408189 3.498828e-05 1.214870833333333 1.0024645178628138
6.377958 3.48263e-05 1.2092465277777775 0.9978235580155904
6.3479849999999995 3.489191e-05 1.2115246527777774 0.9997033788303596
6.318023 3.492353e-05 1.2126225694444444 1.0006093372843
6.288106 3.539441e-05 1.2289725694444442 1.0141007261771302
6.257837 3.50269e-05 1.2162118055555555 1.0035710363792962
6.2280690000000005 3.508458e-05 1.2182145833333329 1.0052236512946426
6.198099 3.482564e-05 1.2092236111111108 0.9978046480668363
6.168125 3.479599e-05 1.208194097222222 0.9969551329447832
6.138106 3.493898e-05 1.2131590277777775 1.0010520019937676
6.108241 3.508778e-05 1.218325694444444 1.005315335894662
6.0780780000000005 3.508001e-05 1.2180559027777773 1.0050927142252404
6.048042000000001 3.462093e-05 1.2021156249999996 0.9919394122949808
6.0184120000000005 3.481383e-05 1.208813541666666 0.9974662745898902
5.988060000000001 3.522932e-05 1.2232402777777776 1.009370660359263
5.958203 3.473536e-05 1.2060888888888885 0.9952179962887936
5.928115 3.512341e-05 1.2195628472222217 1.0063361866130012
5.897810000000001 3.47328e-05 1.2059999999999997 0.9951446486087783
5.86793 3.497156e-05 1.2142902777777773 1.0019854658277134
5.83781 3.471527e-05 1.205391319444444 0.9946423889092979
5.80808 3.527536e-05 1.2248388888888888 1.0106897725420396
5.777772 3.477584e-05 1.2074944444444442 0.9963778064790371
5.747727 3.510132e-05 1.2187958333333329 1.0057032763584932
5.71792 3.489486e-05 1.2116270833333331 0.9997879005710024
5.688087 3.501071e-05 1.2156496527777776 1.0031071696060738
5.658004 3.499761e-05 1.2151947916666663 1.002731835774745
5.627662 3.48328e-05 1.2094722222222218 0.9980097923593794
5.597421000000001 3.489005e-05 1.2114600694444444 0.9996500871565986
5.567514 3.517538e-05 1.2213673611111107 1.0078252018201885
5.537863000000001 3.461239e-05 1.2018190972222218 0.9916947290186795
5.50793 3.477249e-05 1.2073781249999997 0.9962818241633918
5.477727 3.48972e-05 1.211708333333333 0.9998549449347665
5.447736 3.475863e-05 1.2068968749999998 0.9958847152395585
5.417665 3.486223e-05 1.210494097222222 0.9988530041651814
5.387986 3.468432e-05 1.2043166666666665 0.9937556269184868
5.357736 3.512883e-05 1.2197510416666661 1.0064914774042837
5.327911 3.486375e-05 1.2105468749999997 0.9988965543501904
5.2976149999999995 3.509915e-05 1.218720486111111 1.0056411027391055
5.267504 3.510125e-05 1.2187934027777774 1.0057012707578679
5.237467 3.530334e-05 1.2258104166666666 1.0114914397634578
5.2078 3.477938e-05 1.2076173611111107 0.9964792325678082
5.177467 3.477672e-05 1.207525 0.9964030197440424
5.147939 3.494811e-05 1.2134760416666663 1.0013135896181975
5.117764 3.4945e-05 1.2133680555555553 1.0012244836475537
5.087606 3.508541e-05 1.2182434027777775 1.0052474319877729
5.05767 3.449345e-05 1.1976892361111109 0.9882869270417146
5.027717 3.477657e-05 1.2075197916666665 0.9963987220284164
4.9977920000000005 3.487317e-05 1.2108739583333332 0.9991664508914971
4.967893 3.480339e-05 1.2084510416666665 0.9971671535823277
4.938115 3.45398e-05 1.1992986111111108 0.9896149211701182
4.907828 3.492913e-05 1.2128170138888885 1.0007697853343334
4.877847 3.469997e-05 1.2048600694444442 0.994204021915456
4.84791 3.504672e-05 1.2168999999999996 1.004138907870665
4.817948 3.463822e-05 1.2027159722222218 0.9924347956494597
4.787865 3.474598e-05 1.2064576388888886 0.9955222745551074
4.757837 3.512875e-05 1.2197482638888884 1.0064891852892832
4.727615 3.488261e-05 1.2112017361111107 0.9994369204615536
4.6976059999999995 3.483821e-05 1.2096600694444442 0.9981647966362869
4.667356 3.485326e-05 1.2101826388888886 0.9985960007707523
4.637384 3.503778e-05 1.216589583333333 1.0038827640193615
4.607835 3.465794e-05 1.2034006944444442 0.9929998019970784
4.577948999999999 3.462644e-05 1.2023069444444443 0.992097281715639
4.547772 3.459287e-05 1.201141319444444 0.991135452958562
4.517587000000001 3.502442e-05 1.216125694444444 1.003499980814281
4.487292 3.491839e-05 1.212444097222222 1.0004620688955188
4.4576080000000005 3.473457e-05 1.2060614583333331 0.9951953616531639
4.427652 3.451061e-05 1.1982850694444442 0.9887785857093176
4.397457999999999 3.531493e-05 1.2262128472222218 1.0118235099241524
4.367484999999999 3.504917e-05 1.2169850694444442 1.004209103892555
4.337652 3.461884e-05 1.2020430555555552 0.9918795307905932
4.3075600000000005 3.513224e-05 1.219869444444444 1.0065891788061792
4.277661 3.48773e-05 1.2110173611111108 0.9992847813283969
4.247513 3.503535e-05 1.2165052083333332 1.003813141026222
4.217337000000001 3.429717e-05 1.1908739583333332 0.9826632228880348
4.187438 3.489358e-05 1.2115826388888886 0.9997512267309947
4.157587 3.474841e-05 1.2065420138888887 0.9955918975482472
4.127625 3.479685e-05 1.208223958333333 0.9969797731810383
4.097125 3.440431e-05 1.194594097222222 0.9857329379024288
4.067137 3.457514e-05 1.2005256944444442 0.9906274629715807
4.037291 3.51998e-05 1.2222152777777775 1.0085248699240854
4.007097 3.477565e-05 1.2074878472222221 0.996372362705911
3.977097 3.4487e-05 1.1974652777777774 0.9881021252698007
3.946995 3.475032e-05 1.206608333333333 0.9956466217938836
3.9169769999999997 3.518004e-05 1.2215291666666666 1.0079587175189666
3.8869949999999998 3.446226e-05 1.1966062499999999 0.9873932887059022
3.857316 3.460037e-05 1.2014017361111107 0.9913503387398571
3.8271529999999996 3.474313e-05 1.206358680555555 0.9954406179582153
3.797222 3.492316e-05 1.212609722222222 1.0005987362524225
3.767162 3.503366e-05 1.2164465277777774 1.0037647200968367
3.7370880000000004 3.461947e-05 1.2020649305555553 0.9918975811962221
3.7069859999999997 3.4671e-05 1.2038541666666664 0.9933739897709069
3.6771930000000004 3.455266e-05 1.1997451388888887 0.9899833786564456
3.6472919999999998 3.480724e-05 1.208584722222222 0.9972774616167257
3.617014 3.45375e-05 1.1992187499999998 0.9895490228638544
3.58706 3.459087e-05 1.2010718749999996 0.99107815008355
3.556902 3.448728e-05 1.1974749999999998 0.9881101476723027
3.526875 3.448501e-05 1.1973961805555553 0.9880451089091637
3.496627 3.484024e-05 1.2097305555555553 0.9982229590544242
3.4672359999999998 3.434161e-05 1.1924170138888885 0.9839364927708018
3.436921 3.473591e-05 1.2061079861111108 0.995233754579422
3.40693 3.469429e-05 1.2046628472222218 0.9940412817504217
3.376837 3.496298e-05 1.213992361111111 1.001739636493912
3.3469670000000002 3.459774e-05 1.2013104166666662 0.9912749854592163
3.3169389999999996 3.502301e-05 1.216076736111111 1.0034595822873977
3.286873 3.476144e-05 1.206994444444444 0.9959652257789503
3.257125 3.454455e-05 1.1994635416666664 0.9897510154982716
3.2269859999999997 3.441322e-05 1.194903472222222 0.9859882222106073
3.196828 3.437209e-05 1.1934753472222221 0.9848097885859852
3.166854 3.447581e-05 1.197076736111111 0.9877815156841085
3.137263 3.459866e-05 1.201342361111111 0.991301344781722
3.107189 3.451023e-05 1.1982718749999999 0.9887676981630655
3.0771529999999996 3.441353e-05 1.1949142361111107 0.9859971041562341
3.0471060000000003 3.469869e-05 1.2048156249999997 0.9941673480754483
3.016939 3.431293e-05 1.191421180555555 0.9831147695431293
2.9867269999999997 3.475804e-05 1.2068763888888887 0.9958678108914301
2.9567170000000003 3.482117e-05 1.2090684027777776 0.9976765761411847
2.926693 3.449114e-05 1.1976090277777776 0.9882207422210757
2.896875 3.475535e-05 1.2067829861111108 0.9957907385245388
2.866643 3.449107e-05 1.1976065972222218 0.9882187366204501
2.836712 3.494533e-05 1.2133795138888885 1.0012339386219307
2.8061979999999997 3.432229e-05 1.1917461805555554 0.9833829469981857
2.77643 3.461687e-05 1.2019746527777775 0.9918230874587064
2.746571 3.459782e-05 1.201313194444444 0.9912772775742168
2.716903 3.411495e-05 1.1845468749999994 0.9774423579456892
2.686819 3.431483e-05 1.1914871527777775 0.9831692072743908
2.656523 3.432853e-05 1.191962847222222 0.9835617319682232
2.626495 3.460753e-05 1.2016503472222217 0.9915554830324002
2.596736 3.427455e-05 1.1900885416666664 0.9820151273716489
2.566542 3.429675e-05 1.1908593749999998 0.9826511892842822
2.536541 3.438341e-05 1.1938684027777777 0.9851341228585532
2.506523 3.437842e-05 1.1936951388888886 0.984991152185398
2.476458 3.433248e-05 1.1921 0.9836749051463721
2.44658 3.453211e-05 1.199031597222222 0.989394591615697
2.4167359999999998 3.462303e-05 1.2021885416666664 0.9919995803137435
2.386652 3.4687e-05 1.2044097222222219 0.993832412771003
2.356627 3.408298e-05 1.183436805555555 0.9765263714886221
2.326698 3.446515e-05 1.196706597222222 0.9874760913602945
2.296652 3.431191e-05 1.1913857638888887 0.9830855450768734
2.2665900000000003 3.441779e-05 1.1950621527777776 0.9861191592800098
2.236838 3.398043e-05 1.1798760416666665 0.9735881665723808
2.2066709999999996 3.415735e-05 1.186019097222222 0.9786571788959443
2.176264 3.428286e-05 1.1903770833333331 0.9822532208173237
2.1462689999999998 3.394234e-05 1.178553472222222 0.9724968333177768
2.116412 3.407548e-05 1.1831763888888887 0.9763114857073271
2.086625 3.416003e-05 1.1861121527777776 0.9787339647484604
2.056643 3.450881e-05 1.1982225694444442 0.9887270131218069
2.026198 3.421185e-05 1.187911458333333 0.9802186822400218
1.9963279999999999 3.414569e-05 1.1856142361111108 0.9783231031346241
1.96641 3.421675e-05 1.1880815972222218 0.9803590742838013
1.936569 3.422563e-05 1.1883899305555554 0.9806134990488548
1.906722 3.400118e-05 1.1805965277777775 0.9741826839006306
1.876476 3.376088e-05 1.1722527777777776 0.9672977434679361
1.8464390000000002 3.404225e-05 1.1820225694444442 0.9753593984390023
1.816203 3.402239e-05 1.1813329861111108 0.974790380890133
1.786532 3.386839e-05 1.1759857638888886 0.9703780595142073
1.756448 3.379204e-05 1.173334722222222 0.9681905222606233
1.726597 3.384364e-05 1.1751263888888885 0.9696689364359335
1.6962819999999998 3.365696e-05 1.1686444444444442 0.9643202860823114
1.666665 3.368719e-05 1.1696940972222218 0.9651864190381181
1.6367539999999998 3.355596e-05 1.1651374999999997 0.9614264908942044
1.606708 3.378981e-05 1.1732572916666664 0.968126629554985
1.57656 3.360251e-05 1.1667538194444445 0.9627602153101092
1.5462539999999998 3.322404e-05 1.1536124999999997 0.9519165057572091
1.516146 3.327916e-05 1.1555263888888887 0.9534957729925405
1.4864760000000001 3.318642e-05 1.1523062499999996 0.9508386386782329
1.456254 3.306243e-05 1.1480010416666664 0.9472861469418628
1.426439 3.276573e-05 1.137698958333333 0.9387852654338291
1.395976 3.276997e-05 1.1378461805555553 0.9389067475288547
1.366013 3.219037e-05 1.1177211805555554 0.9223003743503707
1.33605 3.173731e-05 1.1019899305555552 0.9093195540738974
1.306041 3.126594e-05 1.0856229166666662 0.8958141259766889
1.276184 3.106288e-05 1.078572222222222 0.8899961650767185
1.246078 3.046164e-05 1.057695833333333 0.8727697747906044
1.216429 2.965153e-05 1.0295670138888886 0.8495589587526098
1.186328 2.9158e-05 1.0124305555555553 0.8354186148002682
1.15643 2.801186e-05 0.9726340277777775 0.8025800562171288
1.126189 2.735335e-05 0.949769097222222 0.7837127981050456
1.09625 2.656036e-05 0.9222347222222221 0.7609924946771539
1.066356 2.597217e-05 0.9018114583333331 0.7441400056504933
1.0363099999999998 2.5085e-05 0.8710069444444444 0.7187213098382856
1.006124 2.389694e-05 0.829754861111111 0.6846816829948941
0.9762077 2.336796e-05 0.8113874999999998 0.6695256455829645
0.9460706 2.244509e-05 0.7793434027777776 0.6430840934517921
0.9162355 2.203671e-05 0.7651635416666664 0.6313834194030873
0.8864392 2.070929e-05 0.7190725694444443 0.5933509282288582
0.8563744000000001 2.019946e-05 0.7013701388888888 0.5787435658451686
0.8262632999999999 1.922809e-05 0.6676420138888888 0.5509124189949547
0.7962263 1.869086e-05 0.6489881944444444 0.5355200072236005
0.7660873 1.803547e-05 0.6262315972222221 0.516742141596536
0.7361707 1.71534e-05 0.5956041666666665 0.49146956811560877
0.7060966 1.648369e-05 0.572350347222222 0.4722814139034581
0.6759207 1.544459e-05 0.536270486111111 0.4425097051909622
0.6462498000000001 1.495434e-05 0.5192479166666666 0.42846333795364033
0.6160873 1.421614e-05 0.49361597222222214 0.407312846786703
0.5861613999999999 1.351997e-05 0.4694434027777777 0.38736657553814335
0.5558836 1.327577e-05 0.460964236111111 0.3803698944991754
0.5262121 1.190876e-05 0.4134986111111111 0.3412030929140834
0.4962077 1.18128e-05 0.41016666666666657 0.3384537009710065
0.46600400000000003 1.134162e-05 0.3938062499999999 0.3249537166469243
0.4358651 1.060972e-05 0.3683930555555555 0.3039837295362749
0.4059102 1.002664e-05 0.3481472222222221 0.28727764935526995
0.37625400000000003 9.182338e-06 0.31883118055555554 0.2630871833660699
0.34587439999999997 9.151629e-06 0.3177648958333332 0.26220732637169775
0.3160045 8.502882e-06 0.2952389583333333 0.24361979224398572
0.2858003 8.008683e-06 0.2780792708333333 0.22946028047995257
0.2559392 7.0982e-06 0.2464652777777777 0.20337363370516715
0.2256892 6.736173e-06 0.23389489583333328 0.19300103973917854
0.1958064 6.445112e-06 0.22378861111111106 0.18466172368724146
0.16593850000000002 5.576453e-06 0.1936268402777777 0.15977339463470744
0.1359299 4.922269e-06 0.1709121180555555 0.14103008264127517
0.1058836 4.62389e-06 0.16055173611111107 0.13248109536966912
0.07574475 4.015696e-06 0.13943388888888888 0.1150554629871383
0.04580642 4.036463e-06 0.14015496527777774 0.1156504673898256
0.01579104 3.102426e-06 0.10772312499999998 0.08888896465602364
-0.0144497 2.483239e-06 0.08622357638888886 0.0711483670209892
-0.04434453 1.76787e-06 0.06138437499999999 0.050652016823751644
-0.07435711 1.244853e-06 0.043224062499999986 0.03566682793367029
-0.10410710000000001 1.131857e-06 0.03930059027777777 0.03242933010124108
-0.1340615 2.53767e-07 0.008811354166666664 0.007270789341587889
-0.16431469999999998 -4.763271e-07 -0.016539135416666663 -0.013647456138069445
-0.1943351 -8.244776e-07 -0.028627694444444438 -0.02362246843150592
-0.22382929999999998 -1.516794e-06 -0.052666458333333326 -0.04345832850049242
-0.254246 -2.09559e-06 -0.07276354166666665 -0.06004166592322156
-0.283959 -2.755467e-06 -0.09567593749999997 -0.07894809055037556
-0.31431079999999995 -3.130473e-06 -0.10869697916666664 -0.08969255152375472
-0.34459789999999996 -3.7804e-06 -0.13126388888888885 -0.10831389434772391
-0.3742125 -4.670564e-06 -0.16217236111111105 -0.13381837256382467
-0.4042275 -4.916885e-06 -0.1707251736111111 -0.1408758233017428
-0.4345053 -5.689481e-06 -0.19755142361111105 -0.16301180931313686
-0.46448680000000003 -6.270376e-06 -0.21772138888888884 -0.17965528610319112
-0.49457100000000004 -6.954429e-06 -0.2414732291666666 -0.19925438788349045
-0.524246 -7.530763e-06 -0.2614848263888888 -0.21576718546707976
-0.554422 -8.200739e-06 -0.2847478819444444 -0.234962960961607
-0.5844405 -8.987065e-06 -0.3120508680555555 -0.2574923312099586
-0.6144484 -1.008095e-05 -0.35003298611111106 -0.2888337089262214
-0.6443386000000001 -1.074479e-05 -0.373082986111111 -0.3078536792002118
-0.6743757 -1.126321e-05 -0.3910836805555555 -0.32270715743207795
-0.704459 -1.227249e-05 -0.42612812499999997 -0.35162448027814475
-0.734598 -1.326756e-05 -0.4606791666666666 -0.38013466619725106
-0.7645978999999999 -1.395549e-05 -0.4845656249999999 -0.3998448496007612
-0.7946559 -1.492985e-05 -0.5183975694444444 -0.4277616642491181
-0.8244589999999999 -1.556478e-05 -0.5404437499999998 -0.44595332146480954
-0.8545331 -1.671078e-05 -0.5802354166666666 -0.4787878688466982
-0.8846072 -1.726706e-05 -0.5995506944444443 -0.49472609050254196
-0.9145053000000001 -1.79934e-05 -0.6247708333333332 -0.515536775620658
-0.9446654 -1.914439e-05 -0.6647357638888887 -0.5485142936757015
-0.9745239 -2.01527e-05 -0.6997465277777776 -0.5774038246273875
-1.004829 -2.098803e-05 -0.7287510416666664 -0.6013372299192836
-1.0345419999999999 -2.186182e-05 -0.759090972222222 -0.6263725694976611
-1.064533 -2.258615e-05 -0.7842413194444443 -0.64712566522639
-1.094644 -2.359241e-05 -0.8191809027777776 -0.6759564607311885
-1.124765 -2.40436e-05 -0.8348472222222221 -0.6888837028195257
-1.154616 -2.486723e-05 -0.8634454861111108 -0.7124818862926015
-1.184774 -2.575841e-05 -0.8943892361111109 -0.7380154743692083
-1.2145899999999998 -2.611974e-05 -0.9069354166666664 -0.7483680982832553
-1.244718 -2.643211e-05 -0.9177815972222221 -0.757317947817008
-1.274718 -2.748577e-05 -0.9543670138888888 -0.7875068214595916
-1.304694 -2.778104e-05 -0.9646194444444441 -0.7959667314119914
-1.3342829999999999 -2.808099e-05 -0.9750343749999998 -0.8045607300919194
-1.364607 -2.863769e-05 -0.9943642361111109 -0.8205109853515157
-1.3946720000000001 -2.921991e-05 -1.014580208333333 -0.8371924252962654
-1.42476 -2.937603e-05 -1.0200010416666665 -0.8416654877197038
-1.4544590000000002 -2.957333e-05 -1.0268517361111107 -0.8473184163396397
-1.48457 -2.983334e-05 -1.0358798611111109 -0.8547680766055776
-1.514496 -3.059296e-05 -1.0622555555555553 -0.8765322815638937
-1.544354 -3.065384e-05 -1.064369444444444 -0.8782765810792597
-1.5744960000000001 -3.134619e-05 -1.0884093749999997 -0.8981134038365464
-1.604691 -3.174947e-05 -1.1024121527777777 -0.9096679555539706
-1.6345150000000002 -3.198305e-05 -1.110522569444444 -0.9163603583266245
-1.6645699999999999 -3.203101e-05 -1.112187847222222 -0.9177344812694129
-1.694691 -3.253592e-05 -1.1297194444444443 -0.9322008785805729
-1.724663 -3.259952e-05 -1.1319277777777774 -0.9340231100059552
-1.754722 -3.292512e-05 -1.143233333333333 -0.9433520180579124
-1.784654 -3.318415e-05 -1.1522274305555553 -0.9507735999150945
-1.8145419999999999 -3.310732e-05 -1.149559722222222 -0.9485723099715077
-1.8447650000000002 -3.370939e-05 -1.1704649305555552 -0.9658224809507515
-1.8750609999999999 -3.341471e-05 -1.1602329861111107 -0.9573794753464802
-1.9048260000000001 -3.315066e-05 -1.151064583333333 -0.9498140632730181
-1.9346349999999999 -3.380302e-05 -1.1737159722222221 -0.9685051150444395
-1.964709 -3.39845e-05 -1.1800173611111109 -0.9737047779230302
-1.994894 -3.377495e-05 -1.172741319444444 -0.9677008691936456
-2.024637 -3.386758e-05 -1.1759576388888886 -0.9703548518498274
-2.0546159999999998 -3.405631e-05 -1.1825107638888888 -0.975762237650337
-2.084774 -3.420575e-05 -1.1876996527777777 -0.9800439084712352
-2.1149769999999997 -3.389196e-05 -1.1768041666666664 -0.9710533738962239
-2.1448539999999996 -3.413362e-05 -1.1851951388888888 -0.9779772802839267
-2.174718 -3.424799e-05 -1.1891663194444444 -0.9812541451914892
-2.205089 -3.395885e-05 -1.1791267361111109 -0.9729698685510011
-2.234807 -3.426885e-05 -1.1898906249999999 -0.9818518141778645
-2.264802 -3.411255e-05 -1.1844635416666662 -0.9773735944956748
-2.294663 -3.419698e-05 -1.1873951388888886 -0.9797926353643075
-2.324709 -3.419159e-05 -1.187207986111111 -0.9796382041161501
-2.355052 -3.426187e-05 -1.1896482638888888 -0.9816518271440726
-2.384826 -3.419021e-05 -1.1871600694444442 -0.9795986651323918
-2.414792 -3.419938e-05 -1.187478472222222 -0.979861398814322
-2.444654 -3.450084e-05 -1.1979458333333333 -0.988498661164884
-2.4746439999999996 -3.406247e-05 -1.1827246527777775 -0.9759387305053739
-2.504644 -3.429959e-05 -1.1909579861111108 -0.9827325593667993
-2.534792 -3.452805e-05 -1.1988906249999998 -0.9892782667794225
-2.564894 -3.425594e-05 -1.189442361111111 -0.9814819241196618
-2.594709 -3.434802e-05 -1.1926395833333332 -0.9841201484852155
-2.6247689999999997 -3.437501e-05 -1.193576736111111 -0.9848934507835027
-2.654468 -3.449669e-05 -1.1978017361111108 -0.988379757699234
-2.684496 -3.413096e-05 -1.1851027777777774 -0.9779010674601606
-2.714598 -3.444401e-05 -1.195972569444444 -0.9868703999714173
-2.744866 -3.459108e-05 -1.2010791666666665 -0.9910841668854264
-2.774737 -3.435774e-05 -1.192977083333333 -0.9843986404577737
-2.804811 -3.440515e-05 -1.1946232638888885 -0.9857570051099337
-2.834854 -3.447333e-05 -1.196990625 -0.9877104601190938
-2.864755 -3.480119e-05 -1.2083746527777774 -0.9971041204198144
-2.894848 -3.432129e-05 -1.191711458333333 -0.9833542955606797
-2.9249029999999996 -3.430985e-05 -1.1913142361111109 -0.9830265231156109
-2.954829 -3.435811e-05 -1.1929899305555554 -0.984409241489651
-2.985181 -3.444021e-05 -1.1958406249999995 -0.9867615245088944
-3.0148449999999998 -3.471101e-05 -1.2052434027777776 -0.9945203337855224
-3.044653 -3.453023e-05 -1.198966319444444 -0.9893407269131855
-3.074746 -3.453386e-05 -1.1990923611111108 -0.9894447316313325
-3.104552 -3.430504e-05 -1.191147222222222 -0.982888709701207
-3.135144 -3.437878e-05 -1.1937076388888885 -0.9850014667029002
-3.1650050000000003 -3.488933e-05 -1.2114350694444442 -0.9996294581215942
-3.194913 -3.45336e-05 -1.199083333333333 -0.9894372822575809
-3.2249499999999998 -3.451646e-05 -1.198488194444444 -0.9889461966187278
-3.254713 -3.408129e-05 -1.1833781249999997 -0.976477950559237
-3.285033 -3.466171e-05 -1.203531597222222 -0.993107817916476
-3.3152 -3.445052e-05 -1.1961986111111107 -0.9870569208295814
-3.3449769999999996 -3.473418e-05 -1.2060479166666664 -0.9951841875925366
-3.374626 -3.449943e-05 -1.1978968749999996 -0.9884582626380004
-3.404709 -3.459707e-05 -1.2012871527777775 -0.9912557889960874
-3.434996 -3.477325e-05 -1.2074045138888885 -0.9963035992558963
-3.46519 -3.441627e-05 -1.195009375 -0.9860756090950007
-3.4950810000000003 -3.461299e-05 -1.2018399305555554 -0.9917119198811832
-3.5247919999999997 -3.431797e-05 -1.1915961805555553 -0.9832591727881598
-3.5548159999999998 -3.493719e-05 -1.2130968749999997 -1.0010007159206318
-3.585015 -3.467582e-05 -1.2040215277777775 -0.9935120896996857
-3.615203 -3.455303e-05 -1.199757986111111 -0.9899939796883228
-3.644931 -3.465463e-05 -1.2032857638888885 -0.9929049657389334
-3.675089 -3.46414e-05 -1.2028263888888884 -0.9925259072207288
-3.704826 -3.485835e-05 -1.2103593749999997 -0.998741836587658
-3.734931 -3.46762e-05 -1.2040347222222219 -0.9935229772459381
-3.7651350000000003 -3.477193e-05 -1.2073586805555554 -0.9962657793583886
-3.79509 -3.459382e-05 -1.2011743055555553 -0.9911626718241929
-3.824885 -3.458386e-05 -1.200828472222222 -0.9908773035066331
-3.854783 -3.461658e-05 -1.2019645833333332 -0.9918147785418298
-3.884948 -3.462043e-05 -1.2020982638888886 -0.9919250865762278
-3.915098 -3.46621e-05 -1.2035451388888887 -0.9931189919771034
-3.9450979999999998 -3.480404e-05 -1.2084736111111107 -0.9971857770167065
-3.9750430000000003 -3.462864e-05 -1.202383333333333 -0.9921603148781521
-4.004589 -3.46598e-05 -1.2034652777777777 -0.9930530936708396
-4.034885 -3.437229e-05 -1.1934822916666665 -0.9848155188734863
-4.0650520000000006 -3.465634e-05 -1.2033451388888887 -0.9929539596970687
-4.095339 -3.472195e-05 -1.2056232638888886 -0.9948337805118381
-4.1251940000000005 -3.475722e-05 -1.2068479166666664 -0.995844316712675
-4.1551350000000005 -3.488024e-05 -1.2111194444444442 -0.9993690165546646
-4.185126 -3.441362e-05 -1.194917361111111 -0.9859996827856098
-4.215228 -3.47542e-05 -1.2067430555555552 -0.9957577893714068
-4.24526 -3.456249e-05 -1.200086458333333 -0.9902650222871294
-4.275107 -3.485221e-05 -1.2101461805555553 -0.998565916761371
-4.305089 -3.488966e-05 -1.2114465277777777 -0.9996389130959713
-4.335439999999999 -3.436637e-05 -1.193276736111111 -0.9846459023634507
-4.365223 -3.468609e-05 -1.2043781249999996 -0.9938063399628725
-4.395162999999999 -3.484332e-05 -1.2098374999999997 -0.9983112054819425
-4.425191 -3.482621e-05 -1.2092434027777776 -0.9978209793862148
-4.455108 -3.473582e-05 -1.206104861111111 -0.9952311759500465
-4.485283000000001 -3.449485e-05 -1.197737847222222 -0.9883270390542229
-4.5152470000000005 -3.463251e-05 -1.2025177083333332 -0.9922711959413004
-4.545293 -3.444025e-05 -1.1958420138888888 -0.9867626705663948
-4.575441 -3.466027e-05 -1.2034815972222221 -0.9930665598464674
-4.605345000000001 -3.4688e-05 -1.2044444444444442 -0.993861064208509
-4.6352 -3.463399e-05 -1.2025690972222218 -0.9923136000688093
-4.665302 -3.462511e-05 -1.2022607638888887 -0.9920591753037561
-4.695459 -3.451138e-05 -1.1983118055555553 -0.9888006473161973
-4.725496 -3.516604e-05 -1.2210430555555551 -1.0075575973938824
-4.755459 -3.464042e-05 -1.2027923611111109 -0.9924978288119731
-4.785411 -3.459942e-05 -1.2013687499999999 -0.9913231198742266
-4.8154129999999995 -3.48788e-05 -1.2110694444444443 -0.999327758484656
-4.845256 -3.485356e-05 -1.2101930555555553 -0.9986045962020041
-4.875392 -3.477499e-05 -1.2074649305555551 -0.9963534527571568
-4.905274 -3.471561e-05 -1.2054031249999997 -0.9946521303980498
-4.935404 -3.476066e-05 -1.2069673611111107 -0.9959428776576956
-4.965274 -3.500277e-05 -1.2153739583333332 -1.002879677192276
-4.995487 -3.45534e-05 -1.199770833333333 -0.9900045807201999
-5.024948999999999 -3.480259e-05 -1.2084232638888883 -0.9971442324323226
-5.054765000000001 -3.478314e-05 -1.2077479166666663 -0.9965869619728307
-5.084849 -3.467368e-05 -1.2039472222222218 -0.9934507756234229
-5.114598 -3.490023e-05 -1.2118135416666662 -0.9999417587904096
-5.144792000000001 -3.455801e-05 -1.1999309027777774 -0.9901366638471025
-5.174987 -3.457165e-05 -1.2004045138888886 -0.9905274694546846
-5.2047740000000005 -3.483805e-05 -1.2096545138888886 -0.9981602124062858
-5.235089 -3.473111e-05 -1.2059413194444442 -0.9950962276793931
-5.264997 -3.47487e-05 -1.206552083333333 -0.9956002064651238
-5.294807 -3.473386e-05 -1.2060368055555553 -0.9951750191325346
-5.324949999999999 -3.482378e-05 -1.2091590277777775 -0.9977513563930751
-5.3548919999999995 -3.484446e-05 -1.209877083333333 -0.9983438681206995
-5.384839 -3.48373e-05 -1.209628472222222 -0.9981387238281564
-5.414802 -3.484883e-05 -1.2100288194444442 -0.9984690749026008
-5.444533000000001 -3.499807e-05 -1.2152107638888885 -1.0027450154359978
-5.4748019999999995 -3.454975e-05 -1.199644097222222 -0.9899000029733029
-5.505089 -3.43282e-05 -1.1919513888888886 -0.9835522769938463
-5.535107 -3.494966e-05 -1.213529861111111 -1.001357999346332
-5.564958 -3.467195e-05 -1.2038871527777775 -0.9934012086365374
-5.594617 -3.502992e-05 -1.2163166666666667 -1.0036575637205645
-5.6247560000000005 -3.473441e-05 -1.2060559027777775 -0.9951907774231629
-5.654986 -3.480248e-05 -1.2084194444444443 -0.9971410807741972
-5.684895 -3.467312e-05 -1.2039277777777775 -0.9934347308184195
-5.7149589999999995 -3.50168e-05 -1.2158611111111108 -1.0032816568604854
-5.7446660000000005 -3.467854e-05 -1.2041159722222219 -0.9935900216097021
-5.774885 -3.471346e-05 -1.205328472222222 -0.994590529807412
-5.804854000000001 -3.463561e-05 -1.202625347222222 -0.9923600153975691
-5.834719 -3.461096e-05 -1.2017694444444442 -0.9916537574630458
-5.864932 -3.499289e-05 -1.2150309027777775 -1.0025966009897167
-5.894774 -3.448666e-05 -1.197453472222222 -0.9880923837810488
-5.9250240000000005 -3.485266e-05 -1.2101618055555554 -0.9985788099082489
-5.9552309999999995 -3.51489e-05 -1.2204479166666662 -1.0070665117550293
-5.985098 -3.479823e-05 -1.2082718749999997 -0.9970193121647966
-6.015089 -3.484985e-05 -1.210064236111111 -0.9984982993688569
-6.044741 -3.488689e-05 -1.2113503472222218 -0.9995595486140795
-6.074691 -3.469138e-05 -1.2045618055555554 -0.9939579060672793
-6.1045240000000005 -3.474054e-05 -1.2062687499999998 -0.9953664107350748
-6.134858 -3.465272e-05 -1.2032194444444442 -0.9928502414932969
-6.164784 -3.498565e-05 -1.2147795138888886 -1.0023891645821732
-6.1947280000000005 -3.517325e-05 -1.2212934027777775 -1.007764174258301
-6.225098 -3.470135e-05 -1.204907986111111 -0.9942435608992143
-6.254895 -3.474125e-05 -1.2062934027777776 -0.9953867532557041
-6.284728 -3.487034e-05 -1.210775694444444 -0.999085367323355
-6.314895000000001 -3.46898e-05 -1.204506944444444 -0.9939126367960197
-6.344654 -3.499922e-05 -1.2152506944444441 -1.0027779645891297
-6.374391999999999 -3.453564e-05 -1.1991541666666663 -0.989495731190093
-6.404367000000001 -3.470466e-05 -1.2050229166666664 -0.994338397157359
-6.434376 -3.489037e-05 -1.2114711805555554 -0.9996592556166004
-6.464598 -3.466304e-05 -1.2035777777777776 -0.993145924328359
-6.494204 -3.501443e-05 -1.215778819444444 -1.003213752953596
-6.523987 -3.478864e-05 -1.2079388888888885 -0.9967445448791138
-6.554515 -3.494355e-05 -1.213317708333333 -1.0011829390631701
-6.584682 -3.483051e-05 -1.2093927083333331 -0.9979441805674906
-6.61442 -3.469634e-05 -1.2047340277777774 -0.994100017197309
-6.64433 -3.48521e-05 -1.2101423611111108 -0.9985627651032454
-6.674265 -3.493156e-05 -1.2129013888888884 -1.000839408327473
-6.704459 -3.488246e-05 -1.2111965277777776 -0.999432622745928
-6.734681999999999 -3.495379e-05 -1.2136732638888887 -1.0014763297832316
-6.764524000000001 -3.466546e-05 -1.2036618055555552 -0.9932152608071234
-6.794145 -3.51026e-05 -1.2188402777777774 -1.005739950198501
-6.824256 -3.488688e-05 -1.2113499999999997 -0.9995592620997044
-6.854274 -3.467916e-05 -1.2041374999999999 -0.993607785500956
-6.8845339999999995 -3.491915e-05 -1.2124704861111109 -1.0004838439880235
-6.914506 -3.498247e-05 -1.2146690972222218 -1.002298053010904
-6.944432 -3.474684e-05 -1.2064874999999997 -0.9955469147913627
-6.974156 -3.458003e-05 -1.2006954861111108 -0.9907675685009849
-7.004042 -3.46657e-05 -1.2036701388888886 -0.993222137152125
-7.034301999999999 -3.486339e-05 -1.2105343749999997 -0.9988862398326882
-7.0642830000000005 -3.494776e-05 -1.2134638888888887 -1.0013035616150705
-7.094321 -3.459407e-05 -1.2011829861111107 -0.9911698346835692
-7.124185000000001 -3.494195e-05 -1.2132621527777776 -1.0011370967631605
-7.153997 -3.507336e-05 -1.2178249999999995 -1.0049021821658253
-7.18433 -3.487212e-05 -1.2108374999999998 -0.9991363668821158
-7.214543 -3.497477e-05 -1.214401736111111 -1.002077436942108
-7.244487 -3.479452e-05 -1.2081430555555552 -0.9969130153316493
-7.274166 -3.456881e-05 -1.2003059027777776 -0.9904460993721677
-7.30408 -3.487922e-05 -1.2110840277777775 -0.9993397920884084
-7.333867000000001 -3.471106e-05 -1.2052451388888885 -0.9945217663573975
-7.364199999999999 -3.493189e-05 -1.2129128472222221 -1.0008488633018502
-7.3942 -3.493807e-05 -1.2131274305555553 -1.0010259291856372
-7.424145 -3.461608e-05 -1.201947222222222 -0.9918004528230768
-7.454005 -3.49705e-05 -1.214253472222222 -1.001955095303957
-7.483690999999999 -3.508481e-05 -1.2182225694444442 -1.0052302411252692
-7.513672 -3.466669e-05 -1.2037045138888884 -0.9932505020752557
-7.543645000000001 -3.49706e-05 -1.2142569444444442 -1.0019579604477076
-7.573654 -3.477363e-05 -1.2074177083333328 -0.9963144868021486
-7.603654000000001 -3.459314e-05 -1.2011506944444443 -0.9911431888466888
-7.633728 -3.474801e-05 -1.2065281249999997 -0.9955804369732448
-7.663779000000001 -3.523255e-05 -1.2233524305555554 -1.0094632045024075
-7.6935519999999995 -3.495533e-05 -1.213726736111111 -1.001520452996991
-7.723534 -3.482862e-05 -1.2093270833333332 -0.9978900293506043
-7.753441 -3.458396e-05 -1.2008319444444442 -0.9908801686503836
-7.783302 -3.497002e-05 -1.2142368055555552 -1.0019413426139543
-7.8136909999999995 -3.489332e-05 -1.211573611111111 -0.9997437773572433
-7.843709 -3.434344e-05 -1.1924805555555553 -0.983988924901438
-7.873675 -3.471922e-05 -1.205528472222222 -0.9947555620874468
-7.903367 -3.509014e-05 -1.2184076388888887 -1.0053829532871763
-7.9337089999999995 -3.468901e-05 -1.2044795138888886 -0.9938900021603901
-7.963598 -3.486321e-05 -1.2105281249999997 -0.9988810825739373
-7.993478 -3.527433e-05 -1.2248031249999998 -1.0106602615614084
-8.023542 -3.451213e-05 -1.198337847222222 -0.9888221358943268
-8.053339 -3.469163e-05 -1.2045704861111108 -0.9939650689266557
-8.083089 -3.491428e-05 -1.2123013888888885 -1.0003443114873691
-8.11319 -3.466636e-05 -1.2036930555555552 -0.9932410471008789
-8.143599 -3.465363e-05 -1.2032510416666664 -0.9928763143014274
-8.173283999999999 -3.496057e-05 -1.2139086805555552 -1.0016705865295223
-8.203307 -3.462212e-05 -1.2021569444444442 -0.991973507505613
-8.233004999999999 -3.473105e-05 -1.2059392361111108 -0.9950945085931427
-8.263089 -3.495374e-05 -1.2136715277777776 -1.0014748972113563
-8.293051 -3.454894e-05 -1.199615972222222 -0.989876795308923
-8.322811 -3.480578e-05 -1.2085340277777772 -0.9972356305179668
-8.352986999999999 -3.506902e-05 -1.2176743055555552 -1.0047778349270493
-8.382995999999999 -3.493087e-05 -1.2128774305555552 -1.0008196388355939
-8.412802 -3.505265e-05 -1.2171059027777775 -1.004308810895076
-8.442939 -3.479893e-05 -1.2082961805555554 -0.9970393681710509
-8.472812 -3.496086e-05 -1.2139187499999997 -1.0016788954463993
-8.502959 -3.490599e-05 -1.2120135416666664 -1.0001067910704444
-8.532746 -3.474365e-05 -1.2063767361111108 -0.9954555167057185
-8.563004999999999 -3.471969e-05 -1.2055447916666662 -0.9947690282630743
-8.592618 -3.497514e-05 -1.214414583333333 -1.002088037973985
-8.622516 -3.500733e-05 -1.2155322916666664 -1.0030103277473035
-8.65295 -3.458246e-05 -1.200779861111111 -0.9908371914941246
-8.682782 -3.481962e-05 -1.2090145833333332 -0.9976321664130502
-8.712655 -3.490804e-05 -1.212084722222222 -1.0001655265173317
-8.742644 -3.47795e-05 -1.2076215277777775 -0.996482670740309
-8.772382 -3.4696e-05 -1.204722222222222 -0.994090275708557
-8.802265 -3.516952e-05 -1.2211638888888885 -1.0076573043964034
-8.832199000000001 -3.486878e-05 -1.2107215277777774 -0.9990406710808456
-8.861885000000001 -3.477876e-05 -1.2075958333333328 -0.9964614686765544
-8.891736000000002 -3.485789e-05 -1.2103434027777775 -0.9987286569264052
-8.922042 -3.469797e-05 -1.2047906249999996 -0.9941467190404438
-8.952088999999999 -3.485313e-05 -1.2101781249999999 -0.9985922760838767
-8.982023 -3.465046e-05 -1.203140972222222 -0.9927854892445334
-9.011626 -3.450449e-05 -1.1980725694444443 -0.988603238911781
-9.04157 -3.516122e-05 -1.220875694444444 -1.0074194974651036
-9.072006 -3.463286e-05 -1.2025298611111108 -0.9922812239444276
-9.101816000000001 -3.474403e-05 -1.2063899305555554 -0.9954664042519709
-9.131219 -3.484214e-05 -1.2097965277777776 -0.9982773967856856
-9.161348 -3.46407e-05 -1.202802083333333 -0.9925058512144747
-9.191125 -3.510443e-05 -1.218903819444444 -1.005792382329137
-9.221376 -3.4882e-05 -1.2111805555555555 -0.9994194430846752
-9.251385 -3.466664e-05 -1.2037027777777776 -0.9932490695033807
-9.281283 -3.491229e-05 -1.2122322916666666 -1.0002872951267323
-9.310911 -3.479327e-05 -1.2080996527777776 -0.996877201034767
-9.340579 -3.45742e-05 -1.2004930555555553 -0.9906005306203248
-9.370635 -3.466112e-05 -1.203511111111111 -0.9930909135683474
-9.400782999999999 -3.473139e-05 -1.2059510416666663 -0.9951042500818946
-9.430731 -3.509544e-05 -1.2185916666666663 -1.005534805905958
-9.460265 -3.461683e-05 -1.2019732638888887 -0.9918219414012062
-9.490385 -3.449584e-05 -1.1977722222222218 -0.9883554039773539
-9.52044 -3.506367e-05 -1.2174885416666663 -1.0046245497363921
-9.550542 -3.495444e-05 -1.2136958333333332 -1.0014949532176107
-9.580412 -3.488624e-05 -1.2113277777777776 -0.9995409251797006
-9.610209000000001 -3.442359e-05 -1.1952635416666664 -0.9862853376175447
-9.640081 -3.479866e-05 -1.2082868055555553 -0.9970316322829241
-9.670061 -3.470074e-05 -1.2048868055555553 -0.9942260835223357
-9.700236 -3.49678e-05 -1.214159722222222 -1.001877736422691
-9.730311 -3.480847e-05 -1.2086274305555553 -0.9973127028848582
-9.760209000000001 -3.466767e-05 -1.2037385416666664 -0.9932785804840117
-9.79008 -3.480133e-05 -1.2083795138888886 -0.9971081316210652
-9.820052 -3.455818e-05 -1.1999368055555553 -0.9901415345914787
-9.850392 -3.50894e-05 -1.2183819444444444 -1.0053617512234219
-9.880135000000001 -3.457306e-05 -1.200453472222222 -0.9905678679815682
-9.910145 -3.510029e-05 -1.218760069444444 -1.0056737653778622
-9.940209000000001 -3.476412e-05 -1.2070874999999999 -0.9960420116314667
-9.969922 -3.488844e-05 -1.2114041666666664 -0.9996039583422139
-9.992144 -3.483904e-05 -1.2096888888888886 -0.9981885773294169
-9.994024999999999 -3.47586e-05 -1.2068958333333333 -0.9958838556964336
-9.965236 -3.508066e-05 -1.218078472222222 -1.0051113376596192
-9.935626000000001 -3.44187e-05 -1.1950937499999998 -0.9861452320881403
-9.9065 -3.485131e-05 -1.2101149305555552 -0.9985401304676156
-9.876745999999999 -3.484423e-05 -1.2098690972222221 -0.9983372782900732
-9.846968 -3.479853e-05 -1.2082822916666665 -0.9970279075960484
-9.817181 -3.489352e-05 -1.2115805555555552 -0.9997495076447444
-9.787255 -3.476108e-05 -1.2069819444444443 -0.9959549112614483
-9.757560999999999 -3.508335e-05 -1.2181718749999997 -1.0051884100265105
-9.727338 -3.464367e-05 -1.2029052083333331 -0.9925909459838675
-9.697906000000001 -3.485777e-05 -1.210339236111111 -0.9987252187539045
-9.667968 -3.477621e-05 -1.2075072916666665 -0.9963884075109144
-9.637857 -3.450273e-05 -1.198011458333333 -0.9885528123817702
-9.607699 -3.498323e-05 -1.214695486111111 -1.0023198281034087
-9.577949 -3.462453e-05 -1.202240625 -0.9920425574700026
-9.548123 -3.517134e-05 -1.2212270833333332 -1.0077094500126644
-9.518236 -3.466153e-05 -1.203525347222222 -0.993102660657725
-9.488040999999999 -3.491071e-05 -1.2121774305555553 -1.0002420258554727
-9.458209 -3.442939e-05 -1.1954649305555551 -0.9864515159550794
-9.428531999999999 -3.492797e-05 -1.2127767361111108 -1.0007365496668263
-9.398699 -3.501493e-05 -1.215796180555555 -1.003228078672349
-9.368598 -3.495376e-05 -1.213672222222222 -1.0014754702401065
-9.338557000000002 -3.500999e-05 -1.2156246527777774 -1.0030865405710694
-9.308869000000001 -3.453941e-05 -1.1992850694444441 -0.9896037471094908
-9.279255 -3.490085e-05 -1.2118350694444442 -0.9999595226816633
-9.249265 -3.474525e-05 -1.2064322916666663 -0.995501359005728
-9.218986000000001 -3.511929e-05 -1.2194197916666665 -1.0062181426904766
-9.188922 -3.477859e-05 -1.207589930555555 -0.9964565979321784
-9.158895000000001 -3.462083e-05 -1.2021121527777776 -0.9919365471512303
-9.129538 -3.486422e-05 -1.2105631944444442 -0.9989100205258182
-9.099652 -3.453327e-05 -1.1990718749999998 -0.989427827283204
-9.069319 -3.502046e-05 -1.2159881944444442 -1.0033865211217574
-9.039358 -3.486768e-05 -1.210683333333333 -0.9990091544995889
-9.009542 -3.492515e-05 -1.2126788194444442 -1.0006557526130595
-8.979708 -3.440983e-05 -1.1947857638888886 -0.9858910938374619
-8.949653 -3.498722e-05 -1.2148340277777774 -1.0024341473390577
-8.919589 -3.472573e-05 -1.2057545138888885 -0.9949420829456107
-8.889764999999999 -3.471919e-05 -1.2055274305555552 -0.9947547025443214
-8.859662 -3.503722e-05 -1.2165701388888885 -1.003866719214358
-8.829878 -3.484826e-05 -1.2100090277777775 -0.9984527435832222
-8.800097 -3.507707e-05 -1.2179538194444441 -1.0050084789989726
-8.770078999999999 -3.438841e-05 -1.1940420138888885 -0.985277380046083
-8.740133 -3.470911e-05 -1.2051774305555552 -0.9944658960542608
-8.710218000000001 -3.508879e-05 -1.2183607638888887 -1.0053442738465432
-8.680181000000001 -3.481856e-05 -1.2089777777777777 -0.9976017958892939
-8.65031 -3.482905e-05 -1.2093420138888884 -0.9979023494687317
-8.620443 -3.433511e-05 -1.1921913194444445 -0.9837502584270129
-8.590394 -3.475784e-05 -1.206869444444444 -0.9958620806039287
-8.560424999999999 -3.49376e-05 -1.2131111111111108 -1.0010124630100092
-8.530505 -3.511998e-05 -1.2194437499999997 -1.0062379121823555
-8.500868 -3.49388e-05 -1.2131527777777773 -1.0010468447350165
-8.470763999999999 -3.45039e-05 -1.198052083333333 -0.9885863345636523
-8.440625 -3.504433e-05 -1.2168170138888885 -1.004070430935026
-8.410579 -3.487995e-05 -1.2111093749999997 -0.9993607076377878
-8.380533 -3.45338e-05 -1.1990902777777774 -0.9894430125450819
-8.350597 -3.497861e-05 -1.2145350694444441 -1.0021874584621309
-8.320829 -3.469293e-05 -1.204615625 -0.9940023157954138
-8.290865 -3.519736e-05 -1.2221305555555553 -1.0084549604165707
-8.260699 -3.498475e-05 -1.2147482638888887 -1.0023633782884178
-8.230681 -3.464005e-05 -1.2027795138888884 -0.9924872277800957
-8.200972 -3.487377e-05 -1.2108947916666664 -0.9991836417540007
-8.171069000000001 -3.476938e-05 -1.2072701388888887 -0.9961927181927481
-8.140883 -3.517985e-05 -1.221522569444444 -1.0079532737458405
-8.110847 -3.472055e-05 -1.2055746527777773 -0.9947936684993295
-8.080772 -3.485057e-05 -1.2100892361111106 -0.9985189284038611
-8.050837 -3.514535e-05 -1.2203246527777776 -1.006964799151883
-8.020699 -3.495135e-05 -1.2135885416666665 -1.0014064202757171
-7.990837000000001 -3.466458e-05 -1.2036312499999997 -0.9931900475421181
-7.960921 -3.494944e-05 -1.213522222222222 -1.0013516960300806
-7.931022 -3.482473e-05 -1.2091920138888885 -0.9977785752587058
-7.901328 -3.471669e-05 -1.2054406249999998 -0.9946830739505564
-7.871282 -3.471682e-05 -1.2054451388888885 -0.9946867986374321
-7.841347 -3.443835e-05 -1.1957760416666665 -0.9867082328351334
-7.811301 -3.500236e-05 -1.2153597222222219 -1.0028679301028987
-7.781051000000001 -3.476397e-05 -1.2070822916666664 -0.9960377139158406
-7.751087999999999 -3.46359e-05 -1.2026354166666662 -0.9923683243144458
-7.721113 -3.524527e-05 -1.2237940972222219 -1.0098276507874837
-7.691439 -3.476569e-05 -1.2071420138888886 -0.996086994388351
-7.661272 -3.461762e-05 -1.2020006944444441 -0.991844576036836
-7.631142 -3.521791e-05 -1.222844097222222 -1.0090437474573193
-7.601477 -3.512897e-05 -1.2197559027777776 -1.0064954886055346
-7.571365 -3.507868e-05 -1.218009722222222 -1.0050546078133573
-7.541291 -3.48762e-05 -1.2109791666666665 -0.9992532647471404
-7.511481 -3.475055e-05 -1.2066163194444444 -0.9956532116245101
-7.481819000000001 -3.511614e-05 -1.2193104166666662 -1.0061278906623323
-7.451458 -3.488502e-05 -1.2112854166666664 -0.9995059704259432
-7.421375 -3.479285e-05 -1.208085069444444 -0.9968651674310142
-7.391566 -3.481223e-05 -1.2087579861111108 -0.9974204322898806
-7.361707999999999 -3.489415e-05 -1.2116024305555553 -0.9997675580503731
-7.331606 -3.476841e-05 -1.207236458333333 -0.9961649262983674
-7.301613000000001 -3.49457e-05 -1.2133923611111108 -1.001244539653808
-7.271838 -3.509032e-05 -1.2184138888888885 -1.0053881105459272
-7.241875 -3.452747e-05 -1.198870486111111 -0.9892616489456691
-7.211821 -3.494053e-05 -1.213212847222222 -1.001096411721902
-7.181764 -3.478805e-05 -1.2079184027777776 -0.9967276405309855
-7.151726 -3.511892e-05 -1.2194069444444442 -1.0062075416585992
-7.121763 -3.513872e-05 -1.220094444444444 -1.0067748401212182
-7.0917259999999995 -3.476416e-05 -1.2070888888888884 -0.9960431576889667
-7.061726999999999 -3.528389e-05 -1.2251350694444443 -1.010934169303966
-7.031642 -3.458501e-05 -1.2008684027777776 -0.9909102526597651
-7.001745 -3.483863e-05 -1.2096746527777775 -0.9981768302400394
-6.971831 -3.457263e-05 -1.2004385416666663 -0.9905555478634404
-6.942037999999999 -3.522555e-05 -1.2231093749999997 -1.0092626444398651
-6.911855999999999 -3.483071e-05 -1.2093996527777775 -0.9979499108549917
-6.881943000000001 -3.453901e-05 -1.1992711805555554 -0.9895922865344886
-6.851846999999999 -3.488206e-05 -1.2111826388888884 -0.9994211621709254
-6.82183 -3.47249e-05 -1.205725694444444 -0.9949183022524808
-6.791902 -3.541568e-05 -1.2297111111111108 -1.014710142252883
-6.762113 -3.451035e-05 -1.1982760416666662 -0.988771136335566
-6.732004 -3.501596e-05 -1.215831944444444 -1.0032575896529803
-6.701792 -3.481302e-05 -1.2087854166666663 -0.9974430669255104
-6.671837 -3.483254e-05 -1.209463194444444 -0.9980023429856277
-6.641921 -3.524821e-05 -1.2238961805555553 -1.0099118860137515
-6.611819000000001 -3.480108e-05 -1.2083708333333332 -0.9971009687616887
-6.581856 -3.485166e-05 -1.210127083333333 -0.9985501584707428
-6.551783 -3.465498e-05 -1.2032979166666664 -0.9929149937420605
-6.521736 -3.491637e-05 -1.212373958333333 -1.0004041929917569
-6.491896 -3.510278e-05 -1.2188465277777776 -1.0057451074572523
-6.462019000000001 -3.463107e-05 -1.202467708333333 -0.9922299378712919
-6.432143 -3.483003e-05 -1.2093760416666663 -0.9979304278774878
-6.401606 -3.491305e-05 -1.2122586805555553 -1.0003090702192368
-6.3718580000000005 -3.489892e-05 -1.2117680555555552 -0.9999042254072769
-6.3419859999999995 -3.511416e-05 -1.2192416666666663 -1.0060711608160706
-6.312004 -3.472816e-05 -1.2058388888888887 -0.9950117059387504
-6.281972 -3.476964e-05 -1.2072791666666665 -0.9962001675664998
-6.252587 -3.470342e-05 -1.2049798611111107 -0.9943028693748516
-6.222189 -3.502323e-05 -1.2160843749999999 -1.0034658856036491
-6.192057 -3.512363e-05 -1.2195704861111107 -1.0063424899292526
-6.162356 -3.454206e-05 -1.199377083333333 -0.9896796734188817
-6.132134 -3.484816e-05 -1.2100055555555553 -0.9984498784394716
-6.102291 -3.477162e-05 -1.2073479166666663 -0.9962568974127616
-6.072094 -3.504921e-05 -1.2169864583333327 -1.0042102499500551
-6.042337000000001 -3.491081e-05 -1.2121809027777775 -1.0002448909992232
-6.012227 -3.466379e-05 -1.203603819444444 -0.9931674129064884
-5.982254 -3.451687e-05 -1.1985024305555554 -0.9889579437081053
-5.952312 -3.478041e-05 -1.2076531249999995 -0.9965087435484393
-5.922578000000001 -3.513475e-05 -1.219956597222222 -1.0066610939143195
-5.892375 -3.478253e-05 -1.207726736111111 -0.9965694845959523
-5.862328000000001 -3.477279e-05 -1.2073885416666665 -0.9962904195946437
-5.832439 -3.459533e-05 -1.2012267361111109 -0.9912059354948269
-5.802662000000001 -3.503636e-05 -1.2165402777777774 -1.0038420789781028
-5.7720780000000005 -3.518686e-05 -1.2217659722222218 -1.0081541203227575
-5.742162 -3.45238e-05 -1.1987430555555554 -0.989156498170022
-5.712115 -3.477156e-05 -1.2073458333333331 -0.9962551783265112
-5.68217 -3.476455e-05 -1.207102430555555 -0.996054331749594
-5.652495 -3.48198e-05 -1.209020833333333 -0.9976373236718012
-5.622254 -3.486797e-05 -1.2106934027777774 -0.9990174634164658
-5.5920510000000005 -3.480944e-05 -1.2086611111111107 -0.9973404947792389
-5.562161 -3.492195e-05 -1.212567708333333 -1.0005640680130403
-5.532227 -3.445571e-05 -1.1963788194444442 -0.9872056217902376
-5.502321 -3.499917e-05 -1.215248958333333 -1.0027765320172544
-5.472614999999999 -3.492691e-05 -1.2127399305555553 -1.00070617914307
-5.4422820000000005 -3.463481e-05 -1.2025975694444444 -0.9923370942475644
-5.412161 -3.475013e-05 -1.2066017361111108 -0.9956411780207574
-5.382424 -3.452944e-05 -1.1989388888888886 -0.9893180922775558
-5.352698999999999 -3.537642e-05 -1.2283479166666664 -1.013585286816397
-5.322133 -3.469152e-05 -1.2045666666666663 -0.9939619172685301
-5.292132 -3.464965e-05 -1.203112847222222 -0.9927622815801534
-5.262217 -3.453692e-05 -1.1991986111111108 -0.9895324050301008
-5.23266 -3.438941e-05 -1.1940767361111109 -0.9853060314835892
-5.202532 -3.521239e-05 -1.2226524305555553 -1.008885591522286
-5.172421 -3.492661e-05 -1.2127295138888885 -1.0006975837118182
-5.141939000000001 -3.491763e-05 -1.2124177083333332 -1.0004402938030144
-5.112032 -3.441019e-05 -1.1947982638888883 -0.9859014083549639
-5.082134 -3.484667e-05 -1.209953819444444 -0.9984071877975876
-5.052302 -3.50574e-05 -1.217270833333333 -1.0044449052232294
-5.022708 -3.488257e-05 -1.2112003472222221 -0.9994357744040536
-4.992735 -3.482088e-05 -1.2090583333333331 -0.9976682672243078
-4.9629769999999995 -3.451806e-05 -1.1985437499999998 -0.9889920389187375
-4.9328 -3.464653e-05 -1.2030045138888887 -0.9926728890951348
-4.902902 -3.51471e-05 -1.2203854166666666 -1.0070149391675187
-4.872828 -3.447143e-05 -1.1969246527777775 -0.9876560223878322
-4.8427359999999995 -3.4703e-05 -1.2049652777777775 -0.9942908357710992
-4.8125219999999995 -3.467784e-05 -1.2040916666666663 -0.9935699656034478
-4.782528 -3.485784e-05 -1.2103416666666664 -0.99872722435453
-4.752800000000001 -3.499387e-05 -1.2150649305555552 -1.0026246793984726
-4.722887 -3.447501e-05 -1.197048958333333 -0.9877585945341038
-4.692856 -3.465851e-05 -1.2034204861111109 -0.9930161333164568
-4.6624669999999995 -3.468637e-05 -1.2043878472222218 -0.993814362365374
-4.632597 -3.460141e-05 -1.201437847222222 -0.9913801362348635
-4.602596999999999 -3.470552e-05 -1.2050527777777778 -0.9943630373936144
-4.572412 -3.445509e-05 -1.1963572916666665 -0.987187857898984
-4.54267 -3.480324e-05 -1.2084458333333332 -0.9971628558667018
-4.512652 -3.481062e-05 -1.208702083333333 -0.997374303475496
-4.482264 -3.462827e-05 -1.2023704861111106 -0.9921497138462748
-4.452669 -3.469374e-05 -1.2046437499999998 -0.9940255234597934
-4.4229579999999995 -3.491429e-05 -1.2123017361111108 -1.0003445980017442
-4.392943 -3.518592e-05 -1.2217333333333331 -1.008127187971502
-4.362725999999999 -3.484064e-05 -1.2097444444444443 -0.9982344196294266
-4.332439 -3.451918e-05 -1.1985826388888885 -0.9890241285287442
-4.302754 -3.461633e-05 -1.2019559027777775 -0.9918076156824531
-4.2728280000000005 -3.454127e-05 -1.1993496527777774 -0.989657038783252
-4.242495 -3.444939e-05 -1.1961593749999997 -0.9870245447051997
-4.2126790000000005 -3.461399e-05 -1.2018746527777773 -0.991740571318689
-4.182578 -3.458081e-05 -1.200722569444444 -0.9907899166222397
-4.15255 -3.484753e-05 -1.209983680555555 -0.9984318280338428
-4.122594 -3.473114e-05 -1.2059423611111109 -0.9950970872225183
-4.092523 -3.464321e-05 -1.202889236111111 -0.9925777663226149
-4.062384 -3.457398e-05 -1.2004854166666665 -0.9905942273040736
-4.032113 -3.452403e-05 -1.1987510416666665 -0.9891630880006483
-4.002301 -3.488189e-05 -1.2111767361111108 -0.9994162914265494
-3.972152 -3.442731e-05 -1.195392708333333 -0.986391920965067
-3.942453 -3.456519e-05 -1.200180208333333 -0.9903423811683957
-3.912301 -3.478366e-05 -1.207765972222222 -0.9966018607203341
-3.881884 -3.454859e-05 -1.1996038194444443 -0.9898667673057961
-3.851958 -3.454178e-05 -1.1993673611111109 -0.98967165101638
-3.822151 -3.48243e-05 -1.209177083333333 -0.9977662551405783
-3.7923470000000004 -3.481823e-05 -1.2089663194444442 -0.9975923409149169
-3.762273 -3.471071e-05 -1.2052329861111108 -0.9945117383542705
-3.732273 -3.451426e-05 -1.1984118055555553 -0.9888831634562146
-3.702236 -3.446652e-05 -1.1967541666666663 -0.9875153438296776
-3.672349 -3.504551e-05 -1.2168579861111108 -1.004104239631283
-3.6426529999999997 -3.457463e-05 -1.200507986111111 -0.9906128507384526
-3.612421 -3.448566e-05 -1.1974187499999995 -0.9880637323435426
-3.582377 -3.492269e-05 -1.2125934027777776 -1.0005852700767948
-3.552217 -3.461932e-05 -1.2020597222222218 -0.991893283480596
-3.522245 -3.438829e-05 -1.194037847222222 -0.9852739418735824
-3.492069 -3.487865e-05 -1.2110642361111108 -0.99932346076903
-3.4624810000000004 -3.454242e-05 -1.1993895833333328 -0.9896899879363837
-3.432264 -3.450059e-05 -1.1979371527777776 -0.9884914983055075
-3.40206 -3.447377e-05 -1.1970059027777775 -0.9877230667515963
-3.3721039999999998 -3.454485e-05 -1.199473958333333 -0.9897596109295235
-3.3421149999999997 -3.479917e-05 -1.2083045138888888 -0.9970462445160524
-3.3123560000000003 -3.42395e-05 -1.1888715277777775 -0.9810108944870631
-3.2824340000000003 -3.444836e-05 -1.1961236111111107 -0.9869950337245684
-3.252227 -3.452489e-05 -1.1987809027777774 -0.9891877282369034
-3.222226 -3.456017e-05 -1.2000059027777774 -0.9901985509521156
-3.192198 -3.454274e-05 -1.199400694444444 -0.9896991563963857
-3.1623560000000004 -3.429074e-05 -1.1906506944444444 -0.9824789941448712
-3.132134 -3.439066e-05 -1.1941201388888885 -0.9853418457804716
-3.102125 -3.453399e-05 -1.1990968749999997 -0.9894484563182082
-3.0719209999999997 -3.462996e-05 -1.2024291666666667 -0.9921981347756602
-3.0418279999999998 -3.474867e-05 -1.2065510416666663 -0.9955993469219987
-3.01193 -3.434504e-05 -1.1925361111111108 -0.9840347672014474
-2.982208 -3.420378e-05 -1.1876312499999997 -0.9799874651393483
-2.9521889999999997 -3.452734e-05 -1.198865972222222 -0.9892579242587932
-2.922069 -3.468078e-05 -1.2041937499999997 -0.9936542008297156
-2.892152 -3.428578e-05 -1.1904784722222221 -0.9823368830148413
-2.8623279999999998 -3.455711e-05 -1.1998996527777777 -0.9901108775533474
-2.832319 -3.453889e-05 -1.1992670138888886 -0.9895888483619877
-2.801986 -3.46111e-05 -1.2017743055555552 -0.9916577686642967
-2.7717359999999998 -3.431118e-05 -1.1913604166666665 -0.983064629527494
-2.74193 -3.443057e-05 -1.1955059027777775 -0.9864853246513365
-2.711953 -3.450274e-05 -1.1980118055555553 -0.9885530988961455
-2.682319 -3.439361e-05 -1.1942225694444444 -0.9854263675211146
-2.6520970000000004 -3.399396e-05 -1.180345833333333 -0.9739758205218372
-2.621893 -3.465026e-05 -1.2031340277777773 -0.9927797589570321
-2.592047 -3.453481e-05 -1.199125347222222 -0.9894719504969632
-2.562291 -3.440476e-05 -1.1946097222222218 -0.9857458310493062
-2.53206 -3.417654e-05 -1.1866854166666665 -0.9792069999816847
-2.50217 -3.452497e-05 -1.1987836805555552 -0.9891900203519038
-2.472301 -3.391786e-05 -1.177703472222222 -0.9717954461276297
-2.442125 -3.438125e-05 -1.1937934027777775 -0.98507223575354
-2.412199 -3.418537e-05 -1.1869920138888885 -0.9794599921748626
-2.382311 -3.435371e-05 -1.1928371527777775 -0.9842831751646245
-2.352513 -3.38313e-05 -1.1746979166666665 -0.9693153776971095
-2.32218 -3.402516e-05 -1.1814291666666663 -0.9748697453720246
-2.292143 -3.422577e-05 -1.1883947916666664 -0.9806175102501055
-2.262254 -3.422829e-05 -1.1884822916666662 -0.9806897118726206
-2.2320320000000002 -3.431395e-05 -1.191456597222222 -0.9831439940093856
-2.2021979999999997 -3.431661e-05 -1.1915489583333327 -0.9832202068331514
-2.172032 -3.446973e-05 -1.1968656249999996 -0.987607314944072
-2.142097 -3.423292e-05 -1.1886430555555554 -0.9808223680282735
-2.1119760000000003 -3.405151e-05 -1.182344097222222 -0.9756247107503081
-2.082199 -3.418728e-05 -1.187058333333333 -0.9795147164204993
-2.0522359999999997 -3.381123e-05 -1.1740010416666664 -0.9687403433463637
-2.021763 -3.407561e-05 -1.1831809027777773 -0.9763152103942029
-1.9919339999999999 -3.386723e-05 -1.175945486111111 -0.9703448238467005
-1.961967 -3.417112e-05 -1.1864972222222219 -0.9790517091904019
-1.931948 -3.401419e-05 -1.1810482638888886 -0.9745554391025837
-1.902236 -3.425762e-05 -1.189500694444444 -0.9815300585346718
-1.872152 -3.379209e-05 -1.173336458333333 -0.9681919548324986
-1.8421800000000002 -3.391118e-05 -1.1774715277777774 -0.9716040545250896
-1.8121800000000001 -3.373793e-05 -1.1714559027777778 -0.9666401929771733
-1.781865 -3.390115e-05 -1.1771232638888887 -0.9713166806069043
-1.7520689999999999 -3.371895e-05 -1.1707968749999995 -0.9660963886933089
-1.721578 -3.39623e-05 -1.1792465277777773 -0.9730687160103967
-1.691632 -3.375866e-05 -1.1721756944444444 -0.967234137276673
-1.6617449999999998 -3.344535e-05 -1.1612968749999997 -0.9582573553916645
-1.631856 -3.341203e-05 -1.1601399305555553 -0.9573026894939641
-1.601943 -3.372644e-05 -1.171056944444444 -0.966310987960229
-1.572004 -3.374156e-05 -1.1715819444444442 -0.9667441976953199
-1.541967 -3.333087e-05 -1.1573218749999998 -0.9549773388259764
-1.5117260000000001 -3.309061e-05 -1.1489795138888885 -0.948093544450782
-1.481448 -3.297572e-05 -1.1449902777777774 -0.9448017807957164
-1.451615 -3.306602e-05 -1.1481256944444442 -0.9473890056025093
-1.421902 -3.284873e-05 -1.1405809027777776 -0.9411633347468281
-1.391569 -3.28093e-05 -1.1392118055555551 -0.9400336085659661
-1.3614849999999998 -3.238782e-05 -1.124577083333333 -0.9279576006859327
-1.331476 -3.190594e-05 -1.1078451388888886 -0.9141510459805361
-1.3017260000000002 -3.121029e-05 -1.0836906249999998 -0.8942196734794795
-1.2717729999999998 -3.141197e-05 -1.0906934027777777 -0.899998095395692
-1.2417170000000002 -3.067884e-05 -1.0652374999999998 -0.8789928670169099
-1.2117449999999999 -2.98664e-05 -1.0370277777777777 -0.8557152931295264
-1.1816710000000001 -2.905987e-05 -1.0090232638888887 -0.8326070492378034
-1.152 -2.819568e-05 -0.9790166666666664 -0.8078467634594837
-1.122328 -2.812235e-05 -0.9764704861111109 -0.8057457535471679
-1.092004 -2.694811e-05 -0.9356982638888888 -0.7721020895701097
-1.0617349999999999 -2.605714e-05 -0.9047618055555554 -0.746574518295379
-1.031783 -2.536654e-05 -0.8807826388888887 -0.726787835553728
-1.00193 -2.462446e-05 -0.855015972222222 -0.7055261768092672
-0.9717078 -2.402083e-05 -0.834056597222222 -0.6882313095875139
-0.941791 -2.259532e-05 -0.784559722222222 -0.6473883989083201
-0.9113837 -2.195098e-05 -0.7621868055555553 -0.6289271316656969
-0.8815596 -2.121882e-05 -0.7367645833333332 -0.6079496951812959
-0.8518677 -2.00629e-05 -0.696628472222222 -0.5748309255393478
-0.8220688 -1.942586e-05 -0.6745090277777777 -0.5565788137905185
-0.7919054999999999 -1.901103e-05 -0.6601052083333332 -0.5446933379698999
-0.7620317999999999 -1.807139e-05 -0.6274788194444443 -0.5177713012317519
-0.7318466 -1.718646e-05 -0.5967520833333332 -0.4924167846395575
-0.7020318 -1.679742e-05 -0.5832437499999998 -0.48127022939221903
-0.6717355 -1.591366e-05 -0.5525576388888888 -0.4559492349819067
-0.6420186999999999 -1.531866e-05 -0.5318979166666665 -0.43890162966583024
-0.6118466 -1.410581e-05 -0.48978506944444433 -0.4041517336866648
-0.5816985 -1.373725e-05 -0.4769878472222221 -0.3935919598794494
-0.5514299 -1.36158e-05 -0.4727708333333332 -0.3901122427943443
-0.5217818 -1.240804e-05 -0.43083472222222213 -0.3555081826320845
-0.49157530000000005 -1.188387e-05 -0.4126343749999999 -0.3404899586345587
-0.4615133 -1.16895e-05 -0.40588541666666655 -0.3349209787265154
-0.4314022 -1.076384e-05 -0.3737444444444444 -0.3083994890847013
-0.4016319 -1.033296e-05 -0.35878333333333323 -0.29605415769211124
-0.3717262 -9.644091e-06 -0.33486427083333326 -0.27631707058878296
-0.341754 -9.312355e-06 -0.3233456597222221 -0.2668123573162889
-0.3113651 -8.879612e-06 -0.30831986111111104 -0.2544136482956252
-0.2813559 -7.76643e-06 -0.26966770833333326 -0.2225193837898089
-0.251041 -7.480317e-06 -0.2597332291666666 -0.21432183505065155
-0.221547 -7.224183e-06 -0.25083968749999996 -0.20698322775648698
-0.19183 -6.193402e-06 -0.2150486805555555 -0.17744987035260343
-0.16155029999999998 -6.122425e-06 -0.21258420138888887 -0.1754162772727393
-0.1315318 -5.626236e-06 -0.19535541666666661 -0.16119974914806923
-0.1011985 -4.810435e-06 -0.1670289930555555 -0.13782587777922795
-0.07125400999999999 -4.203103e-06 -0.14594107638888887 -0.12042494293582728
-0.04129104 -3.556293e-06 -0.12348239583333331 -0.10189290664256433
-0.011226229999999999 -3.070669e-06 -0.10662045138888887 -0.08797908095514524
0.0186983 -2.799075e-06 -0.09719010416666664 -0.0801975224371377
0.04875526 -2.211915e-06 -0.07680260416666665 -0.06337454439110829
0.07892193 -1.630557e-06 -0.05661656249999999 -0.04671780198548875
0.1085662 -1.196605e-06 -0.04154878472222222 -0.034284453376880276
0.138783 -1.957271e-07 -0.00679607986111111 -0.0056078627738827625
0.16887749999999999 2.110569e-07 0.007328364583333332 0.00604708358056241
0.1986164 7.337851e-07 0.02547864930555555 0.02102399793549202
0.2285191 1.347805e-06 0.04679878472222221 0.038616550727789134
0.258709 1.863692e-06 0.06471152777777776 0.05339745486845262
0.2884153 2.380489e-06 0.08265586805555553 0.06820443181724657
0.3186719 3.160756e-06 0.10974847222222218 0.09056020300574924
0.34867950000000003 3.57352e-06 0.12408055555555551 0.10238648495648037
0.3786534 4.093818e-06 0.1421464583333333 0.11729377058798288
0.4085238 4.932166e-06 0.17125576388888886 0.14131364591827217
0.4385191 5.66584e-06 0.19673055555555552 0.16233446067905727
0.46868119999999996 6.103334e-06 0.2119213194444444 0.17486929267931203
0.4988664 7.06768e-06 0.24540555555555552 0.20249919183248372
0.5289868 7.567694e-06 0.26276715277777773 0.21682531170561428
0.5589034 8.071698e-06 0.2802672916666666 0.23126575081439385
0.5888016 8.860427e-06 0.3076537152777777 0.2538639704670724
0.6187275 9.640347e-06 0.33473427083333324 0.27620979960676045
0.6492646 1.066593e-05 0.37034479166666656 0.3055942268384877
0.679038 1.09501e-05 0.3802118055555555 0.3137361058345709
0.7089034000000001 1.157932e-05 0.40205972222222214 0.3317641633421031
0.7387646 1.280123e-05 0.44448715277777767 0.36677364134507295
0.7690053 1.354774e-05 0.4704076388888888 0.38816222595768524
0.7991998 1.441781e-05 0.5006184027777777 0.4130909821885402
0.8289437000000001 1.507158e-05 0.5233187499999999 0.43182243248684504
0.8588386 1.635427e-05 0.5678565972222221 0.46857334486143026
0.8887461 1.701977e-05 0.5909642361111109 0.48764087652168053
0.9185886000000001 1.786927e-05 0.6204607638888888 0.5119802726830369
0.9490829 1.902885e-05 0.6607239583333332 0.5452039065862571
0.9792549 1.95667e-05 0.6793993055555554 0.5606140822488651
1.009042 2.051511e-05 0.7123302083333332 0.587787392093941
1.039015 2.140044e-05 0.7430708333333331 0.6131533692611376
1.0690050000000002 2.247194e-05 0.7802756944444443 0.6438533845488285
1.099348 2.311298e-05 0.8025340277777775 0.6622201020476817
1.129104 2.374568e-05 0.8245027777777776 0.6803478665577349
1.1590150000000001 2.462544e-05 0.8550499999999998 0.7055542552180231
1.188839 2.527968e-05 0.8777666666666665 0.7242991716919557
1.218931 2.623797e-05 0.9110406249999997 0.7517555577395909
1.249163 2.660892e-05 0.9239208333333331 0.7623838084824458
1.279024 2.686837e-05 0.9329295138888887 0.7698174239433803
1.309057 2.787393e-05 0.9678447916666664 0.7986281634419247
1.339098 2.817839e-05 0.9784163194444442 0.8073513801050048
1.369029 2.842321e-05 0.9869170138888886 0.8143658250352264
1.398811 2.864217e-05 0.9945197916666664 0.8206393437915426
1.428903 2.913687e-05 1.0116968749999997 0.8348132099257662
1.459154 2.993211e-05 1.0393093749999998 0.8575979790880465
1.4889059999999998 3.008136e-05 1.0444916666666664 0.8618742061358184
1.518783 3.024708e-05 1.050245833333333 0.8666223223593148
1.549413 3.098773e-05 1.0759628472222218 0.8878430095481417
1.579255 3.120021e-05 1.0833406249999997 0.893930866989419
1.609255 3.148094e-05 1.0930881944444444 0.9019741850404814
1.639005 3.179508e-05 1.103995833333333 0.9109747476186197
1.669116 3.187326e-05 1.1067104166666666 0.9132147170028397
1.699265 3.264821e-05 1.1336184027777774 0.9354181484981228
1.729394 3.247821e-05 1.1277156249999996 0.9305474041221008
1.759293 3.294221e-05 1.143826736111111 0.9438416711248901
1.789116 3.335389e-05 1.1581211805555551 0.9556368949173646
1.819311 3.344127e-05 1.1611552083333332 0.9581404575266399
1.849228 3.325428e-05 1.1546625 0.952782925227391
1.879472 3.377182e-05 1.1726326388888888 0.967611190194252
1.909431 3.383163e-05 1.1747093749999997 0.9693248326714863
1.9395239999999998 3.371213e-05 1.1705600694444442 0.9659009858895181
1.9693399999999999 3.395307e-05 1.1789260416666667 0.9728042632422165
1.999079 3.38315e-05 1.1747048611111108 0.9693211079846106
2.029459 3.40483e-05 1.1822326388888884 0.9755327396359136
2.059357 3.40246e-05 1.181409722222222 0.9748537005670213
2.089616 3.403848e-05 1.1818916666666663 0.9752513825196047
2.119283 3.429997e-05 1.1909711805555554 0.9827434469130516
2.149163 3.380678e-05 1.1738465277777774 0.9686128444494619
2.179029 3.414428e-05 1.1855652777777774 0.9782827046077407
2.209422 3.440206e-05 1.194515972222222 0.9856684721680402
2.239616 3.414203e-05 1.1854871527777775 0.9782182388733521
2.269274 3.421743e-05 1.188105208333333 0.9803785572613053
2.299292 3.425921e-05 1.1895559027777773 0.9815756143203065
2.329311 3.461445e-05 1.2018906249999999 0.9917537509799419
2.3595520000000003 3.438118e-05 1.1937909722222222 0.9850702301529148
2.389542 3.41866e-05 1.187034722222222 0.979495233442995
2.4196999999999997 3.416379e-05 1.186242708333333 0.9788416941534829
2.4492640000000003 3.469454e-05 1.2046715277777775 0.9940484446097984
2.479172 3.407247e-05 1.1830718749999998 0.9762252448804342
2.509163 3.412474e-05 1.1848868055555553 0.9777228555188732
2.5393290000000004 3.447117e-05 1.196915625 0.9876485730140807
2.5696350000000003 3.434687e-05 1.1925996527777776 0.9840871993320834
2.59934 3.447949e-05 1.1972045138888887 0.9878869529741306
2.629089 3.446143e-05 1.1965774305555552 0.9873695080127719
2.658996 3.462401e-05 1.2022225694444442 0.9920276587224993
2.689292 3.435446e-05 1.192863194444444 0.984304663742754
2.719357 3.4385e-05 1.1939236111111107 0.9851796786441874
2.7493939999999997 3.445906e-05 1.1964951388888887 0.987301604105883
2.779331 3.459389e-05 1.2011767361111108 0.9911646774248183
2.809126 3.470355e-05 1.2049843749999998 0.9943065940617275
2.8394589999999997 3.424986e-05 1.1892312499999997 0.9813077233796254
2.869589 3.457732e-05 1.2006013888888885 0.9906899231053437
2.899453 3.459865e-05 1.2013420138888886 0.9913010582673469
2.929515 3.452238e-05 1.1986937499999997 0.9891158131287634
2.959151 3.450861e-05 1.1982156249999996 0.9887212828343056
2.989348 3.462634e-05 1.202303472222222 0.9920944165718883
3.019459 3.468883e-05 1.2044732638888886 0.993884844901639
3.049478 3.43618e-05 1.1931180555555552 0.9845149652940481
3.079478 3.443129e-05 1.1955309027777776 0.986505953686341
3.109718 3.455657e-05 1.1998809027777775 0.9900954057770939
3.139774 3.449169e-05 1.1976281249999998 0.988236500511704
3.169774 3.459823e-05 1.2013274305555552 0.9912890246635945
3.199598 3.474749e-05 1.2065100694444442 0.9955655382257415
3.229672 3.484983e-05 1.2100635416666665 0.9984977263401068
3.2596999999999996 3.444521e-05 1.1960142361111108 0.9869047816964246
3.289728 3.454136e-05 1.1993527777777775 0.9896596174126274
3.31983 3.485977e-05 1.2104086805555554 0.9987825216289165
3.349616 3.435864e-05 1.1930083333333332 0.9844244267515293
3.379848 3.435741e-05 1.1929656249999996 0.9843891854833967
3.4098200000000003 3.476757e-05 1.2072072916666663 0.9961408590908623
3.439959 3.465646e-05 1.2033493055555553 0.9929573978695694
3.470024 3.464584e-05 1.2029805555555553 0.9926531196032556
3.499913 3.460613e-05 1.201601736111111 0.991515371019892
3.530089 3.45898e-05 1.201034722222222 0.9910474930454187
3.55983 3.499679e-05 1.2151663194444442 1.0027083415959903
3.589915 3.468705e-05 1.204411458333333 0.9938338453428782
3.620089 3.45365e-05 1.1991840277777774 0.9895203714263482
3.650057 3.492968e-05 1.2128361111111108 1.0007855436249617
3.679774 3.472526e-05 1.205738194444444 0.9949286167699829
3.7098020000000003 3.44036e-05 1.1945694444444441 0.9857125953817995
3.739718 3.463649e-05 1.2026559027777775 0.9923852286625744
3.7695790000000002 3.455939e-05 1.199978819444444 0.9901762028308608
3.799925 3.47537e-05 1.2067256944444442 0.9957434636526539
3.829626 3.455677e-05 1.1998878472222219 0.990101136064595
3.859765 3.473296e-05 1.2060055555555553 0.9951492328387792
3.890033 3.499833e-05 1.2152197916666665 1.0027524648097494
3.920135 3.46776e-05 1.204083333333333 0.9935630892584465
3.9500889999999997 3.453167e-05 1.1990163194444443 0.9893819849831943
3.98017 3.498219e-05 1.2146593749999997 1.0022900306084024
4.009681 3.496002e-05 1.2138895833333332 1.0016548282388942
4.03983 3.453625e-05 1.199175347222222 0.9895132085669718
4.070163 3.449079e-05 1.1975968749999997 0.9882107142179486
4.100663 3.487659e-05 1.210992708333333 0.9992644388077675
4.130413 3.482117e-05 1.2090684027777776 0.9976765761411847
4.160441 3.428183e-05 1.1903413194444443 0.9822237098366926
4.19017 3.461144e-05 1.2017861111111108 0.9916675101530488
4.220046999999999 3.488712e-05 1.211358333333333 0.999566138444706
4.2503850000000005 3.487022e-05 1.2107715277777775 0.9990819291508543
4.280161 3.485909e-05 1.210385069444444 0.9987630386514124
4.310161 3.454608e-05 1.1995166666666663 0.989794852197656
4.34007 3.477587e-05 1.2074954861111107 0.9963786660221621
4.370098 3.486202e-05 1.2104868055555553 0.998846987363305
4.4004970000000005 3.468643e-05 1.2043899305555554 0.9938160814516246
4.430552 3.496846e-05 1.2141826388888886 1.0018966463714447
4.460505 3.463687e-05 1.2026690972222218 0.9923961162088265
4.490303 3.470741e-05 1.2051184027777775 0.9944171886105005
4.520191 3.474586e-05 1.206453472222222 0.9955188363826069
4.550598 3.443121e-05 1.1955281249999996 0.9865036615713403
4.58035 3.508302e-05 1.2181604166666664 1.0051789550521335
4.610459 3.482905e-05 1.2093420138888884 0.9979023494687317
4.640487 3.47355e-05 1.2060937499999997 0.9952220074900445
4.6705429999999994 3.488538e-05 1.2112979166666664 0.9995162849434455
4.700622999999999 3.491959e-05 1.2124857638888886 1.000496450620526
4.730449999999999 3.487258e-05 1.2108534722222222 0.9991495465433686
4.760348 3.478856e-05 1.2079361111111107 0.9967422527641133
4.790432 3.454524e-05 1.1994874999999998 0.9897707849901508
4.820533 3.505659e-05 1.217242708333333 1.0044216975588496
4.850613999999999 3.505405e-05 1.2171545138888884 1.0043489229075842
4.880607 3.453267e-05 1.1990510416666664 0.9894106364207003
4.9105799999999995 3.463424e-05 1.2025777777777773 0.9923207629281857
4.940422 3.493682e-05 1.2130840277777777 1.0009901148887548
4.970377999999999 3.484269e-05 1.2098156249999996 0.9982931550763138
4.999922 3.464351e-05 1.2028996527777776 0.9925863617538667
5.0301540000000005 3.496279e-05 1.2139857638888887 1.0017341927207857
5.060274000000001 3.476883e-05 1.2072510416666664 0.9961769599021199
5.090066 3.490538e-05 1.2119923611111107 1.0000893136935656
5.120043 3.445679e-05 1.1964163194444442 0.9872365653427441
5.150283 3.503389e-05 1.2164545138888887 1.0037713099274632
5.180265 3.507839e-05 1.2179996527777777 1.0050462988964806
5.210154 3.45806e-05 1.2007152777777774 0.9907838998203633
5.240171999999999 3.472519e-05 1.2057357638888884 0.9949266111693573
5.270422 3.505322e-05 1.2171256944444442 1.0043251422144543
5.3002460000000005 3.482555e-05 1.2092204861111109 0.9978020694374609
5.3302 3.482703e-05 1.2092718749999998 0.9978444735649696
5.360397 3.482959e-05 1.2093607638888886 0.9979178212449851
5.390098 3.502058e-05 1.2159923611111108 1.0033899592942581
5.420293 3.493209e-05 1.2129197916666665 1.0008545935893514
5.450189 3.510376e-05 1.2188805555555553 1.0057731858660082
5.480393 3.474349e-05 1.2063711805555555 0.9954509324757176
5.510736 3.475262e-05 1.2066881944444443 0.9957125201001474
5.540357 3.477193e-05 1.2073586805555554 0.9962657793583886
5.570654 3.477754e-05 1.2075534722222219 0.9964265139227971
5.600626 3.501743e-05 1.215882986111111 1.0032997072661143
5.630406 3.491827e-05 1.2124399305555553 1.000458630723018
5.660709 3.476844e-05 1.2072374999999997 0.9961657858414925
5.690895 3.506145e-05 1.217411458333333 1.0045609435451288
5.720662999999999 3.461683e-05 1.2019732638888887 0.9918219414012062
5.750709 3.467298e-05 1.2039229166666663 0.9934307196171686
5.780491 3.494566e-05 1.2133909722222218 1.0012433935963077
5.810542000000001 3.47638e-05 1.2070763888888887 0.9960328431714647
5.840662999999999 3.463549e-05 1.2026211805555553 0.9923565772250684
5.8707 3.5063e-05 1.2174652777777777 1.0046053532732633
5.900792 3.510723e-05 1.2190010416666661 1.0058726063541539
5.930529000000001 3.500023e-05 1.2152857638888885 1.0028069025410107
5.960839 3.474571e-05 1.2064482638888887 0.9955145386669809
5.990774 3.511074e-05 1.2191229166666662 1.0059731728998
6.020811 3.53047e-05 1.2258576388888887 1.011530405718466
6.050878 3.436279e-05 1.1931524305555554 0.9845433302171792
6.0806629999999995 3.490015e-05 1.2118107638888884 0.9999394666754091
6.110784 3.50035e-05 1.2153993055555552 1.0029005927416554
6.140904000000001 3.495425e-05 1.213689236111111 1.0014895094444844
6.1707920000000005 3.469715e-05 1.2047621527777777 0.994123224861689
6.200913 3.444344e-05 1.1959527777777776 0.986854068652039
6.231052 3.508123e-05 1.2180982638888886 1.0051276689789976
6.260803 3.488966e-05 1.2114465277777777 0.9996389130959713
6.290765 3.515416e-05 1.2206305555555552 1.007217218316311
6.320431999999999 3.491302e-05 1.2122576388888886 1.0003082106761114
6.350487 3.490094e-05 1.211838194444444 0.9999621013110389
6.3807089999999995 3.486851e-05 1.2107121527777773 0.999032935192719
6.410604 3.491453e-05 1.2123100694444442 1.0003514743467457
6.440505 3.504844e-05 1.216959722222222 1.0041881883431756
6.47033 3.469749e-05 1.204773958333333 0.994132966350441
6.500672 3.506961e-05 1.2176947916666663 1.0047947392751777
6.53057 3.487423e-05 1.2109107638888885 0.9991968214152533
6.560839 3.489511e-05 1.2116357638888886 0.9997950634303788
6.591029000000001 3.463004e-05 1.2024319444444442 0.9922004268906607
6.6208670000000005 3.482675e-05 1.2092621527777776 0.9978364511624681
6.65083 3.500919e-05 1.2155968749999997 1.0030636194210647
6.68084 3.508219e-05 1.218131597222222 1.0051551743590035
6.71083 3.493069e-05 1.2128711805555554 1.000814481576843
6.741042 3.489573e-05 1.2116572916666664 0.9998128273216327
6.771001 3.492773e-05 1.2127684027777774 1.000729673321825
6.800876000000001 3.463808e-05 1.202711111111111 0.9924307844482091
6.830520000000001 3.536853e-05 1.228073958333333 1.0133592269744747
6.860709 3.457369e-05 1.200475347222222 0.990585918387197
6.890935000000001 3.501553e-05 1.2158170138888886 1.0032452695348528
6.920895000000001 3.483782e-05 1.2096465277777775 0.9981536225756595
6.95108 3.489094e-05 1.2114909722222218 0.9996755869359788
6.980727 3.485626e-05 1.2102868055555553 0.9986819550832704
7.0109129999999995 3.478262e-05 1.207729861111111 0.9965720632253279
7.041108 3.513189e-05 1.2198572916666666 1.0065791508030522
7.071114 3.497587e-05 1.2144399305555553 1.0021089535233643
7.100941 3.495834e-05 1.2138312499999997 1.001606693823884
7.131089 3.467331e-05 1.2039343749999998 0.9934401745915458
7.160944000000001 3.502475e-05 1.2161371527777776 1.0035094357886583
7.1911819999999995 3.473529e-05 1.206086458333333 0.9952159906881681
7.2214409999999996 3.521567e-05 1.2227663194444442 1.0089795682373057
7.251367 3.486748e-05 1.2106763888888887 0.999003424212088
7.2812079999999995 3.481586e-05 1.2088840277777775 0.9975244370080275
7.311062 3.455075e-05 1.199678819444444 0.9899286544108089
7.341292999999999 3.518437e-05 1.2216795138888885 1.0080827782433677
7.371255 3.493398e-05 1.2129854166666665 1.0009087448062375
7.401043 3.463448e-05 1.2025861111111107 0.9923276392731872
7.4310339999999995 3.48783e-05 1.2110520833333331 0.9993134327659029
7.460932 3.527476e-05 1.2248180555555552 1.0106725816795359
7.491311 3.492009e-05 1.2125031249999998 1.000510776339279
7.520935000000001 3.440435e-05 1.1945954861111108 0.985734083959929
7.550895000000001 3.500701e-05 1.2155211805555552 1.0030011592873016
7.580737 3.492876e-05 1.2128041666666662 1.0007591843024561
7.610959 3.491102e-05 1.2121881944444441 1.0002509078010995
7.640987 3.475061e-05 1.2066184027777773 0.9956549307107603
7.671173 3.502531e-05 1.216156597222222 1.0035254805936615
7.701348 3.507172e-05 1.2177680555555552 1.0048551938083154
7.731154 3.473672e-05 1.2061361111111106 0.9952569622438018
7.761113999999999 3.492835e-05 1.2127899305555552 1.0007474372130787
7.790737 3.485637e-05 1.2102906249999996 0.998685106741396
7.8209219999999995 3.52261e-05 1.223128472222222 1.0092784027304935
7.851209 3.46927e-05 1.2046076388888887 0.9939957259647872
7.881385 3.50357e-05 1.2165173611111109 1.003823169029349
7.911182 3.470577e-05 1.2050614583333332 0.9943702002529908
7.941237 3.479958e-05 1.2083187499999999 0.9970579916054298
7.971237 3.50296e-05 1.2163055555555553 1.0036483952605624
8.001492 3.497553e-05 1.2144281249999997 1.0020992120346124
8.030978 3.483446e-05 1.2095298611111107 0.9980573537456392
8.06133 3.476255e-05 1.2070329861111109 0.9959970288745821
8.091209 3.517368e-05 1.221308333333333 1.0077764943764282
8.121077 3.501126e-05 1.2156687499999996 1.003122927896702
8.151190999999999 3.449502e-05 1.1977437499999999 0.9883319097985991
8.181552 3.494793e-05 1.2134697916666664 1.0013084323594466
8.211406 3.473989e-05 1.2062461805555553 0.995347787300696
8.241172 3.492311e-05 1.2126079861111108 1.0005973036805471
8.271282 3.504735e-05 1.2169218749999997 1.0041569582762941
8.301495999999998 3.463119e-05 1.2024718749999996 0.9922333760437925
8.331385000000001 3.485046e-05 1.2100854166666664 0.9985157767457354
8.361329 3.515602e-05 1.2206951388888887 1.0072705099900723
8.391236000000001 3.490234e-05 1.2118868055555554 1.0000022133235476
8.421246 3.523241e-05 1.2233475694444442 1.0094591933011565
8.451653 3.46103e-05 1.2017465277777777 0.991634847514292
8.481866 3.470437e-05 1.205012847222222 0.9943300882404823
8.511579 3.503351e-05 1.2164413194444443 1.003760422381211
8.54151 3.488787e-05 1.2113843749999997 0.9995876270228353
8.571541999999999 3.502198e-05 1.216040972222222 1.0034300713067665
8.601682 3.493762e-05 1.2131118055555552 1.0010130360387595
8.631718000000001 3.459322e-05 1.2011534722222221 0.9911454809616893
8.661707 3.510762e-05 1.2190145833333328 1.005883780414781
8.691396000000001 3.527978e-05 1.2249923611111109 1.010816411895816
8.721395000000001 3.490665e-05 1.212036458333333 1.0001257010191982
8.75132 3.487847e-05 1.2110579861111108 0.9993183035102788
8.781265 3.493356e-05 1.212970833333333 1.0008967112024851
8.811449 3.514886e-05 1.2204465277777776 1.0070653656975292
8.841376 3.490053e-05 1.211823958333333 0.9999503542216615
8.871486999999998 3.452278e-05 1.1987076388888886 0.9891272737037659
8.901727999999999 3.499093e-05 1.2149628472222218 1.0025404441722048
8.931519 3.507127e-05 1.2177524305555554 1.0048423006614378
8.961339 3.484364e-05 1.2098486111111109 0.9983203739419445
8.991337999999999 3.493534e-05 1.2130326388888886 1.0009477107612457
9.021057 3.489046e-05 1.2114743055555552 0.999661834245976
9.051255999999999 3.514161e-05 1.2201947916666667 1.0068576427756109
9.081385000000001 3.467729e-05 1.204072569444444 0.9935542073128195
9.111585 3.462944e-05 1.2024111111111109 0.992183236028157
9.141551999999999 3.505843e-05 1.217306597222222 1.0044744162038606
9.17158 3.481613e-05 1.2088934027777776 0.9975321728961541
9.20151 3.451687e-05 1.1985024305555554 0.9889579437081053
9.231329 3.514069e-05 1.220162847222222 1.006831283453105
9.261522999999999 3.501955e-05 1.215956597222222 1.003360448313627
9.291607 3.48565e-05 1.2102951388888887 0.9986888314282719
9.32144 3.476365e-05 1.2070711805555552 0.9960285454558386
9.351469 3.502659e-05 1.2162010416666664 1.0035621544336693
9.38157 3.519352e-05 1.221997222222222 1.0083449388965477
9.41169 3.481545e-05 1.2088697916666664 0.9975126899186502
9.441736 3.484207e-05 1.209794097222222 0.9982753911850601
9.4717 3.530102e-05 1.225729861111111 1.011424968428444
9.50182 3.472509e-05 1.2057322916666664 0.994923746025607
9.531754999999999 3.477126e-05 1.2073354166666663 0.9962465828952594
9.561616 3.483752e-05 1.209636111111111 0.9981450271444079
9.591505999999999 3.487071e-05 1.2107885416666664 0.9990959683552322
9.621588 3.50936e-05 1.2185277777777774 1.005482087260947
9.651672000000001 3.476732e-05 1.207198611111111 0.9961336962314858
9.682052 3.474934e-05 1.2065743055555551 0.9956185433851276
9.711585999999999 3.451067e-05 1.1982871527777774 0.988780304795568
9.741403 3.485027e-05 1.2100788194444443 0.9985103329726094
9.771745999999998 3.499911e-05 1.2152468749999998 1.0027748129310041
9.801876 3.470669e-05 1.2050934027777773 0.9943965595754962
9.831661 3.475232e-05 1.2066777777777775 0.9957039246688956
9.861682 3.487056e-05 1.210783333333333 0.9990916706396064
9.891755 3.503984e-05 1.2166611111111107 1.003941785980624
9.921607 3.469624e-05 1.2047305555555552 0.9940971520535584
9.951728 3.509398e-05 1.2185409722222218 1.0054929748071992
9.981575000000001 3.478511e-05 1.2078163194444442 0.9966434053047177
10.003639999999999 3.494144e-05 1.2132444444444441 1.0011224845300324
