Keff(MJ/m3):-0.019534084032315293 Ms(MA/m):1.156250925609478
H(kOe) moment(emu) M(MA/m) M_norm()
9.967533999999999 3.310681e-05 1.178614505012531 1.019341458594954
9.939136000000001 3.2646e-05 1.1622095010252902 1.0051533583963803
9.910941000000001 3.266547e-05 1.1629026401230347 1.005752829568591
9.882266 3.269844e-05 1.1640763841421733 1.0067679587184508
9.853145 3.284172e-05 1.1691772043745725 1.011179475387906
9.824136000000001 3.290558e-05 1.1714506436545908 1.013145691569588
9.794821 3.270249e-05 1.1642205656185916 1.0068926561117455
9.765543 3.243529e-05 1.1547081482114372 0.9986657071022647
9.736441000000001 3.270882e-05 1.1644459159261789 1.0070875535190438
9.70697 3.261179e-05 1.1609916125541122 1.0041000502915363
9.676876 3.225699e-05 1.1483606032125766 0.9931759428493064
9.647628000000001 3.247854e-05 1.1562478639781268 0.999997352104735
9.618367000000001 3.285078e-05 1.1694997436773749 1.0114584280751284
9.588654 3.283368e-05 1.1688909774436087 1.0109319279701057
9.558626 3.247768e-05 1.1562172476646158 0.9999708731520848
9.528561999999999 3.274389e-05 1.165694420710868 1.0081673405765381
9.498977 3.246604e-05 1.1558028594212801 0.9996124836069111
9.469183000000001 3.243837e-05 1.1548177973342444 0.9987605387001286
9.439219 3.256373e-05 1.159280659033948 1.0026203078911033
9.409364 3.261958e-05 1.161268939393939 1.00433990033938
9.379599 3.272876e-05 1.1651557871952607 1.0077014957467723
9.349459999999999 3.27592e-05 1.1662394622920937 1.0086387275126727
9.319563 3.252073e-05 1.1577498433583955 1.0012963602585896
9.289959999999999 3.226476e-05 1.1486372180451125 0.9934151771075539
9.259784 3.277583e-05 1.1668314963545223 1.0091507565621773
9.22947 3.254596e-05 1.158648040555935 1.0020731788345973
9.199289 3.27623e-05 1.1663498234221918 1.008734174900133
9.169812 3.280585e-05 1.1679002192982453 1.0100750567465508
9.13971 3.250928e-05 1.1573422191843241 1.0009438207145833
9.109683 3.253691e-05 1.1583258572567778 1.0017945340421728
9.079367 3.264479e-05 1.1621664245841876 1.0051161031257911
9.049183000000001 3.236168e-05 1.1520876053770788 0.9963992934922801
9.019506999999999 3.267818e-05 1.1633551207564363 1.006144163857178
8.989617 3.266231e-05 1.1627901429710636 1.0056555348123408
8.959589 3.231171e-05 1.1503086551606283 0.9948607431853798
8.929534 3.238359e-05 1.1528676093643195 0.9970738909952657
8.899486999999999 3.220583e-05 1.1465392885623147 0.9916007530614134
8.869459999999998 3.253777e-05 1.158356473570289 1.001821012994823
8.839534 3.268319e-05 1.1635334785828204 1.0062984191511057
8.809433 3.266524e-05 1.1628944520391888 1.005745747988231
8.779404000000001 3.269792e-05 1.1640578719526085 1.006751948188941
8.749257 3.263571e-05 1.161843173274094 1.0048365346489718
8.719486999999999 3.257735e-05 1.1597655359990884 1.0030396606063323
8.689497 3.254943e-05 1.1587715738209157 1.002180018329593
8.65946 3.288543e-05 1.1707332963089538 1.012525283551096
8.629562 3.245691e-05 1.1554778280929592 0.9993313756561006
8.599571 3.266079e-05 1.162736030416951 1.0056087348030054
8.569469 3.276227e-05 1.166348755411255 1.008733251215738
8.539693999999999 3.274127e-05 1.1656011477557529 1.0080866721393942
8.509867 3.281577e-05 1.168253374914559 1.0103804883864238
8.479700000000001 3.250623e-05 1.1572336380724535 1.0008499128011141
8.449154 3.29358e-05 1.1725264866712233 1.0140761496499267
8.419138 3.301437e-05 1.1753236073137387 1.0164952790798478
8.389441000000001 3.306865e-05 1.1772559951013895 1.0181665320447977
8.359303 3.253506e-05 1.1582599965823648 1.0017375735044949
8.329514999999999 3.242739e-05 1.1544269053315104 0.9984224702116402
8.299432000000001 3.262836e-05 1.161581510594668 1.0046102319722514
8.269043 3.24254e-05 1.1543560606060606 0.9983611991467868
8.238950999999998 3.284013e-05 1.1691205997949417 1.0111305201149827
8.209230999999999 3.221637e-05 1.1469145164046477 0.9919252741787784
8.17934 3.278318e-05 1.1670931590339482 1.0093770592388978
8.149163999999999 3.238674e-05 1.1529797505126451 0.9971708778567173
8.118979 3.288893e-05 1.170857897584871 1.0126330467304867
8.088913999999999 3.264635e-05 1.162221961152882 1.0051641347143196
8.059118999999999 3.265281e-05 1.1624519395078603 1.0053630347539948
8.029479 3.258033e-05 1.1598716250854406 1.0031314132562135
7.999497 3.240839e-05 1.1537504984051035 0.997837470094948
7.969257 3.294771e-05 1.1729504870129865 1.014442852354653
7.939423 3.251394e-05 1.1575081168831167 1.0010872996905722
7.909368000000001 3.25094e-05 1.15734649122807 1.0009475154521623
7.87921 3.293396e-05 1.1724609820004552 1.0140194970070469
7.8493580000000005 3.252095e-05 1.157757675438596 1.0013031339441514
7.819007 3.237765e-05 1.1526561431989062 0.9968910014850999
7.788979 3.256815e-05 1.1594380126452493 1.002756397391934
7.758738 3.236639e-05 1.1522552830940986 0.9965443119422601
7.729025 3.236415e-05 1.1521755382775118 0.9964753435074503
7.699359 3.267885e-05 1.1633789730006832 1.0061647928086612
7.6691270000000005 3.271953e-05 1.164827195830485 1.007417308847979
7.638923 3.272971e-05 1.1651896075415809 1.0077307457526066
7.608822 3.258873e-05 1.1601706681476414 1.003390044886751
7.578893 3.25727e-05 1.1595999943039415 1.002896489525142
7.549118 3.277544e-05 1.1668176122123488 1.0091387486650452
7.519063 3.252629e-05 1.1579477813852812 1.0014675497664218
7.488989999999999 3.252842e-05 1.1580236101617678 1.001533131358451
7.458729 3.284515e-05 1.1692993136249712 1.0112850833037086
7.428912 3.279395e-05 1.1674765749601275 1.0097086619366227
7.399172999999999 3.231074e-05 1.1502741228070172 0.9948308773899487
7.369173 3.259268e-05 1.160311289587605 1.0035116633320635
7.338775 3.272279e-05 1.1649432530189106 1.0075176825522114
7.308748 3.257371e-05 1.1596359506721343 1.0029275868997658
7.2786729999999995 3.248236e-05 1.1563838573706995 1.0001149679176702
7.249005 3.252148e-05 1.1577765436318066 1.0013194523684592
7.219081 3.248464e-05 1.156465026201868 1.0001851679316731
7.188942 3.249713e-05 1.1569096747550691 1.0005697285346984
7.158396 3.251301e-05 1.157475008544087 1.0010586654743339
7.128402 3.249155e-05 1.156711024720893 1.0003979232372702
7.098831000000001 3.23325e-05 1.151048786739576 0.9955008564709603
7.06884 3.239333e-05 1.1532143569150146 0.99737378052877
7.03859 3.282834e-05 1.1687008714969238 1.0107675121478352
7.008553 3.26252e-05 1.1614690134426973 1.0045129372160018
6.9786459999999995 3.255233e-05 1.158874814878104 1.0022693078210883
6.948618000000001 3.268044e-05 1.1634355775803142 1.0062137480815845
6.918553 3.244305e-05 1.154984407040328 0.9989046334657138
6.888515999999999 3.26584e-05 1.1626509455456822 1.0055351479462218
6.858275 3.286056e-05 1.1698479152426517 1.0117595491878257
6.828238000000001 3.235163e-05 1.151729821713374 0.9960898592200299
6.798451 3.224456e-05 1.1479180906812483 0.9927932296150705
6.768542999999999 3.261169e-05 1.1609880525176575 1.0040969713435537
6.738506 3.26007e-05 1.160596804511278 1.0037585949602672
6.708477 3.269457e-05 1.1639386107313738 1.0066488034315246
6.678414 3.238965e-05 1.153083347573479 0.9972604752430106
6.648562 3.263024e-05 1.161648439280018 1.0046681161943243
6.618516 3.27114e-05 1.164537764866712 1.0071669903769944
6.58847 3.241467e-05 1.153974068694463 0.9980308280282546
6.558108 3.250063e-05 1.1570342760309864 1.0006774917140893
6.528155 3.25789e-05 1.1598207165641374 1.0030873843000625
6.4981729999999995 3.26478e-05 1.1622735816814764 1.0052087794600673
6.468238 3.227408e-05 1.1489690134426973 0.9937021350595312
6.438331 3.27388e-05 1.1655132148553198 1.0080106221242242
6.408307 3.246844e-05 1.1558883002961948 0.9996863783584934
6.378229 3.260561e-05 1.1607716023012071 1.0039097713062122
6.348229 3.251e-05 1.1573678514467987 1.000965989140058
6.318404999999999 3.256335e-05 1.15926713089542 1.0026086078887697
6.288308 3.260398e-05 1.1607135737069945 1.003859584454096
6.258331 3.264799e-05 1.1622803457507402 1.005214629461234
6.228293 3.239244e-05 1.1531826725905672 0.997346377891725
6.198411 3.276932e-05 1.1665997379813167 1.0089503170485106
6.168729 3.247308e-05 1.156053485987696 0.9998292415448855
6.138534 3.231584e-05 1.1504556846662108 0.9949879037370609
6.108433 3.235534e-05 1.1518618990658462 0.996204088190184
6.078016 3.255011e-05 1.158795782068808 1.0022009551758746
6.048247 3.250983e-05 1.1573617993848253 1.0009607549284876
6.018439 3.276812e-05 1.1665570175438593 1.0089133696727195
5.988326 3.293021e-05 1.1723274806334014 1.0139040364576999
5.958477 3.293157e-05 1.1723758971291864 1.0139459101502633
5.928534 3.247278e-05 1.1560428058783319 0.9998200047009377
5.898275 3.253532e-05 1.1582692526771472 1.0017455787692497
5.868257 3.252144e-05 1.1577751196172246 1.0013182207892661
5.838451 3.263173e-05 1.161701483823194 1.0047139925192647
5.808451 3.27249e-05 1.1650183697881065 1.0075826483546442
5.7782659999999995 3.277839e-05 1.1669226332877645 1.0092295776305316
5.74834 3.259092e-05 1.1602486329460011 1.00345747384757
5.71859 3.248604e-05 1.1565148667122351 1.0002282732034296
5.688571 3.24205e-05 1.1541816188197762 0.9982103306956396
5.658201 3.270673e-05 1.1643715111642738 1.0070232035062074
5.6282749999999995 3.24881e-05 1.1565882034632031 1.0002916995318707
5.598192 3.258528e-05 1.1600478468899518 1.0032838211813517
5.567951 3.257567e-05 1.159705727386648 1.0029879342802248
5.538183 3.270069e-05 1.1641564849624058 1.006837235048059
5.508274999999999 3.260637e-05 1.1607986585782635 1.00393317131088
5.478275 3.246302e-05 1.155695346320346 0.999519499377837
5.448127 3.272157e-05 1.1648998205741623 1.0074801193868237
5.418183 3.285734e-05 1.169733282068808 1.0116604070627864
5.388386000000001 3.243696e-05 1.154767600820232 0.998717125533574
5.358183 3.242724e-05 1.1544215652768282 0.9984178517896664
5.327969 3.280677e-05 1.1679329716336293 1.0101033830679906
5.297949 3.25659e-05 1.1593579118250168 1.0026871210623258
5.268164 3.247156e-05 1.1559993734335838 0.9997824415355503
5.237896 3.248172e-05 1.1563610731373886 1.0000952626505812
5.208147 3.230678e-05 1.1501331453634083 0.9947089510498381
5.1779139999999995 3.288113e-05 1.1705802147413988 1.0123928887878448
5.1476180000000005 3.239417e-05 1.1532442612212346 0.9973996436918237
5.117883 3.262371e-05 1.1614159688995211 1.004467060891061
5.087821 3.25949e-05 1.1603903223969012 1.003580015977277
5.057766 3.186178e-05 1.134290983139667 0.981007632527312
5.027691 3.223592e-05 1.1476105035315558 0.9925272085093748
4.997738 3.25435e-05 1.1585604636591476 1.0019974367142255
4.967968 3.263444e-05 1.1617979608111186 1.0047974320095931
4.938386 3.23346e-05 1.1511235475051262 0.9955655143785948
4.908247 3.246519e-05 1.1557725991114145 0.9995863125490592
4.878284 3.238243e-05 1.1528263129414442 0.9970381751986677
4.848201 3.263041e-05 1.1616544913419908 1.0046733504058947
4.817803 3.259204e-05 1.1602885053542946 1.0034919580649748
4.787942 3.267153e-05 1.163118378332194 1.0059394138163358
4.7579139999999995 3.248577e-05 1.156505254613807 1.0002199600438764
4.727892 3.244142e-05 1.154926378446115 0.9988544466135976
4.698321 3.237271e-05 1.1524802773980405 0.9967389014547601
4.6679319999999995 3.235165e-05 1.1517305337206651 0.9960904750096264
4.637913999999999 3.280934e-05 1.1680244645705171 1.0101825120311434
4.608034 3.230132e-05 1.1499387673729777 0.9945408404899888
4.577921 3.245011e-05 1.1552357456140345 0.9991220071932845
4.548016 3.232213e-05 1.1506796109592161 0.9951815695651658
4.517923 3.242487e-05 1.15433719241285 0.998344880722479
4.48796 3.228505e-05 1.1493595494417859 0.9940398956532213
4.457784999999999 3.261531e-05 1.1611169258373202 1.0042084292605236
4.428175 3.222191e-05 1.147111742424242 0.9920958478970138
4.3980619999999995 3.23906e-05 1.1531171679197991 0.9972897252488452
4.367933 3.250153e-05 1.1570663163590793 1.0007052022459326
4.337562 3.252304e-05 1.1578320802005009 1.0013674839569877
4.307525 3.234971e-05 1.1516614690134424 0.9960307434187642
4.277599 3.283856e-05 1.1690647072226015 1.011082180631656
4.247783999999999 3.222649e-05 1.1472747920938706 0.9922368637146165
4.217637 3.218542e-05 1.1458126851218953 0.9909723397781668
4.187756 3.271674e-05 1.164727870813397 1.0073314061992649
4.157922999999999 3.258195e-05 1.1599292976760078 1.0031812922135313
4.127988 3.245898e-05 1.1555515208475733 0.9993951098793404
4.097599 3.230755e-05 1.15016055764411 0.9947326589493041
4.067275 3.27197e-05 1.1648332478924581 1.0074225430595494
4.037201 3.221088e-05 1.1467190704032806 0.9917562399345341
4.007599 3.239654e-05 1.1533286340852125 0.997472614759011
3.977515 3.235133e-05 1.1517191416040098 0.9960806223760821
3.947617 3.255023e-05 1.1588000541125538 1.002204649913454
3.917349 3.244473e-05 1.1550442156527678 0.9989563597918212
3.887247 3.226942e-05 1.148803115743905 0.9935586560835425
3.857349 3.238645e-05 1.1529694264069261 0.9971619489075678
3.827284 3.228003e-05 1.1491808356117563 0.9938853324644952
3.7972930000000003 3.240164e-05 1.153510195944406 0.9976296411061232
3.767284 3.244533e-05 1.1550655758714967 0.9989748334797169
3.73734 3.259317e-05 1.1603287337662336 1.0035267501771783
3.70708 3.238061e-05 1.1527615202779673 0.9969821383453844
3.6774389999999997 3.237909e-05 1.1527074077238548 0.9969353383360492
3.6473299999999997 3.209555e-05 1.1426132803599907 0.9882052892262131
3.61733 3.244568e-05 1.1550780359990884 0.9989856097976558
3.587191 3.219103e-05 1.1460124031670083 0.9911450687599901
3.5571260000000002 3.236167e-05 1.1520872493734333 0.9963989855974819
3.527335 3.236032e-05 1.1520391888812938 0.9963574197997168
3.4975430000000003 3.248121e-05 1.1563429169514694 1.00007956001587
3.467488 3.237294e-05 1.152488465481886 0.9967459830351197
3.4370160000000003 3.225756e-05 1.1483808954203687 0.9931934928528072
3.4068020000000003 3.236806e-05 1.1523147357028933 0.9965957303735694
3.37725 3.196404e-05 1.1379314764183182 0.9841561647343087
3.347377 3.21564e-05 1.1447795625427202 0.9900788290736191
3.31733 3.226043e-05 1.1484830684666207 0.9932818586599076
3.287219 3.241602e-05 1.1540221291866026 0.9980723938260196
3.257145 3.200682e-05 1.1394544600136702 0.9854733386812607
3.227052 3.20991e-05 1.142739661654135 0.9883145918795949
3.197117 3.208195e-05 1.1421291154021413 0.9877865523005808
3.1672029999999998 3.202518e-05 1.1401080827067664 0.9860386335308642
3.1374229999999996 3.208586e-05 1.142268312827523 0.9879069391666999
3.1069319999999996 3.225865e-05 1.1484196998177258 0.9932270533858175
3.0770340000000003 3.243158e-05 1.1545760708589652 0.9985514781321106
3.046932 3.18527e-05 1.1339677318295738 0.9807280640504928
3.017015 3.214304e-05 1.1443039416723626 0.9896674816231451
2.986941 3.229091e-05 1.1495681675780356 0.994220322005001
2.957006 3.212802e-05 1.1437692241968558 0.9892050236361601
2.9269600000000002 3.208912e-05 1.1423843700159486 0.9880073128709325
2.896775 3.220939e-05 1.1466660258601047 0.9917103636095936
2.866728 3.226782e-05 1.1487461551606284 0.9935093929158209
2.836845 3.211411e-05 1.1432740231259966 0.9887767419717818
2.8069319999999998 3.194175e-05 1.1371379442925496 0.9834698672289895
2.776636 3.210846e-05 1.143072881066302 0.9886027814107655
2.746747 3.211829e-05 1.143422832649806 0.9889054419974539
2.7168490000000003 3.199347e-05 1.1389791951469581 0.9850622991255851
2.68676 3.20902e-05 1.1424228184096603 0.9880405655091444
2.656765 3.220485e-05 1.1465044002050577 0.9915705793711839
2.626608 3.198587e-05 1.138708632376395 0.984828299078908
2.5965059999999998 3.195294e-05 1.1375363123718385 0.9838144015082412
2.5665709999999997 3.23105e-05 1.1502655787195257 0.9948234879147906
2.536562 3.178866e-05 1.1316878844839369 0.9787563057624421
2.506802 3.198874e-05 1.1388108054226471 0.9849166648860083
2.4769229999999998 3.194702e-05 1.1373255582137158 0.9836321277876718
2.446867 3.205241e-05 1.1410774806334014 0.9868770310665236
2.4167979999999996 3.184966e-05 1.1338595067213484 0.980634464031822
2.387025 3.219514e-05 1.1461587206652994 0.9912716135220746
2.356515 3.185224e-05 1.1339513556618817 0.980713900889773
2.3265990000000003 3.200453e-05 1.139372935178856 0.9854028307724594
2.296469 3.195488e-05 1.137605377079061 0.9838741330991035
2.266525 3.216848e-05 1.1452096149464568 0.9904507659899161
2.2367559999999997 3.213669e-05 1.1440778793574844 0.9894719684262506
2.2067979999999996 3.218911e-05 1.1459440504670766 0.9910859529587244
2.176562 3.201927e-05 1.1398976845522895 0.9858566677050933
2.146293 3.209594e-05 1.1426271645021644 0.9882172971233452
2.1165059999999998 3.162225e-05 1.1257636278195486 0.9736326284246138
2.0866909999999996 3.189982e-05 1.1356452210070627 0.9821788643398891
2.056816 3.179418e-05 1.1318843984962403 0.9789262636910809
2.0268669999999998 3.165328e-05 1.126868307131465 0.9745880259836117
1.996636 3.167831e-05 1.1277593842560945 0.9753586866636539
1.96646 3.187759e-05 1.1348538249031668 0.9814944142033595
1.936788 3.205569e-05 1.141194249829118 0.9869780205603526
1.9070429999999998 3.166949e-05 1.1274453890407836 0.9750871234515894
1.876599 3.224802e-05 1.1480412679425835 0.9928997612152682
1.846608 3.175757e-05 1.1305810691501479 0.9777990608346548
1.816534 3.150632e-05 1.12163647755753 0.9700632040283972
1.786451 3.181169e-05 1.1325077608794711 0.9794653874828325
1.7566469999999998 3.190999e-05 1.1360072767145133 0.9824919933497186
1.726691 3.148795e-05 1.120982498860788 0.9694976012839951
1.6965709999999998 3.162125e-05 1.1257280274550008 0.9736018389447878
1.6665340000000002 3.17622e-05 1.1307458988380037 0.9779416161262486
1.636552 3.177682e-05 1.1312663761676915 0.9783917583213033
1.6065619999999998 3.177483e-05 1.1311955314422417 0.9783304872564498
1.5765060000000002 3.144977e-05 1.1196232769423557 0.9683220589442424
1.546367 3.165785e-05 1.1270310007974478 0.9747287339064159
1.516376 3.15463e-05 1.1230597801321482 0.9712941674318366
1.4862840000000002 3.178291e-05 1.1314831823877873 0.9785792662534432
1.456675 3.182217e-05 1.1328808526999314 0.979788061231408
1.4266079999999999 3.152098e-05 1.1221583789017995 0.9705145778026446
1.396401 3.142056e-05 1.1185833902939164 0.9674226982385278
1.3664880000000001 3.132903e-05 1.1153248889268623 0.9646045371500629
1.336145 3.129078e-05 1.1139631749829115 0.9634268395467223
1.306515 3.133093e-05 1.1153925296195029 0.9646630371617321
1.276404 3.138014e-05 1.117144423558897 0.9661781874639648
1.2464860000000002 3.129811e-05 1.1142241256550465 0.9636525264338461
1.216358 3.080402e-05 1.096634341535657 0.9484397523466664
1.186358 3.089739e-05 1.0999583475734789 0.9513145660780109
1.156401 3.089048e-05 1.0997123490544538 0.9511018107724137
1.126738 3.053076e-05 1.0869061859193434 0.9400262190894405
1.096413 3.006217e-05 1.0702242110959215 0.9255985767378214
1.066448 2.998855e-05 1.0676033122579172 0.9233318552330385
1.036562 2.918673e-05 1.0390582279562541 0.8986442345190342
1.006392 2.845285e-05 1.0129318324219636 0.8760484510644015
0.9766728 2.752406e-05 0.9798665698336748 0.8474514900969025
0.9464876000000001 2.706256e-05 0.9634370015948962 0.833242145157249
0.9160524 2.565566e-05 0.9133508487126906 0.7899244259901881
0.8861172 2.433604e-05 0.8663718956482113 0.7492940126223321
0.8561937000000001 2.306592e-05 0.8211551606288446 0.7101876785058581
0.8262560999999999 2.114982e-05 0.7529413021189335 0.6511919562114482
0.7961357 2.019667e-05 0.7190088146502619 0.6218449635153902
0.7661182 1.908228e-05 0.6793361244019137 0.5875334750922038
0.7361635 1.816411e-05 0.6466489376851218 0.5592634984004557
0.7062098 1.690073e-05 0.6016721491228069 0.5203646853780083
0.6763395000000001 1.553904e-05 0.5531954887218044 0.47843895859387653
0.6462409 1.456898e-05 0.5186609990886305 0.4485713157939625
0.6163857 1.429167e-05 0.5087886619958988 0.44003308514344175
0.5862747 1.316065e-05 0.46852393768512185 0.40520956767075067
0.5564783 1.211372e-05 0.4312528480291637 0.37297513755661954
0.5261344 1.119212e-05 0.398443552061973 0.34459955294906874
0.4958672 1.051932e-05 0.3744916267942583 0.3238843909222022
0.4660145 9.953133e-06 0.354335163192071 0.3064517877080145
0.4362932 9.042311e-06 0.32190956795397574 0.2784080521140272
0.4062468 8.688663e-06 0.30931957023239914 0.26751941415255687
0.3762005 7.75898e-06 0.2762225165185691 0.23889495817957324
0.3462468 7.854176e-06 0.27961152882205503 0.24182599350107975
0.315932 6.755566e-06 0.24050061232627015 0.2080003630695461
0.2860246 6.669746e-06 0.23744538904078372 0.20535800991088723
0.2558209 6.065856e-06 0.21594668489405328 0.1867645509388236
0.2260428 5.628827e-06 0.20038829317612206 0.17330865535998968
0.19613570000000002 5.045144e-06 0.17960896559580766 0.15533735940676802
0.1659071 4.708764e-06 0.16763371496924126 0.14498039418293127
0.13569130000000001 3.747161e-06 0.1334002976190476 0.1153731380139049
0.10581159999999999 3.722637e-06 0.13252723427887897 0.11461805681065448
0.07592956 2.992078e-06 0.10651906755525174 0.09212452521852371
0.04589496 2.745204e-06 0.09773026315789471 0.08452340317598411
0.01570052 2.502919e-06 0.08910482883344724 0.07706357405636557
-0.014197630000000001 1.643161e-06 0.05849713061061744 0.050592072460208144
-0.044345779999999994 7.668442e-07 0.027299933071314644 0.02361073402550958
-0.07432725999999999 4.139565e-07 0.01473700230690362 0.012745505305550795
-0.1042069 4.253123e-07 0.015141272926634766 0.013095144480557768
-0.1341699 -1.723124e-07 -0.006134384256094781 -0.005305409163552671
-0.1642532 -9.370585e-07 -0.03335962420255183 -0.028851543781439525
-0.1943087 -1.207523e-06 -0.04298825899977215 -0.03717900504781206
-0.2243551 -1.785084e-06 -0.06354964114832534 -0.05496180780553956
-0.2542069 -1.9874e-06 -0.07075216450216447 -0.06119101220599664
-0.2841459 -2.552846e-06 -0.09088224823422189 -0.07860080041563335
-0.3139291 -3.105665e-06 -0.11056280616313507 -0.09562180986350839
-0.3441791 -3.27138e-06 -0.11646232057416264 -0.10072408851285766
-0.37428100000000003 -4.155515e-06 -0.1479378488835725 -0.12794614525873108
-0.4039477 -4.309527e-06 -0.15342073222829797 -0.13268809462567782
-0.4341236 -4.431275e-06 -0.1577550054112554 -0.1364366522155217
-0.4642532 -4.731812e-06 -0.16845423217133737 -0.14569003011395862
-0.4940773 -5.086359e-06 -0.18107623462064246 -0.15660634781779253
-0.5240680999999999 -5.795119e-06 -0.20630834899749367 -0.1784286995391985
-0.5544661999999999 -6.420783e-06 -0.22858221548188645 -0.19769256864499132
-0.5845494999999999 -7.503525e-06 -0.26712822539302794 -0.23102963161064757
-0.6143441000000001 -7.770963e-06 -0.2766491156869445 -0.23926390851632698
-0.6446514 -7.976767e-06 -0.28397581311232617 -0.24560050662241684
-0.6745865 -8.481938e-06 -0.30196008487126896 -0.26115445893554734
-0.7042686 -9.254934e-06 -0.3294790242652084 -0.2849546036830499
-0.7341976 -9.922358e-06 -0.3532395619731145 -0.3055042414663724
-0.7643365 -1.048887e-05 -0.3734075956937798 -0.32294685126150346
-0.7945799 -1.124631e-05 -0.40037273581681465 -0.34626803486083435
-0.8244106 -1.126177e-05 -0.40092311745272263 -0.3467440402189428
-0.8543088 -1.203405e-05 -0.42841656698564584 -0.37052213969889
-0.8845958 -1.267211e-05 -0.4511317355889723 -0.39016767519660467
-0.914531 -1.315171e-05 -0.4682056704260651 -0.40493430972110706
-0.9448181 -1.442704e-05 -0.5136078833447253 -0.44420105702747403
-0.9745139 -1.526475e-05 -0.5434306647300067 -0.46999371217242997
-1.004327 -1.609415e-05 -0.5729576070858964 -0.49553050674003263
-1.034661 -1.672135e-05 -0.5952861557302345 -0.514841668486838
-1.0646980000000001 -1.764998e-05 -0.6283457222601958 -0.543433703137565
-1.094646 -1.883434e-05 -0.6705093700159488 -0.5798995314641697
-1.1245129999999999 -1.890091e-05 -0.6728792862838915 -0.58194918713618
-1.1546610000000002 -1.986336e-05 -0.707142857142857 -0.6115825219946189
-1.18454 -2.104467e-05 -0.7491979237867393 -0.6479544424077546
-1.214542 -2.215159e-05 -0.7886046793119159 -0.6820359334166415
-1.244346 -2.288906e-05 -0.8148588801549327 -0.7047422511038491
-1.2744849999999999 -2.327152e-05 -0.8284745955798586 -0.7165179955580634
-1.304411 -2.406699e-05 -0.8567936175666436 -0.7410101030751732
-1.334503 -2.474046e-05 -0.8807693950786054 -0.7617458940535231
-1.3645129999999999 -2.574295e-05 -0.9164584045340622 -0.7926120396841911
-1.394363 -2.662586e-05 -0.9478903223969011 -0.8197963793172778
-1.424327 -2.692543e-05 -0.9585551236044655 -0.8290199837887231
-1.454337 -2.741023e-05 -0.9758141803372063 -0.8439467236083201
-1.4845869999999999 -2.802336e-05 -0.997641831852358 -0.8628246773739752
-1.514735 -2.790691e-05 -0.9934961694007745 -0.8592392424482489
-1.5444200000000001 -2.844265e-05 -1.0125687087035768 -0.8757343983701774
-1.574522 -2.880971e-05 -1.0256361785144676 -0.8870359848350727
-1.604827 -2.88476e-05 -1.0269850763271813 -0.8882025982256762
-1.6348179999999999 -2.890365e-05 -1.0289804767600816 -0.889928348569918
-1.664561 -2.942643e-05 -1.0475916353383457 -0.9060244728333028
-1.69442 -2.937371e-05 -1.0457147841193892 -0.9044012514568812
-1.7245039999999998 -2.995149e-05 -1.0662839627477783 -0.9221907971106906
-1.7543 -2.988799e-05 -1.064023339598997 -0.9202356651417458
-1.78454 -3.032997e-05 -1.079757988721804 -0.9338439994351977
-1.814568 -3.030511e-05 -1.0788729636591476 -0.9330785729667259
-1.844531 -3.041e-05 -1.0826070858965593 -0.9363080815056647
-1.874883 -3.055782e-05 -1.0878695317840053 -0.9408593824135294
-1.904938 -3.073919e-05 -1.0943263699020274 -0.9464436703695531
-1.9349480000000001 -3.13955e-05 -1.1176912451583503 -0.9666511138740908
-1.9649480000000001 -3.109595e-05 -1.1070271559580767 -0.9574281251922419
-1.9945709999999999 -3.109844e-05 -1.1071158008658009 -0.9575047909970085
-2.024448 -3.158749e-05 -1.1245261591478695 -0.9725623861058655
-2.054929 -3.165745e-05 -1.1270167606516288 -0.9747164181144856
-2.084825 -3.165643e-05 -1.12698044827979 -0.9746850128450631
-2.1146239999999996 -3.132759e-05 -1.1152736244019137 -0.9645602002991137
-2.144793 -3.201719e-05 -1.1398236357940301 -0.9857926255870553
-2.174891 -3.192902e-05 -1.1366847516518568 -0.9830779171508056
-2.2049380000000003 -3.173711e-05 -1.1298526856915012 -0.9771691080774169
-2.235216 -3.202377e-05 -1.1400578861927542 -0.9859952203643098
-2.26505 -3.197713e-05 -1.138397485190248 -0.9845591990252297
-2.295077 -3.189974e-05 -1.135642372977899 -0.9821764011815032
-2.3249940000000002 -3.224262e-05 -1.147849025974026 -0.9927334980242084
-2.355216 -3.21236e-05 -1.1436118705855545 -0.9890689341353295
-2.385071 -3.250821e-05 -1.157304126794258 -1.0009108759711696
-2.41492 -3.253916e-05 -1.1584059580770103 -1.0018638103717812
-2.445124 -3.179297e-05 -1.1318413220551375 -0.9788890084204918
-2.4748270000000003 -3.216742e-05 -1.1451718785600362 -0.9904181291413006
-2.5048739999999996 -3.224239e-05 -1.1478408378901797 -0.9927264164438484
-2.5350680000000003 -3.174799e-05 -1.1302400176577805 -0.9775040976179227
-2.564744 -3.232397e-05 -1.150745115629984 -0.9952382222080456
-2.5947620000000002 -3.1923e-05 -1.1364704374572794 -0.9828925644822537
-2.624846 -3.191464e-05 -1.13617281840966 -0.982635164430909
-2.654957 -3.213626e-05 -1.1440625712007289 -0.9894587289499255
-2.685077 -3.190853e-05 -1.1359553001822738 -0.982447040709173
-2.7149940000000004 -3.246043e-05 -1.1556031413761676 -0.999439754625088
-2.7450680000000003 -3.235491e-05 -1.1518465909090905 -0.9961908487138588
-2.774703 -3.201872e-05 -1.1398781043517883 -0.985839733491189
-2.8045590000000002 -3.191346e-05 -1.136130809979494 -0.9825988328447146
-2.834948 -3.219193e-05 -1.1460444434951012 -0.9911727792918335
-2.864661 -3.236688e-05 -1.1522727272727271 -0.9965593987873749
-2.8949380000000002 -3.252536e-05 -1.157914673046252 -1.001438915550184
-2.924929 -3.242575e-05 -1.154368520733652 -0.9983719754647257
-2.955118 -3.290276e-05 -1.171350250626566 -1.013058865236479
-2.9849479999999997 -3.222879e-05 -1.1473566729323303 -0.992307679518216
-3.0150520000000003 -3.207277e-05 -1.1418023040555934 -0.9875039048757791
-3.044863 -3.237929e-05 -1.1527145277967645 -0.9969414962320144
-3.074986 -3.175074e-05 -1.1303379186602867 -0.9775887686874438
-3.1050329999999997 -3.223841e-05 -1.1476991484392798 -0.9926038743141413
-3.1350610000000003 -3.219201e-05 -1.146047291524265 -0.9911752424502194
-3.1650500000000004 -3.2091e-05 -1.1424512987012987 -0.9880651970930053
-3.195059 -3.216479e-05 -1.1450782496012757 -0.9903371528093585
-3.225152 -3.174514e-05 -1.1301385566188193 -0.9774163476004187
-3.254863 -3.198206e-05 -1.1385729949874683 -0.9847109911607713
-3.2850129999999997 -3.237978e-05 -1.1527319719753928 -0.996956583077129
-3.315078 -3.23018e-05 -1.1499558555479608 -0.9945556194403053
-3.345198 -3.193744e-05 -1.1369845067213484 -0.9833371645709397
-3.37491 -3.217705e-05 -1.1455147100706309 -0.9907146318320239
-3.40492 -3.221206e-05 -1.146761078833447 -0.9917925715207289
-3.4351979999999998 -3.222837e-05 -1.1473417207792207 -0.9922947479366894
-3.4650770000000004 -3.198596e-05 -1.1387118364092046 -0.9848310701320925
-3.495263 -3.228384e-05 -1.1493164730006833 -0.9940026403826321
-3.525033 -3.205729e-05 -1.1412512104123944 -0.987027283728074
-3.554642 -3.267563e-05 -1.1632643398268394 -1.0060656506836219
-3.584698 -3.249659e-05 -1.1568904505582136 -1.0005531022155927
-3.614976 -3.23706e-05 -1.1524051606288443 -0.9966739356523271
-3.645022 -3.202803e-05 -1.1402095437457276 -0.986126383548368
-3.674781 -3.249741e-05 -1.1569196428571424 -1.0005783495890497
-3.705022 -3.236728e-05 -1.1522869674185463 -0.9965717145793054
-3.734957 -3.210946e-05 -1.1431084814308494 -0.9886335708905912
-3.764855 -3.230591e-05 -1.1501021730462517 -0.9946821642023896
-3.794994 -3.272715e-05 -1.1650984706083387 -1.0076519246842524
-3.824976 -3.278821e-05 -1.1672722288676232 -1.0095319303224217
-3.85492 -3.256176e-05 -1.1592105263157892 -1.0025596526158465
-3.8846149999999997 -3.203003e-05 -1.140280744474823 -0.9861879625080198
-3.914892 -3.227869e-05 -1.1491331311232624 -0.9938440745615287
-3.945068 -3.217194e-05 -1.145332792207792 -0.9905572975901137
-3.974986 -3.239168e-05 -1.1531556163135108 -0.9973229778870573
-4.004725 -3.250164e-05 -1.1570702323991793 -1.000708589088713
-4.034846 -3.228066e-05 -1.1492032638414214 -0.9939047298367856
-4.064827 -3.262148e-05 -1.1613365800865798 -1.0043984003510493
-4.095337 -3.244965e-05 -1.1552193694463428 -0.9991078440325647
-4.125484999999999 -3.25824e-05 -1.1599453178400545 -1.0031951474794532
-4.155118000000001 -3.229272e-05 -1.149632604237867 -0.9942760509634859
-4.185013 -3.210955e-05 -1.143111685463659 -0.9886363419437756
-4.215198 -3.189359e-05 -1.1354234307359303 -0.9819870458805738
-4.245438 -3.209001e-05 -1.142416054340396 -0.9880347155079775
-4.275252999999999 -3.265919e-05 -1.1626790698336746 -1.005559471635284
-4.305086 -3.249163e-05 -1.1567138727500568 -1.000400386395656
-4.335012 -3.266716e-05 -1.1629628047391203 -1.0058048637894965
-4.365021 -3.200272e-05 -1.1393084985190247 -0.9853471018139747
-4.395207 -3.213895e-05 -1.1441583361813623 -0.9895415526506572
-4.4254750000000005 -3.240172e-05 -1.15351304397357 -0.9976321042645091
-4.455522 -3.260039e-05 -1.160585768398268 -1.0037490502215212
-4.485485 -3.232814e-05 -1.1508935691501478 -0.9953666143389195
-4.515077 -3.243177e-05 -1.1545828349282294 -0.9985573281332777
-4.545568 -3.188635e-05 -1.1351656840966047 -0.9817641300466343
-4.575476 -3.260553e-05 -1.1607687542720435 -1.0039073081478262
-4.60529 -3.27596e-05 -1.1662537024379125 -1.0086510433046028
-4.635327 -3.26121e-05 -1.161002648667122 -1.0041095950302823
-4.665382999999999 -3.24317e-05 -1.1545803429027113 -0.99855517286969
-4.695549 -3.242675e-05 -1.1544041210981997 -0.9984027649445516
-4.725522 -3.242107e-05 -1.1542019110275685 -0.9982278806991404
-4.755568 -3.199952e-05 -1.1391945773524716 -0.9852485754785316
-4.785184 -3.243198e-05 -1.1545903110047846 -0.9985637939240412
-4.815271 -3.24109e-05 -1.1538398553201181 -0.997914751689311
-4.845281 -3.222686e-05 -1.1472879642287535 -0.9922482558221521
-4.875271 -3.27602e-05 -1.1662750626566412 -1.0086695169924984
-4.9054660000000005 -3.258083e-05 -1.1598894252677143 -1.0031468079961263
-4.935429 -3.220127e-05 -1.1463769508999768 -0.9914603530334073
-4.965476 -3.241764e-05 -1.1540798017771698 -0.9981222727833376
-4.995013 -3.230753e-05 -1.150159845636819 -0.9947320431597075
-5.02479 -3.270719e-05 -1.164387887331966 -1.0070373666669272
-5.055211 -3.251987e-05 -1.1577192270448846 -1.0012698813059393
-5.0850420000000005 -3.219915e-05 -1.1463014781271357 -0.9913950793361763
-5.114679 -3.227592e-05 -1.1490345181134654 -0.993758787702411
-5.144874 -3.280268e-05 -1.167787366142629 -1.0099774540955027
-5.174781 -3.255816e-05 -1.1590823650034174 -1.0024488104884732
-5.204772 -3.231517e-05 -1.150431832421964 -0.9949672747855777
-5.2349570000000005 -3.268541e-05 -1.1636125113921163 -1.0063667717963192
-5.2649099999999995 -3.224311e-05 -1.147866470152654 -0.992748584869323
-5.294726 -3.229619e-05 -1.1497561375028476 -0.9943828904584818
-5.324938 -3.238148e-05 -1.1527924925951238 -0.9970089251928329
-5.355068 -3.231985e-05 -1.150598442128047 -0.9951113695511626
-5.38492 -3.225974e-05 -1.148458504215083 -0.9932606139188278
-5.4146980000000005 -3.224058e-05 -1.1477764012303484 -0.9926706874853636
-5.444856 -3.274678e-05 -1.1657973057644109 -1.0082563221732348
-5.475198000000001 -3.206322e-05 -1.1414623205741625 -0.9872098653434417
-5.505207 -3.250019e-05 -1.1570186118705852 -1.0006639443429657
-5.5349189999999995 -3.251746e-05 -1.1576334301663247 -1.001195678659559
-5.5646700000000004 -3.193223e-05 -1.1367990288220549 -0.9831767513810468
-5.594818 -3.253655e-05 -1.158313041125541 -1.0017834498294356
-5.625095999999999 -3.236328e-05 -1.1521445659603553 -0.9964485566600018
-5.655161 -3.232139e-05 -1.1506532666894504 -0.9951587853500944
-5.685198000000001 -3.222009e-05 -1.1470469497607654 -0.9920398110437308
-5.715207 -3.257189e-05 -1.1595711580086576 -1.0028715500464829
-5.745337 -3.258613e-05 -1.1600781071998174 -1.0033099922392037
-5.774938 -3.235984e-05 -1.1520221007063107 -0.9963426408494004
-5.804624 -3.271407e-05 -1.1646328178400542 -1.0072491982881295
-5.834661 -3.280114e-05 -1.1677325415812256 -1.009930038296571
-5.864651 -3.266477e-05 -1.162877719867851 -1.0057312769327125
-5.894836000000001 -3.245514e-05 -1.15541481544771 -0.999276878276809
-5.925096 -3.265361e-05 -1.1624804197994987 -1.0053876663378556
-5.954966000000001 -3.23116e-05 -1.150304739120528 -0.994857356342599
-5.985031 -3.260983e-05 -1.1609218358395987 -1.0040397029110777
-6.015086 -3.242532e-05 -1.1543532125768963 -0.9983587359884004
-6.044957 -3.22352e-05 -1.1475848712690815 -0.9925050400839002
-6.075105 -3.240498e-05 -1.1536291011619955 -0.9977324779687416
-6.104919 -3.284968e-05 -1.1694605832763723 -1.01142455964732
-6.1345860000000005 -3.261445e-05 -1.161086309523809 -1.0041819503078733
-6.164752999999999 -3.233791e-05 -1.151241384711779 -0.9956674275568185
-6.194656 -3.255712e-05 -1.1590453406242878 -1.0024167894294544
-6.2246239999999995 -3.260522e-05 -1.1607577181590336 -1.0038977634090802
-6.2548829999999995 -3.240712e-05 -1.1537052859421275 -0.9977983674555689
-6.284846 -3.226719e-05 -1.1487237269309636 -0.9934899955435307
-6.314712 -3.253109e-05 -1.1581186631351101 -1.0016153392695861
-6.344318 -3.27963e-05 -1.1675602358168147 -1.0097810172142136
-6.374448 -3.275699e-05 -1.166160785486443 -1.0085706827622571
-6.404466 -3.277269e-05 -1.1667197112098424 -1.009054077595524
-6.4346239999999995 -3.278611e-05 -1.1671974681020731 -1.0094672724147875
-6.464716 -3.252933e-05 -1.1580560064935064 -1.0015611497850927
-6.494457000000001 -3.28338e-05 -1.1688952494873546 -1.0109356227076849
-6.524234000000001 -3.231016e-05 -1.1502534745955795 -0.9948130194916497
-6.554513 -3.218047e-05 -1.1456364633173841 -0.9908199318530286
-6.5844570000000004 -3.267212e-05 -1.1631393825472771 -1.005957579609433
-6.614401 -3.268014e-05 -1.1634248974709498 -1.0062045112376368
-6.644541 -3.246451e-05 -1.1557483908635222 -0.9995653757027777
-6.674578 -3.259481e-05 -1.1603871183640917 -1.0035772449240925
-6.704531 -3.265176e-05 -1.1624145591250852 -1.0053307058001777
-6.734864 -3.249554e-05 -1.1568530701754383 -1.0005207732617754
-6.764855 -3.260398e-05 -1.1607135737069945 -1.003859584454096
-6.794457 -3.232162e-05 -1.1506614547732965 -0.9951658669304545
-6.824243999999999 -3.257403e-05 -1.1596473427887897 -1.0029374395333102
-6.854113999999999 -3.247893e-05 -1.1562617481203006 -1.0000093600018671
-6.88442 -3.271166e-05 -1.1645470209614943 -1.007174995641749
-6.914568 -3.261484e-05 -1.161100193665983 -1.0041939582050055
-6.944484999999999 -3.275351e-05 -1.166036896217817 -1.0084635353724631
-6.974475999999999 -3.244731e-05 -1.155136064593301 -0.9990357966497722
-7.004344 -3.278228e-05 -1.1670611187058553 -1.0093493487070544
-7.034115 -3.260994e-05 -1.160925751879699 -1.0040430897538584
-7.0642629999999995 -3.246637e-05 -1.155814607541581 -0.9996226441352538
-7.094142 -3.274523e-05 -1.1657421251993618 -1.0082085984795048
-7.1243739999999995 -3.247834e-05 -1.1562407439052171 -0.9999911942087697
-7.154133 -3.281318e-05 -1.1681611699703802 -1.0103007436336746
-7.184354999999999 -3.237178e-05 -1.1524471690590108 -0.9967102672385216
-7.214457 -3.262248e-05 -1.1613721804511277 -1.0044291898308753
-7.244485 -3.240562e-05 -1.1536518853953062 -0.9977521832358303
-7.274325 -3.296731e-05 -1.1736482541581221 -1.0150463261592408
-7.303975 -3.281645e-05 -1.1682775831624514 -1.0104014252327056
-7.334202 -3.225611e-05 -1.1483292748917746 -0.9931488481070596
-7.364212 -3.194594e-05 -1.1372871098200041 -0.9835988751494598
-7.394013 -3.225027e-05 -1.148121368762816 -0.9929690375448766
-7.424096 -3.259289e-05 -1.16031876566416 -1.0035181291228268
-7.454142 -3.29344e-05 -1.1724766461608565 -1.0140330443781704
-7.484234000000001 -3.271944e-05 -1.1648239917976757 -1.0074145377947947
-7.513966 -3.246928e-05 -1.155918204602415 -0.9997122415215474
-7.543957000000001 -3.235732e-05 -1.1519323877876506 -0.9962650513602392
-7.573892 -3.247442e-05 -1.1561011904761902 -0.9998704994478522
-7.603726 -3.20433e-05 -1.1407531613123716 -0.9865965389053096
-7.633578000000001 -3.30001e-05 -1.1748155901116424 -1.0160559132027323
-7.66355 -3.243389e-05 -1.1546583077010706 -0.9986226018305084
-7.693938 -3.256128e-05 -1.1591934381408064 -1.0025448736655302
-7.723883 -3.240335e-05 -1.1535710725677828 -0.9976822911166254
-7.753707 -3.221559e-05 -1.1468867481203007 -0.9919012583845143
-7.783707000000001 -3.242174e-05 -1.1542257632718156 -0.9982485096506237
-7.813744 -3.253774e-05 -1.1583554055593526 -1.0018200893104283
-7.8437529999999995 -3.238068e-05 -1.1527640123034857 -0.9969842936089723
-7.87355 -3.304325e-05 -1.176351745841877 -1.0173844792572198
-7.903244 -3.276689e-05 -1.1665132290954656 -1.0088754986125337
-7.933438 -3.267196e-05 -1.1631336864889492 -1.0059526532926608
-7.963679 -3.280958e-05 -1.1680330086580082 -1.0101899015063012
-7.993893 -3.228977e-05 -1.1495275831624512 -0.9941852219979995
-8.023743999999999 -3.235369e-05 -1.1518031584643424 -0.9961532855484713
-8.053448 -3.237278e-05 -1.1524827694235587 -0.9967410567183478
-8.083495 -3.256078e-05 -1.1591756379585325 -1.0025294789256172
-8.113512 -3.230246e-05 -1.1499793517885621 -0.9945759404969903
-8.143541 -3.231139e-05 -1.1502972630439734 -0.9948508905518356
-8.173365 -3.23068e-05 -1.1501338573706992 -0.9947095668394347
-8.203532 -3.258134e-05 -1.159907581453634 -1.0031625106308377
-8.233316 -3.264804e-05 -1.1622821257689675 -1.0052161689352253
-8.263114 -3.235403e-05 -1.1518152625882885 -0.9961637539716119
-8.293208 -3.247676e-05 -1.1561844953292317 -0.9999425468306449
-8.32306 -3.302472e-05 -1.1756920710868075 -1.0168139501960458
-8.353114999999999 -3.226074e-05 -1.1484941045796304 -0.9932914033986535
-8.38318 -3.256443e-05 -1.1593055792891316 -1.0026418605269818
-8.413217000000001 -3.264738e-05 -1.1622586295283661 -1.0051958478785403
-8.443202999999999 -3.234815e-05 -1.1516059324447478 -0.9959827118302356
-8.472837 -3.264968e-05 -1.1623405103668258 -1.0052666636821397
-8.503013999999999 -3.252284e-05 -1.1578249601275916 -1.0013613260610226
-8.532838 -3.253362e-05 -1.158208732057416 -1.0016932366535456
-8.562949 -3.23722e-05 -1.152462121212121 -0.9967231988200487
-8.592476000000001 -3.263581e-05 -1.1618467333105487 -1.0048396135969544
-8.62281 -3.231132e-05 -1.1502947710184548 -0.9948487352882477
-8.652883 -3.204886e-05 -1.140951099339257 -0.9867677284131418
-8.682652000000001 -3.257939e-05 -1.1598381607427657 -1.0031024711451773
-8.712727000000001 -3.256182e-05 -1.1592126623376622 -1.0025614999846362
-8.742809 -3.248534e-05 -1.1564899464570515 -1.000206720567551
-8.772680000000001 -3.266454e-05 -1.1628695317840052 -1.0057241953523526
-8.802458 -3.285189e-05 -1.169539260082023 -1.0114926043977355
-8.832347 -3.282871e-05 -1.1687140436318066 -1.010778904255371
-8.862254 -3.24953e-05 -1.156844526087947 -1.0005133837866171
-8.892245 -3.24609e-05 -1.1556198735475047 -0.999454225680606
-8.9223 -3.267458e-05 -1.1632269594440643 -1.0060333217298045
-8.952199 -3.254616e-05 -1.1586551606288447 -1.0020793367305625
-8.982014999999999 -3.249113e-05 -1.1566960725677826 -1.000384991655743
-9.011744 -3.286194e-05 -1.1698970437457277 -1.0118020386699855
-9.041643 -3.260827e-05 -1.1608662992709045 -1.0039916713225494
-9.071712 -3.227406e-05 -1.1489683014354064 -0.9937015192699347
-9.101655000000001 -3.263806e-05 -1.1619268341307811 -1.0049088899265628
-9.131744000000001 -3.241885e-05 -1.1541228782182726 -0.9981595280539269
-9.161625 -3.235577e-05 -1.1518772072226016 -0.996217327666509
-9.191615 -3.236116e-05 -1.152069093187514 -0.9963832829627707
-9.221568 -3.263758e-05 -1.1619097459557983 -1.0048941109762464
-9.251448 -3.250604e-05 -1.1572268740031895 -1.0008440627999473
-9.281375 -3.251135e-05 -1.1574159119389378 -1.0010075549378228
-9.311185 -3.258815e-05 -1.1601500199362038 -1.003372186988452
-9.340857 -3.258039e-05 -1.1598737611073136 -1.0031332606250032
-9.371291 -3.234734e-05 -1.1515770961494642 -0.9959577723515768
-9.40076 -3.246027e-05 -1.15559744531784 -0.9994348283083159
-9.430476 -3.247045e-05 -1.1559598570289356 -0.9997482652129434
-9.46056 -3.267143e-05 -1.1631148182957392 -1.0059363348683532
-9.490393 -3.242577e-05 -1.1543692327409432 -0.9983725912543222
-9.520227 -3.246048e-05 -1.1556049213943949 -0.9994412940990792
-9.550495000000002 -3.261313e-05 -1.1610393170426063 -1.0041413081945032
-9.580549999999999 -3.27607e-05 -1.166292862838915 -1.0086849117324115
-9.610263999999999 -3.258924e-05 -1.160188824333561 -1.0034057475214624
-9.64031 -3.2327e-05 -1.1508529847345632 -0.9953315143319178
-9.67043 -3.259781e-05 -1.160493919457735 -1.0036696133635703
-9.700643 -3.262902e-05 -1.1616050068352697 -1.0046305530289366
-9.730597 -3.247427e-05 -1.156095850421508 -0.9998658810258784
-9.76043 -3.262348e-05 -1.1614077808156753 -1.0044599793107012
-9.790132999999999 -3.236653e-05 -1.1522602671451352 -0.9965486224694358
-9.820384 -3.242549e-05 -1.1543592646388696 -0.998363970199971
-9.850318 -3.20433e-05 -1.1407531613123716 -0.9865965389053096
-9.880338 -3.230807e-05 -1.150179069833675 -0.9947486694788137
-9.91043 -3.227682e-05 -1.149066558441558 -0.9937864982342541
-9.940374 -3.273402e-05 -1.1653430451127815 -1.0078634484106561
-9.970171 -3.236707e-05 -1.1522794913419911 -0.9965652487885418
-9.992445 -3.249391e-05 -1.1567950415812254 -1.000470586409659
-9.994154 -3.262337e-05 -1.1614038647755751 -1.0044565924679205
-9.965575000000001 -3.261293e-05 -1.1610321969696968 -1.004135150298538
-9.936397999999999 -3.280648e-05 -1.1679226475279103 -1.010094454118841
-9.906732 -3.234952e-05 -1.1516547049441783 -0.9960248934175971
-9.877001 -3.233752e-05 -1.1512275005696055 -0.9956554196596864
-9.847547 -3.238301e-05 -1.152846961152882 -0.9970560330969667
-9.817667 -3.226413e-05 -1.1486147898154473 -0.9933957797352633
-9.787595999999999 -3.2516e-05 -1.157581453634085 -1.0011507260190133
-9.757771 -3.248527e-05 -1.1564874544315331 -1.0002045653039633
-9.727853999999999 -3.265339e-05 -1.162472587719298 -1.0053808926522938
-9.697908 -3.238773e-05 -1.153014994873547 -0.9972013594417447
-9.667964 -3.238018e-05 -1.1527462121212118 -0.9969688988690593
-9.638168 -3.237289e-05 -1.1524866854636588 -0.9967444435611286
-9.608343999999999 -3.251055e-05 -1.1573874316473 -1.0009829233539622
-9.578278000000001 -3.24738e-05 -1.1560791182501706 -0.9998514099703604
-9.548557 -3.213374e-05 -1.1439728582820687 -0.9893811394607643
-9.518398999999999 -3.250785e-05 -1.1572913106630207 -1.0008997917584321
-9.488251 -3.254168e-05 -1.1584956709956706 -1.0019413998609423
-9.458704 -3.269243e-05 -1.1638624259512413 -1.0065829139446971
-9.428844 -3.239802e-05 -1.1533813226247431 -0.9975181831891533
-9.398825 -3.236141e-05 -1.152077993278651 -0.9963909803327271
-9.368862 -3.224554e-05 -1.147952979038505 -0.9928234033052998
-9.338854 -3.281718e-05 -1.168303571428571 -1.0104239015529783
-9.309149 -3.274562e-05 -1.1657560093415353 -1.0082206063766368
-9.279214 -3.237574e-05 -1.1525881465026198 -0.9968321935786323
-9.249343000000001 -3.233702e-05 -1.1512097003873316 -0.9956400249197733
-9.219252000000001 -3.280887e-05 -1.1680077323991795 -1.010168040975625
-9.18939 -3.254717e-05 -1.1586911169970375 -1.0021104341051865
-9.159459 -3.244711e-05 -1.1551289445203916 -0.9990296387538069
-9.129554 -3.248762e-05 -1.15657111528822 -1.000276920581554
-9.099917999999999 -3.271309e-05 -1.1645979294827977 -1.0072190245979002
-9.069897999999998 -3.263581e-05 -1.1618467333105487 -1.0048396135969544
-9.039704 -3.262169e-05 -1.1613440561631347 -1.0044048661418128
-9.009602999999998 -3.247188e-05 -1.156010765550239 -0.9997922941690945
-8.980075000000001 -3.249202e-05 -1.1567277568922305 -1.0004123942927883
-8.949742 -3.246617e-05 -1.1558074874686715 -0.9996164862392887
-8.919788 -3.267579e-05 -1.1632700358851673 -1.0060705770003942
-8.889798 -3.262124e-05 -1.1613280359990883 -1.004391010875891
-8.859974 -3.247354e-05 -1.1560698621553884 -0.9998434047056056
-8.830214 -3.196962e-05 -1.1381301264524946 -0.9843279700317372
-8.800094 -3.233203e-05 -1.1510320545682384 -0.9954863854154421
-8.770343 -3.245935e-05 -1.155564692982456 -0.999406501986876
-8.740407999999999 -3.22272e-05 -1.1473000683526997 -0.992258724245293
-8.710214 -3.241756e-05 -1.154076953748006 -0.9981198096249514
-8.680279 -3.25726e-05 -1.1595964342674865 -1.0028934105771592
-8.650278 -3.235829e-05 -1.151966920141262 -0.9962949171556703
-8.620647000000002 -3.235595e-05 -1.1518836152882204 -0.9962228697728779
-8.590770000000001 -3.258283e-05 -1.1599606259968098 -1.0032083869557782
-8.560602999999999 -3.236116e-05 -1.152069093187514 -0.9963832829627707
-8.530695 -3.275514e-05 -1.1660949248120296 -1.0085137222245792
-8.500918 -3.260724e-05 -1.16082963089542 -1.0039599581583285
-8.470908 -3.248212e-05 -1.1563753132832078 -1.0001075784425117
-8.440687 -3.268259e-05 -1.1635121183640917 -1.00627994546321
-8.410343999999998 -3.237816e-05 -1.1526742993848254 -0.996906704119811
-8.380482 -3.265931e-05 -1.1626833418774205 -1.0055631663728632
-8.350788 -3.237251e-05 -1.1524731573251308 -0.9967327435587948
-8.320889999999999 -3.235802e-05 -1.151957308042834 -0.9962866039961173
-8.291001 -3.264707e-05 -1.1622475934153562 -1.005186303139794
-8.261048 -3.268332e-05 -1.1635381066302115 -1.006302421783483
-8.230936999999999 -3.265486e-05 -1.162524920255183 -1.005426153187638
-8.201474000000001 -3.270564e-05 -1.164332706766917 -1.0069896429731973
-8.171316 -3.249738e-05 -1.1569185748462059 -1.000577425904655
-8.141149 -3.254677e-05 -1.1586768768512188 -1.0020981183132565
-8.111177 -3.275688e-05 -1.1661568694463427 -1.0085672959194762
-8.081242 -3.292594e-05 -1.1721754670767826 -1.0137725653788432
-8.051104 -3.269537e-05 -1.163967091023012 -1.0066734350153854
-8.021047 -3.257125e-05 -1.1595483737753474 -1.0028518447793944
-7.991318000000001 -3.250191e-05 -1.1570798444976074 -1.0007169022482663
-7.9613249999999995 -3.24676e-05 -1.1558583959899746 -0.9996605151954397
-7.931039 -3.272568e-05 -1.1650461380724537 -1.0076066641489083
-7.901242 -3.25636e-05 -1.159276030986557 -1.0026163052587262
-7.871335 -3.257045e-05 -1.159519893483709 -1.0028272131955336
-7.8413260000000005 -3.249477e-05 -1.1568256578947365 -1.0004970653623093
-7.811094 -3.284015e-05 -1.1691213118022326 -1.0111311359045794
-7.781242 -3.24902e-05 -1.1566629642287536 -1.0003563574395051
-7.751176999999999 -3.276484e-05 -1.1664402483481426 -1.0088123801788904
-7.721328000000001 -3.234906e-05 -1.1516383287764866 -0.9960107302568775
-7.691408999999999 -3.272877e-05 -1.1651561431989061 -1.0077018036415704
-7.661354 -3.267365e-05 -1.163193851105035 -1.0060046875135666
-7.631131 -3.243016e-05 -1.1545255183413075 -0.9985077570707578
-7.601094 -3.249963e-05 -1.1569986756664383 -1.000646702234263
-7.571381000000001 -3.25093e-05 -1.157342931191615 -1.0009444365041795
-7.541446 -3.271882e-05 -1.1648019195716561 -1.0073954483173027
-7.511603 -3.238079e-05 -1.1527679283435859 -0.9969876804517531
-7.481488000000001 -3.248033e-05 -1.156311588630667 -1.0000524652736231
-7.451742 -3.250407e-05 -1.1571567412850303 -1.0007834075246902
-7.421881 -3.261526e-05 -1.161115145819093 -1.0042068897865324
-7.391834 -3.291622e-05 -1.1718294315333788 -1.0134732916349356
-7.361890000000001 -3.283718e-05 -1.1690155787195258 -1.0110396911494963
-7.331761 -3.245753e-05 -1.155499900318979 -0.9993504651335927
-7.30164 -3.271378e-05 -1.1646224937343355 -1.00724026933898
-7.2716769999999995 -3.237369e-05 -1.152515165755297 -0.9967690751449891
-7.241992 -3.244395e-05 -1.1550164473684208 -0.9989323439975571
-7.211881 -3.274509e-05 -1.165737141148325 -1.008204287952329
-7.181723 -3.254761e-05 -1.1587067811574387 -1.00212398147631
-7.151592 -3.256081e-05 -1.1591767059694689 -1.002530402610012
-7.121863 -3.236687e-05 -1.1522723712690814 -0.9965590908925765
-7.091872 -3.275548e-05 -1.166107028935976 -1.0085241906477203
-7.061983000000001 -3.244893e-05 -1.1551937371838685 -0.99908567560709
-7.031974 -3.246248e-05 -1.1556761221234904 -0.9995028730587311
-7.001891 -3.256169e-05 -1.1592080342902709 -1.0025574973522589
-6.972029 -3.270038e-05 -1.1641454488493959 -1.006827690309313
-6.942057 -3.245808e-05 -1.1555194805194802 -0.999367399347497
-6.912001 -3.26434e-05 -1.162116940077466 -1.005073305748833
-6.881908999999999 -3.272172e-05 -1.1649051606288445 -1.0074847378087977
-6.851964 -3.267465e-05 -1.1632294514695827 -1.0060354769933926
-6.822039 -3.255199e-05 -1.1588627107541578 -1.0022588393979475
-6.791951 -3.268887e-05 -1.1637356886534518 -1.006473303396517
-6.762039 -3.257822e-05 -1.159796508316245 -1.003066447453781
-6.732168 -3.230312e-05 -1.1500028480291635 -0.9945962615536753
-6.701853 -3.25121e-05 -1.157442612212349 -1.0010306470476924
-6.671761 -3.269186e-05 -1.1638421337434492 -1.0065653639411962
-6.641834 -3.224911e-05 -1.1480800723399407 -0.9929333217482786
-6.611807 -3.266211e-05 -1.1627830228981544 -1.005649376916376
-6.58213 -3.253917e-05 -1.158406314080656 -1.0018641182665793
-6.552094 -3.257685e-05 -1.1597477358168145 -1.0030242658664192
-6.522029000000001 -3.251137e-05 -1.157416623946229 -1.0010081707274192
-6.492214 -3.27625e-05 -1.1663569434951009 -1.0087403327960978
-6.462233 -3.274987e-05 -1.1659073108908633 -1.0083514616658968
-6.432168 -3.282359e-05 -1.1685317697653221 -1.0106212621186623
-6.402131000000001 -3.270158e-05 -1.164188169286853 -1.006864637685104
-6.372149 -3.264747e-05 -1.1622618335611754 -1.0051986189317246
-6.342279 -3.273211e-05 -1.1652750484164953 -1.0078046405041887
-6.312149000000001 -3.25873e-05 -1.1601197596263382 -1.0033460159306
-6.282426999999999 -3.242016e-05 -1.1541695146958302 -0.9981998622724989
-6.252205 -3.260316e-05 -1.1606843814080654 -1.0038343370806388
-6.222417999999999 -3.290287e-05 -1.1713541666666663 -1.0130622520792598
-6.192298 -3.244557e-05 -1.155074119958988 -0.9989822229548749
-6.162408999999999 -3.287989e-05 -1.1705360702893595 -1.0123547098328607
-6.132427 -3.266607e-05 -1.1629240003417634 -1.0057713032564863
-6.102390000000001 -3.240439e-05 -1.1536080969469125 -0.9977143121756443
-6.072394 -3.251629e-05 -1.1575917777398037 -1.0011596549681627
-6.042441 -3.254455e-05 -1.158597844041923 -1.0020297656680428
-6.012296999999999 -3.234518e-05 -1.1515001993620413 -0.9958912670751529
-5.982546999999999 -3.277601e-05 -1.1668379044201411 -1.009156298668546
-5.952440999999999 -3.257584e-05 -1.1597117794486211 -1.0029931684917952
-5.922585 -3.25594e-05 -1.1591265094554564 -1.0024869894434574
-5.892390000000001 -3.282752e-05 -1.1686716791979945 -1.010742264774378
-5.862437 -3.288347e-05 -1.1706635195944404 -1.0124649361706375
-5.832492 -3.269167e-05 -1.1638353696741854 -1.0065595139400296
-5.802455 -3.273577e-05 -1.16540534575074 -1.0079173300003514
-5.7724459999999995 -3.274075e-05 -1.165582635566188 -1.0080706616098847
-5.742399000000001 -3.269464e-05 -1.163941102756892 -1.0066509586951122
-5.7124179999999996 -3.283113e-05 -1.168800196514012 -1.0108534147965496
-5.682270000000001 -3.235192e-05 -1.151740145819093 -0.9960987881691794
-5.6524920000000005 -3.234848e-05 -1.1516176805650489 -0.9959928723585784
-5.622112 -3.257619e-05 -1.159724239576213 -1.0030039448097343
-5.592001 -3.229955e-05 -1.1498757547277283 -0.994486343110697
-5.562464 -3.262773e-05 -1.1615590823650033 -1.0045908345999612
-5.532507 -3.247277e-05 -1.1560424498746866 -0.9998196968061397
-5.5027420000000005 -3.236579e-05 -1.15223392287537 -0.9965258382543646
-5.472455 -3.284649e-05 -1.169347018113465 -1.0113263412066753
-5.4424269999999995 -3.261122e-05 -1.16097132034632 -1.0040825002880356
-5.412492 -3.280537e-05 -1.1678831311232625 -1.0100602777962344
-5.382464 -3.251392e-05 -1.1575074048758256 -1.0010866839009753
-5.352381 -3.224927e-05 -1.1480857683982681 -0.9929382480650506
-5.322326 -3.288147e-05 -1.1705923188653449 -1.0124033572109854
-5.292066 -3.269157e-05 -1.1638318096377305 -1.0065564349920468
-5.262356 -3.243121e-05 -1.1545628987240828 -0.9985400860245751
-5.232659 -3.242665e-05 -1.1544005610617452 -0.998399685996569
-5.2022960000000005 -3.26075e-05 -1.1608388869902027 -1.0039679634230834
-5.172122 -3.239342e-05 -1.153217560947824 -0.9973765515819543
-5.14214 -3.244135e-05 -1.1549238864205968 -0.9988522913500099
-5.112214 -3.226615e-05 -1.1486867025518341 -0.993457974484512
-5.082094 -3.270794e-05 -1.1644145876053769 -1.0070604587767968
-5.052353 -3.261976e-05 -1.1612753474595576 -1.0043454424457487
-5.022334 -3.223872e-05 -1.1477101845522895 -0.9926134190528874
-4.992649 -3.263901e-05 -1.1619606544771015 -1.0049381399323973
-4.962927 -3.249561e-05 -1.1568555622009566 -1.0005229285253632
-4.932945 -3.239516e-05 -1.1532795055821368 -0.9974301252768513
-4.902732 -3.251618e-05 -1.1575878616997033 -1.0011562681253818
-4.872511 -3.239989e-05 -1.1534478953064478 -0.9975757595164279
-4.842315999999999 -3.255977e-05 -1.159139681590339 -1.002498381550993
-4.8125469999999995 -3.240814e-05 -1.1537415983139665 -0.9978297727249916
-4.782825 -3.245729e-05 -1.1554913562314875 -0.9993430756584346
-4.752770000000001 -3.28477e-05 -1.1693900945545679 -1.0113635964772647
-4.722687 -3.244668e-05 -1.155113636363636 -0.9990163992774818
-4.692483 -3.260423e-05 -1.1607224737981312 -1.0038672818240524
-4.662844 -3.270264e-05 -1.1642259056732738 -1.0068972745337195
-4.632844 -3.244646e-05 -1.1551058042834357 -0.9990096255919202
-4.602787999999999 -3.241312e-05 -1.153918888129414 -0.9979831043345244
-4.572667999999999 -3.244e-05 -1.1548758259284573 -0.9988107255522448
-4.542659 -3.23223e-05 -1.1506856630211892 -0.9951868037767363
-4.512714 -3.258297e-05 -1.1599656100478466 -1.003212697482954
-4.482983 -3.250623e-05 -1.1572336380724535 -1.0008499128011141
-4.452787 -3.271372e-05 -1.1646203577124628 -1.0072384219701904
-4.42279 -3.240871e-05 -1.1537618905217586 -0.9978473227284923
-4.393001 -3.232242e-05 -1.1506899350649349 -0.9951904985143153
-4.362788999999999 -3.237242e-05 -1.1524699532923217 -0.9967299725056105
-4.332351 -3.259351e-05 -1.1603408378901798 -1.0035372186003189
-4.302232 -3.252579e-05 -1.1579299812030073 -1.0014521550265088
-4.272288 -3.248236e-05 -1.1563838573706995 -1.0001149679176702
-4.242640000000001 -3.258849e-05 -1.16016212406015 -1.0033826554115928
-4.2125200000000005 -3.290571e-05 -1.171455271701982 -1.0131496942019653
-4.1828069999999995 -3.255706e-05 -1.1590432046024148 -1.0024149420606647
-4.1529549999999995 -3.250332e-05 -1.1571300410116196 -1.0007603154148208
-4.122932 -3.228787e-05 -1.1494599424698106 -0.9941267219863303
-4.092297 -3.225866e-05 -1.1484200558213713 -0.9932273612806157
-4.0621030000000005 -3.273202e-05 -1.165271844383686 -1.0078018694510045
-4.032047 -3.262996e-05 -1.1616384711779446 -1.004659495139973
-4.002279 -3.251367e-05 -1.1574985047846889 -1.001078986531019
-3.9724079999999997 -3.238525e-05 -1.152926705969469 -0.9971250015317767
-3.942297 -3.256358e-05 -1.1592753189792662 -1.0026156894691296
-3.9122689999999998 -3.21881e-05 -1.145908094098883 -0.9910548555841
-3.8821120000000002 -3.249335e-05 -1.1567751053770787 -1.0004533443009564
-3.852232 -3.2577e-05 -1.1597530758714967 -1.0030288842883934
-3.822399 -3.244053e-05 -1.1548946941216676 -0.9988270439765524
-3.79252 -3.246868e-05 -1.1558968443836863 -0.9996937678336517
-3.762584 -3.240263e-05 -1.1535454403053087 -0.997660122691151
-3.732631 -3.272248e-05 -1.164932216905901 -1.0075081378134656
-3.702432 -3.272089e-05 -1.1648756123262698 -1.0074591825405421
-3.672121 -3.223521e-05 -1.147585227272727 -0.9925053479786984
-3.642094 -3.241121e-05 -1.153850891433128 -0.9979242964280571
-3.612459 -3.23551e-05 -1.1518533549783547 -0.9961966987150257
-3.5824920000000002 -3.249802e-05 -1.1569413590795168 -1.0005971311717436
-3.55239 -3.221784e-05 -1.146966848940533 -0.9919705347141224
-3.522344 -3.275721e-05 -1.1661686175666437 -1.008577456447819
-3.492529 -3.236683e-05 -1.1522709472544996 -0.9965578593133835
-3.4625100000000004 -3.210732e-05 -1.1430322966507174 -0.9885676814037638
-3.4323989999999998 -3.256142e-05 -1.1591984221918428 -1.0025491841927057
-3.4020949999999996 -3.212426e-05 -1.1436353668261559 -0.9890892551920145
-3.372066 -3.220517e-05 -1.146515792321713 -0.9915804320047282
-3.342112 -3.245609e-05 -1.1554486357940301 -0.9993061282826435
-3.3121680000000002 -3.198676e-05 -1.138740316700843 -0.9848557017159533
-3.282271 -3.20777e-05 -1.1419778138528136 -0.9876556970113207
-3.252408 -3.242722e-05 -1.1544208532695373 -0.9984172360000698
-3.22227 -3.212772e-05 -1.1437585440874911 -0.9891957867922122
-3.192159 -3.211197e-05 -1.1431978383458643 -0.9887108524849542
-3.1621669999999997 -3.205071e-05 -1.1410169600136704 -0.9868246889508197
-3.132205 -3.239412e-05 -1.153242481203007 -0.9973981042178324
-3.102177 -3.228268e-05 -1.149275176577808 -0.9939669245860341
-3.0719920000000003 -3.245689e-05 -1.1554771160856683 -0.9993307598665041
-3.042038 -3.210467e-05 -1.1429379556846662 -0.9884860892822254
-3.012038 -3.228113e-05 -1.149219996012759 -0.9939192008923038
-2.981862 -3.237055e-05 -1.1524033806106173 -0.9966723961783359
-2.9519879999999996 -3.227367e-05 -1.1489544172932329 -0.9936895113728026
-2.922362 -3.186357e-05 -1.1343547077922076 -0.9810627456962004
-2.89252 -3.250224e-05 -1.157091592617908 -1.0007270627766087
-2.8623060000000002 -3.238714e-05 -1.152993990658464 -0.9971831936486476
-2.832332 -3.263398e-05 -1.1617815846434265 -1.0047832688488731
-2.8018159999999996 -3.224696e-05 -1.148003531556163 -0.9928671243666528
-2.77195 -3.222167e-05 -1.1471031983367506 -0.9920884584218557
-2.74201 -3.196496e-05 -1.1379642287537022 -0.9841844910557486
-2.712101 -3.215907e-05 -1.1448746155160627 -0.9901610369847543
-2.6820839999999997 -3.207838e-05 -1.142002022100706 -0.9876766338576022
-2.652029 -3.234071e-05 -1.1513410657325127 -0.995753638100331
-2.621658 -3.227475e-05 -1.1489928656869444 -0.9937227640110147
-2.59177 -3.209649e-05 -1.1426467447026656 -0.9882342313372494
-2.5618440000000002 -3.244829e-05 -1.1551709529505578 -0.9990659703400014
-2.532044 -3.214211e-05 -1.1442708333333331 -0.989638847406907
-2.502205 -3.200342e-05 -1.139333418774208 -0.9853686544498527
-2.471908 -3.259381e-05 -1.160351517999544 -1.0035464554442668
-2.44202 -3.206496e-05 -1.1415242652084756 -0.9872634390383387
-2.4123159999999997 -3.217786e-05 -1.1455435463659145 -0.9907395713106828
-2.382167 -3.199756e-05 -1.139124800637958 -0.9851882280980727
-2.3521680000000003 -3.270716e-05 -1.1643868193210296 -1.0070364429825327
-2.322232 -3.225493e-05 -1.1482872664616082 -0.9931125165208651
-2.292214 -3.213517e-05 -1.144023766803372 -0.9894251684169153
-2.262279 -3.222121e-05 -1.1470868221690589 -0.9920742952611359
-2.232279 -3.202457e-05 -1.1400863664843925 -0.9860198519481705
-2.202214 -3.234568e-05 -1.1515179995443152 -0.9959066618150659
-2.172167 -3.180899e-05 -1.1324116398951922 -0.9793822558873025
-2.142112 -3.218868e-05 -1.1459287423103208 -0.991072713482399
-2.112177 -3.173436e-05 -1.129754784688995 -0.9770844370078956
-2.0823620000000003 -3.188919e-05 -1.1352667891319204 -0.9818515721693399
-2.0525010000000004 -3.245002e-05 -1.1552325415812255 -0.9991192361401002
-2.022353 -3.183437e-05 -1.1333151771474135 -0.9801636928852839
-1.992214 -3.209641e-05 -1.1426438966735017 -0.9882317681788634
-1.962094 -3.204255e-05 -1.1407264610389607 -0.9865734467954401
-1.93226 -3.219305e-05 -1.1460843159033947 -0.9912072635092384
-1.902205 -3.200898e-05 -1.1395313568010936 -0.9855398439576849
-1.8719729999999999 -3.214846e-05 -1.144496895648211 -0.9898343606038015
-1.841732 -3.200592e-05 -1.1394224196855773 -0.9854456281494175
-1.8116199999999998 -3.234635e-05 -1.151541851788562 -0.9959272907665492
-1.7817049999999999 -3.147932e-05 -1.1206752677147411 -0.9692318880730977
-1.751816 -3.196598e-05 -1.138000541125541 -0.9842158963251709
-1.721808 -3.188222e-05 -1.1350186545910226 -0.9816369694949533
-1.692029 -3.158377e-05 -1.1243937257917518 -0.9724478492409132
-1.6619179999999998 -3.119355e-05 -1.1105017515379356 -0.96043317842325
-1.6319359999999998 -3.217955e-05 -1.145603710982 -0.9907916055315887
-1.601945 -3.146924e-05 -1.1203164160401002 -0.9689215301164528
-1.571612 -3.198898e-05 -1.1388193495101386 -0.9849240543611666
-1.541519 -3.178195e-05 -1.1314490060378213 -0.9785497083528102
-1.51151 -3.196067e-05 -1.1378115031897924 -0.9840524041872953
-1.481837 -3.211467e-05 -1.1432939593301432 -0.9887939840804842
-1.451992 -3.169201e-05 -1.1282471092503985 -0.9757805025372688
-1.4218250000000001 -3.186335e-05 -1.134346875712007 -0.9810559720106387
-1.391686 -3.123358e-05 -1.111926834130781 -0.9616656813006805
-1.361343 -3.202333e-05 -1.1400422220323532 -0.9859816729931863
-1.331501 -3.178753e-05 -1.131647656071998 -0.9787215136502389
-1.301714 -3.161316e-05 -1.1254400205058097 -0.9733527520529964
-1.271761 -3.182469e-05 -1.1329705656185916 -0.9798656507205692
-1.24214 -3.157707e-05 -1.1241552033492819 -0.9722415597260795
-1.2121300000000002 -3.131484e-05 -1.11481971975393 -0.9641676344313335
-1.181945 -3.145392e-05 -1.1197710184552288 -0.96844983528552
-1.152112 -3.087596e-05 -1.0991954317612207 -0.9506547475253416
-1.121964 -3.094642e-05 -1.1017038334472542 -0.9528241742738749
-1.091723 -3.099353e-05 -1.1033809666210979 -0.954274666668473
-1.061732 -3.052844e-05 -1.0868235930735928 -0.9399547874962444
-1.03163 -3.001592e-05 -1.0685776942355887 -0.9241745632958734
-1.0016209999999999 -2.897478e-05 -1.0315127306903622 -0.8921184042699344
-0.9718365999999999 -2.821828e-05 -1.004581054910002 -0.8688261627816398
-0.9419083 -2.697959e-05 -0.9604832393483708 -0.830687542016094
-0.9119267999999999 -2.582756e-05 -0.9194705513784459 -0.7952171375722606
-0.8817877999999999 -2.459316e-05 -0.8755254613807243 -0.7572106036751678
-0.8515842 -2.375113e-05 -0.8455488864205967 -0.7312849379773639
-0.8216304 -2.236885e-05 -0.7963392145135564 -0.6887252558036168
-0.7916573 -2.120108e-05 -0.7547661768056504 -0.652770224947324
-0.7616212 -1.947284e-05 -0.6932402027796764 -0.5995586143330078
-0.7318527 -1.830329e-05 -0.6516037964228752 -0.5635487782026247
-0.7018064 -1.720628e-05 -0.6125498405103668 -0.5297724109388126
-0.6719453 -1.648251e-05 -0.586783364661654 -0.5074879091252198
-0.6416767999999999 -1.507772e-05 -0.5367723285486442 -0.4642351557605916
-0.6116583000000001 -1.431764e-05 -0.5097132034632034 -0.4408326879345204
-0.581649 -1.353164e-05 -0.48173131692868526 -0.41663215679136184
-0.5515564000000001 -1.25101e-05 -0.44536412052859414 -0.3851794715700104
-0.5217601 -1.204911e-05 -0.4289527084757347 -0.37098582926506807
-0.49176929999999996 -1.127642e-05 -0.40144466279334695 -0.34719510609839227
-0.46134339999999996 -1.001221e-05 -0.3564383259284574 -0.30827073780768927
-0.4312971 -9.553823e-06 -0.3401195816245157 -0.29415724051873376
-0.40151 -8.501604e-06 -0.3026602016404647 -0.2617599648458035
-0.3715193 -8.028223e-06 -0.28580766547049435 -0.24718481009633841
-0.341629 -7.176506e-06 -0.2554862297789929 -0.22096088670746108
-0.3113804 -7.333128e-06 -0.2610620300751879 -0.22578319661675345
-0.28144529999999995 -7.005806e-06 -0.24940924755069485 -0.2157051225011797
-0.2516026 -6.474273e-06 -0.23048647898154473 -0.19933949792087882
-0.22157490000000002 -5.669578e-06 -0.20183904363180674 -0.17456335745237497
-0.1916952 -5.302239e-06 -0.18876164131920706 -0.16325318072260817
-0.16127719999999998 -5.065919e-06 -0.18034856316928682 -0.15597701085015112
-0.1309823 -4.313637e-06 -0.1535670497265892 -0.1328146393877623
-0.1014875 -3.789965e-06 -0.13492413562314876 -0.11669105090837278
-0.07157486 -2.900967e-06 -0.10327548274094325 -0.08931926492210601
-0.041593380000000006 -2.720735e-06 -0.09685915783777624 -0.08377001539412413
-0.01150078 -2.510129e-06 -0.0893615074618364 -0.07728556620591032
0.01882329 -1.875219e-06 -0.06675848000683525 -0.05773701756964719
0.048578539999999996 -1.46196e-06 -0.05204630895420368 -0.045012987926274964
0.07874922 -7.319683e-07 -0.026058338317384366 -0.02253692320604942
0.1087492 -5.30476e-07 -0.01888513898382319 -0.016333080100124926
0.13841589999999998 -1.147848e-07 -0.004086380724538618 -0.0035341642839201385
0.16884180000000001 3.467783e-07 0.012345433897243104 0.010677123471910419
0.1985918 6.397566e-07 0.022775568181818175 0.019697772929187337
0.2288604 8.351612e-07 0.02973204317612212 0.02571417891877569
0.2586474 1.920158e-06 0.06835832478924583 0.05912066600354338
0.28857330000000003 2.413822e-06 0.08593294315333785 0.0743203237723172
0.3188603 3.013767e-06 0.10729120386192752 0.09279231824646769
0.3489344 3.180518e-06 0.11322760025062653 0.09792649479691659
0.37867520000000005 3.730752e-06 0.13281613123718383 0.1148679134394417
0.40850850000000005 4.519136e-06 0.16088288904078374 0.1391418467025052
0.4387122 4.123515e-06 0.14679863721804506 0.12696088190430221
0.4687863 4.989723e-06 0.17763595779220775 0.15363097564533673
0.4990085 5.790967e-06 0.2061605362838915 0.17830086161896136
0.5289252 5.92107e-06 0.21079225051264522 0.18230666531275064
0.5588233 6.704618e-06 0.2386868449532923 0.2064317006513761
0.58874 7.388093e-06 0.26301880411255407 0.22747554037538412
0.6189714000000001 7.080543e-06 0.2520699119958988 0.21800623585492812
0.6492214000000001 7.930537e-06 0.28233000825928445 0.2441771089700654
0.6788143999999999 8.385701e-06 0.2985340125882888 0.2581913717655421
0.7087863 9.205987e-06 0.3277364932216905 0.28344755101401153
0.7388326 9.857196e-06 0.3509197710184552 0.303497937381957
0.7689252 1.069482e-05 0.3807394907723854 0.3292879446316479
0.7990455 1.095344e-05 0.38994645705172015 0.33725071990422256
0.8291937 1.132291e-05 0.40309972374117103 0.3486265090154984
0.8590270000000001 1.225259e-05 0.4361966706539073 0.3772508726200425
0.8890548 1.273059e-05 0.4532136449077238 0.39196824397682345
0.9189622000000001 1.345786e-05 0.4791047220323535 0.4143605089698068
0.9491474 1.41768e-05 0.5046992481203006 0.43649629759584047
0.9792215 1.477984e-05 0.5261676919571655 0.45506358551005205
1.009107 1.556759e-05 0.5542118791296422 0.479317998242906
1.039083 1.654139e-05 0.5888795141262245 0.5093007936973689
1.068981 1.728576e-05 0.6153793574846206 0.5322195587953752
1.0990550000000001 1.848021e-05 0.6579022129186601 0.5689960529734231
1.129564 1.900177e-05 0.6764699390521758 0.5850546140714205
1.159173 1.978411e-05 0.7043215282524492 0.6091424557184162
1.1890640000000001 2.042395e-05 0.7271000655046707 0.628842796490221
1.219046 2.164565e-05 0.7705930308726359 0.6664583039935248
1.249175 2.249409e-05 0.8007978041695145 0.6925813302570127
1.2791839999999999 2.323585e-05 0.8272047305764408 0.7154197348126734
1.3093050000000002 2.406335e-05 0.85666403223969 0.7408980293686069
1.339305 2.479231e-05 0.8826152739804054 0.7633423285824962
1.369147 2.591202e-05 0.9224773581681474 0.7978176170383562
1.399135 2.635305e-05 0.9381781869446341 0.8113967013259735
1.429259 2.675624e-05 0.9525318979266345 0.8238107116969788
1.459277 2.697798e-05 0.9604259227614489 0.8306379709535743
1.489166 2.719699e-05 0.9682227586010479 0.837381174930245
1.5192860000000001 2.788272e-05 0.9926349965823648 0.8584944449312604
1.549249 2.826008e-05 1.0060691501480972 0.8701131630383625
1.57938 2.853885e-05 1.0159934637730688 0.8786963463294291
1.6093330000000001 2.915604e-05 1.0379656527682841 0.8976993053831773
1.6391010000000001 2.938152e-05 1.045992822966507 0.9046417172943216
1.6693330000000002 2.9395e-05 1.0464727158806104 0.9050567594823747
1.699434 2.938747e-05 1.046204645135566 0.9048249146992856
1.729249 3.007238e-05 1.0705876908179537 0.9259129373268438
1.7596379999999998 3.010362e-05 1.0716998462064249 0.926874800676605
1.78949 3.039017e-05 1.0819011306675776 0.935697526120717
1.819277 3.052943e-05 1.0868588374344952 0.9399852690812722
1.8493330000000001 3.093078e-05 1.1011470437457276 0.9523426268093976
1.879536 3.062642e-05 1.0903117167919796 0.9429715407295861
1.9095309999999999 3.113655e-05 1.1084725307587147 0.9586781780731733
1.939435 3.123087e-05 1.111830357142857 0.9615822418103525
1.9693699999999998 3.144994e-05 1.1196293290043289 0.9683272931558128
1.999434 3.140488e-05 1.118025176577808 0.9669399191948577
2.0293140000000003 3.169325e-05 1.1282912537024377 0.9758186814922528
2.059342 3.14989e-05 1.1213723228525858 0.9698347460880888
2.089323 3.197865e-05 1.1384515977443608 0.9846059990345651
2.119342 3.187761e-05 1.1348545369104577 0.981495029992956
2.14936 3.217131e-05 1.145310363978127 0.9905379002178234
2.179342 3.208177e-05 1.1421227073365228 0.987781010194212
2.209721 3.229069e-05 1.1495603354978352 0.9942135483194394
2.239805 3.246995e-05 1.1559420568466618 0.9997328704730306
2.269786 3.228107e-05 1.1492178599908862 0.9939173535235144
2.2997199999999998 3.250053e-05 1.1570307159945314 1.0006744127661065
2.3293969999999997 3.196358e-05 1.1379151002506263 0.9841420015735887
2.359471 3.223905e-05 1.14772193267259 0.9926235795812297
2.389657 3.225219e-05 1.1481897214627474 0.9930281533461421
2.419647 3.203117e-05 1.1403213288904073 0.9862230625150212
2.449399 3.235744e-05 1.1519366598313963 0.9962687460978183
2.479444 3.24518e-05 1.1552959102301203 0.9991740414141903
2.509092 3.224443e-05 1.1479134626338572 0.9927892269826932
2.539148 3.268013e-05 1.1634245414673043 1.0062042033428384
2.569009 3.20066e-05 1.1394466279334696 0.985466564995699
2.5991660000000003 3.202123e-05 1.1399674612668032 0.9859170150855521
2.629333 3.269841e-05 1.164075316131237 1.0067670350340558
2.659592 3.267249e-05 1.1631525546821597 1.0059689717169686
2.689616 3.208128e-05 1.1421052631578943 0.9877659233490973
2.7194070000000004 3.225885e-05 1.1484268198906356 0.9932332112817828
2.7494810000000003 3.234204e-05 1.1513884142173614 0.9957945881084994
2.7796469999999998 3.24999e-05 1.1570082877648662 1.000655015393816
2.80949 3.240482e-05 1.1536234051036678 0.9977275516519695
2.839712 3.24024e-05 1.1535372522214624 0.9976530411107909
2.869694 3.245207e-05 1.1553055223285482 0.9991823545737433
2.899777 3.249483e-05 1.1568277939166094 1.0004989127310988
2.9297590000000002 3.222454e-05 1.1472053713830026 0.9921768242289559
2.959944 3.25376e-05 1.158350421508316 1.001815778783253
2.98973 3.261171e-05 1.1609887645249484 1.0040975871331503
3.0194989999999997 3.234969e-05 1.1516607570061514 0.9960301276291676
3.049638 3.249825e-05 1.1569495471633624 1.0006042127521033
3.079555 3.243378e-05 1.1546543916609704 0.9986192149877277
3.109583 3.224854e-05 1.1480597801321482 0.9929157717447776
3.139823 3.226968e-05 1.1488123718386873 0.9935666613482972
3.169768 3.253952e-05 1.1584187742082475 1.0018748945845184
3.199573 3.233225e-05 1.151039886648439 0.9954931591010039
3.229897 3.225934e-05 1.1484442640692638 0.9932482981268975
3.259739 3.209507e-05 1.1425961921850079 0.9881905102758967
3.289805 3.27398e-05 1.1655488152198676 1.0080414116040501
3.3198980000000002 3.259e-05 1.1602158806106173 1.00342914752613
3.350083 3.264063e-05 1.162018327067669 1.0049880188897153
3.379944 3.263418e-05 1.161788704716336 1.0047894267448383
3.409935 3.231888e-05 1.1505639097744358 0.9950815037557316
3.44025 3.230845e-05 1.150192597972203 0.9947603694811474
3.470258 3.293154e-05 1.1723748291182499 1.0139449864658683
3.500185 3.242802e-05 1.1544493335611756 0.9984418675839306
3.530212 3.241982e-05 1.154157410571884 0.998189393849358
3.56024 3.268652e-05 1.1636520277967644 1.006400948118926
3.589975 3.285135e-05 1.1695200358851672 1.0114759780786293
3.62024 3.258395e-05 1.1600004984051033 1.0032428711731833
3.650351 3.269617e-05 1.16399557131465 1.0066980665992458
3.68006 3.247143e-05 1.1559947453861923 0.9997784389031728
3.709842 3.239574e-05 1.1533001537935745 0.9974479831751503
3.7397959999999997 3.274244e-05 1.1656428001822738 1.0081226958307905
3.7698139999999998 3.244587e-05 1.1550848000683522 0.9989914597988226
3.800055 3.217687e-05 1.145508302005012 0.9907090897256552
3.83012 3.239349e-05 1.1532200529733423 0.9973787068455422
3.860203 3.228653e-05 1.1494122379813165 0.9940854640833636
3.89006 3.248649e-05 1.1565308868762814 1.000242128469351
3.920305 3.274885e-05 1.1658709985190243 1.0083200563964743
3.95011 3.263438e-05 1.1617958247892455 1.0047955846408034
3.980259 3.252785e-05 1.1580033179539755 1.0015155813549501
4.010314 3.285672e-05 1.1697112098427886 1.0116413175852945
4.040203 3.253476e-05 1.1582493164730006 1.0017283366605474
4.0701350000000005 3.270186e-05 1.1641981373889265 1.0068732587394553
4.100129 3.247772e-05 1.1562186716791976 0.9999721047312776
4.130249 3.280391e-05 1.1678311545910227 1.0100153251556887
4.160333 3.24698e-05 1.1559367167919794 0.9997282520510565
4.190407 3.260357e-05 1.1606989775575298 1.0038469607673675
4.220555 3.282596e-05 1.1686161426293002 1.0106942331858497
4.250545 3.25087e-05 1.1573215709728866 1.0009259628162843
4.280601 3.277337e-05 1.166743919457735 1.0090750144418055
4.310579 3.280767e-05 1.1679650119617222 1.010131093599834
4.340175 3.291891e-05 1.171925196514012 1.0135561153356671
4.370470999999999 3.259121e-05 1.16025895705172 1.0034664027967195
4.40062 3.236071e-05 1.1520530730234673 0.9963694276968489
4.430907 3.259903e-05 1.160537351902483 1.0037071765289578
4.460475000000001 3.278091e-05 1.1670123462064248 1.0093071671196927
4.490305 3.271148e-05 1.1645406128958757 1.0071694535353803
4.5203050000000005 3.248498e-05 1.1564771303258141 1.0001956363548137
4.55024 3.242625e-05 1.154386320915926 0.9983873702046387
4.580564000000001 3.254705e-05 1.158686844953292 1.0021067393676075
4.6106750000000005 3.286537e-05 1.1700191529961261 1.0119076465857884
4.640758 3.270207e-05 1.1642056134654815 1.0068797245302188
4.670249 3.257071e-05 1.1595291495784914 1.0028352184602882
4.700609999999999 3.261546e-05 1.1611222658920024 1.0042130476824973
4.730536 3.268753e-05 1.1636879841649574 1.00643204549355
4.7605450000000005 3.222192e-05 1.1471120984278875 0.9920961557918121
4.790607 3.278375e-05 1.1671134512417405 1.0093946092423984
4.820509 3.305719e-05 1.1768480149236724 1.0178136846059929
4.85086 3.272002e-05 1.1648446400091135 1.0074323956930937
4.880796 3.270365e-05 1.164261862041467 1.0069283719083437
4.910768 3.306843e-05 1.1772481630211888 1.018159758359236
4.940518 3.279516e-05 1.16751965140123 1.0097459172072119
4.9709650000000005 3.265831e-05 1.1626477415128726 1.0055323768930373
5.000229999999999 3.257382e-05 1.1596398667122347 1.002930973742547
5.030277 3.254035e-05 1.1584483225108222 1.001900449852774
5.060425 3.249835e-05 1.1569531071998174 1.000607291700086
5.090109999999999 3.286409e-05 1.1699735845295054 1.0118682360516114
5.120508 3.277222e-05 1.166702979038505 1.0090396065400056
5.150518 3.275672e-05 1.1661511733880152 1.0085623696027042
5.180600999999999 3.261078e-05 1.1609556561859191 1.0040689529169124
5.21075 3.290324e-05 1.171367338801549 1.0130736441867954
5.240564 3.253677e-05 1.1583208732057415 1.0017902235149974
5.270601 3.261029e-05 1.1609382120072909 1.0040538660717977
5.300859999999999 3.2489e-05 1.1566202437912962 1.000319410063714
5.33087 3.256105e-05 1.1591852500569604 1.0025377920851701
5.360962000000001 3.265389e-05 1.162490387901572 1.0053962873922069
5.390841999999999 3.240048e-05 1.1534688995215308 0.9975939253095252
5.420777 3.263467e-05 1.1618061488949643 1.0048045135899528
5.450814 3.239039e-05 1.1531096918432442 0.9972832594580818
5.480833 3.284859e-05 1.1694217788790153 1.0113909991143097
5.51074 3.250418e-05 1.1571606573251305 1.000786794367471
5.540842 3.283258e-05 1.168851817042606 1.0108980595422972
5.570786 3.301279e-05 1.1752673587377533 1.016446631701723
5.600703 3.268178e-05 1.1634832820688081 1.0062550059845514
5.6304620000000005 3.26856e-05 1.1636192754613803 1.006372621797486
5.660842 3.255973e-05 1.1591382575757572 1.0024971499717998
5.6909719999999995 3.258233e-05 1.1599428258145361 1.0031929922158653
5.720971 3.287028e-05 1.170193950786056 1.0120588229317338
5.750675 3.296134e-05 1.1734357199817722 1.0148625129646802
5.780795 3.267753e-05 1.1633319805194804 1.0061241506952912
5.810787 3.285393e-05 1.1696118848257004 1.0115554149365802
5.84075 3.283904e-05 1.1690817953975845 1.0110969595819725
5.8711850000000005 3.277276e-05 1.1667222032353608 1.0090562328591117
5.901091999999999 3.269725e-05 1.1640340197083614 1.0067313192374578
5.9309840000000005 3.257189e-05 1.1595711580086576 1.0028715500464829
5.961008 3.246961e-05 1.1559299527227156 0.9997224020498897
5.990879 3.227483e-05 1.1489957137161082 0.9937252271694006
6.020953 3.291403e-05 1.171751466735019 1.0134058626741167
6.0511289999999995 3.27018e-05 1.1641960013670536 1.0068714113706658
6.081147 3.270232e-05 1.1642145135566186 1.0068874219001753
6.111435 3.282349e-05 1.1685282097288674 1.0106181831706798
6.141096999999999 3.290952e-05 1.1715909090909087 1.013267002120102
6.170916 3.227631e-05 1.1490484022556389 0.993770795599543
6.200795 3.278568e-05 1.1671821599453176 1.0094540329384625
6.23098 3.271438e-05 1.1646438539530641 1.0072587430268756
6.26112 3.24736e-05 1.1560719981772611 0.9998452520743951
6.290888 3.258031e-05 1.1598709130781495 1.0031307974666168
6.3208969999999995 3.286561e-05 1.1700276970836179 1.0119150360609466
6.350981 3.24594e-05 1.1555664730006834 0.9994080414608674
6.381138 3.250749e-05 1.1572784945317838 1.000888707545695
6.411022 3.237306e-05 1.152492737525632 0.996749677772699
6.440833 3.259024e-05 1.1602244246981086 1.003436537001288
6.471007999999999 3.229755e-05 1.1498045539986326 0.9944247641510451
6.501009 3.22462e-05 1.1479764752791066 0.9928437243619851
6.530879 3.248697e-05 1.1565479750512644 1.0002569074196674
6.560833 3.283791e-05 1.1690415669856458 1.0110621674697693
6.591101 3.266137e-05 1.162756678628389 1.0056265927013046
6.6212860000000004 3.28343e-05 1.1689130496696283 1.0109510174475975
6.651086 3.244555e-05 1.155073407951697 0.9989816071652785
6.681277 3.275965e-05 1.16625548245614 1.0086525827785942
6.710953000000001 3.244235e-05 1.1549594867851445 0.9988830808298357
6.741157 3.233646e-05 1.151189764183185 0.9956227828110709
6.770944 3.247806e-05 1.156230775803144 0.9999825731544187
6.800935000000001 3.246619e-05 1.1558081994759624 0.9996171020288851
6.830916 3.278124e-05 1.1670240943267256 1.0093173276480354
6.860925 3.286495e-05 1.1700042008430165 1.0118947150042616
6.891027 3.261226e-05 1.1610083447254496 1.0041145213470546
6.92087 3.261025e-05 1.1609367879927088 1.0040526344926046
6.951222 3.228266e-05 1.1492744645705169 0.9939663087964373
6.981037000000001 3.260324e-05 1.1606872294372292 1.003836800239025
7.011195 3.244506e-05 1.1550559637730689 0.998966520320164
7.041296 3.273404e-05 1.1653437571200724 1.0078640642002528
7.0710370000000005 3.262171e-05 1.1613447681704259 1.0044054819314094
7.1010919999999995 3.266664e-05 1.1629442925495554 1.0057888532599872
7.13111 3.283564e-05 1.1689607541581222 1.0109922753505645
7.1611009999999995 3.277905e-05 1.166946129528366 1.0092498986872167
7.191536 3.245453e-05 1.1553930992253358 0.9992580966941151
7.22175 3.23959e-05 1.1533058498519022 0.9974529094919224
7.251654 3.257272e-05 1.1596007063112324 1.0028971053147384
7.2815460000000005 3.273108e-05 1.1652383800410113 1.0077729273399683
7.311443000000001 3.252502e-05 1.1579025689223053 1.0014284471270427
7.3415550000000005 3.256676e-05 1.1593885281385279 1.0027136000149761
7.371657 3.241902e-05 1.1541289302802455 0.9981647622654972
7.40149 3.239323e-05 1.1532107968785599 0.9973707015807874
7.431342 3.247225e-05 1.1560239376851216 0.9998036862766301
7.461508 3.262357e-05 1.1614109848484846 1.0044627503638854
7.491518 3.263721e-05 1.1618965738209155 1.0048827188687108
7.521230999999999 3.257149e-05 1.1595569178628387 1.0028592342545526
7.551268 3.26815e-05 1.1634733139667348 1.0062463849302001
7.581027 3.250942e-05 1.1573472032353609 1.000948131241759
7.611129 3.25112e-05 1.1574105718842558 1.001002936515849
7.641129 3.247435e-05 1.1560986984506716 0.9998683441842643
7.671175 3.255849e-05 1.1590941131237182 1.002458971016816
7.701564 3.250556e-05 1.1572097858282067 1.0008292838496309
7.731249 3.254811e-05 1.1587245813397127 1.002139376216223
7.761268 3.240451e-05 1.153612368990658 0.9977180069132234
7.791055 3.285581e-05 1.16967881351105 1.0116132991586528
7.821668 3.283482e-05 1.1689315618591931 1.0109670279771072
7.851647 3.297264e-05 1.1738380041011618 1.015210434086713
7.881703000000001 3.2586e-05 1.1600734791524265 1.0033059896068266
7.911666 3.251472e-05 1.1575358851674638 1.001111315484836
7.941541 3.21956e-05 1.1461750968329913 0.9912857766827945
7.971601 3.239048e-05 1.1531128958760535 0.9972860305112661
8.00161 3.23998e-05 1.1534446912736385 0.9975729884632436
8.031546 3.210516e-05 1.1429553998632944 0.9885011761273399
8.061425 3.2238e-05 1.1476845522898151 0.9925912506274127
8.091305 3.22609e-05 1.1484998006379583 0.9932963297154258
8.121018 3.219094e-05 1.1460091991341987 0.9911422977068056
8.151518 3.239628e-05 1.1533193779904303 0.9974646094942562
8.181694 3.262149e-05 1.1613369360902253 1.0043987082458476
8.211713 3.229532e-05 1.1497251651856912 0.9943561036110332
8.241602 3.26258e-05 1.161490373661426 1.0045314109038972
8.271786 3.247903e-05 1.1562653081567553 1.0000124389498497
8.301722999999999 3.271747e-05 1.1647538590795166 1.0073538825195376
8.331944 3.236657e-05 1.1522616911597172 0.9965498540486288
8.361915999999999 3.223774e-05 1.147675296195033 0.992583245362658
8.391814 3.244451e-05 1.1550363835725674 0.9989495861062596
8.421588999999999 3.231298e-05 1.1503538676236043 0.9948998458247588
8.451722 3.25392e-05 1.1584073820915923 1.0018650419509743
8.481919 3.251076e-05 1.1573949077238546 1.0009893891447255
8.511657 3.234266e-05 1.151410486443381 0.9958136775859915
8.541842 3.278629e-05 1.1672038761676917 1.0094728145211562
8.571602 3.242471e-05 1.1543314963545224 0.9983399544057068
8.601796 3.282522e-05 1.1685897983595348 1.0106714489707784
8.631917 3.241425e-05 1.153959116541353 0.9980178964467278
8.661602 3.241222e-05 1.1538868478013211 0.9979553938026813
8.691823000000001 3.246187e-05 1.1556544059011162 0.9994840914760372
8.72175 3.250913e-05 1.1573368791296421 1.0009392022926094
8.751897000000001 3.238856e-05 1.1530445431761218 0.9972269147100004
8.781919 3.245577e-05 1.155437243677375 0.9992962756490992
8.811665999999999 3.239779e-05 1.1533731345408975 0.9975111016087936
8.841833000000001 3.246595e-05 1.1557996553884708 0.9996097125537269
8.871704 3.27337e-05 1.1653316529961264 1.007853595777112
8.901834000000001 3.239922e-05 1.1534240430622007 0.9975551305649446
8.931694 3.231067e-05 1.150271630781499 0.994828722126361
8.961797 3.252947e-05 1.158060990544543 1.0015654603122681
8.991491 3.255162e-05 1.1588495386192754 1.002247447290412
9.021389 3.265972e-05 1.1626979380268851 1.0055757900595919
9.051352000000001 3.250515e-05 1.157195189678742 1.0008166601629023
9.081963 3.238274e-05 1.1528373490544541 0.9970477199374137
9.111963 3.241623e-05 1.1540296052631576 0.998078859616783
9.142064 3.259558e-05 1.1604145306447935 1.0036009528235585
9.171833000000001 3.243684e-05 1.1547633287764862 0.9987134307959948
9.201898 3.232838e-05 1.1509021132376391 0.9953740038140776
9.232 3.223782e-05 1.1476781442241966 0.992585708521044
9.261957 3.238002e-05 1.152740516062884 0.9969639725522871
9.292061 3.263163e-05 1.1616979237867395 1.0047109135712824
9.321741 3.217434e-05 1.1454182330827063 0.9906311923416956
9.351509 3.276758e-05 1.1665377933470036 1.0088967433536136
9.381723 3.202501e-05 1.1401020306447935 0.9860333993192939
9.411999 3.227117e-05 1.1488654163818635 0.9936125376732379
9.44188 3.238013e-05 1.1527444321029845 0.9969673593950681
9.472064 3.240062e-05 1.1534738835725675 0.9975982358367007
9.50187 3.211869e-05 1.1434370727956251 0.9889177577893844
9.531947 3.210847e-05 1.1430732370699472 0.9886030893055636
9.562093 3.238299e-05 1.1528462491455909 0.9970554173073701
9.592120000000001 3.254077e-05 1.1584632746639325 1.001913381434301
9.621898 3.232002e-05 1.1506044941900202 0.995116603762733
9.651703 3.223273e-05 1.1474969383686486 0.9924289900687302
9.681556 3.176378e-05 1.1308021474139893 0.9779902635043738
9.711870000000001 3.219457e-05 1.1461384284575071 0.9912540635185738
9.742175999999999 3.248685e-05 1.1565437030075183 1.0002532126820882
9.771944 3.228859e-05 1.149485574732285 0.994148890411805
9.802064 3.247429e-05 1.1560965624287989 0.9998664968154749
9.832102 3.248178e-05 1.1563632091592617 1.0000971100193712
9.862287 3.227668e-05 1.1490615743905215 0.9937821877070785
9.892406999999999 3.240128e-05 1.1534973798131691 0.997618556893386
9.922333 3.253263e-05 1.1581734876965137 1.001662755068518
9.952013 3.231156e-05 1.1503033151059465 0.994856124763406
9.982068 3.237888e-05 1.1526999316472997 0.9969288725452856
10.00405 3.201804e-05 1.1398538961038958 0.9858187966449073
