Keff(MJ/m3):-0.012363531275818403 Ms(MA/m):1.2371531813002918
H(kOe) moment(emu) M(MA/m) M_norm()
9.9671 3.47849e-05 1.1861312460056117 1.001099838756557
9.938525 3.469151e-05 1.1829467378694818 0.9984121002855115
9.91032 3.50728e-05 1.1959483558930921 1.0093855214400782
9.881748 3.527733e-05 1.2029226298954758 1.0152718384920425
9.852765 3.483651e-05 1.1878910967916239 1.002585160337997
9.823841 3.454575e-05 1.1779764636867827 0.9942171676424062
9.794651 3.51042e-05 1.1970190653424386 1.010289204789375
9.765257 3.487146e-05 1.1890828577869952 1.0035910117092683
9.736104 3.464055e-05 1.1812090514510518 0.9969454855249966
9.70659 3.473752e-05 1.184515634104018 0.9997362554097519
9.676953 3.474514e-05 1.1847754686901335 0.9999555569104412
9.647174000000001 3.441492e-05 1.1735152879779287 0.9904519162860843
9.617137000000001 3.494978e-05 1.1917534935854925 1.0058450397321004
9.587812 3.469684e-05 1.1831284856836544 0.9985654962170959
9.558054 3.508397e-05 1.1963292420252323 1.009706990962742
9.528017 3.517312e-05 1.1993691702866731 1.012272703401908
9.498396000000001 3.482072e-05 1.1873526731545159 1.0021307284881433
9.468619 3.453726e-05 1.1776869629471345 0.9939728277814021
9.438488 3.511289e-05 1.1973153858874968 1.0105393005952792
9.408896 3.470786e-05 1.1835042569617371 0.9988826487810848
9.378896000000001 3.452114e-05 1.1771372866311003 0.9935088986224635
9.348545 3.488036e-05 1.1893863391277337 1.0038471512573177
9.318736000000001 3.459495e-05 1.1796541358176058 0.9956331300878012
9.289091 3.495548e-05 1.1919478580396734 1.00600908416175
9.25859 3.450643e-05 1.1766356899432058 0.9930855488750701
9.228877 3.437735e-05 1.172234187531688 0.9893706620366229
9.198804 3.522202e-05 1.201036612709382 1.0136800319299533
9.168747999999999 3.457156e-05 1.1788565595749236 0.9949599723317484
9.138869000000001 3.46109e-05 1.1801980152990412 0.9960921666935744
9.109142 3.476039e-05 1.1852954788526344 1.0003944477090645
9.079091 3.510888e-05 1.197178648789029 1.0104238939000345
9.049044 3.474708e-05 1.1848416208026087 1.0000113895759708
9.018951999999999 3.454054e-05 1.1777988077558559 0.9940672252777617
8.988822 3.418377e-05 1.1656332978754933 0.9837994829679324
8.958831 3.515806e-05 1.1988556389393117 1.0118392807509398
8.928887000000001 3.496034e-05 1.1921135793111328 1.0061489536228194
8.898628 3.461577e-05 1.1803640775607713 0.9962323239518891
8.868765 3.463254e-05 1.1809359182443873 0.9967149599317524
8.838887000000001 3.472547e-05 1.1841047408280747 0.9993894597295282
8.80885 3.503107e-05 1.1945254034943267 1.0081845435366974
8.778813 3.446827e-05 1.1753344710710063 0.9919873145881539
8.748888 3.464491e-05 1.1813577232089865 0.997070965123816
8.719104 3.516939e-05 1.1992419809157797 1.0121653550295235
8.689155000000001 3.534521e-05 1.2052372718515796 1.017225406191096
8.659137000000001 3.502034e-05 1.194159520934088 1.0078757370928133
8.629133 3.488723e-05 1.189620599443562 1.0040448679646319
8.598951999999999 3.473489e-05 1.1844259536628785 0.9996605647343171
8.568942 3.470126e-05 1.1832792033832122 0.9986927025993856
8.538988 3.473034e-05 1.1842708030898044 0.9995296169878425
8.508757 3.45327e-05 1.1775314713837899 0.9938415922376825
8.47901 3.500318e-05 1.193574381629923 1.007381877020395
8.448831 3.50423e-05 1.1949083355680898 1.0085077398428313
8.41866 3.460109e-05 1.1798635038436884 0.9958098375962307
8.388802 3.451801e-05 1.1770305566764363 0.9934188180847789
8.358868000000001 3.497729e-05 1.1926915578196178 1.0066367699530927
8.328841 3.489172e-05 1.189773704075013 1.0041740889276363
8.298896000000001 3.519239e-05 1.2000262585379124 1.0128272886930212
8.268563 3.474422e-05 1.1847440975852481 0.9999290795639012
8.23848 3.478417e-05 1.1861063537158658 1.0010788295576722
8.208525999999999 3.498705e-05 1.1930243643236185 1.0069176600642118
8.178567 3.48588e-05 1.1886511641045516 1.0032266603970996
8.14885 3.47423e-05 1.1846786274533134 0.9998738224928614
8.118322000000001 3.481299e-05 1.1870890876754252 1.0019082612177592
8.088586 3.501557e-05 1.1939968685750633 1.007738457806949
8.058795 3.439345e-05 1.172783181867181 0.9898340156010713
8.029045 3.495654e-05 1.1919840030083457 1.00603959066972
7.998785 3.485946e-05 1.188673669462404 1.0032456550152695
7.968424 3.476369e-05 1.185408005641897 1.0004894207999142
7.938359999999999 3.488094e-05 1.1894061165634222 1.0038638434975276
7.908535 3.453209e-05 1.1775106709772896 0.9938240366057374
7.878619 3.503467e-05 1.194648159991704 1.008288150544897
7.848508 3.500647e-05 1.193686567428915 1.0074765623139998
7.818453000000001 3.468189e-05 1.1826187052292678 0.9981352393358223
7.788572 3.478891e-05 1.1862679831040792 1.0012152454518017
7.758443000000001 3.467472e-05 1.182374215205325 0.9979288887111583
7.728295 3.482051e-05 1.1873455123588355 1.0021246847459984
7.698276 3.490306e-05 1.1901603870417516 1.0045004510034652
7.668304 3.457685e-05 1.1790369434280144 0.9951122170743529
7.638332 3.485754e-05 1.1886081993304696 1.0031903979442298
7.60817 3.528481e-05 1.2031776906178042 1.0154871108313017
7.578563 3.47604e-05 1.185295819842905 1.0003947355063096
7.548294 3.491632e-05 1.1906125401404246 1.0048820701503338
7.518276 3.449725e-05 1.1763226608748938 0.9928213510041611
7.488248 3.470983e-05 1.1835714320450241 0.9989393448383496
7.458035 3.513072e-05 1.1979233715397848 1.0110524430831123
7.428331 3.473299e-05 1.1843611655114847 0.9996058832577672
7.398582 3.493559e-05 1.1912696283916637 1.005436655441447
7.368656 3.517907e-05 1.1995720594976165 1.0124439427626826
7.338619 3.48473e-05 1.188259025293485 1.0028956935653508
7.308341 3.514939e-05 1.1985600003747945 1.0115897605395254
7.278313 3.48446e-05 1.1881669579204521 1.002817988309201
7.248246 3.482768e-05 1.1875900023827788 1.0023310353706627
7.218489 3.470758e-05 1.1834947092341632 0.9988745904582248
7.188377999999999 3.429957e-05 1.169581965207797 0.9871321750650208
7.158054 3.511894e-05 1.197521685001145 1.0107134179285038
7.128054 3.489951e-05 1.1900393354957268 1.0043982829814906
7.098072 3.42772e-05 1.168819169972705 0.986488372627958
7.067934 3.471996e-05 1.183916855189033 0.9992308834475334
7.0380259999999994 3.460237e-05 1.1799071505983112 0.9958466756435903
7.008039 3.480367e-05 1.186771284743326 1.0016400341854201
6.978146 3.511874e-05 1.1975148651957348 1.0107076619836035
6.948054 3.489632e-05 1.1899305595994396 1.004306475660336
6.9180079999999995 3.465764e-05 1.1817918038233235 0.9974373310166998
6.887905 3.462028e-05 1.1805178641727634 0.9963621205093837
6.857859 3.426186e-05 1.1682960908977698 0.9860468916541297
6.828109 3.475756e-05 1.185198978606085 1.0003130010887298
6.7981419999999995 3.462139e-05 1.1805557140927883 0.9963940660035786
6.768193 3.481508e-05 1.187160354641958 1.001968410841964
6.738238999999999 3.531446e-05 1.2041887267698148 1.0163404296627239
6.707961 3.473418e-05 1.1844017433536735 0.9996401311299222
6.678076 3.475043e-05 1.184955852543224 1.0001078016530456
6.648174 3.506362e-05 1.19563532682478 1.0091213235691692
6.618128 3.516793e-05 1.1991921963362877 1.0121233366317537
6.587998 3.471203e-05 1.1836464499045325 0.9990026602322494
6.557765000000001 3.454006e-05 1.1777824402228723 0.9940534110100018
6.527869 3.443128e-05 1.1740731480604545 0.9909227525789027
6.497656 3.468118e-05 1.1825944949200629 0.9981148057314274
6.468039 3.458018e-05 1.1791504931880885 0.9952080535569378
6.437979 3.468204e-05 1.1826238200833254 0.9981395562944975
6.407915 3.47685e-05 1.1855720219620038 1.0006278512747586
6.377618999999999 3.454882e-05 1.1780811476998236 0.9943055213966208
6.347868 3.466637e-05 1.1820894883294637 0.9976885780115841
6.317942 3.497418e-05 1.1925855098454947 1.006547265009898
6.288054 3.49754e-05 1.1926271106584945 1.0065823762737878
6.2579709999999995 3.473905e-05 1.1845678056154032 0.9997802883882365
6.227906 3.487231e-05 1.189111841959987 1.0036154744750934
6.198007 3.4607e-05 1.1800650290935493 0.995979925768025
6.168137 3.480576e-05 1.1868425517098593 1.001700183809625
6.138 3.486912e-05 1.1890030660637 1.0035236671539387
6.108036 3.493067e-05 1.1911018611785815 1.0052950591969074
6.0781 3.437461e-05 1.1721407561975732 0.9892918055914933
6.048239 3.478627e-05 1.186177961672669 1.001139266979122
6.017906 3.458567e-05 1.1793376968465887 0.995366054244442
5.988047 3.503193e-05 1.194554728657589 1.0082092940997673
5.958063 3.493384e-05 1.1912099550943276 1.005386290923572
5.927739 3.465988e-05 1.181868185643914 0.9975017975995797
5.8978779999999995 3.469632e-05 1.1831107541895889 0.9985505307603562
5.867859 3.482859e-05 1.1876210324973937 1.0023572249199577
5.837841 3.484388e-05 1.1881424066209767 1.002797266907561
5.807572 3.503829e-05 1.194771598469622 1.0083923331475866
5.777793 3.484158e-05 1.1880639788587635 1.0027310735412114
5.747554 3.511798e-05 1.1974889499351775 1.0106857893929837
5.717698 3.44899e-05 1.1760720330260817 0.9926098200290868
5.688146 3.470371e-05 1.1833627459994829 0.9987632129244103
5.657961 3.4839e-05 1.1879760033689766 1.0026568218520018
5.627674 3.494054e-05 1.1914384185755575 1.0055791150777214
5.597633 3.455991e-05 1.1784593059098 0.9946246885413248
5.567488999999999 3.492022e-05 1.1907455263459168 1.0049943110758834
5.537650999999999 3.459727e-05 1.17973324556036 0.9956998990486409
5.507944 3.488691e-05 1.189609687754906 1.0040356584527919
5.477739 3.479504e-05 1.186477010139891 1.001391665162986
5.447415 3.493674e-05 1.1913088422727705 1.0054697521246219
5.4174430000000005 3.489132e-05 1.189760064464193 1.0041625770378362
5.387452000000001 3.483839e-05 1.1879552029624763 1.0026392662200567
5.357482 3.42149e-05 1.1666948005875368 0.9846953957916145
5.327813 3.469855e-05 1.1831867950199084 0.9986147095459906
5.297406 3.482413e-05 1.187468950836754 1.002228867348688
5.26735 3.485506e-05 1.1885236337433875 1.0031190242274701
5.237547999999999 3.416729e-05 1.1650713459097217 0.9833251931081741
5.207674 3.46074e-05 1.180078668704369 0.9959914376578248
5.1776 3.496382e-05 1.1922322439252644 1.006249107064079
5.147183 3.464203e-05 1.1812595180110848 0.9969880795172564
5.11735 3.531158e-05 1.204090521571913 1.0162575440561643
5.087294 3.487283e-05 1.1891295734540526 1.0036304399318332
5.057321 3.480841e-05 1.1869329141315395 1.0017764500795496
5.027378 3.457304e-05 1.1789070261349566 0.9950025663240083
4.997359 3.461987e-05 1.1805038835716732 0.9963503208223387
4.967642 3.463338e-05 1.1809645614271087 0.9967391349003323
4.937785 3.466745e-05 1.1821263152786767 0.9977196601140439
4.907656 3.45151e-05 1.1769313285077228 0.9933350690864841
4.877812 3.482847e-05 1.1876169406141475 1.0023537713530175
4.847535 3.457664e-05 1.179029782632334 0.995106173332208
4.817415 3.476928e-05 1.185598619203102 1.0006502994598685
4.78735 3.43735e-05 1.1721029062775483 0.9892598600972984
4.757633 3.448741e-05 1.175987126448729 0.9925381585150819
4.727661 3.461822e-05 1.180447620177042 0.9963028342769139
4.697582000000001 3.495693e-05 1.191997301628895 1.0060508147622749
4.667211 3.454202e-05 1.1778492743158886 0.9941098192700214
4.637416 3.497061e-05 1.1924637763189287 1.0064445213934334
4.607628 3.448285e-05 1.1758316348853843 0.9924069229713623
4.5775950000000005 3.460515e-05 1.1800019458935085 0.9959266832777003
4.547683 3.48694e-05 1.1890126137912738 1.0035317254767986
4.51748 3.439359e-05 1.172787955730968 0.9898380447625014
4.487591 3.431673e-05 1.1701671045119622 0.987626035137439
4.457507 3.457714e-05 1.1790468321458585 0.9951205631944579
4.427377000000001 3.447625e-05 1.175606581306859 0.9922169767896629
4.397193000000001 3.456434e-05 1.1786103645996282 0.9947521827208593
4.366886999999999 3.469639e-05 1.1831131411214824 0.9985525453410711
4.33734 3.431747e-05 1.1701923377919787 0.9876473321335691
4.307434 3.417859e-05 1.165456664915378 0.9836504039950228
4.277368999999999 3.446157e-05 1.1751060075897763 0.9917944904340046
4.24747 3.455864e-05 1.1784160001454473 0.9945881382912097
4.217054 3.458295e-05 1.179244947493015 0.9952877733938025
4.187123 3.443527e-05 1.1742092031783808 0.9910375836796571
4.157211 3.435562e-05 1.171493215673908 0.9887452786232404
4.1272079999999995 3.485749e-05 1.188606494379117 1.0031889589580048
4.097405 3.438089e-05 1.1723548980874425 0.9894725422613527
4.067119 3.471014e-05 1.1835820027434094 0.9989482665529447
4.037211 3.44109e-05 1.1733782098891905 0.9903362217935946
4.007128 3.451828e-05 1.1770397634137397 0.993426588610394
3.97698 3.426935e-05 1.1685514926103684 0.9862624517906337
3.946991 3.425664e-05 1.1681180939765727 0.9858966614922403
3.9169329999999998 3.427355e-05 1.1686947085239754 0.9863833266335333
3.886822 3.468308e-05 1.1826592830714566 0.9981694872079773
3.856952 3.4816e-05 1.1871917257468434 1.001994888188504
3.826832 3.442726e-05 1.1739360699717163 0.990807058086413
3.796813 3.452879e-05 1.177398144188027 0.9937290635148878
3.766953 3.470444e-05 1.1833876382892288 0.9987842221232953
3.7370349999999997 3.459308e-05 1.1795903706370237 0.9955793120029863
3.7069609999999997 3.4505e-05 1.1765869283345256 0.9930443938690353
3.67672 3.450437e-05 1.1765654459474844 0.9930262626426003
3.6469720000000003 3.44116e-05 1.173402079208125 0.9903563676007445
3.617054 3.426594e-05 1.1684352149281307 0.9861643129300893
3.586832 3.425797e-05 1.168163445682548 0.9859349385258249
3.556841 3.422131e-05 1.1669133753509224 0.9848798738256587
3.526757 3.444168e-05 1.1744277779417664 0.9912220617137015
3.496812 3.440168e-05 1.1730638168597962 0.9900708727337054
3.4671 3.41469e-05 1.1643760667481875 0.9827383745256213
3.436859 3.412735e-05 1.1637094307693745 0.9821757309116481
3.406831 3.393907e-05 1.1572892659565408 0.9767570843828071
3.377035 3.428079e-05 1.168941585479812 0.9865916918389127
3.347063 3.457046e-05 1.1788190506451695 0.9949283146347986
3.31673 3.388783e-05 1.155542031810537 0.9752824112994322
3.28673 3.431048e-05 1.1699539855929044 0.9874461618593147
3.2563969999999998 3.450575e-05 1.1766125026048122 0.9930659786624101
3.2267759999999996 3.400945e-05 1.159689155480267 0.9787826013931098
3.196739 3.385238e-05 1.154333221301641 0.9742621700659108
3.1667829999999997 3.450833e-05 1.1767004780945993 0.9931402303516198
3.137007 3.390128e-05 1.1560006637243494 0.9756694985939558
3.1065810000000003 3.412355e-05 1.1635798544665872 0.9820663679585485
3.076517 3.428302e-05 1.1690176263101317 0.9866558706245474
3.046554 3.404099e-05 1.160764638793401 0.9796903139038369
3.016415 3.438881e-05 1.1726249623816727 0.989700477679392
2.986812 3.414631e-05 1.1643559483222283 0.9827213944881662
2.9565349999999997 3.400416e-05 1.1595087716271768 0.9786303566505055
2.926557 3.411027e-05 1.163127019387373 0.9816841732171898
2.897007 3.399482e-05 1.159190286714537 0.9783615540236766
2.8668679999999997 3.393974e-05 1.1573121123046637 0.9767763667982219
2.836628 3.408863e-05 1.1623891164420272 0.981061379979012
2.806406 3.333044e-05 1.136535575123553 0.9592408806604331
2.776283 3.378127e-05 1.1519084394881682 0.9722156438567228
2.746369 3.401682e-05 1.1599404653096201 0.9789947079626741
2.716637 3.430454e-05 1.1697514373722318 0.9872752102957854
2.686341 3.400382e-05 1.1594971779579801 0.9786205715441756
2.656368 3.420631e-05 1.1664018899451833 0.9844481779581601
2.626257 3.377149e-05 1.1515749510036266 0.9719341781511138
2.596151 3.423051e-05 1.1672270863997753 0.9851446472910577
2.5664520000000004 3.411605e-05 1.1633241117637179 0.9818505200247992
2.536304 3.393262e-05 1.1570693272320731 0.9765714551597827
2.506312 3.378194e-05 1.1519312858362913 0.9722349262721378
2.476406 3.367688e-05 1.1483488420544967 0.9692113284161784
2.4464789999999996 3.38294e-05 1.153549625660049 0.973600811996903
2.4163780000000004 3.347634e-05 1.1415106231700394 0.9634398424649685
2.3866509999999996 3.32736e-05 1.1345973864260734 0.9576050411198589
2.356822 3.381654e-05 1.1531111121721955 0.9732307047398343
2.326424 3.390409e-05 1.1560964819903579 0.9757503696198006
2.296341 3.374445e-05 1.1506529133122148 0.9711559744006364
2.266349 3.35264e-05 1.143217620464125 0.9648805554734333
2.236683 3.356562e-05 1.1445549843049967 0.9660092962683194
2.206651 3.371173e-05 1.1495371931471634 0.9702143018149999
2.1762289999999997 3.37839e-05 1.1519981199293081 0.9722913345321577
2.146359 3.326661e-05 1.134359034226999 0.9574038708456044
2.116257 3.367619e-05 1.148325313725833 0.9691914704062735
2.086255 3.384631e-05 1.1541262402074521 0.9740874771381964
2.056563 3.364577e-05 1.1472880213229943 0.9683159911869864
2.026482 3.357299e-05 1.1448062941343495 0.9662214028378837
1.996452 3.346613e-05 1.1411624721038662 0.9631460014778245
1.966517 3.362044e-05 1.1464242929678368 0.9675870007654039
1.936424 3.309156e-05 1.128389999542027 0.952365980071897
1.906434 3.322206e-05 1.1328399225719548 0.9561217341191339
1.876544 3.297813e-05 1.12452214690383 0.9491014959218734
1.846396 3.309008e-05 1.1283395329819943 0.9523233860796373
1.816461 3.295549e-05 1.123750144931435 0.9484499229591957
1.786378 3.27581e-05 1.117019337982183 0.9427690931401607
1.756368 3.297218e-05 1.1243192576928873 0.9489302565610992
1.7262570000000002 3.272922e-05 1.1160345580810003 0.9419379346966036
1.696211 3.296906e-05 1.1242128687284934 0.9488404638206593
1.6663219999999999 3.28371e-05 1.1197131611190736 0.9450426913756526
1.636239 3.236223e-05 1.1035205561441945 0.9313760636023855
1.606444 3.269817e-05 1.114975783291121 0.9410443242508817
1.576748 3.275357e-05 1.1168648693896497 0.942638720988176
1.5461179999999999 3.27745e-05 1.1175785620257908 0.9432410806219591
1.5160630000000002 3.248486e-05 1.1077021198312444 0.9349053212178081
1.486266 3.215633e-05 1.0964995664747526 0.9254503183278558
1.456151 3.247718e-05 1.1074402393035063 0.9346842929336489
1.426378 3.220573e-05 1.0981840584109859 0.926872036718151
1.396331 3.211461e-05 1.095076955066258 0.9242496282217202
1.3662480000000001 3.183382e-05 1.085502289261098 0.9161685693793935
1.336165 3.194951e-05 1.0894472057004259 0.9194980957067866
1.3060440000000002 3.113283e-05 1.061599212289841 0.8959942703022088
1.275915 3.146542e-05 1.0729402076961525 0.9055661188736304
1.2460909999999998 3.060955e-05 1.043755873415507 0.8809344160659014
1.2162739999999999 3.12994e-05 1.0672790872254352 0.9007881090121571
1.1860909999999998 3.143737e-05 1.071983729987421 0.9047588476014083
1.156498 3.050777e-05 1.040285274442434 0.8780052157063016
1.126193 2.827879e-05 0.9642792251301867 0.8138557853905154
1.096118 3.014885e-05 1.0280464516539154 0.8676755969887976
1.066246 2.930365e-05 0.9992259539918855 0.8433509738414824
1.036368 2.915944e-05 0.9943085333011127 0.839200649771352
1.006276 2.917521e-05 0.9948462749576794 0.8396545060267154
0.9761276 2.832227e-05 0.9657618508262884 0.8151071278117711
0.9459886000000001 2.816191e-05 0.9602937308486699 0.8104920111909671
0.9159908 2.779499e-05 0.9477821158437574 0.7999321546774639
0.8863405 2.699089e-05 0.9203630881934519 0.7767903782070947
0.8562942 2.625875e-05 0.8953978265296109 0.7557195907117383
0.8262849999999999 2.627861e-05 0.8960750332068088 0.7562911560403062
0.7960662 2.513253e-05 0.8569948202861993 0.7233072893854613
0.7662294000000001 2.444814e-05 0.8336577871639601 0.7036107337349751
0.7359886999999999 2.380617e-05 0.8117672347691502 0.6851350139977745
0.7061040000000001 2.313936e-05 0.7890296625424369 0.6659444059039965
0.6763405 2.225062e-05 0.7587244932426824 0.6403667135519557
0.6458683 2.122072e-05 0.7236059052846552 0.6107264752895091
0.6159424 2.022129e-05 0.6895263146808189 0.5819631552325746
0.5857942 2.031832e-05 0.692834943275408 0.5847556519007997
0.5559719 1.886265e-05 0.6431980125706197 0.5428618703380309
0.5262848999999999 1.811388e-05 0.6176656840869496 0.5213124760242411
0.4959979 1.728821e-05 0.5895111404231915 0.497549920896409
0.46582100000000004 1.618119e-05 0.5517628354991257 0.4656901902805301
0.43601639999999997 1.56269e-05 0.5328620857959946 0.44973787678748084
0.4059813 1.480069e-05 0.50468912865763 0.42595978060841877
0.3761646 1.339695e-05 0.45682296042750964 0.38556053013892977
0.3460072 1.281829e-05 0.4370912174351881 0.3689068547598179
0.3159341 1.161274e-05 0.3959831353759593 0.3342114578889639
0.2859608 1.06708e-05 0.36386389783718454 0.3071026841935285
0.25593309999999997 1.029923e-05 0.3511937223564931 0.2964090019611008
0.2257201 9.446007e-06 0.32209964820044706 0.271853479084123
0.1958498 8.288938e-06 0.2826447210715932 0.23855335203674866
0.16575489999999998 7.602026e-06 0.25922169020313574 0.21878421392107364
0.135859 6.645957e-06 0.22662066751118207 0.19126881149817915
0.105609 5.725914e-06 0.19524809636770482 0.164790227430118
0.07558123 5.28492e-06 0.1802106300331459 0.15209854160400932
0.04552568 3.916595e-06 0.1335520788459748 0.11271852507768423
0.015622809999999999 3.114495e-06 0.1062012492497678 0.08963430805631477
-0.014103949999999999 2.325203e-06 0.07928715999200764 0.06691870174634001
-0.04431692 1.242912e-06 0.042382089907842965 0.03577066493761919
-0.0744904 8.545026e-07 0.02913770727105827 0.024592349412447895
-0.1040762 -8.427144e-07 -0.02873574112039625 -0.02425308826409818
-0.1344465 -1.704814e-06 -0.05813249869994771 -0.04906407724357181
-0.16452809999999998 -2.048416e-06 -0.06984899259212564 -0.05895284814118631
-0.1944244 -3.137322e-06 -0.10697962774022113 -0.09029126282747398
-0.22452060000000001 -4.041132e-06 -0.13779866937760782 -0.11630266562772822
-0.2544527 -4.895922e-06 -0.16694617670904002 -0.14090328633299737
-0.28442809999999996 -5.702176e-06 -0.19443865366360966 -0.16410705432993944
-0.3144149 -6.928074e-06 -0.2362405827252366 -0.19938806103491732
-0.3446595 -7.421058e-06 -0.2530508574760863 -0.21357600473777585
-0.3744904 -8.781011e-06 -0.299423931608801 -0.25271507741058774
-0.4042336 -9.695349e-06 -0.3306019678029622 -0.2790294731503769
-0.4343447 -1.019027e-05 -0.3474782923692063 -0.29327316317959173
-0.4645021 -1.147632e-05 -0.39133134610590004 -0.3302853278726876
-0.49461309999999997 -1.314516e-05 -0.44823716640677785 -0.37831408330710004
-0.5245114 -1.403282e-05 -0.47850550875731906 -0.4038606935566809
-0.5543724999999999 -1.519059e-05 -0.5179843393041345 -0.4371809951909297
-0.584678 -1.63702e-05 -0.5582078926017056 -0.47112984600825625
-0.6145946999999999 -1.785271e-05 -0.6087600411924957 -0.5137960753766023
-0.6446414 -1.972743e-05 -0.672686169182274 -0.5677500004910541
-0.6744557999999999 -2.069372e-05 -0.7056357180296982 -0.595559560478062
-0.7043354000000001 -2.202885e-05 -0.7511623520139693 -0.633984234049613
-0.7342892000000001 -2.327665e-05 -0.793711117966029 -0.6698955742805877
-0.7643206 -2.375892e-05 -0.810156055741073 -0.6837751720151543
-0.7944188 -2.534549e-05 -0.8642565490866086 -0.72943621951496
-0.8247614 -2.605802e-05 -0.8885531288300139 -0.7499426366128734
-0.8544338 -2.635406e-05 -0.8986478047976751 -0.7584625862538237
-0.8842336000000001 -2.760704e-05 -0.94137320370985 -0.7945230054577078
-0.9145762 -2.773266e-05 -0.9456567234877773 -0.7981383144493852
-0.944764 -2.878208e-05 -0.9814409244538058 -0.8283403329340697
-0.9744374 -2.889795e-05 -0.9853919787180032 -0.8316750396118733
-1.004604 -2.893174e-05 -0.9865441848419975 -0.8326475065027249
-1.034558 -2.937625e-05 -1.0017015433556615 -0.8454403818401752
-1.064678 -2.95836e-05 -1.0087719766143244 -0.8514078577152293
-1.0947829999999998 -2.965626e-05 -1.0112496119197232 -0.853498992497392
-1.124613 -3.055007e-05 -1.0417276632866175 -0.8792225980526475
-1.1548260000000001 -3.092909e-05 -1.054651876518826 -0.8901306892325993
-1.184873 -3.036557e-05 -1.03543639279603 -0.8739127388824158
-1.214821 -3.11324e-05 -1.0615845497082097 -0.8959818950206738
-1.2444929999999998 -3.133502e-05 -1.0684936945689298 -0.9018132427988436
-1.274734 -3.105553e-05 -1.0589633574989337 -0.8937695975983666
-1.304447 -3.225869e-05 -1.0999899428835147 -0.9283962109276658
-1.334443 -3.175837e-05 -1.0829295176702316 -0.913997139165876
-1.364576 -3.156239e-05 -1.0762467903491186 -0.9083568887583857
-1.394419 -3.198487e-05 -1.0906529472968876 -0.9205157467651032
-1.424405 -3.202962e-05 -1.0921788787573417 -0.9218036394364736
-1.454558 -3.197061e-05 -1.0901666951711655 -0.9201053478937348
-1.484585 -3.217862e-05 -1.0972596337876808 -0.9260918183869588
-1.51441 -3.231104e-05 -1.101775026949543 -0.9299028295052354
-1.544724 -3.247826e-05 -1.1074770662527194 -0.9347153750361087
-1.575011 -3.256243e-05 -1.1103471813594552 -0.9371377644472654
-1.6049339999999999 -3.222149e-05 -1.0987214590772825 -0.9273256051762696
-1.634447 -3.261343e-05 -1.112086231738967 -0.9386055303967601
-1.66428 -3.253546e-05 -1.1094275305999368 -0.936361575277503
-1.694391 -3.266895e-05 -1.1139794097207416 -0.9402033807009945
-1.72453 -3.266203e-05 -1.113743444453561 -0.9400042250074553
-1.7544469999999999 -3.296078e-05 -1.1239305287845256 -0.9486021677018003
-1.784743 -3.318586e-05 -1.1316055377927718 -0.9550799080922376
-1.814623 -3.304232e-05 -1.126710963450122 -0.9509488664375222
-1.8446690000000001 -3.278518e-05 -1.1179427396346764 -0.9435484480796177
-1.874984 -3.332558e-05 -1.1363698538520937 -0.9591010111993635
-1.904877 -3.302218e-05 -1.12602420904535 -0.9503692427860942
-1.934835 -3.31972e-05 -1.1319922207595103 -0.9554062701680666
-1.964953 -3.321704e-05 -1.1326687454561675 -0.9559772599021444
-1.994502 -3.311918e-05 -1.1293318146691274 -0.9531608760625843
-2.024752 -3.347047e-05 -1.1413104618812602 -0.9632709054821541
-2.054802 -3.378901e-05 -1.1521723659575296 -0.972438398924352
-2.084817 -3.326673e-05 -1.134363126110245 -0.9574073244125445
-2.114567 -3.36376e-05 -1.1470094322720021 -0.9680808608378223
-2.1448539999999996 -3.30599e-05 -1.1273104243456478 -0.9514548139942303
-2.174974 -3.316932e-05 -1.1310415398853773 -0.9546038914490094
-2.2049369999999997 -3.353513e-05 -1.143515304970265 -0.9651318024683176
-2.235058 -3.328792e-05 -1.1350856844934187 -0.9580171667746974
-2.264924 -3.359642e-05 -1.1456052343381136 -0.9668957117829163
-2.294873 -3.394017e-05 -1.157326774886295 -0.9767887420797569
-2.324873 -3.374827e-05 -1.150783171595543 -0.9712659129482262
-2.354909 -3.393593e-05 -1.1571821950116061 -0.9766667160478772
-2.3849650000000002 -3.342951e-05 -1.1399137657333227 -0.9620920879666383
-2.414909 -3.327127e-05 -1.1345179356930486 -0.9575379843617741
-2.445002 -3.378515e-05 -1.1520407437131195 -0.9723273091877824
-2.474965 -3.377886e-05 -1.1518262608329797 -0.9721462847206781
-2.505141 -3.369623e-05 -1.1490086582278998 -0.9697682160852513
-2.5348539999999997 -3.386127e-05 -1.1546363616521087 -0.9745180218167148
-2.565067 -3.364453e-05 -1.1472457385294534 -0.9682803043286067
-2.594802 -3.361198e-05 -1.1461358151990002 -0.9673435242961349
-2.6246129999999996 -3.365281e-05 -1.1475280784734212 -0.9685186004474657
-2.654465 -3.386112e-05 -1.1546312467980515 -0.9745137048580399
-2.6846039999999998 -3.376418e-05 -1.151325687115897 -0.9717237983650198
-2.714863 -3.390542e-05 -1.1561418336963334 -0.9757886466533854
-2.745002 -3.387804e-05 -1.1552082023357246 -0.9750006577965781
-2.77466 -3.368981e-05 -1.1487897424742437 -0.9695834502539621
-2.804558 -3.360584e-05 -1.1459264471729176 -0.9671668167877054
-2.8350210000000002 -3.398808e-05 -1.1589604592722247 -0.978167578680547
-2.8649250000000004 -3.412569e-05 -1.1636528263844725 -0.9821279565689781
-2.894817 -3.423012e-05 -1.1672137877792261 -0.9851334231985027
-2.924919 -3.419839e-05 -1.1661318256509534 -0.984220242540121
-2.9548400000000004 -3.396641e-05 -1.1582215333560675 -0.9775439220506343
-2.9849650000000003 -3.40338e-05 -1.1605194667889167 -0.9794833876846826
-3.014906 -3.380289e-05 -1.1526456604529733 -0.9728378615004106
-3.044752 -3.398671e-05 -1.1589137436051673 -0.9781281504579822
-3.0748539999999998 -3.444228e-05 -1.1744482373579959 -0.9912393295484013
-3.105039 -3.407752e-05 -1.16201027625151 -0.9807416372398181
-3.1351970000000002 -3.43656e-05 -1.1718335239638593 -0.9890325002737492
-3.165188 -3.440279e-05 -1.1731016667798213 -0.9901028182279006
-3.195335 -3.382676e-05 -1.153459604228639 -0.9735248335242231
-3.224868 -3.436637e-05 -1.171859780214687 -0.9890546606616141
-3.2546779999999997 -3.43677e-05 -1.1719051319206628 -0.989092937695199
-3.285011 -3.406566e-05 -1.161605861790706 -0.9804003097072492
-3.314817 -3.377247e-05 -1.151608368050135 -0.9719623822811237
-3.345197 -3.413116e-05 -1.1638393480624323 -0.9822853816619929
-3.374717 -3.405496e-05 -1.161241002201279 -0.9800923666551005
-3.405169 -3.467269e-05 -1.182304994180415 -0.9978704658704234
-3.4348490000000003 -3.477692e-05 -1.1858591357697585 -1.0008701765550478
-3.464845 -3.499193e-05 -1.1931907675756188 -1.0070581051197713
-3.494965 -3.404671e-05 -1.1609596852281225 -0.9798549339279763
-3.52515 -3.426772e-05 -1.1684959111962783 -0.986215540839699
-3.5549720000000002 -3.423219e-05 -1.1672843727652182 -0.9851929972282176
-3.584743 -3.373974e-05 -1.150492306894813 -0.9710204218982421
-3.615141 -3.414376e-05 -1.1642689958032526 -0.9826480061906915
-3.645104 -3.385155e-05 -1.15430491910919 -0.9742382828945758
-3.6751970000000003 -3.460463e-05 -1.1799842143994426 -0.9959117178209601
-3.705197 -3.491814e-05 -1.1906746003696542 -1.0049344492489236
-3.735019 -3.436592e-05 -1.1718444356525148 -0.989041709785589
-3.765104 -3.403364e-05 -1.160514010944589 -0.9794787829287627
-3.794924 -3.477696e-05 -1.1858604997308406 -1.000871327744028
-3.824585 -3.450619e-05 -1.176627506176714 -0.9930786417411901
-3.854743 -3.409835e-05 -1.162720558984946 -0.981341118901151
-3.88466 -3.439454e-05 -1.1728203498066645 -0.9898653855007762
-3.914919 -3.380907e-05 -1.1528563924401378 -0.9730157201978201
-3.94503 -3.475983e-05 -1.185276383397487 -1.0003783310633447
-3.974965 -3.480562e-05 -1.1868377778460721 -1.0016961546481948
-4.005039 -3.411999e-05 -1.163458461930292 -0.9819639121393288
-4.034717 -3.409943e-05 -1.1627573859341596 -0.9813722010036111
-4.0648539999999995 -3.432991e-05 -1.1706165296884714 -0.9880053519063478
-4.09503 -3.425394e-05 -1.1680260266035394 -0.9858189562360903
-4.12541 -3.431516e-05 -1.1701135690394948 -0.9875808509699742
-4.1553450000000005 -3.432219e-05 -1.1703532851996512 -0.9877831724332086
-4.185245 -3.406724e-05 -1.1616597382534437 -0.9804457816719592
-4.215188 -3.42357e-05 -1.1674040603501612 -0.9852940140612123
-4.24528 -3.4652e-05 -1.1815994853107659 -0.9972750133705205
-4.275047 -3.437878e-05 -1.1722829491403686 -0.9894118170426579
-4.304956 -3.435434e-05 -1.1714495689192848 -0.9887084405758804
-4.334956 -3.428109e-05 -1.1689518151879268 -0.9866003257562627
-4.364938 -3.530352e-05 -1.203815683413896 -1.016025579476695
-4.395289 -3.457699e-05 -1.179041717291801 -0.9951162462357829
-4.425298 -3.454519e-05 -1.1779573682316349 -0.9942010509966862
-4.455465 -3.490118e-05 -1.190096280870899 -1.0044463451214054
-4.485302 -3.428737e-05 -1.1691659570777961 -0.9867810624261221
-4.515225 -3.47405e-05 -1.1846172492046247 -0.9998220189887614
-4.545419 -3.430575e-05 -1.1697926971949615 -0.9873100337624303
-4.575521 -3.492002e-05 -1.1907387065405068 -1.0049885551309834
-4.605207999999999 -3.460402e-05 -1.1799634139929425 -0.9958941621890152
-4.635076 -3.443044e-05 -1.174044504877733 -0.9908985776103227
-4.664974 -3.4846e-05 -1.1882146965583211 -1.0028582799235009
-4.695077 -3.467941e-05 -1.1825341396421858 -0.9980638656190627
-4.725382 -3.444478e-05 -1.1745334849256193 -0.9913112788596512
-4.755484 -3.433572e-05 -1.1708146450356276 -0.9881725621056922
-4.785354 -3.417215e-05 -1.1652370671811811 -0.9834650625692437
-4.815576 -3.469701e-05 -1.1831342825182525 -0.9985703887702607
-4.845252 -3.463501e-05 -1.1810201428411988 -0.996786045851267
-4.875595000000001 -3.45352e-05 -1.1776167189514128 -0.9939135415489322
-4.905310999999999 -3.450655e-05 -1.1766397818264518 -0.9930890024420101
-4.935217 -3.429204e-05 -1.169325199534116 -0.9869154637395365
-4.965188 -3.451245e-05 -1.1768409660860424 -0.9932588028165594
-4.9949650000000005 -3.485494e-05 -1.1885195418601415 -1.0031155706605301
-5.0248360000000005 -3.491463e-05 -1.1905549127847115 -1.0048334324159292
-5.055021 -3.51328e-05 -1.1979942975160474 -1.011112304910072
-5.084817 -3.481431e-05 -1.18713409839113 -1.001946250454099
-5.114836 -3.423831e-05 -1.1674930588107597 -0.9853691291421569
-5.1451139999999995 -3.487977e-05 -1.1893662207017748 -1.0038301712198627
-5.175077 -3.469108e-05 -1.1829320752878505 -0.9983997250039764
-5.205132 -3.444879e-05 -1.1746702220240868 -0.9914266855548959
-5.234915 -3.478393e-05 -1.1860981699493738 -1.001071922423792
-5.264845 -3.491237e-05 -1.19047784898358 -1.0047683902385591
-5.295039 -3.433614e-05 -1.1708289666269884 -0.9881846495899823
-5.3251040000000005 -3.464618e-05 -1.1814010289733392 -0.997107515373931
-5.354938 -3.428657e-05 -1.1691386778561568 -0.9867580386465222
-5.384984 -3.44218e-05 -1.1737498892840275 -0.9906499207906436
-5.41503 -3.460011e-05 -1.1798300867971798 -0.9957816334662206
-5.445095 -3.410285e-05 -1.1628740046066677 -0.9814706276614006
-5.474934 -3.451117e-05 -1.1767973193314192 -0.9932219647691996
-5.504928 -3.482724e-05 -1.187574998810877 -1.0023183722918827
-5.535002 -3.461676e-05 -1.1803978355975502 -0.9962608158791441
-5.564792000000001 -3.521116e-05 -1.2006662972756272 -1.0133674841218845
-5.594863999999999 -3.445992e-05 -1.175049744195145 -0.9917470038885797
-5.624708 -3.484329e-05 -1.1881222881950175 -1.0027802868701061
-5.65479 -3.475833e-05 -1.185225234856913 -1.0003351614765947
-5.685225 -3.465846e-05 -1.1818197650255038 -0.9974609303907896
-5.714956 -3.467788e-05 -1.1824819681308005 -0.9980198326405778
-5.744975 -3.454266e-05 -1.1778710976932003 -0.9941282382937014
-5.774991 -3.47132e-05 -1.1836863457661801 -0.9990363325099143
-5.804567 -3.472828e-05 -1.1842005590940832 -0.999470330755373
-5.834873 -3.44139e-05 -1.1734805069703382 -0.9904225609670944
-5.864863000000001 -3.446791e-05 -1.1753221954212687 -0.991976953887334
-5.895039 -3.465409e-05 -1.1816707522772987 -0.9973351629947251
-5.924736 -3.448774e-05 -1.1759983791276554 -0.992547655824167
-5.954864 -3.503376e-05 -1.1946171298770891 -1.008261960995602
-5.985011999999999 -3.395023e-05 -1.1576698110984105 -0.9770782661082259
-6.014811 -3.467761e-05 -1.1824727613934973 -0.998012062114963
-6.044669 -3.453708e-05 -1.1776808251222655 -0.993967647430992
-6.074567 -3.486168e-05 -1.1887493693024536 -1.0033095460036594
-6.104984 -3.495001e-05 -1.1917613363617143 -1.0058516590687356
-6.134716999999999 -3.486553e-05 -1.1888806505565932 -1.0034203479429842
-6.164548 -3.489044e-05 -1.1897300573203902 -1.0041372508802766
-6.1944 -3.426648e-05 -1.1684536284027371 -0.9861798539813191
-6.2247520000000005 -3.464883e-05 -1.1814913913950198 -0.9971837816438559
-6.254715 -3.418663e-05 -1.165730821092854 -0.9838817929800021
-6.284502000000001 -3.479295e-05 -1.1864057431733583 -1.0013315155387814
-6.314576 -3.471699e-05 -1.183815581078697 -0.999145407665769
-6.344549 -3.435817e-05 -1.1715801681928832 -0.9888186669207149
-6.374372999999999 -3.447802e-05 -1.1756669365847365 -0.992267916902028
-6.404453 -3.465979e-05 -1.1818651167314795 -0.9974992074243747
-6.434140999999999 -3.503903e-05 -1.194796831749639 -1.0084136301437168
-6.4645209999999995 -3.473112e-05 -1.1842974003309026 -0.9995520651729524
-6.494475 -3.455528e-05 -1.178301427414562 -0.9944914384168902
-6.524226 -3.481966e-05 -1.1873165281858438 -1.0021002219801736
-6.554123 -3.46662e-05 -1.1820836914948651 -0.9976836854584189
-6.584462 -3.412868e-05 -1.1637547824753498 -0.982214007945233
-6.614262 -3.482152e-05 -1.1873799523761552 -1.0021537522677433
-6.644401 -3.434364e-05 -1.1710847093298578 -0.9884004975237314
-6.674382 -3.445244e-05 -1.1747946834728165 -0.9915317315493204
-6.704363 -3.476957e-05 -1.1856085079209469 -1.0006586455799737
-6.734481 -3.454585e-05 -1.1779798735894875 -0.9942200456148561
-6.764206 -3.480208e-05 -1.186717067290318 -1.0015942744234654
-6.794085 -3.48485e-05 -1.188299944125944 -1.0029302292347506
-6.824 -3.424919e-05 -1.1678640562250555 -0.9856822525447159
-6.854085 -3.449927e-05 -1.1763915409095331 -0.9928794860476508
-6.884399999999999 -3.464968e-05 -1.1815203755680115 -0.9972082444096806
-6.914456 -3.454731e-05 -1.1780296581689793 -0.994262064012626
-6.944113000000001 -3.451509e-05 -1.1769309875174523 -0.9933347812892391
-6.974012 -3.493455e-05 -1.1912341654035326 -1.005406724527967
-7.004317 -3.448402e-05 -1.175871530747032 -0.9924405952490273
-7.034075 -3.479308e-05 -1.1864101760468746 -1.0013352569029663
-7.063975 -3.491069e-05 -1.1904205626181372 -1.0047200403013994
-7.094327 -3.463467e-05 -1.1810085491720022 -0.9967762607449371
-7.124354 -3.514238e-05 -1.1983209661951792 -1.0113880146707812
-7.154038 -3.468573e-05 -1.1827496454931372 -0.9982457534779021
-7.1842250000000005 -3.454386e-05 -1.1779120165256591 -0.9941627739631012
-7.214391 -3.485109e-05 -1.1883882606060021 -1.0030047687212056
-7.244262 -3.450011e-05 -1.1764201840922544 -0.9929036610162306
-7.274095 -3.472825e-05 -1.1841995361232716 -0.9994694673636378
-7.304279999999999 -3.451767e-05 -1.1770189630072396 -0.9934090329784491
-7.334252 -3.445328e-05 -1.174823326655538 -0.9915559065179004
-7.3638770000000005 -3.467125e-05 -1.1822558915814638 -0.9978290230671435
-7.393938 -3.472758e-05 -1.1841766897751484 -0.9994501849482228
-7.423808 -3.417522e-05 -1.1653417511942221 -0.9835534163234583
-7.453725 -3.458614e-05 -1.1793537233893019 -0.995379580714957
-7.4838819999999995 -3.516069e-05 -1.1989453193804511 -1.0119149714263744
-7.513678 -3.421558e-05 -1.1667179879259302 -0.9847149660042742
-7.543549 -3.506984e-05 -1.195847422773026 -1.0093003334555584
-7.573567 -3.529482e-05 -1.2035190218785676 -1.015775195873546
-7.603377 -3.474116e-05 -1.1846397545624774 -0.9998410136069316
-7.633345 -3.508973e-05 -1.196525652421036 -1.0098727621758614
-7.663438 -3.499333e-05 -1.1932385062134876 -1.007098396734071
-7.693585 -3.490143e-05 -1.1901048056276613 -1.0044535400525303
-7.723493 -3.497593e-05 -1.1926451831428309 -1.006597629527773
-7.75366 -3.458131e-05 -1.179189025088654 -0.9952405746456227
-7.783453000000001 -3.489144e-05 -1.1897641563474393 -1.0041660306047764
-7.813270999999999 -3.481064e-05 -1.1870089549618594 -1.0018406288651844
-7.8436319999999995 -3.445321e-05 -1.1748209397236442 -0.9915538919371852
-7.873312 -3.496551e-05 -1.1922898712809775 -1.006297744798484
-7.90329 -3.478959e-05 -1.1862911704424728 -1.0012348156644617
-7.933206 -3.479728e-05 -1.1865533919604816 -1.001456131745866
-7.963308 -3.442202e-05 -1.1737573910699781 -0.9906562523300335
-7.993428 -3.474646e-05 -1.1848204794058386 -0.999993546146781
-8.023216999999999 -3.491457e-05 -1.1905528668430885 -1.004831705632459
-8.053067 -3.469688e-05 -1.1831298496447362 -0.9985666474060759
-8.082994 -3.470305e-05 -1.1833402406416302 -0.9987442183062404
-8.113188000000001 -3.506592e-05 -1.1957137545869931 -1.009187516935519
-8.143354 -3.488543e-05 -1.1895592211948731 -1.003993064460532
-8.173197 -3.475327e-05 -1.1850526937800436 -1.0001895360706252
-8.203012000000001 -3.457783e-05 -1.1790703604745225 -0.9951404212043629
-8.232994000000001 -3.448364e-05 -1.1758585731167532 -0.9924296589537173
-8.262846 -3.44576e-05 -1.1749706344523907 -0.9916802349277399
-8.293021000000001 -3.488325e-05 -1.189484885315906 -1.0039303246611222
-8.322966000000001 -3.469111e-05 -1.182933098258662 -0.9984005883957114
-8.353123 -3.498539e-05 -1.1929677599387167 -1.006869885721542
-8.382689000000001 -3.469615e-05 -1.1831049573549903 -0.9985456382071909
-8.412559 -3.499217e-05 -1.1931989513421106 -1.0070650122536513
-8.442651 -3.511065e-05 -1.197239004066906 -1.0104748340123992
-8.472650999999999 -3.465038e-05 -1.1815442448869462 -0.9972283902168307
-8.502716 -3.474227e-05 -1.1846776044825018 -0.9998729591011263
-8.532493 -3.466674e-05 -1.1821021049694718 -0.9976992265096489
-8.562661 -3.508527e-05 -1.1963735707603964 -1.009744404604592
-8.5925 -3.456484e-05 -1.178627414113153 -0.9947665725831093
-8.622484 -3.480555e-05 -1.1868353909141787 -1.00169414006748
-8.652576 -3.504862e-05 -1.195123841419041 -1.0086896277016706
-8.68229 -3.470999e-05 -1.1835768878893518 -0.9989439495942695
-8.712466000000001 -3.510431e-05 -1.1970228162354142 -1.01029237055907
-8.742528 -3.460472e-05 -1.179987283311877 -0.9959143079961651
-8.77218 -3.427251e-05 -1.1686592455358442 -0.9863533957200535
-8.802076 -3.477369e-05 -1.1857489959123897 -1.0007772180449133
-8.831947 -3.475571e-05 -1.185135895406044 -1.000259758598405
-8.861782999999999 -3.453831e-05 -1.1777227669255361 -0.994003046492127
-8.89166 -3.545667e-05 -1.2090379494064896 -1.0204331942838547
-8.921984 -3.483882e-05 -1.1879698655441073 -1.0026516415015916
-8.951699000000001 -3.454968e-05 -1.178110472863086 -0.9943302719596906
-8.981373 -3.52969e-05 -1.2035899478548298 -1.0158350577005055
-9.011484000000001 -3.469193e-05 -1.1829610594608426 -0.9984241877698015
-9.041378 -3.48886e-05 -1.1896673151106194 -1.0040842961871967
-9.071327 -3.45968e-05 -1.179717219017647 -0.9956863725781261
-9.101336 -3.488718e-05 -1.1896188944922095 -1.0040434289784068
-9.1313 -3.465987e-05 -1.1818678446536435 -0.9975015098023348
-9.16116 -3.456939e-05 -1.1787825646862269 -0.9948975203295837
-9.191142 -3.462072e-05 -1.1805328677446651 -0.9963747835881636
-9.221245999999999 -3.491225e-05 -1.1904737571003343 -1.0047649366716194
-9.251059 -3.449688e-05 -1.1763100442348853 -0.9928107025060959
-9.281066999999998 -3.462397e-05 -1.180643689582575 -0.9964683176927881
-9.310812 -3.477687e-05 -1.1858574308184062 -1.000868737568823
-9.340457 -3.480079e-05 -1.1866730795454246 -1.0015571485788606
-9.370790000000001 -3.475145e-05 -1.184990633550814 -1.0001371569720354
-9.400293 -3.478754e-05 -1.1862212674370218 -1.0011758172292369
-9.430244 -3.451945e-05 -1.177079659275387 -0.9934602608880586
-9.460021000000001 -3.461397e-05 -1.1803026993120829 -0.9961805204477894
-9.490362999999999 -3.456542e-05 -1.1786471915488412 -0.9947832648233191
-9.520179 -3.436344e-05 -1.171759870065433 -0.9889703360688294
-9.550217 -3.486122e-05 -1.1887336837500109 -1.0032963073303895
-9.579975000000001 -3.408792e-05 -1.162364906132822 -0.9810409463746169
-9.609859 -3.454869e-05 -1.1780767148263074 -0.994301780032436
-9.639605 -3.471943e-05 -1.1838987827046972 -0.9992156301935488
-9.669938 -3.428462e-05 -1.1690721847534107 -0.9867019181837473
-9.700243 -3.482424e-05 -1.1874727017297293 -1.0022320331183832
-9.730207 -3.476609e-05 -1.185489843306815 -1.0005584921387138
-9.760104 -3.481252e-05 -1.1870730611327123 -1.0018947347472444
-9.790039 -3.506501e-05 -1.1956827244723782 -1.0091613273862239
-9.819661 -3.473603e-05 -1.1844648265537148 -0.9996933736202471
-9.849966 -3.42102e-05 -1.1665345351604053 -0.9845601310864649
-9.880077 -3.482317e-05 -1.1874362157707867 -1.0022012388131682
-9.910216 -3.467099e-05 -1.182247025834431 -0.9978215403387735
-9.940010000000001 -3.478263e-05 -1.1860538412142096 -1.0010345087819421
-9.969633 -3.465026e-05 -1.1815401530037002 -0.9972249366498906
-9.991942 -3.457365e-05 -1.1789278265414567 -0.9950201219559532
-9.993632999999999 -3.45291e-05 -1.1774087148864123 -0.9937379852294828
-9.965326999999998 -3.510737e-05 -1.197127159258185 -1.0103804365160398
-9.936003000000001 -3.481005e-05 -1.1869888365359003 -1.0018236488277295
-9.906253000000001 -3.49163e-05 -1.190611858159884 -1.004881494555844
-9.876438 -3.448706e-05 -1.1759751917892618 -0.992528085611507
-9.846734 -3.462585e-05 -1.1807077957534278 -0.996522423574848
-9.816892 -3.481265e-05 -1.1870774940062285 -1.0018984761114293
-9.786984 -3.452252e-05 -1.1771843432884284 -0.9935486146422735
-9.75716 -3.424458e-05 -1.1677068597103584 -0.9855495780147713
-9.727226 -3.436613e-05 -1.1718515964481955 -0.9890477535277341
-9.697734 -3.458299e-05 -1.1792463114540965 -0.9952889245827823
-9.667633 -3.504187e-05 -1.1948936729864585 -1.0084953645612962
-9.63753 -3.402491e-05 -1.1602163264384486 -0.9792275359338783
-9.607726000000001 -3.450674e-05 -1.1766462606415913 -0.9930944705896652
-9.578059 -3.461393e-05 -1.1803013353510008 -0.9961793692588093
-9.548012 -3.459567e-05 -1.1796786871170815 -0.9956538514894412
-9.518049999999999 -3.486344e-05 -1.18880938359006 -1.003360198318779
-9.488093000000001 -3.429225e-05 -1.1693323603297965 -0.9869215074816816
-9.458216 -3.440971e-05 -1.1733376320470017 -0.9903019739214396
-9.42829 -3.505596e-05 -1.1953741282775827 -1.0089008708795
-9.398349 -3.471292e-05 -1.1836767980386063 -0.9990282741870543
-9.368864 -3.49948e-05 -1.19328863178325 -1.007140702929086
-9.338735 -3.483205e-05 -1.1877390151309841 -1.0024568027667273
-9.308374 -3.464153e-05 -1.1812424684975602 -0.9969736896550065
-9.278829 -3.471547e-05 -1.183763750557582 -0.999101662484529
-9.249217 -3.478909e-05 -1.186274120928948 -1.0012204258022117
-9.218938 -3.496158e-05 -1.192155862104674 -1.0061846404811994
-9.188846 -3.427874e-05 -1.168871682474361 -0.9865326934036879
-9.158809 -3.442819e-05 -1.1739677820668721 -0.990833823230198
-9.129121 -3.480465e-05 -1.1868047017898344 -1.00166823831543
-9.099326999999999 -3.494809e-05 -1.1916958662297792 -1.0057964019976955
-9.069441999999999 -3.441465e-05 -1.1735060812406253 -0.9904441457604692
-9.039346 -3.469664e-05 -1.1831216658782444 -0.998559740272196
-9.009467 -3.483863e-05 -1.187963386728968 -1.0026461733539367
-8.979206 -3.45501e-05 -1.1781247944544466 -0.9943423594439806
-8.949335999999999 -3.447306e-05 -1.175497805410572 -0.9921251694685083
-8.919364 -3.434742e-05 -1.1712136036521037 -0.9885092848823409
-8.889339 -3.406504e-05 -1.1615847203939353 -0.9803824662780594
-8.859586 -3.476618e-05 -1.1854929122192495 -1.0005610823139188
-8.829734 -3.446563e-05 -1.1752444496395962 -0.9919113361154741
-8.799725 -3.516255e-05 -1.1990087435707626 -1.0119685017139441
-8.769853999999999 -3.483491e-05 -1.187836538348345 -1.002539112778797
-8.740056000000001 -3.459531e-05 -1.1796664114673436 -0.9956434907886211
-8.710188 -3.47676e-05 -1.1855413328376598 -1.000601949522709
-8.680124 -3.462865e-05 -1.1808032730291655 -0.9966030068034477
-8.650133 -3.527899e-05 -1.2029792342803778 -1.0153196128347124
-8.62016 -3.499917e-05 -1.1934376445314554 -1.0072664703251506
-8.590206 -3.452017e-05 -1.1771042105748626 -0.9934809822896987
-8.560374 -3.48401e-05 -1.1880135122987308 -1.0026884795489517
-8.530395 -3.457908e-05 -1.179112984258334 -0.9951763958599877
-8.500393 -3.444703e-05 -1.17461020773648 -0.991376033239776
-8.470448000000001 -3.495752e-05 -1.192017420054854 -1.0060677947997296
-8.440414 -3.44016e-05 -1.1730610889376325 -0.9900685703557456
-8.41066 -3.445072e-05 -1.174736033146292 -0.9914822304231807
-8.380827 -3.463054e-05 -1.1808677201902886 -0.9966574004827525
-8.350679 -3.462519e-05 -1.1806852903955753 -0.9965034289566782
-8.320374 -3.418059e-05 -1.1655248629694768 -0.9837079634440229
-8.290679 -3.437699e-05 -1.1722219118819504 -0.9893603013358031
-8.260493 -3.50421e-05 -1.1949015157626799 -1.0085019838979312
-8.230886 -3.47754e-05 -1.1858073052486438 -1.000826431373808
-8.201021 -3.476801e-05 -1.1855553134387498 -1.0006137492097538
-8.170716 -3.494173e-05 -1.1914789964177461 -1.0056133629498762
-8.140651 -3.483289e-05 -1.1877676583137056 -1.0024809777353074
-8.110484999999999 -3.471367e-05 -1.183702372308893 -0.9990498589804291
-8.080541 -3.474212e-05 -1.1846724896284446 -0.9998686421424514
-8.05083 -3.451401e-05 -1.1768941605682393 -0.9933036991867794
-8.020929 -3.506749e-05 -1.1957672900594607 -1.0092327011029838
-7.990839 -3.448308e-05 -1.1758394776616057 -0.9924135423079974
-7.96093 -3.447708e-05 -1.1756348834993102 -0.9922408639609981
-7.930772 -3.502138e-05 -1.1941949839222195 -1.0079056680062934
-7.901216000000001 -3.490491e-05 -1.1902234702417926 -1.00455369349379
-7.870976 -3.472013e-05 -1.1839226520236317 -0.9992357760006987
-7.840893 -3.509534e-05 -1.1967169479627822 -1.0100342164303058
-7.81083 -3.484824e-05 -1.1882910783789116 -1.0029227465063808
-7.781004 -3.4623e-05 -1.1806106135263374 -0.9964404013600233
-7.751161 -3.478157e-05 -1.1860176962455375 -1.0010040022739723
-7.721179 -3.442695e-05 -1.173925499273331 -0.990798136371818
-7.691027 -3.445636e-05 -1.1749283516588496 -0.9916445480693601
-7.661143 -3.476419e-05 -1.1854250551554217 -1.0005038106621642
-7.6308180000000005 -3.484072e-05 -1.188034653695501 -1.0027063229781414
-7.600698 -3.439262e-05 -1.1727548796747302 -0.9898101284297366
-7.57133 -3.485402e-05 -1.188488170755256 -1.00308909331399
-7.541245 -3.489416e-05 -1.1898569057010133 -1.0042443114554163
-7.511113999999999 -3.485011e-05 -1.1883548435594937 -1.0029765645911957
-7.481349 -3.478614e-05 -1.1861735287991526 -1.0011355256149368
-7.4515780000000005 -3.459883e-05 -1.179786440042557 -0.9957447954188609
-7.421698 -3.491404e-05 -1.1905347943587525 -1.0048164523784742
-7.391688 -3.509833e-05 -1.1968189040536594 -1.0101202678065606
-7.361575 -3.449237e-05 -1.1761562576228932 -0.9926809059486015
-7.331522 -3.491378e-05 -1.1905259286117198 -1.0048089696501044
-7.301596 -3.494853e-05 -1.1917108698016812 -1.0058090650764757
-7.271904999999999 -3.440387e-05 -1.1731384937290341 -0.9901339003303603
-7.241828000000001 -3.496269e-05 -1.1921937120246986 -1.0062165859753942
-7.211930000000001 -3.428139e-05 -1.1689620448960416 -0.9866089596736127
-7.181559 -3.494036e-05 -1.1914322807506887 -1.0055739347273114
-7.151253 -3.44593e-05 -1.1750286027983743 -0.9917291604593896
-7.121328 -3.491645e-05 -1.190616973013941 -1.004885811514519
-7.091640999999999 -3.493399e-05 -1.1912150699483852 -1.0053906078822472
-7.0617160000000005 -3.408953e-05 -1.162419805566372 -0.9810872817310621
-7.031605 -3.500109e-05 -1.1935031146633899 -1.0073217273961903
-7.001522 -3.481086e-05 -1.18701645674781 -1.0018469604045743
-6.971578 -3.502733e-05 -1.1943978731331624 -1.0080769073670677
-6.941604999999999 -3.447177e-05 -1.1754538176656788 -0.9920880436239037
-6.911595999999999 -3.485988e-05 -1.1886879910537647 -1.0032577424995595
-6.881578 -3.477009e-05 -1.1856262394150123 -1.0006736110367136
-6.8517719999999995 -3.522738e-05 -1.2012193834943659 -1.0138342912532727
-6.821791 -3.470839e-05 -1.1835223294460735 -0.9988979020350699
-6.791893 -3.457971e-05 -1.1791344666453751 -0.9951945270864226
-6.761772 -3.501128e-05 -1.1938505837490219 -1.0076149927888443
-6.731948 -3.505525e-05 -1.1953499179683778 -1.008880437275105
-6.701883 -3.44949e-05 -1.176242528161328 -0.9927537186515862
-6.671643 -3.476136e-05 -1.1853285549088721 -1.0004223640418293
-6.64193 -3.475256e-05 -1.1850284834708387 -1.0001691024662303
-6.611854999999999 -3.475146e-05 -1.1849909745410845 -1.0001374447692803
-6.581698 -3.412843e-05 -1.1637462577185875 -0.982206813014108
-6.5515680000000005 -3.480483e-05 -1.1868108396147032 -1.00167341866584
-6.5217160000000005 -3.435796e-05 -1.171573007397203 -0.98881262317857
-6.4918000000000005 -3.486794e-05 -1.1889628292117818 -1.0034897070790287
-6.461942 -3.475928e-05 -1.18525762893261 -1.0003625022148699
-6.431883 -3.43894e-05 -1.1726450808076316 -0.9897174577168468
-6.401893 -3.465104e-05 -1.1815667502447984 -0.9972473848350005
-6.371669 -3.501555e-05 -1.1939961865945223 -1.007737882212459
-6.341939 -3.490133e-05 -1.1901013957249564 -1.0044506620800804
-6.311985 -3.481068e-05 -1.1870103189229413 -1.0018417800541644
-6.281587 -3.432468e-05 -1.1704381917770037 -0.9878548339472133
-6.2520940000000005 -3.462214e-05 -1.180581288363075 -0.9964156507969534
-6.222216 -3.515565e-05 -1.1987734602841227 -1.0117699216148948
-6.192253 -3.504963e-05 -1.1951582814363608 -1.0087186952234155
-6.161967 -3.44843e-05 -1.1758810784746057 -0.9924486535718872
-6.132065 -3.472128e-05 -1.1839618659047382 -0.9992688726838735
-6.102189 -3.462368e-05 -1.1806338008647308 -0.9964599715726832
-6.072226 -3.465154e-05 -1.1815837997583232 -0.9972617746972505
-6.042161 -3.467679e-05 -1.1824448001913168 -0.9979884627408729
-6.012281 -3.455541e-05 -1.1783058602880783 -0.994495179781075
-5.9824139999999995 -3.507184e-05 -1.1959156208271247 -1.0093578929045581
-5.952133 -3.469557e-05 -1.1830851799193018 -0.998528945966981
-5.921958 -3.485339e-05 -1.1884666883682153 -1.0030709620875553
-5.892169 -3.459635e-05 -1.1797018744554748 -0.995673421702101
-5.862253 -3.496042e-05 -1.1921163072332968 -1.0061512560007795
-5.832013 -3.48978e-05 -1.1899810261594725 -1.0043490696525958
-5.802282 -3.449945e-05 -1.176397678734402 -0.9928846663980607
-5.772114999999999 -3.489719e-05 -1.1899602257529724 -1.0043315140206508
-5.742405 -3.483535e-05 -1.1878515419202467 -1.002551775857577
-5.7124939999999995 -3.437304e-05 -1.1720872207251058 -0.9892466214240285
-5.6824200000000005 -3.467806e-05 -1.1824881059556693 -0.9980250129909878
-5.652263 -3.465241e-05 -1.181613465911856 -0.9972868130575655
-5.622243999999999 -3.457102e-05 -1.1788381461003172 -0.9949444312805186
-5.5922529999999995 -3.465442e-05 -1.181682004956225 -0.9973446603038103
-5.562087 -3.476312e-05 -1.185388569196479 -1.0004730163569493
-5.532114 -3.455751e-05 -1.178377468244882 -0.994555617202525
-5.502141 -3.463776e-05 -1.1811139151655843 -0.9968651900936418
-5.472300000000001 -3.502858e-05 -1.194440496916974 -1.0081128820226926
-5.4419759999999995 -3.462375e-05 -1.1806361877966245 -0.9964619861533983
-5.412292000000001 -3.482568e-05 -1.1875218043286802 -1.002273475921663
-5.382281 -3.438965e-05 -1.1726536055643937 -0.9897246526479717
-5.352077 -3.461042e-05 -1.1801816477660576 -0.9960783524258144
-5.322064999999999 -3.449786e-05 -1.1763434612813937 -0.9928389066361059
-5.291970999999999 -3.485354e-05 -1.1884718032222723 -1.00307527904623
-5.262179 -3.468198e-05 -1.1826217741417024 -0.9981378295110275
-5.232374 -3.477608e-05 -1.1858304925870373 -1.000846001586468
-5.202216 -3.464286e-05 -1.1812878202035353 -0.9970119666885912
-5.17231 -3.488524e-05 -1.1895527423797339 -1.003987596312877
-5.14242 -3.447692e-05 -1.1756294276549824 -0.9922362592050781
-5.111966000000001 -3.465976e-05 -1.181864093760668 -0.9974983440326396
-5.082216000000001 -3.496054e-05 -1.1921203991165428 -1.0061547095677195
-5.052485 -3.466237e-05 -1.1819530922212667 -0.9975734591135844
-5.022513 -3.474527e-05 -1.1847799015636498 -0.999959298274626
-4.992458 -3.447723e-05 -1.1756399983533674 -0.9922451809196728
-4.962603 -3.449644e-05 -1.1762950406629837 -0.992798039427316
-4.932615 -3.476435e-05 -1.1854305109997494 -1.000508415418084
-4.902476 -3.478174e-05 -1.186023493080136 -1.0010088948271374
-4.87282 -3.460373e-05 -1.1799535252750981 -0.9958858160689102
-4.8425959999999995 -3.429445e-05 -1.1694073781893046 -0.9869848228755812
-4.812354999999999 -3.446569e-05 -1.175246495581219 -0.991913062898944
-4.782513 -3.491295e-05 -1.1904976264192686 -1.0047850824787692
-4.752476 -3.443343e-05 -1.17414646096861 -0.9909846289865772
-4.722503 -3.453449e-05 -1.1775925086422079 -0.9938931079445372
-4.692527 -3.495468e-05 -1.191920578818034 -1.00598606038215
-4.662448 -3.460165e-05 -1.1798825992988358 -0.9958259542419505
-4.632568 -3.485102e-05 -1.1883858736741084 -1.0030027541404904
-4.602568 -3.465258e-05 -1.1816192627464543 -0.9972917056107303
-4.572623999999999 -3.440287e-05 -1.173104394701985 -0.9901051206058604
-4.542527 -3.444732e-05 -1.1746200964543243 -0.991384379359881
-4.512559 -3.472878e-05 -1.1842176086076075 -0.9994847206176227
-4.482716 -3.45066e-05 -1.1766414867778041 -0.993090441428235
-4.452725999999999 -3.474332e-05 -1.1847134084609034 -0.9999031778118511
-4.422605 -3.448263e-05 -1.1758241330994337 -0.9924005914319726
-4.392688 -3.459859e-05 -1.179778256276065 -0.9957378882849807
-4.362346 -3.467247e-05 -1.182297492394464 -0.9978641343310334
-4.332291000000001 -3.42593e-05 -1.1682087973885236 -0.9859732155594099
-4.3025649999999995 -3.477862e-05 -1.1859171041157426 -1.0009191020866979
-4.272578 -3.468106e-05 -1.182590403036817 -0.9981113521644875
-4.242587 -3.426555e-05 -1.1684219163075815 -0.9861530888375343
-4.2123289999999995 -3.41948e-05 -1.1660094101438467 -0.9841169233291664
-4.182493999999999 -3.456304e-05 -1.178566035864464 -0.9947147690790094
-4.152604999999999 -3.47574e-05 -1.1851935227617572 -1.0003083963328099
-4.122725999999999 -3.437962e-05 -1.1723115923230898 -0.9894359920112377
-4.0924760000000004 -3.427992e-05 -1.1689119193262791 -0.9865666534785977
-4.062096 -3.463477e-05 -1.1810119590747072 -0.9967791387173872
-4.032115 -3.444972e-05 -1.1747019341192424 -0.9914534506986806
-4.002075 -3.482406e-05 -1.1874665639048605 -1.0022268527679732
-3.9720590000000002 -3.438622e-05 -1.1725366459016149 -0.9896259381929371
-3.942457 -3.447698e-05 -1.1756314735966051 -0.992237985988548
-3.912087 -3.436441e-05 -1.1717929461216705 -0.9889982524015942
-3.882031 -3.446213e-05 -1.1751251030449237 -0.9918106070797243
-3.8519479999999997 -3.430742e-05 -1.1698496425701337 -0.987358095902345
-3.822009 -3.429896e-05 -1.169561164801297 -0.9871146194330759
-3.792337 -3.436199e-05 -1.1717104264762115 -0.9889286054683045
-3.7620590000000003 -3.445405e-05 -1.174849582906366 -0.9915780669057654
-3.7322260000000003 -3.448477e-05 -1.1758971050173188 -0.9924621800424022
-3.702022 -3.425732e-05 -1.168141281314966 -0.9859162317049002
-3.672348 -3.45257e-05 -1.1772927781944449 -0.993640134166183
-3.642365 -3.468661e-05 -1.1827796526369405 -0.9982710796354619
-3.6125369999999997 -3.443777e-05 -1.174294450746004 -0.991109532990907
-3.5823739999999997 -3.447375e-05 -1.175521333739236 -0.9921450274784133
-3.552244 -3.449063e-05 -1.1760969253158275 -0.9926308292279716
-3.52248 -3.409076e-05 -1.1624617473696424 -0.9811226807921969
-3.4925590000000004 -3.469594e-05 -1.1830977965593097 -0.9985395944650458
-3.462466 -3.414572e-05 -1.1643358298962694 -0.9827044144507113
-3.431902 -3.430309e-05 -1.1697019937830104 -0.9872334796952604
-3.402159 -3.446795e-05 -1.1753235593823506 -0.9919781050763139
-3.372365 -3.440749e-05 -1.1732619322069526 -0.99023808293305
-3.342281 -3.394882e-05 -1.1576217314702708 -0.9770376866966809
-3.312152 -3.410698e-05 -1.1630148335883814 -0.9815894879235854
-3.282207 -3.375133e-05 -1.1508875146183137 -0.9713539789051959
-3.2523649999999997 -3.419669e-05 -1.1660738573049696 -0.984171317008471
-3.222087 -3.438012e-05 -1.1723286418366146 -0.9894503818734879
-3.1922159999999997 -3.378235e-05 -1.1519452664373817 -0.9722467259591828
-3.1621889999999997 -3.446602e-05 -1.1752577482601454 -0.9919225602080292
-3.1323670000000003 -3.417569e-05 -1.1653577777369353 -0.9835669427939732
-3.102494 -3.438292e-05 -1.1724241191123523 -0.9895309651020875
-3.0721979999999998 -3.43183e-05 -1.1702206399844297 -0.987671219304904
-3.0422919999999998 -3.377589e-05 -1.1517249867226436 -0.9720608089389134
-3.012429 -3.42604e-05 -1.1682463063182777 -0.9860048732563598
-2.982115 -3.427544e-05 -1.1687591556850987 -0.9864377203128384
-2.951994 -3.396876e-05 -1.1583016660696333 -0.9776115544032091
-2.922037 -3.36396e-05 -1.1470776303261006 -0.9681384202868222
-2.8923919999999996 -3.415053e-05 -1.164499846216376 -0.9828428449255557
-2.862272 -3.376308e-05 -1.1512881781861426 -0.9716921406680697
-2.8320770000000004 -3.375942e-05 -1.1511633757471422 -0.9715868068764001
-2.801999 -3.440378e-05 -1.1731354248166 -0.9901313101551554
-2.772031 -3.348626e-05 -1.141848885518368 -0.9637253373320075
-2.7419659999999997 -3.389202e-05 -1.1556849067338733 -0.9754029983450867
-2.712008 -3.400305e-05 -1.1594709217071522 -0.9785984111563107
-2.682429 -3.405058e-05 -1.161091648462803 -0.9799663114617908
-2.652161 -3.447007e-05 -1.1753958493196948 -0.9920391180922536
-2.622105 -3.404206e-05 -1.1608011247523435 -0.9797211082090518
-2.592327 -3.348299e-05 -1.1417373816999166 -0.9636312276328927
-2.562059 -3.386703e-05 -1.1548327720479126 -0.9746837930298343
-2.532226 -3.380265e-05 -1.1526374766864815 -0.9728309543665307
-2.502401 -3.387945e-05 -1.1552562819638643 -0.9750412372081231
-2.47217 -3.373401e-05 -1.1502969194698205 -0.9708555140768576
-2.44205 -3.336115e-05 -1.1375827562442355 -0.960124705999825
-2.412133 -3.400054e-05 -1.1593853331492585 -0.9785261740478158
-2.3820129999999997 -3.370534e-05 -1.1493193003643185 -0.9700303993754456
-2.352056 -3.388865e-05 -1.1555699930127175 -0.9753060106735222
-2.3221410000000002 -3.353622e-05 -1.1435524729097486 -0.9651631723680225
-2.292105 -3.376213e-05 -1.1512557841104458 -0.9716647999297948
-2.262133 -3.356633e-05 -1.1445791946142017 -0.9660297298727144
-2.231957 -3.412069e-05 -1.1634823312492264 -0.9819840579464788
-2.202013 -3.376449e-05 -1.1513362578142818 -0.9717327200796145
-2.171735 -3.36994e-05 -1.1491167521436458 -0.969859447811916
-2.141855 -3.380135e-05 -1.1525931479513174 -0.9727935407246808
-2.112065 -3.385453e-05 -1.1544065342097969 -0.9743240464735856
-2.0822249999999998 -3.329322e-05 -1.13526640933678 -0.958169699314547
-2.0522530000000003 -3.292143e-05 -1.1225887320701378 -0.9474696855427294
-2.021957 -3.315833e-05 -1.1306667915781057 -0.9542876022767554
-1.991763 -3.353291e-05 -1.1434396051302156 -0.9650679114799278
-1.96192 -3.364313e-05 -1.1471979998915844 -0.9682400127143067
-1.932037 -3.355886e-05 -1.1443244748821437 -0.9658147453307001
-1.9022629999999998 -3.323146e-05 -1.1331604534262176 -0.956392263529433
-1.8720219999999999 -3.309813e-05 -1.128614030149741 -0.9525550628618615
-1.841957 -3.319425e-05 -1.131891628629715 -0.9553213699807916
-1.812008 -3.258243e-05 -1.11102916190044 -0.9377133589372632
-1.782124 -3.326599e-05 -1.1343378928302286 -0.9573860274164145
-1.751966 -3.235554e-05 -1.1032924336532348 -0.931183527245481
-1.72204 -3.279757e-05 -1.1183652265798165 -0.9439050288661714
-1.691689 -3.26158e-05 -1.112167046433074 -0.938673738343825
-1.6620270000000001 -3.285665e-05 -1.1203797970978868 -0.9456053349896257
-1.632142 -3.29264e-05 -1.1227582042345723 -0.9476127207734937
-1.602008 -3.289922e-05 -1.1218313926793735 -0.9468304878615864
-1.5722349999999998 -3.276509e-05 -1.117257690181257 -0.9429702634144149
-1.5419939999999999 -3.233233e-05 -1.1025009952354217 -0.9305155498398383
-1.511855 -3.216549e-05 -1.096811913562524 -0.9257139406042751
-1.481605 -3.240104e-05 -1.104843939383976 -0.9324930047102266
-1.451735 -3.172041e-05 -1.081635118603442 -0.91290466082386
-1.421661 -3.239902e-05 -1.1047750593493364 -0.9324348696667366
-1.391651 -3.247708e-05 -1.1074368294008012 -0.9346814149611988
-1.361642 -3.173538e-05 -1.082145581038369 -0.9133354932996233
-1.331624 -3.141822e-05 -1.0713307336194275 -0.904207715877235
-1.3018830000000001 -3.163626e-05 -1.0787656854772472 -0.9104828470071933
-1.271874 -3.124465e-05 -1.0654121654944886 -0.8992124190957875
-1.241942 -3.143338e-05 -1.0718476748694945 -0.9046440165006537
-1.211883 -3.10613e-05 -1.0591601088850078 -0.893935656608731
-1.181781 -3.065536e-05 -1.0453179498446334 -0.8822528152452418
-1.151827 -3.065811e-05 -1.0454117221690187 -0.8823319594876163
-1.122122 -3.051974e-05 -1.0406934397962135 -0.8783497090085653
-1.09204 -3.037308e-05 -1.03569247648917 -0.8741288746134102
-1.061661 -2.990005e-05 -1.019562613724061 -0.8605152015332226
-1.03181 -2.970433e-05 -1.012888752149981 -0.8548824338541023
-1.002272 -2.956731e-05 -1.008216503463692 -0.850939036003126
-0.9720958000000001 -2.855265e-05 -0.9736175846778956 -0.8217374007420579
-0.9421422 -2.799313e-05 -0.9545384970632967 -0.8056345692898741
-0.9117717 -2.784788e-05 -0.9495856133843925 -0.8014543143062637
-0.8816421 -2.714542e-05 -0.9256324108433732 -0.7812377090340642
-0.8517725 -2.669519e-05 -0.9102800058949874 -0.7682802136724745
-0.8221328 -2.611744e-05 -0.8905792930172807 -0.7516527278426575
-0.7920496 -2.557092e-05 -0.871943492754322 -0.7359240328089723
-0.7618180999999999 -2.485659e-05 -0.8475855347622281 -0.715365812206959
-0.7317440000000001 -2.445348e-05 -0.8338398759684031 -0.7037644174638046
-0.7017625000000001 -2.327498e-05 -0.7936541725908566 -0.6698475121406727
-0.6716026 -2.301902e-05 -0.7849261856273295 -0.6624810538576785
-0.6417903 -2.189802e-05 -0.7467011763051153 -0.6302189826932911
-0.6116144 -2.113363e-05 -0.7206362210189355 -0.6082200490828128
-0.5817441 -2.001583e-05 -0.6825203285832792 -0.5760500730368252
-0.5518921 -1.936853e-05 -0.6604480283742966 -0.5574209573680401
-0.5217532 -1.828712e-05 -0.6235729995329623 -0.5262982754966037
-0.4916976 -1.777239e-05 -0.6060212073398995 -0.5114844879047703
-0.4615865 -1.669609e-05 -0.569320424526787 -0.4805088704255284
-0.4312995 -1.580289e-05 -0.5388631735663929 -0.45480282050221815
-0.4014754 -1.486348e-05 -0.5068302065660528 -0.4277668595097675
-0.37157429999999997 -1.392316e-05 -0.4747662094510978 -0.4007047089680219
-0.3419477 -1.311655e-05 -0.44726159324289877 -0.37749069538915797
-0.3116976 -1.216213e-05 -0.41471679984654924 -0.35002275073196376
-0.28140129999999997 -1.113525e-05 -0.37970119095021077 -0.3204694272375068
-0.2513365 -1.001844e-05 -0.34161905655133296 -0.288327943118774
-0.2214894 -9.887342e-06 -0.3371487423032298 -0.28455497879628616
-0.1916421 -8.662913e-06 -0.29539690471233815 -0.24931624950659861
-0.16154949999999998 -8.491958e-06 -0.2895675055431329 -0.24439621170471829
-0.1312347 -7.139356e-06 -0.2434450933582572 -0.20546869878670512
-0.1014705 -6.513013e-06 -0.222087406459146 -0.1874427198042645
-0.07156801 -4.94454e-06 -0.1686040032061207 -0.1423024989787335
-0.04159316 -4.60977e-06 -0.15718867192084177 -0.13266791060790212
-0.01175319 -3.457129e-06 -0.11788473528376205 -0.09949522018061335
0.01870977 -2.687943e-06 -0.0916562410638542 -0.07735825901143359
0.04856163 -2.150085e-06 -0.0733158065731963 -0.0618788539513666
0.078671 -1.204894e-06 -0.04108571309748441 -0.03467651737158201
0.10835020000000001 3.946099e-07 0.0134558136540036 0.011356764206932926
0.1382468 7.746503e-07 0.026414821533413086 0.022294222217764562
0.1685431 2.251158e-06 0.07676229753414558 0.06478770704574495
0.19864500000000002 2.693226e-06 0.09183638622375541 0.07751030229596656
0.2286049 3.983842e-06 0.13584513611795598 0.11465387521112895
0.2584413 4.865593e-06 0.16591198731766318 0.1400304260686399
0.288432 5.337554e-06 0.18200539822285638 0.15361333362333704
0.3184968 6.416413e-06 0.21879344044618798 0.18466259841757418
0.3487191 7.13286e-06 0.2432235860785452 0.20528174569635374
0.3788024 8.033655e-06 0.27393981914937837 0.23120637762724078
0.4088487 9.157745e-06 0.31227019446517484 0.2635573781403329
0.43857670000000004 1.000365e-05 0.3411147319412745 0.2879022909934205
0.4685524 1.135968e-05 0.38735403559087495 0.3269284608070193
0.4988302 1.246657e-05 0.4250979076414242 0.3587844500587131
0.5290294999999999 1.331012e-05 0.45386214190882285 0.38306158666060347
0.5587748 1.501058e-05 0.511846173444998 0.4320003569837027
0.5885616 1.552415e-05 0.5293584107666837 0.44678076009511614
0.6187469 1.759923e-05 0.6001166198160507 0.5065009908103678
0.6490617 1.92146e-05 0.6551991651406048 0.5529908943757705
0.6786711 2.057637e-05 0.701634197205468 0.5921822598079988
0.7085524000000001 2.156665e-05 0.7354017817118039 0.6206822453857594
0.7388487 2.28409e-05 0.7788524669293163 0.6573548093297564
0.7688314 2.349208e-05 0.8010570713632499 0.6760955903296011
0.7989506 2.472979e-05 0.8432617781323827 0.7117165431403718
0.8289162999999999 2.570691e-05 0.8765806194427501 0.7398377875437137
0.8587191000000001 2.604161e-05 0.8879935637961356 0.74947036133383
0.8888209 2.689758e-05 0.917181307979486 0.7741049421140092
0.9189506000000001 2.749658e-05 0.9376066251819893 0.7913439970894489
0.9489162999999999 2.800229e-05 0.9548508441510679 0.8058981915662932
0.9788857000000001 2.842145e-05 0.9691437923290334 0.8179615008876711
1.009247 2.882288e-05 0.9828321647574156 0.8295145456936658
1.039034 2.949051e-05 1.0055976981863093 0.8487287531615336
1.069228 2.995272e-05 1.0213586094787452 0.8620310296226322
1.09918 2.954092e-05 1.0073166301398622 0.8501795390735736
1.129423 3.033289e-05 1.0343220365920605 0.8729722174857593
1.159218 3.057841e-05 1.0426940297131932 0.8800382154449744
1.188904 3.081847e-05 1.0508798421466372 0.8869470761084204
1.218858 3.102264e-05 1.0578418404992835 0.8928230324595648
1.2490519999999998 3.127981e-05 1.0666110872855403 0.900224314209204
1.278718 3.149316e-05 1.0738861147064989 0.9063644684312577
1.308821 3.151667e-05 1.0746877828324266 0.9070410797542502
1.338691 3.130474e-05 1.0674611760298784 0.9009417927409866
1.3689230000000001 3.164393e-05 1.0790272250147148 0.9107035874941074
1.398849 3.215565e-05 1.0964763791363592 0.925430748115196
1.429099 3.2017e-05 1.0917485490359802 0.921440439313285
1.4593019999999999 3.208669e-05 1.0941249102310426 0.923446098313683
1.488945 3.2293e-05 1.1011598805015743 0.9293836432752572
1.518756 3.19965e-05 1.0910495189814704 0.920850454961037
1.5489600000000001 3.219773e-05 1.097911266194592 0.9266417989221519
1.579247 3.257614e-05 1.1108146790203004 0.9375323344701589
1.6094410000000001 3.226268e-05 1.100125998001441 0.9285110420284203
1.6391710000000002 3.258732e-05 1.111195906142711 0.9378540917900677
1.6688669999999999 3.305284e-05 1.1270696852146802 0.9512516291392611
1.699126 3.295516e-05 1.123738892252509 0.9484404256501109
1.729191 3.331987e-05 1.1361751484076423 0.958936678972469
1.7594130000000001 3.342941e-05 1.1399103558306178 0.9620892099941882
1.789404 3.295107e-05 1.1235994272318774 0.9483227165769063
1.819228 3.33426e-05 1.136950219292472 0.959590842110352
1.848969 3.333248e-05 1.1366051371387336 0.9592995912984129
1.8792650000000002 3.310233e-05 1.1287572460633475 0.952675937704761
1.909497 3.351905e-05 1.142966992615313 0.9646690244983592
1.939492 3.304016e-05 1.1266373095516955 0.9508867022326024
1.969293 3.310118e-05 1.1287180321822408 0.952642841021586
1.99935 3.345581e-05 1.140810570144718 0.9628489947209855
2.029006 3.326877e-05 1.1344326881254256 0.9574660350505244
2.0594409999999996 3.349252e-05 1.1420623454276964 0.9639054984073769
2.089473 3.380229e-05 1.1526252010367437 0.9728205936657107
2.119108 3.298709e-05 1.1248276741861916 0.9493593622533926
2.149058 3.362065e-05 1.1464314537635172 0.967593044507549
2.1791080000000003 3.35359e-05 1.1435415612210929 0.9651539628561825
2.209256 3.3475e-05 1.1414649304737934 0.9634012776341386
2.239284 3.345238e-05 1.140693610481939 0.9627502802659508
2.269349 3.350963e-05 1.142645779780509 0.9643979194935701
2.299367 3.370909e-05 1.1494471717157533 0.9701383233423202
2.329341 3.379444e-05 1.152357523674407 0.9725946728283865
2.359376 3.352901e-05 1.1433066189247234 0.9649556705543781
2.389454 3.347556e-05 1.1414840259289407 0.9634173942798585
2.419284 3.352162e-05 1.1430546271148296 0.964742988390324
2.449589 3.376464e-05 1.1513413726683392 0.9717370370382895
2.47919 3.406835e-05 1.1616975881734684 0.980477727166154
2.508978 3.394105e-05 1.1573567820300985 0.976814068237317
2.539302 3.35239e-05 1.1431323728965017 0.9648086061621837
2.56921 3.401446e-05 1.1598599916057843 0.9789267878128546
2.599152 3.405189e-05 1.1611363181882377 0.9800040129008857
2.6289879999999997 3.423657e-05 1.1674337265036943 0.9853190524215273
2.659062 3.421012e-05 1.1665318072382413 0.9845578287085048
2.689395 3.368475e-05 1.1486172013973746 0.9694378248479927
2.719238 3.37065e-05 1.1493588552356957 0.9700637838558653
2.749321 3.382399e-05 1.1533651499237123 0.9734451136873584
2.779162 3.391972e-05 1.1566294497831378 0.976200196713734
2.809015 3.415628e-05 1.1646959156219094 0.9830083283414303
2.839414 3.363383e-05 1.1468808789400264 0.9679723612764577
2.8694450000000002 3.407289e-05 1.161852397756272 0.9806083871153837
2.899089 3.436853e-05 1.1719334341131136 0.9891168248665339
2.9291729999999996 3.36851e-05 1.1486291360568415 0.9694478977515675
2.9593580000000004 3.436033e-05 1.1716538220913095 0.9888808311256346
2.989515 3.462368e-05 1.1806338008647308 0.9964599715726832
3.019445 3.423973e-05 1.1675414794291696 0.9854099963509468
3.049275 3.431357e-05 1.1700593515864866 0.9875350912080194
3.079469 3.419061e-05 1.1658665352205102 0.9839963362835117
3.109473 3.453088e-05 1.1774694111545598 0.9937892131390924
3.139802 3.389008e-05 1.1556187546213978 0.9753471656795569
3.1696329999999997 3.402637e-05 1.1602661110179406 0.9792695543316482
3.199525 3.406913e-05 1.1617241854145668 0.9805001753512639
3.229349 3.437286e-05 1.172081082900237 0.9892414410736186
3.259379 3.451469e-05 1.1769173479066326 0.9933232693994393
3.28959 3.443321e-05 1.1741389591826594 0.9909782974471875
3.319636 3.404028e-05 1.1607404284841958 0.9796698802994419
3.349596 3.434734e-05 1.17121087572994 0.9885069825043811
3.379478 3.442914e-05 1.1740001761425691 0.9908611639684729
3.4096729999999997 3.441687e-05 1.1735817810806743 0.9905080367488589
3.439841 3.417137e-05 1.1652104699400827 0.9834426143841337
3.46958 3.428428e-05 1.1690605910842138 0.9866921330774173
3.4998020000000003 3.427652e-05 1.1687959826343115 0.986468802415298
3.529571 3.47826e-05 1.1860528182433985 1.0010336453902073
3.559812 3.477708e-05 1.1858645916140864 1.0008747813109677
3.58983 3.415644e-05 1.164701371466237 0.9830129330973502
3.620275 3.443135e-05 1.1740755349923477 0.9909247671596176
3.650086 3.42926e-05 1.1693442949892636 0.9869315803852564
3.679756 3.440659e-05 1.1732312430826084 0.9902121811810002
3.7098299999999997 3.419179e-05 1.1659067720724283 0.9840302963584217
3.739369 3.391775e-05 1.1565622746998507 0.9761435006564692
3.769534 3.41396e-05 1.164127143850728 0.9825282825367719
3.799673 3.438478e-05 1.172487543302664 0.9895844953896573
3.829858 3.393215e-05 1.1570533006893597 0.9765579286892676
3.85969 3.431855e-05 1.1702291647411918 0.9876784142360289
3.889571 3.411859e-05 1.1634107232924231 0.9819236205250291
3.9200340000000002 3.431943e-05 1.170259171884995 0.9877037403935888
3.949794 3.451488e-05 1.176923826721772 0.9933287375470943
3.979562 3.444095e-05 1.1744028856520208 0.9912010525148167
4.00971 3.445102e-05 1.1747462628544065 0.9914908643405306
4.039605 3.453445e-05 1.177591144681126 0.9938919567555573
4.069681999999999 3.491516e-05 1.1905729852690474 1.004848685669914
4.0998410000000005 3.453022e-05 1.1774469057967074 0.9937702185209225
4.129904000000001 3.443308e-05 1.174134526309143 0.9909745560830024
4.160108 3.403025e-05 1.160398415242892 0.9793812196627079
4.190182 3.425508e-05 1.1680648994943756 0.9858517651220203
4.220266 3.427714e-05 1.1688171240310823 0.9864866458444881
4.250136 3.432117e-05 1.170318504192061 0.9877538171142186
4.2802 3.474928e-05 1.1849166386621173 1.0000747049698706
4.31009 3.432155e-05 1.1703314618223395 0.9877647534095285
4.340039 3.455013e-05 1.1781258174252585 0.9943432228357159
4.369581 3.488206e-05 1.1894443074737173 1.0038960767889673
4.400386 3.443005e-05 1.1740312062571836 0.9908873535177677
4.43019 3.447104e-05 1.1754289253759327 0.9920670344250186
4.460219 3.397129e-05 1.1583879366080676 0.9776843671061937
4.490077 3.46387e-05 1.1811459682510106 0.9968922430346717
4.5198860000000005 3.480758e-05 1.1869046119390887 1.0017525629082147
4.550180999999999 3.455234e-05 1.178201176275037 0.9944068260268605
4.580292999999999 3.430135e-05 1.1696426614759448 0.9871834029746307
4.6103119999999995 3.473676e-05 1.1844897188434607 0.9997143828191319
4.640303 3.482265e-05 1.1874184842767213 1.0021862733564284
4.670294 3.486958e-05 1.1890187516161426 1.0035369058272086
4.700662 3.422634e-05 1.16708489345698 0.9850246358398931
4.730571 3.427927e-05 1.1688897549586974 0.986547946657673
4.760453999999999 3.427806e-05 1.1688484951359674 0.9865131231910279
4.790117 3.473549e-05 1.1844464130791081 0.9996778325690171
4.820126 3.408712e-05 1.162337626911183 0.9810179225950172
4.850506 3.413457e-05 1.1639556257446702 0.9823835205225374
4.880426000000001 3.466801e-05 1.1821454107338245 0.9977357767597639
4.910774999999999 3.42022e-05 1.1662617429440112 0.9843298932904656
4.940516 3.452008e-05 1.1771011416624282 0.9934783921144937
4.970377999999999 3.417403e-05 1.1653011733520335 0.9835191684513033
5.000058 3.505031e-05 1.1951814687747544 1.0087382654360755
5.029988 3.47707e-05 1.1856470398215124 1.0006911666686586
5.059879 3.51012e-05 1.196916768261291 1.0102028656158752
5.089858 3.421081e-05 1.1665553355669054 0.9845776867184098
5.120127 3.435007e-05 1.1713039660737843 0.9885855511522658
5.150284 3.528408e-05 1.2031527983280585 1.015466101632417
5.180152 3.472944e-05 1.1842401139654601 0.9995037152357927
5.21009 3.400124e-05 1.159409202468193 0.9785463198549658
5.2400519999999995 3.455783e-05 1.1783883799335375 0.9945648267143649
5.270256000000001 3.47226e-05 1.1840068766204432 0.9993068619202133
5.300104999999999 3.439004e-05 1.1726669041849431 0.9897358767405268
5.330247 3.492189e-05 1.190802471721089 1.0050423732157983
5.360303 3.489718e-05 1.189959884762702 1.0043312262234059
5.3902470000000005 3.440951e-05 1.173330812241592 0.9902962179765397
5.4202650000000006 3.478496e-05 1.1861332919472347 1.001101565540027
5.450331 3.509822e-05 1.196815153160684 1.0101171020368656
5.480442 3.444206e-05 1.1744407355720452 0.9912329980090114
5.5103860000000005 3.479354e-05 1.1864258615993175 1.0013484955762364
5.540618 3.475077e-05 1.1849674462124207 1.0001175867593755
5.570322 3.434229e-05 1.171038675643341 0.9883616448956565
5.6001639999999995 3.488919e-05 1.1896874335365784 1.0041012762246515
5.63019 3.45246e-05 1.1772552692646907 0.9936084764692332
5.660441 3.465757e-05 1.1817894168914302 0.997435316435985
5.6904319999999995 3.51824e-05 1.1996856092576902 1.012539779245267
5.720497 3.438463e-05 1.1724824284486066 0.9895801784309822
5.750398000000001 3.452492e-05 1.1772661809533467 0.9936176859810733
5.780525 3.479641e-05 1.1865237258069485 1.0014310933855508
5.810492 3.477436e-05 1.1857718422605128 1.0007965004603283
5.840432 3.448094e-05 1.1757665057437203 0.9923519536975677
5.870341000000001 3.496305e-05 1.1922059876744366 1.0062269466762144
5.900358 3.465955e-05 1.1818569329649877 0.9974923002904947
5.930562 3.454696e-05 1.178017723509512 0.9942519911090508
5.960766 3.548283e-05 1.209929979954098 1.021186071876772
5.990756 3.48794e-05 1.1893536040617663 1.0038195227217976
6.020388 3.434675e-05 1.1711907573039808 0.988490002466926
6.050368000000001 3.435434e-05 1.1714495689192848 0.9887084405758804
6.080368999999999 3.519649e-05 1.2001660645488144 1.0129452855634709
6.110436 3.491864e-05 1.190691649883179 1.0049488391111736
6.140358 3.477745e-05 1.1858772082540947 1.0008854298090328
6.170586 3.451578e-05 1.1769545158461163 0.993354639299144
6.2003580000000005 3.44468e-05 1.1746023649602586 0.9913694139031409
6.230173 3.452953e-05 1.1774233774680436 0.9937503605110177
6.2601819999999995 3.48316e-05 1.187723670568812 1.0024438518907024
6.2904040000000006 3.451252e-05 1.1768433530179356 0.9932608173972743
6.320145 3.50779e-05 1.1961222609310431 1.0095322980350276
6.350664 3.492945e-05 1.1910602603655815 1.0052599479330178
6.380397 3.4575e-05 1.1789738602279731 0.9950589745840281
6.41062 3.474826e-05 1.184881857654527 1.0000453496508808
6.4407939999999995 3.47307e-05 1.1842830787395422 0.9995399776886627
6.470266 3.478602e-05 1.1861694369159066 1.0011320720479968
6.500414 3.453819e-05 1.17771867504229 0.9939995929251869
6.530171 3.467271e-05 1.1823056761609558 0.9978710414649133
6.560475 3.484725e-05 1.1882573203421325 1.0028942545791257
6.590511 3.483421e-05 1.1878126690294106 1.0025189669716472
6.620455 3.461726e-05 1.1804148851110747 0.996275205741394
6.6505339999999995 3.473868e-05 1.1845551889753951 0.9997696398901718
6.680379 3.478929e-05 1.186280940734358 1.0012261817471118
6.710358 3.439205e-05 1.1727354432293122 0.9897937239867717
6.740932 3.506016e-05 1.1955173441911893 1.0090217457223993
6.77083 3.523774e-05 1.2015726494145962 1.0141324491990917
6.800923 3.390754e-05 1.156214123633678 0.9758496596693254
6.830463 3.471128e-05 1.1836208756342457 0.9989810754388745
6.860627 3.540796e-05 1.20737698579892 1.0190313339034645
6.890951 3.461729e-05 1.1804159080818861 0.9962760691331288
6.920945 3.460711e-05 1.1800687799865248 0.9959830915377199
6.950525 3.46806e-05 1.1825747174843744 0.9980981134912176
6.980683 3.440972e-05 1.1733379730372724 0.9903022617186847
7.010775 3.469502e-05 1.1830664254544248 0.9985131171185062
7.0405619999999995 3.506294e-05 1.1956121394863863 1.0091017533565092
7.070766 3.441584e-05 1.1735466590828139 0.9904783936326242
7.100858000000001 3.441554e-05 1.173536429374699 0.9904697597152742
7.130979 3.478455e-05 1.1861193113461446 1.0010897658529823
7.160577 3.511466e-05 1.1973757411653738 1.010590240707644
7.190766 3.462117e-05 1.1805482123068372 0.9963877344641884
7.221016 3.474968e-05 1.184930278272937 1.0000862168596707
7.251256000000001 3.458985e-05 1.1794802307796546 0.9954863534928516
7.280932 3.476198e-05 1.185349696305643 1.0004402074710195
7.310932 3.466165e-05 1.181928540921791 0.9975527377119444
7.341145 3.484321e-05 1.1881195602728536 1.002777984492146
7.370945 3.413169e-05 1.1638574205467682 0.9823006349159777
7.400747 3.446567e-05 1.1752458136006783 0.9919124873044541
7.430571 3.470633e-05 1.1834520854503516 0.9988386158025999
7.460793 3.462016e-05 1.1805137722895178 0.9963586669424438
7.4908220000000005 3.496336e-05 1.1922165583728217 1.0062358683908093
7.520701 3.518693e-05 1.1998400778502236 1.0126701513972518
7.550886 3.479941e-05 1.1866260228880963 1.0015174325590506
7.580643 3.506292e-05 1.1956114575058456 1.0091011777620194
7.610646 3.501374e-05 1.1939344673555634 1.0076857909111143
7.64059 3.469497e-05 1.1830647205030722 0.998511678132281
7.670964 3.507501e-05 1.196023714742871 1.009449124631223
7.700969 3.463013e-05 1.1808537395891985 0.9966456007957076
7.731062 3.45475e-05 1.1780361369841188 0.994267532160281
7.760879 3.443629e-05 1.174243984185971 0.9910669389986471
7.7906260000000005 3.497315e-05 1.192550387847634 1.0065176218936633
7.820701 3.497823e-05 1.192723610905044 1.0066638228941227
7.850895 3.483974e-05 1.1880012366489927 1.0026781188481315
7.88084 3.443534e-05 1.1742115901102743 0.9910395982603722
7.911118 3.491757e-05 1.1906551639242362 1.0049180448059587
7.941155 3.496679e-05 1.1923335180356007 1.0063345828458439
7.9710209999999995 3.48148e-05 1.1871508069143843 1.001960352519104
8.001146 3.439446e-05 1.1728176218845008 0.9898630831228163
8.031181 3.460567e-05 1.1800196773875737 0.99594164873444
8.060942 3.520405e-05 1.200423853193307 1.0131628602806901
8.091016 3.465902e-05 1.1818388604806518 0.9974770470365099
8.120682 3.490566e-05 1.1902490445120795 1.0045752782871649
8.150821 3.467082e-05 1.1822412289998327 0.9978166477856086
8.181089 3.454124e-05 1.1778226770747904 0.9940873710849116
8.211210999999999 3.450912e-05 1.1767274163259682 0.9931629663339747
8.241386 3.505153e-05 1.1952230695877544 1.0087733766999654
8.271172 3.421561e-05 1.1667190108967413 0.9847158293960091
8.301341 3.468036e-05 1.1825665337178826 0.9980912063573375
8.331144 3.511188e-05 1.1972809458701767 1.010510233073534
8.361008 3.543169e-05 1.208186155710799 1.0197142767658471
8.391035 3.493461e-05 1.1912362113451556 1.005408451311437
8.421137 3.466024e-05 1.1818804612936515 0.9975121583003995
8.451497999999999 3.469875e-05 1.1831936148253184 0.9986204654908907
8.481427 3.458299e-05 1.1792463114540965 0.9952889245827823
8.51122 3.485686e-05 1.188585011992076 1.0031708277315698
8.5411 3.498904e-05 1.1930922213874466 1.0069749317159666
8.571128 3.479524e-05 1.1864838299453009 1.001397421107886
8.601517 3.434853e-05 1.1712514535721286 0.9885412303765359
8.631368 3.460938e-05 1.1801461847779264 0.9960484215123346
8.661442 3.46387e-05 1.1811459682510106 0.9968922430346717
8.69159 3.45726e-05 1.178892022563055 0.9949899032452284
8.721506999999999 3.52787e-05 1.2029693455625334 1.0153112667146074
8.751104999999999 3.465745e-05 1.1817853250081842 0.997431862869045
8.781201 3.472072e-05 1.1839427704495906 0.9992527560381536
8.811304 3.492724e-05 1.190984901515803 1.005196344741873
8.841127 3.463238e-05 1.1809304624000596 0.9967103551758325
8.871415 3.454353e-05 1.1779007638467334 0.9941532766540164
8.901275 3.462063e-05 1.1805297988322307 0.9963721934129586
8.931377000000001 3.454922e-05 1.1780947873106433 0.9943170332864206
8.961184 3.455527e-05 1.1783010864242915 0.9944911506196452
8.991275 3.497257e-05 1.1925306104119453 1.0065009296534533
9.0212 3.461762e-05 1.1804271607608123 0.9962855664422139
9.050692 3.480375e-05 1.18677401266549 1.00164233656338
9.081183000000001 3.477551e-05 1.1858110561416193 1.000829597143503
9.111128 3.479326e-05 1.1864163138717436 1.0013404372533763
9.141127000000001 3.476525e-05 1.185461200124094 1.0005343171701342
9.171441000000002 3.463277e-05 1.1809437610206086 0.9967215792683874
9.201322 3.474227e-05 1.1846776044825018 0.9998729591011263
9.231615 3.498387e-05 1.1929159294176017 1.006826140540302
9.261358 3.501477e-05 1.1939695893534237 1.0077154340273489
9.291572 3.450967e-05 1.176746170790845 0.9931787951824496
9.321275 3.465558e-05 1.181721559827602 0.9973780447842301
9.351267 3.459826e-05 1.179767003597139 0.9957283909758959
9.381137 3.43676e-05 1.1719017220179577 0.9890900597227489
9.411368 3.46716e-05 1.1822678262409312 0.9978390959707184
9.441483 3.451911e-05 1.1770680656061903 0.9934504757817287
9.47134 3.468382e-05 1.1826845163514732 0.9981907842041073
9.501351000000001 3.470189e-05 1.1833006857702533 0.9987108338258205
9.531313 3.470704e-05 1.1834762957595568 0.998859049406995
9.561487999999999 3.467618e-05 1.1824239997848167 0.997970907108928
9.591305 3.496973e-05 1.1924337691751254 1.0064191952358736
9.621258 3.457984e-05 1.1791388995188916 0.9951982684506077
9.651228999999999 3.42614e-05 1.1682804053453268 0.9860336529808595
9.681294 3.467944e-05 1.1825351626129974 0.9980647290107978
9.711433000000001 3.461109e-05 1.1802044941141807 0.9960976348412295
9.741563 3.500709e-05 1.1937077088256856 1.0074944057431898
9.771521 3.444313e-05 1.174477221530988 0.9912637923142263
9.801257 3.431141e-05 1.1699856976880603 0.9874729270030996
9.831285 3.462676e-05 1.1807388258680427 0.996548613124143
9.861372 3.497863e-05 1.192737250515864 1.0066753347839228
9.891313 3.456689e-05 1.1786973171186037 0.994825571018334
9.92122 3.440282e-05 1.1731026897506323 0.9901036816196352
9.951125 3.449945e-05 1.176397678734402 0.9928846663980607
9.981174000000001 3.479424e-05 1.1864497309182518 1.0013686413833862
10.00348 3.504238e-05 1.1949110634902538 1.0085100422207913
