Keff(MJ/m3):-0.011630072888240403 Ms(MA/m):1.1409986489430481
H(kOe) moment(emu) M(MA/m) M_norm()
9.967555 3.293079e-05 1.157122828470231 1.0141316377036198
9.939323 3.294838e-05 1.1577409062798674 1.0146733366882845
9.910943999999999 3.325982e-05 1.1686842918985774 1.0242643959142068
9.882537000000001 3.34409e-05 1.1750470849496824 1.0298409082588962
9.853536 3.25805e-05 1.144814330690954 1.0033441597423804
9.824259 3.27331e-05 1.150176392871198 1.0080436063063278
9.794906000000001 3.248504e-05 1.1414600550964187 1.0004043879927447
9.765801999999999 3.30468e-05 1.1611991904199694 1.0177042641510872
9.736878 3.243222e-05 1.1396040647664025 0.9987777512462984
9.707063 3.198965e-05 1.1240530303030303 0.9851484323353797
9.677555 3.188249e-05 1.1202876398493282 0.981848349151942
9.648156 3.260056e-05 1.1455191994153031 1.0039619244741809
9.618647000000001 3.258397e-05 1.144936259627818 1.0034510213385595
9.588666 3.224703e-05 1.133096854444257 0.9930746679620427
9.559009 3.204203e-05 1.1258935599033 0.986761518908247
9.528889999999999 3.256686e-05 1.1443350480688141 1.002924104361435
9.499179 3.214699e-05 1.12958164670827 0.9899938512237905
9.469091 3.291956e-05 1.156728228481475 1.0137858003188678
9.439452 3.271741e-05 1.1496250773036485 1.0075604194348444
9.409692999999999 3.30855e-05 1.1625590318772137 1.0188960635090476
9.379601000000001 3.220227e-05 1.1315240765727779 0.9916962457588823
9.349583 3.307944e-05 1.1623460954629785 1.0187094406638477
9.319453 3.228597e-05 1.1344651290268173 0.9942738583237735
9.289435 3.263318e-05 1.1466654016978695 1.004966485069961
9.259773 3.239957e-05 1.1384568083431719 0.9977722667750474
9.229396000000001 3.278192e-05 1.1518918311126103 1.0095470596566025
9.19948 3.278116e-05 1.1518651262157755 1.0095236548113298
9.169592 3.218391e-05 1.1308789424860854 0.9911308339704546
9.139786 3.278115e-05 1.151864774835554 1.0095233468528395
9.10966 3.302721e-05 1.1605108365660315 1.0171009734683367
9.079488999999999 3.24346e-05 1.139687693259122 0.9988510453670206
9.049313 3.275354e-05 1.1508946140439646 1.0086730734607647
9.019357 3.234378e-05 1.136496458087367 0.9960541663569438
8.989546 3.259645e-05 1.1453747821442628 1.003835353534615
8.959489 3.273965e-05 1.150406546916287 1.0082453191175587
8.929692999999999 3.292134e-05 1.156790774160904 1.0138406169301644
8.899509 3.234309e-05 1.136472212852083 0.9960329172211043
8.869656 3.269624e-05 1.148881205374712 1.0069084713106065
8.839647000000001 3.216538e-05 1.130227834935627 0.9905601868876894
8.809823 3.256762e-05 1.144361752965649 1.0029475092067077
8.779489 3.293849e-05 1.1573933912407939 1.0143687657412501
8.749342 3.213171e-05 1.1290447377298025 0.9895232906504149
8.71965 3.243377e-05 1.1396585287007366 0.9988254848123149
8.68961 3.289795e-05 1.1559688958227918 1.0131203020210506
8.659547 3.268577e-05 1.148513310282791 1.0065860387711272
8.629759 3.296879e-05 1.1584580733119694 1.0153018799672502
8.599452999999999 3.236765e-05 1.1373352026761117 0.9967892632735981
8.569352 3.242607e-05 1.1393879659301738 0.9985883567746846
8.539509 3.269247e-05 1.1487487350312025 1.0067923709597144
8.509943 3.27566e-05 1.1510021363917466 1.008767308758836
8.47974 3.271411e-05 1.1495091218305504 1.007458793133003
8.449425 3.25034e-05 1.142105189183111 1.0009697997811724
8.419461 3.252113e-05 1.1427281863158485 1.001515810184703
8.389647 3.241474e-05 1.1389898521392028 0.9982394398050285
8.359556000000001 3.287817e-05 1.1552738657446449 1.012511160126982
8.329526 3.198529e-05 1.1238998285264516 0.9850141624335526
8.299203 3.196971e-05 1.1233523781413393 0.9845343631054643
8.269339 3.268691e-05 1.1485533676280428 1.006621146039036
8.239201999999999 3.324165e-05 1.1680458340360937 1.0237048353370974
8.209508 3.221187e-05 1.1318614015854276 0.9919918859096942
8.179333 3.275527e-05 1.1509554028222857 1.0087263502796089
8.149185000000001 3.265927e-05 1.1475821526957888 1.00576994877149
8.119131 3.236744e-05 1.1373278236914601 0.996782796145299
8.089046 3.258879e-05 1.145105624894586 1.0035994573309461
8.058981 3.257447e-05 1.1446024484173836 1.0031584607726518
8.029157 3.240978e-05 1.1388155675493337 0.9980866923937757
7.999377000000001 3.311877e-05 1.1637280738741778 1.019920641406705
7.969426 3.272445e-05 1.1498724489795917 1.0077772222121066
7.939305 3.311203e-05 1.1634912436048799 1.0197130773841558
7.909045 3.238907e-05 1.1380878591105863 0.9974489103600971
7.879231 3.263329e-05 1.1466692668803058 1.0049698726133554
7.849 3.245927e-05 1.1405545482655872 0.9996107789629091
7.818907 3.309992e-05 1.1630657221566312 1.0193401396522463
7.789008 3.236367e-05 1.1371953533479506 0.9966666957944073
7.758795 3.269758e-05 1.1489282903243943 1.0069497377483239
7.72899 3.235352e-05 1.1368387024231181 0.9963541179266219
7.699109999999999 3.290654e-05 1.156270731433069 1.0133848383643291
7.669009 3.306317e-05 1.1617743998425816 1.0182083921999194
7.63883 3.322315e-05 1.1673957806263002 1.0231351121298038
7.609147 3.2581e-05 1.1448318997020295 1.0033595576669019
7.5788969999999996 3.273248e-05 1.1501546072974642 1.008024512879921
7.548972 3.251459e-05 1.1424983836509812 1.0013144053319627
7.518694 3.266928e-05 1.1479338842975209 1.0060782152204097
7.48875 3.270427e-05 1.1491633636925844 1.0071557619784208
7.458783 3.243715e-05 1.1397772952156067 0.9989295747820798
7.428898 3.244547e-05 1.1400696435599031 0.9991857962461168
7.399113000000001 3.278798e-05 1.1521047675268452 1.0097336825018024
7.36937 3.301664e-05 1.1601394276718953 1.0167754613439532
7.339055 3.248014e-05 1.1412878787878786 1.0002534883324343
7.308925 3.259798e-05 1.1454285433181537 1.0038824711836505
7.278879 3.262241e-05 1.1462869651993028 1.0046348137757686
7.248897 3.287503e-05 1.1551635323550908 1.0124144611609875
7.219188 3.251178e-05 1.1423996458087367 1.001227868996152
7.188768 3.246341e-05 1.1407000196772925 0.9997382737779467
7.158564 3.252205e-05 1.1427605132962275 1.0015441423658227
7.12861 3.303713e-05 1.1608594057457693 1.0174064682908421
7.098745 3.25205e-05 1.1427060493618935 1.0014964087998062
7.068981 3.226427e-05 1.1337026339461405 0.9936055883995424
7.038888 3.244709e-05 1.140126567155788 0.9992356855215665
7.0088230000000005 3.297153e-05 1.1585543514926633 1.015386260593628
6.978592 3.300944e-05 1.159886433912408 1.0165537312308444
6.948657 3.243945e-05 1.1398581126665541 0.9990004052348787
6.919047 3.259138e-05 1.1451966323719571 1.0036792185799672
6.888722 3.234534e-05 1.1365512734019227 0.9961022078814509
6.858638 3.198663e-05 1.1239469134761342 0.9850554288712701
6.8284530000000006 3.258364e-05 1.1449246640805082 1.0034408587083752
6.798388 3.264242e-05 1.1469900770225445 1.005251038715117
6.768479999999999 3.258115e-05 1.1448371704053522 1.0033641770442583
6.738722 3.314165e-05 1.1645320318209926 1.0206252504328066
6.708583 3.264407e-05 1.1470480547590938 1.005301851866038
6.678397 3.229802e-05 1.1348885421937371 0.9946449483047406
6.648175 3.200816e-05 1.1247034350930456 0.985718463501164
6.618462 3.283036e-05 1.1535939169056053 1.011038810584241
6.58873 3.249446e-05 1.1417910552650812 1.0006944848907289
6.55837 3.261038e-05 1.1458642547928262 1.0042643397117823
6.528377000000001 3.269229e-05 1.1487424101872152 1.0067868277068868
6.498675 3.273466e-05 1.1502312081857535 1.0080916478308346
6.4683329999999994 3.245105e-05 1.140265713723506 0.9993576370837765
6.4384250000000005 3.193492e-05 1.1221299263507056 0.9834629755172616
6.408194000000001 3.267213e-05 1.1480340276606509 1.0061659833901817
6.3783389999999995 3.205358e-05 1.1262994040591443 0.9871172109646927
6.348407 3.259783e-05 1.145423272614831 1.0038778518062939
6.31825 3.250767e-05 1.142255228537696 1.0011012980565857
6.28825 3.242079e-05 1.1392024371732163 0.998425754691738
6.258138 3.172626e-05 1.1147980266486759 0.9770371136559688
6.228212 3.29231e-05 1.1568526170798898 1.0138948176244797
6.198212000000001 3.261346e-05 1.145972479901051 1.0043591909268346
6.168259 3.28829e-05 1.1554400685894193 1.012656824492955
6.138387 3.180847e-05 1.1176867234497103 0.9795688404057861
6.108453000000001 3.268247e-05 1.1483973548096926 1.0064844124692855
6.078545 3.205397e-05 1.1263131078877833 0.9871292213458195
6.048222 3.250562e-05 1.1421831955922865 1.0010381665660477
6.0183599999999995 3.263383e-05 1.1466882414122674 1.0049865023718387
5.988245 3.200107e-05 1.1244543065159947 0.9855001209314496
5.958333 3.264789e-05 1.1471822820037105 1.0054194920093817
5.928212 3.222165e-05 1.1322050514420643 0.9922930693133338
5.898207 3.228104e-05 1.1342918985776127 0.9941220347879919
5.868433 3.219618e-05 1.1313100860178782 0.9915086990382109
5.838641 3.258089e-05 1.144828034519593 1.0033561701235072
5.808084 3.262909e-05 1.1465216871872717 1.0048405300473753
5.778116 3.269501e-05 1.148837985607466 1.0068705924162833
5.748245 3.273142e-05 1.1501173609939843 1.0079918692799357
5.718317 3.194361e-05 1.1224352757631977 0.9837305914454443
5.688396 3.239686e-05 1.1383615843031427 0.9976888100241413
5.658434000000001 3.236705e-05 1.1373141198628212 0.9967707857641723
5.628104 3.216801e-05 1.1303202479338843 0.9906411799706724
5.597707000000001 3.244572e-05 1.1400784280654412 0.9991934952083777
5.567856 3.214696e-05 1.1295805925676055 0.9899929273483191
5.5381409999999995 3.235271e-05 1.1368102406251754 0.9963291732888969
5.508367 3.226578e-05 1.1337556923595882 0.993652090131597
5.478292000000001 3.28268e-05 1.1534688255467476 1.010929177361648
5.448085 3.23414e-05 1.1364128295946478 0.9959808722362218
5.418147 3.280587e-05 1.152733386743127 1.0102846202411802
5.388292000000001 3.27174e-05 1.1496247259234271 1.0075601114763542
5.3581199999999995 3.227452e-05 1.1340627986731882 0.9939212458522321
5.327906 3.269284e-05 1.1487617360993985 1.0068037654238604
5.297768 3.285156e-05 1.1543388429752064 1.0116916825839504
5.267629 3.228818e-05 1.134542784055771 0.9943419171501582
5.237934 3.280355e-05 1.1526518665317367 1.0102131738714006
5.208055 3.228895e-05 1.1345698403328273 0.9943656299539212
5.1777120000000005 3.247747e-05 1.1411940602687354 1.0001712634154898
5.147819999999999 3.272542e-05 1.1499065328610782 1.0078070941856783
5.117694 3.277953e-05 1.1518078512396694 1.0094734575773898
5.087953000000001 3.255834e-05 1.1440356721200877 1.0026617237275897
5.057748999999999 3.263047e-05 1.14657017765784 1.0048830283190544
5.027573 3.274804e-05 1.1507013549221343 1.008503696291029
4.997795 3.289689e-05 1.1559316495193117 1.0130876584210653
4.967905 3.25953e-05 1.145334373418789 1.0037999383082155
4.938175 3.300852e-05 1.159854106932029 1.016525399049725
4.908008 3.284305e-05 1.1540398184067013 1.011429609908595
4.87812 3.279011e-05 1.1521796115140268 1.0097992776602636
4.848 3.232572e-05 1.13586186540732 0.9954979933232291
4.8182030000000005 3.230124e-05 1.135001686625063 0.9947441109386584
4.787907000000001 3.278014e-05 1.1518292854331815 1.009492243045306
4.758045 3.25219e-05 1.1427552425929048 1.001539522988466
4.727953 3.2376e-05 1.1376286051610727 0.9970464086131063
4.698046000000001 3.238619e-05 1.1379866616067913 0.9973602183148534
4.667916 3.24774e-05 1.1411916006071852 1.000169107706057
4.6378699999999995 3.266629e-05 1.1478288216112893 1.0059861356317714
4.608065 3.262104e-05 1.146238826108956 1.0045926234625797
4.577953000000001 3.252667e-05 1.1429228509585654 1.001686419188401
4.547638 3.298508e-05 1.1590304716928095 1.0158035443481592
4.517679 3.279034e-05 1.1521876932591217 1.0098063607055436
4.4879809999999996 3.247419e-05 1.1410788075560803 1.0000702530306291
4.457962 3.290493e-05 1.156214159217406 1.0133352570473702
4.428018 3.253789e-05 1.1433170995670994 1.002031948614662
4.397773 3.224882e-05 1.1331597515039074 0.9931297925318295
4.367935 3.221379e-05 1.1319288665879574 0.9920510139398565
4.337814000000001 3.221651e-05 1.1320244420082082 0.9921347786492531
4.307897 3.273834e-05 1.1503605161072694 1.0082049765553127
4.277972 3.197732e-05 1.1236197784899082 0.9847687195166805
4.247739999999999 3.186218e-05 1.119573986619441 0.9812228854578805
4.217685 3.278268e-05 1.151918536009445 1.009570464501875
4.18766 3.232007e-05 1.1356633355821666 0.9953239967761365
4.157953 3.255349e-05 1.1438652527126554 1.0025123638597315
4.127777 3.203097e-05 1.12550493337831 0.9864209168178326
4.097638 3.271961e-05 1.1497023809523808 1.0076281703027388
4.067388 3.221515e-05 1.131976654298083 0.9920928962945549
4.037083 3.273926e-05 1.150392843087648 1.008233308736432
4.007245 3.233281e-05 1.1361109939843705 0.9957163358929431
3.977471 3.20465e-05 1.1260506268623152 0.9868991763534689
3.94736 3.202527e-05 1.125304646652049 0.9862453804782879
3.9173299999999998 3.194606e-05 1.1225213639174678 0.9838060412755996
3.887277 3.214877e-05 1.1296441923876988 0.9900486678350867
3.857433 3.282762e-05 1.1534976387249114 1.0109544299578632
3.827407 3.247039e-05 1.1409452830719065 0.9999532288042662
3.79724 3.236642e-05 1.137291982908866 0.9967513843792752
3.767388 3.201602e-05 1.1249796199471525 0.9859605188746413
3.737453 3.268286e-05 1.1484110586383316 1.0064964228504123
3.707417 3.227706e-05 1.134152049249452 0.9939994673088013
3.6774050000000003 3.181874e-05 1.1180475909372012 0.9798851137754567
3.647462 3.219488e-05 1.1312644065890818 0.9914686644344551
3.6174899999999997 3.220138e-05 1.1314928037330634 0.991668837453234
3.5870830000000002 3.24436e-05 1.140003935458481 0.9991282080084067
3.55699 3.269828e-05 1.1489528869398997 1.0069712948426537
3.5271570000000003 3.268125e-05 1.148354486422668 1.006446841533453
3.497245 3.193019e-05 1.1219637235059312 0.9833173111512886
3.467435 3.256068e-05 1.144117895091921 1.0027337860143501
3.437073 3.151378e-05 1.1073318997020296 0.9704936116513324
3.406934 3.222479e-05 1.1323153848316188 0.9923897682793287
3.376833 3.200972e-05 1.124758250407601 0.9857665050256709
3.347226 3.161938e-05 1.1110424748411762 0.9737456533102633
3.317212 3.21443e-05 1.1294871254286838 0.9899110103898651
3.2868969999999997 3.21467e-05 1.1295714566818462 0.989984920427568
3.256915 3.246682e-05 1.1408198403328271 0.9998432876231829
3.2271840000000003 3.217086e-05 1.1304203912970145 0.9907289481404445
3.197249 3.262727e-05 1.1464577359869568 1.0047844816021172
3.16736 3.217029e-05 1.1304003626243884 0.99071139450649
3.137073 3.229077e-05 1.1346337915331421 0.9944216783991794
3.106897 3.22847e-05 1.1344205037386854 0.994234747595489
3.076759 3.244137e-05 1.139925577669084 0.9990595332650409
3.046657 3.258117e-05 1.144837873165795 1.003364792961239
3.016823 3.227931e-05 1.1342311097992916 0.9940687579691478
2.986823 3.21207e-05 1.12865786810592 0.9891842283524525
2.9564340000000002 3.22005e-05 1.1314618822735705 0.9916417371060762
2.926792 3.237567e-05 1.1376170096137628 0.9970362459829221
2.897009 3.213189e-05 1.12905106257379 0.9895288339032428
2.866925 3.276032e-05 1.1511328498341487 1.0088818693172759
2.836802 3.274342e-05 1.1505390172597962 1.0083614194684505
2.806712 3.224532e-05 1.1330367684263787 0.9930220070601794
2.7766840000000004 3.222712e-05 1.1323972564232305 0.9924615226075987
2.7466880000000002 3.22519e-05 1.1332679766121325 0.9932246437468818
2.71711 3.164283e-05 1.111866461460617 0.9744678159703191
2.686953 3.225823e-05 1.133490400292348 0.9934195814713231
2.656759 3.192342e-05 1.121725839095969 0.9831088232532681
2.626629 3.17518e-05 1.1156954517344129 0.9778236396405249
2.596342 3.237146e-05 1.1374690785405068 0.9969065954584513
2.566545 3.250959e-05 1.1423226935402258 1.001160426086748
2.536415 3.193916e-05 1.122278911564626 0.9835935499172034
2.5067579999999996 3.185154e-05 1.1192001180637545 0.9808952176240641
2.476758 3.198866e-05 1.1240182436611008 0.9851179444448273
2.446703 3.182296e-05 1.1181958733906785 0.9800150722584179
2.41661 3.198283e-05 1.1238133889919601 0.984938404644907
2.38683 3.18865e-05 1.1204285433181538 0.9819718405066041
2.356962 3.193189e-05 1.122023458143588 0.9833696640946615
2.3266660000000003 3.168918e-05 1.1134951087873164 0.9758952035734578
2.296462 3.219691e-05 1.1313357367740484 0.9915311800080123
2.266632 3.221826e-05 1.1320859335469724 0.9921886713850784
2.237009 3.203362e-05 1.1255980491370101 0.9865025258177963
2.20662 3.177192e-05 1.116402428740091 0.9784432521232681
2.176573 3.196068e-05 1.1230350818013155 0.9842562765886068
2.146546 3.226533e-05 1.1337398802496204 0.9936382319995279
2.116647 3.17135e-05 1.1143496654860292 0.9766441586221815
2.086508 3.241962e-05 1.1391613256872997 0.9983897235483579
2.056424 3.157892e-05 1.1096207904649462 0.972499653257987
2.026555 3.210567e-05 1.1281297436329902 0.9887213667413376
1.996499 3.199435e-05 1.1242181790071402 0.9852931728258816
1.966698 3.18376e-05 1.1187102940349694 0.980465923488406
1.936832 3.193454e-05 1.122116573902288 0.9834512730946252
1.906508 3.218821e-05 1.1310300359813346 0.9912632561213389
1.876594 3.214486e-05 1.1295068027210884 0.9899282560653291
1.846712 3.195783e-05 1.1229349384381853 0.9841685084188346
1.816675 3.176098e-05 1.116018018777759 0.9781063455347387
1.786471 3.101721e-05 1.089883412042503 0.9552013168920968
1.75637 3.23032e-05 1.1350705571484792 0.9948044708027827
1.726231 3.191021e-05 1.1212616658233538 0.9827020100874112
1.696424 3.173737e-05 1.1151884100747735 0.9773792555388355
1.66662 3.130138e-05 1.099868583797155 0.963952573314619
1.636666 3.127965e-05 1.0991050345758138 0.9632833795149169
1.606379 3.169579e-05 1.1137273711137348 0.9760987641356316
1.5765660000000001 3.110078e-05 1.0928198965536626 0.9577749259966123
1.546425 3.182247e-05 1.1181786557598246 0.9799999822923868
1.51599 3.182068e-05 1.1181157587001742 0.9799448577226
1.486433 3.19801e-05 1.1237174621914883 0.9848543319770201
1.456536 3.192814e-05 1.1218916905605218 0.9832541796607507
1.426518 3.17915e-05 1.117090431213808 0.9790462348475282
1.396314 3.163917e-05 1.1117378562995446 0.9743551031628223
1.3661569999999998 3.158024e-05 1.1096671726541856 0.9725403037787238
1.33624 3.163478e-05 1.1115836003823016 0.9742199093855239
1.306221 3.168717e-05 1.1134244813627932 0.9758333039168818
1.27632 3.073896e-05 1.0801062573789848 0.9466323718959084
1.246694 3.127883e-05 1.0990762213976497 0.9632581269187016
1.2162680000000001 3.12645e-05 1.0985726935402258 0.9628168224019168
1.186245 3.135005e-05 1.1015787513352449 0.9654514072875374
1.156629 3.097207e-05 1.0882972817226064 0.9538111922663001
1.126536 3.103562e-05 1.090530303030303 0.9557682684729767
1.096332 3.05596e-05 1.0738039017259795 0.9411088284115728
1.066268 2.986508e-05 1.0493998425816606 0.919720495334294
1.0362449999999999 2.930736e-05 1.0298026648676 0.902545034406085
1.006268 2.841863e-05 0.9985744504413335 0.8751758394861836
0.9763324999999999 2.743351e-05 0.9639592820599314 0.8448382326770366
0.9461598999999999 2.648665e-05 0.9306884944060269 0.8156788750522712
0.9162769 2.558154e-05 0.8988847191769269 0.7878052441250469
0.8861473 2.443438e-05 0.8585757856861752 0.7524774779369876
0.8559897999999999 2.276979e-05 0.8000853853938269 0.7012150155786576
0.8259899 2.192159e-05 0.7702813150053409 0.6750939764204653
0.796424 2.085908e-05 0.7329468150896722 0.6423730788538878
0.7662214 1.940489e-05 0.6818494546578963 0.5975900631341852
0.7361380000000001 1.820348e-05 0.6396342834654523 0.5605916221355483
0.7059158 1.731179e-05 0.6083020604936189 0.5331312715024799
0.6761127 1.638919e-05 0.575883721257098 0.5047190211754954
0.6462584 1.504513e-05 0.5286561112048124 0.46332755231088774
0.6159065 1.43759e-05 0.5051406926406926 0.4427180462559042
0.5859806 1.358455e-05 0.4773342188114916 0.418347751115801
0.5562769 1.231901e-05 0.43286564625850343 0.3793743723180425
0.526212 1.206028e-05 0.4237743857873728 0.37140656229517155
0.4963046 1.105474e-05 0.38844169899364706 0.3404401042485684
0.4657213 1.053716e-05 0.3702549614887277 0.3245007887009414
0.4358673 9.903159e-06 0.34797742030696577 0.3049761896118903
0.4060731 9.351319e-06 0.32858685416315286 0.28798180827605335
0.3758231 8.374678e-06 0.29426962107156907 0.25790531947094114
0.3458956 7.50078e-06 0.2635625737898465 0.2309928885840442
0.31578609999999996 6.972736e-06 0.24500815202113904 0.21473132527203226
0.2855824 6.090263e-06 0.21399979619947151 0.18755481997959236
0.2556692 6.038944e-06 0.21219654804070387 0.1859744078025595
0.2257768 5.119256e-06 0.17988053072468657 0.1576518349879879
0.1958013 5.550963e-06 0.1950498608534323 0.17094661859075347
0.1659898 4.620969e-06 0.16237171108112664 0.14230666375594567
0.13562870000000002 3.773414e-06 0.1325903047169281 0.11620548792038597
0.1056657 3.438641e-06 0.12082704362736829 0.10589586914874538
0.07567865 2.766084e-06 0.09719472086355203 0.08518390530399603
0.04590646 2.817947e-06 0.09901708410636982 0.08678107042290824
0.01582313 2.506647e-06 0.08807861781076066 0.07719432261585177
-0.01436206 1.907068e-06 0.06701059762748075 0.05872977824255558
-0.04453799 5.865076e-07 0.02060871704053522 0.018061999512116757
-0.07433079 8.917808e-07 0.03133541350424467 0.02746314689616144
-0.104174 -7.141529e-09 -0.00025093920419407435 -0.0002199294490195314
-0.1341138 -3.453396e-07 -0.012134550514420644 -0.010635026190137344
-0.1641213 1.382024e-08 0.00048561589925226283 0.00042560602477672335
-0.19401949999999998 -1.593562e-06 -0.05599461685500647 -0.049075094792510474
-0.22423240000000003 -2.308225e-06 -0.08110646117951312 -0.07108374865706038
-0.2542232 -2.609797e-06 -0.09170310479563726 -0.08037091444462746
-0.2841769 -3.018934e-06 -0.1060793697644347 -0.09297063573449467
-0.3143591 -3.336341e-06 -0.11723242396132005 -0.10274545379165614
-0.34438060000000004 -3.067785e-06 -0.10779589728453363 -0.09447504375608963
-0.3742325 -4.626449e-06 -0.1625642674425142 -0.1424754250087008
-0.40437130000000004 -5.082496e-06 -0.17858885703041547 -0.15651977957717067
-0.4342603 -5.458811e-06 -0.19181182183617249 -0.16810871950975165
-0.4642325 -5.704873e-06 -0.20045795384269408 -0.17568640771694702
-0.49453800000000003 -6.353362e-06 -0.2232445746893799 -0.19565717706693173
-0.5244346000000001 -6.467601e-06 -0.22725870720188898 -0.1991752640657442
-0.5540934999999999 -7.498889e-06 -0.26349612778995896 -0.23093465363350407
-0.5844454 -7.330437e-06 -0.25757705768257716 -0.22574703127052856
-0.6142880000000001 -8.052749e-06 -0.2829576727385169 -0.2479912425844077
-0.6446676 -8.545317e-06 -0.30026553803339523 -0.26316029235577354
-0.674788 -9.09851e-06 -0.3197036459211784 -0.2801963404753655
-0.7045657 -9.369809e-06 -0.329236556192725 -0.2885512235248567
-0.7346138 -1.010253e-05 -0.3549829229212346 -0.31111598883142344
-0.7642603 -1.078917e-05 -0.3791100944510035 -0.332261650618244
-0.7946953999999999 -1.170297e-05 -0.4112192190925957 -0.36040289747365095
-0.8245287 -1.218117e-05 -0.42802222128520834 -0.3751294724859684
-0.8543436000000001 -1.333524e-05 -0.46857395850902345 -0.4106700379909142
-0.8843528 -1.418152e-05 -0.49831056389497946 -0.43673194911894425
-0.9146584 -1.499727e-05 -0.5269744054646652 -0.46185366297569436
-0.9446799 -1.534348e-05 -0.539139540113566 -0.4725154938728386
-0.9746584 -1.674597e-05 -0.5884202648001349 -0.5157063641970231
-1.004908 -1.766516e-05 -0.620718783381121 -0.5440136006787712
-1.034714 -1.820655e-05 -0.6397421571934558 -0.5606861653921098
-1.0648810000000002 -1.92901e-05 -0.6778159610951818 -0.59405500762255
-1.0947650000000002 -1.986216e-05 -0.6979170180468882 -0.6116720810260345
-1.124733 -2.115344e-05 -0.7432900432900433 -0.6514381449781574
-1.15477 -2.222495e-05 -0.7809407854050711 -0.684436205186121
-1.1847180000000002 -2.252796e-05 -0.7915879574970484 -0.6937676554046118
-1.214288 -2.330582e-05 -0.8189204194074324 -0.7177225145411263
-1.24476 -2.409484e-05 -0.8466450216450216 -0.7420210553529596
-1.274557 -2.558134e-05 -0.8988776915724969 -0.7877990849552385
-1.304878 -2.618071e-05 -0.9199383679091471 -0.8062571929960846
-1.334501 -2.692921e-05 -0.9462391774891774 -0.8293078860046994
-1.364519 -2.694281e-05 -0.9467170545904312 -0.8297267095516829
-1.3946489999999998 -2.798935e-05 -0.9834904002923484 -0.8619557974090452
-1.4247180000000002 -2.766904e-05 -0.9722353404171585 -0.8520915790021121
-1.454658 -2.886982e-05 -1.0144283746556475 -0.8890706186158521
-1.484483 -2.89397e-05 -1.01688381964356 -0.8912226325469703
-1.514408 -2.857917e-05 -1.0042155085174564 -0.8801198050915316
-1.54451 -2.858935e-05 -1.004573213582954 -0.8804333068347884
-1.5746120000000001 -2.879672e-05 -1.0118597852364086 -0.8868194420508158
-1.604825 -2.930284e-05 -1.0296438410074773 -0.9024058371684109
-1.634727 -3.000021e-05 -1.0541480435149264 -0.9238819384154618
-1.664557 -2.952942e-05 -1.037605414066453 -0.9093835606445525
-1.694723 -3.014203e-05 -1.0591313178163828 -0.9282494057267269
-1.7246579999999998 -3.036569e-05 -1.0669902878506774 -0.935137205323663
-1.75476 -3.043873e-05 -1.069556768988587 -0.9373865341377567
-1.7848620000000002 -3.054098e-05 -1.073149631753528 -0.940535409702394
-1.814714 -3.083028e-05 -1.0833150615618146 -0.9494446488305064
-1.844788 -3.133769e-05 -1.1011444453814583 -0.9650707705933671
-1.874844 -3.11849e-05 -1.0957757069770058 -0.9603654728181017
-1.904992 -3.171696e-05 -1.1144712430426715 -0.9767507122598699
-1.935331 -3.175902e-05 -1.115949148254343 -0.9780459856706145
-1.9646400000000002 -3.142234e-05 -1.1041188789565413 -0.9676776392148491
-1.9949359999999998 -3.18228e-05 -1.1181902513071345 -0.9800101449225711
-2.024935 -3.172949e-05 -1.1149115224602237 -0.9771365842483775
-2.054881 -3.189458e-05 -1.120712458537134 -0.9822206709668708
-2.0849360000000003 -3.15568e-05 -1.108843537414966 -0.9718184490771582
-2.115084 -3.158974e-05 -1.1100009838646203 -0.9728328643446316
-2.144982 -3.170616e-05 -1.1140917524034408 -0.9764181170902065
-2.174807 -3.21506e-05 -1.129708494968235 -0.9901050242388353
-2.20501 -3.166655e-05 -1.1126999353460392 -0.975198293509617
-2.2351959999999997 -3.201617e-05 -1.124984890650475 -0.9859651382519975
-2.265149 -3.223731e-05 -1.1327553128689491 -0.9927753323093457
-2.2953989999999997 -3.246196e-05 -1.1406490695451734 -0.9996936197968345
-2.325362 -3.192912e-05 -1.1219261258222297 -0.9832843595928128
-2.3550479999999996 -3.178083e-05 -1.1167155085174565 -0.9787176431382403
-2.385038 -3.241003e-05 -1.1388243520548715 -0.9980943913560363
-2.4149439999999998 -3.214799e-05 -1.129616784730421 -0.9900246470728333
-2.444936 -3.234604e-05 -1.1365758700174284 -0.9961237649757809
-2.475084 -3.227139e-05 -1.1339528166638555 -0.9938248548447277
-2.5051799999999997 -3.247926e-05 -1.141256957328386 -1.0002263879852766
-2.534983 -3.262253e-05 -1.1462911817619608 -1.0046385092776537
-2.564918 -3.242526e-05 -1.1393595041322315 -0.9985634121369599
-2.59502 -3.246302e-05 -1.1406863158486535 -0.9997262633968199
-2.62514 -3.174319e-05 -1.1153929133636926 -0.9775584873802653
-2.654954 -3.251926e-05 -1.1426624782144263 -1.001458221946993
-2.685001 -3.195534e-05 -1.122847444763029 -0.9840918267547175
-2.7148339999999997 -3.163849e-05 -1.1117139624444818 -0.9743341619854731
-2.744906 -3.230966e-05 -1.1352975487715746 -0.9950034119875998
-2.774668 -3.170999e-05 -1.114226331028279 -0.9765360651920407
-2.8049459999999997 -3.228943e-05 -1.1345867065834598 -0.9943804119614619
-2.835103 -3.230409e-05 -1.1351018299881936 -0.994831879108431
-2.864936 -3.223948e-05 -1.132831562377017 -0.9928421593017689
-2.89514 -3.231726e-05 -1.1355645977399225 -0.995237460440326
-2.92526 -3.253482e-05 -1.143209225839096 -1.0019374053581005
-2.95539 -3.180551e-05 -1.1175827149041433 -0.9794776846926191
-2.9851520000000002 -3.226937e-05 -1.1338818378591105 -0.9937626472296611
-3.015325 -3.227054e-05 -1.1339229493450271 -0.9937986783730413
-3.044953 -3.228228e-05 -1.13433546972508 -0.9941602216408051
-3.074862 -3.245923e-05 -1.140553142744701 -0.9996095471289472
-3.105029 -3.229773e-05 -1.1348783521673134 -0.9946360175085182
-3.135362 -3.249418e-05 -1.141781216618879 -1.0006858620529968
-3.165227 -3.199205e-05 -1.1241373615561927 -0.9852223423730827
-3.194973 -3.261648e-05 -1.1460785967279474 -1.0044521943909441
-3.225094 -3.257418e-05 -1.1445922583909598 -1.0031495299764295
-3.255223 -3.188511e-05 -1.1203797014673638 -0.9819290342764344
-3.285246 -3.278859e-05 -1.1521262017203575 -1.0097524679697187
-3.315288 -3.277873e-05 -1.1517797408219486 -1.0094488208981556
-3.3453809999999997 -3.224606e-05 -1.1330627705627705 -0.9930447959884712
-3.375103 -3.204455e-05 -1.1259821077191208 -0.9868391244478353
-3.405297 -3.240621e-05 -1.1386901248102548 -0.9979767512126925
-3.435483 -3.211503e-05 -1.1284586355203239 -0.9890096158883793
-3.465265 -3.217617e-05 -1.1306069741946367 -0.9908924740988626
-3.495066 -3.232792e-05 -1.135939169056052 -0.9955657441911234
-3.5250749999999997 -3.202775e-05 -1.1253917889469838 -0.9863217541839144
-3.5551039999999996 -3.169806e-05 -1.1138071344240175 -0.9761686707129589
-3.5852049999999998 -3.219705e-05 -1.1313406560971495 -0.9915354914268784
-3.615362 -3.273188e-05 -1.150133524484174 -1.0080060353704956
-3.6455100000000003 -3.21827e-05 -1.1308364254792824 -0.9910935709931126
-3.6752179999999997 -3.276084e-05 -1.1511511216056671 -1.008897883158778
-3.705288 -3.206941e-05 -1.1268556389497948 -0.987604709255042
-3.7351579999999998 -3.216264e-05 -1.1301315567549335 -0.990475806261312
-3.765371 -3.279879e-05 -1.152484609546298 -1.0100665856299562
-3.795048 -3.247293e-05 -1.14103453364817 -1.0000314502608352
-3.8250569999999997 -3.26954e-05 -1.148851689436105 -1.00688260279741
-3.85501 -3.207925e-05 -1.1272013970877606 -0.987907740409624
-3.884878 -3.304673e-05 -1.1611967307584188 -1.017702108441654
-3.9149830000000003 -3.245888e-05 -1.1405408444369483 -0.9995987685817822
-3.945232 -3.208744e-05 -1.1274891774891775 -0.9881599584132855
-3.975112 -3.274131e-05 -1.1504648760330576 -1.0082964402269698
-4.004973 -3.223948e-05 -1.132831562377017 -0.9928421593017689
-4.034872 -3.21373e-05 -1.129241159273627 -0.9896954394465648
-4.065094 -3.223578e-05 -1.132701551695058 -0.9927282146603099
-4.095436 -3.305501e-05 -1.1614876735818296 -1.0179570980717296
-4.125603 -3.266926e-05 -1.1479331815370777 -1.0060775993034288
-4.155444 -3.256814e-05 -1.1443800247371676 -1.0029635230482101
-4.185325 -3.255677e-05 -1.1439805054253105 -1.0026133742445922
-4.215483 -3.195872e-05 -1.1229662112778995 -0.9841959167244826
-4.245575 -3.322316e-05 -1.1673961320065216 -1.023135420088294
-4.2756300000000005 -3.244841e-05 -1.1401729493450272 -0.9992763360423031
-4.305631 -3.289655e-05 -1.1559197025917807 -1.0130771878323908
-4.335237 -3.253993e-05 -1.1433887811322874 -1.0020947721467097
-4.36526 -3.250723e-05 -1.1422397678079497 -1.0010877478830067
-4.39552 -3.246652e-05 -1.140809298926182 -0.99983404886847
-4.425658 -3.24078e-05 -1.1387459942654745 -0.9980257166126705
-4.455686 -3.236764e-05 -1.1373348512958903 -0.9967889553151077
-4.48564 -3.257723e-05 -1.14469942935852 -1.00324345731601
-4.515705 -3.241549e-05 -1.139016205655816 -0.9982625366918106
-4.54567 -3.230099e-05 -1.1349929021195255 -0.994736411976398
-4.5756120000000005 -3.236608e-05 -1.1372800359813346 -0.9967409137906006
-4.605501 -3.276026e-05 -1.1511307415528196 -1.0088800215663332
-4.635622000000001 -3.31563e-05 -1.165046803845505 -1.0210764096212854
-4.665425 -3.24068e-05 -1.138710856243324 -0.9979949207636278
-4.695723 -3.216664e-05 -1.1302721088435375 -0.9905989896574836
-4.725662000000001 -3.207638e-05 -1.1271005509641874 -0.9878193563228709
-4.755372 -3.242513e-05 -1.1393549361893518 -0.9985594086765842
-4.78552 -3.184093e-05 -1.1188273036487322 -0.9805684736657189
-4.815622 -3.25092e-05 -1.142308989711587 -1.0011484157056212
-4.845613999999999 -3.239115e-05 -1.1381609461966604 -0.9975129657261063
-4.875584 -3.190791e-05 -1.1211808483724068 -0.9826311796346128
-4.90577 -3.253181e-05 -1.1431034603924213 -1.0018447098524812
-4.935732 -3.27599e-05 -1.151118091864845 -1.0088689350606774
-4.96577 -3.19031e-05 -1.1210118344858606 -0.9824830516007165
-4.995623999999999 -3.245888e-05 -1.1405408444369483 -0.9995987685817822
-5.025075 -3.273863e-05 -1.1503707061336932 -1.008213907351535
-5.055177 -3.227676e-05 -1.1341415078428065 -0.9939902285540884
-5.085177 -3.265662e-05 -1.147489036937089 -1.0056883397715264
-5.115066 -3.266287e-05 -1.1477086495755326 -1.0058808138280446
-5.145047 -3.274425e-05 -1.1505681818181817 -1.0083869800231562
-5.175196 -3.296187e-05 -1.1582149181986843 -1.0150887726918731
-5.205316 -3.293757e-05 -1.1573610642604149 -1.0143404335601307
-5.235186 -3.212568e-05 -1.128832855456232 -0.9893375916806861
-5.265149 -3.201573e-05 -1.1249694299207285 -0.9859515880784187
-5.295445 -3.226235e-05 -1.1336351689436106 -0.9935464603693801
-5.325208 -3.223994e-05 -1.1328477258672063 -0.9928563253923285
-5.355427 -3.254929e-05 -1.143717673019621 -1.0023830212937515
-5.385344 -3.250311e-05 -1.1420949991566873 -1.00096086898495
-5.415455 -3.260332e-05 -1.14561618035644 -1.0040469210175396
-5.445322 -3.235635e-05 -1.1369381430258052 -0.9964412701794131
-5.475233 -3.271507e-05 -1.1495428543318154 -1.0074883571480842
-5.50527 -3.207769e-05 -1.1271465817732051 -0.9878596988851172
-5.535279 -3.188779e-05 -1.1204738713667286 -0.9820115671518695
-5.565171 -3.251985e-05 -1.1426832096474953 -1.001476391497928
-5.594955 -3.213617e-05 -1.129201453308596 -0.9896606401371462
-5.625426999999999 -3.254306e-05 -1.1434987631416202 -1.002191163154214
-5.655416 -3.253417e-05 -1.143186386124698 -1.0019173880562227
-5.685112 -3.257466e-05 -1.1446091246415921 -1.00316431198397
-5.71514 -3.234317e-05 -1.136475023893855 -0.9960353808890277
-5.74514 -3.219719e-05 -1.1313455754202508 -0.9915398028457444
-5.775104000000001 -3.238643e-05 -1.1379950947321076 -0.9973676093186238
-5.804834 -3.175762e-05 -1.1158999550233315 -0.9780028714819544
-5.835177 -3.268869e-05 -1.1486159133074716 -1.0066759626503323
-5.865047 -3.259378e-05 -1.1452809636251193 -1.00375312861767
-5.895158 -3.226862e-05 -1.1338554843424973 -0.993739550342879
-5.925251 -3.225992e-05 -1.1335497835497836 -0.9934716264562058
-5.955331 -3.295448e-05 -1.1579552482149886 -1.0148611913674463
-5.984862 -3.202911e-05 -1.1254395766571093 -0.9863636365386129
-6.015122 -3.232259e-05 -1.1357518833979874 -0.9954016023157247
-6.045104 -3.219179e-05 -1.1311558301006353 -0.9913735052609127
-6.074687 -3.229426e-05 -1.1347564232304492 -0.9945291559123391
-6.105131 -3.229706e-05 -1.134854809692472 -0.9946153842896592
-6.135112 -3.239214e-05 -1.1381957328385899 -0.9975434536166587
-6.164992 -3.208091e-05 -1.1272597262045312 -0.9879588615190352
-6.194751 -3.252846e-05 -1.1429857480182157 -1.0017415437581878
-6.224899000000001 -3.278004e-05 -1.1518257716309663 -1.0094891634604017
-6.255084 -3.221596e-05 -1.1320051160960252 -0.9921178409322797
-6.284955 -3.256024e-05 -1.1441024343621748 -1.0027202358407714
-6.314992 -3.257895e-05 -1.14475986675662 -1.003296426176364
-6.344659 -3.234294e-05 -1.1364669421487603 -0.9960282978437479
-6.3748249999999995 -3.272373e-05 -1.149847149603643 -1.0077550492007958
-6.404807 -3.249465e-05 -1.14179773148929 -1.0007003361020472
-6.435048 -3.216706e-05 -1.1302868668128407 -0.9906119239140816
-6.464813 -3.263417e-05 -1.1467001883397987 -1.004996972960513
-6.494474 -3.239759e-05 -1.1383872350593132 -0.9977112909939427
-6.524529 -3.277965e-05 -1.1518120678023274 -1.009477153079275
-6.554594 -3.212805e-05 -1.1289161325687298 -0.9894105778429177
-6.584992000000001 -3.237518e-05 -1.1375997919829088 -0.997021156016891
-6.614699 -3.2498e-05 -1.1419154438634957 -1.0008035021963406
-6.64471 -3.245881e-05 -1.1405383847753978 -0.9995966128723494
-6.674816 -3.212198e-05 -1.1287028447742733 -0.9892236470392274
-6.704788 -3.295747e-05 -1.15806031090122 -1.0149532709560845
-6.734992 -3.274749e-05 -1.1506820290099509 -1.0084867585740551
-6.764946 -3.238376e-05 -1.1379012762129643 -0.9972853844016791
-6.7948900000000005 -3.181856e-05 -1.118041266093214 -0.979879570522629
-6.824705 -3.275562e-05 -1.150967701130039 -1.0087371288267741
-6.854595000000001 -3.281316e-05 -1.1529895429246078 -1.0105091219807028
-6.884622 -3.211539e-05 -1.1284712852082983 -0.9890207023940347
-6.914770000000001 -3.212505e-05 -1.1288107185022769 -0.989318190295789
-6.944714 -3.228942e-05 -1.134586355203238 -0.9943801040029714
-6.974677 -3.32457e-05 -1.1681881430258052 -1.0238295585257209
-7.004643 -3.258812e-05 -1.145082082419745 -1.0035788241120875
-7.034325 -3.187323e-05 -1.1199622617642098 -0.9815631795898048
-7.064501 -3.253407e-05 -1.1431828723224828 -1.0019143084713185
-7.094381 -3.275247e-05 -1.1508570163602632 -1.008640121902289
-7.124474 -3.262026e-05 -1.146211418451678 -1.0045686027003262
-7.1543339999999995 -3.217813e-05 -1.1306758447180523 -0.9909528339629864
-7.184529 -3.24819e-05 -1.1413497217068647 -1.00030768902675
-7.214671 -3.254076e-05 -1.143417945690673 -1.0021203327014154
-7.244381000000001 -3.300747e-05 -1.1598172120087704 -1.0164930634082296
-7.274677 -3.251338e-05 -1.1424558666441782 -1.0012771423546205
-7.304416 -3.22001e-05 -1.1314478270647101 -0.9916294187664592
-7.334242000000001 -3.1941e-05 -1.1223435655253835 -0.9836502142794423
-7.364751 -3.193899e-05 -1.12227293810086 -0.9835883146228661
-7.394742 -3.270401e-05 -1.149154227806825 -1.0071477550576695
-7.4247510000000005 -3.206404e-05 -1.1266669477708438 -0.9874393355456814
-7.454454 -3.239546e-05 -1.1383123910721313 -0.9976456958354812
-7.484214 -3.285403e-05 -1.1544256338899197 -1.0117677483310865
-7.514409 -3.261623e-05 -1.1460698122224096 -1.0044444954286835
-7.544288 -3.235931e-05 -1.1370421515713725 -0.9965324258925803
-7.574335 -3.314133e-05 -1.1645207876539045 -1.020615395761113
-7.604104 -3.244861e-05 -1.1401799769494574 -0.9992824952121115
-7.633872 -3.206652e-05 -1.1267540900657782 -0.9875157092513077
-7.664020000000001 -3.226027e-05 -1.1335620818575363 -0.9934824050033707
-7.694162 -3.233947e-05 -1.1363450132118964 -0.9959214362475691
-7.723973 -3.288677e-05 -1.1555760527351437 -1.0127760044287513
-7.754001000000001 -3.243285e-05 -1.1396262017203576 -0.9987971526311955
-7.784149 -3.198044e-05 -1.1237294091190195 -0.9848648025656945
-7.813784 -3.251705e-05 -1.1425848231854725 -1.0013901631206081
-7.8437790000000005 -3.271045e-05 -1.1493805166694777 -1.0073460803255059
-7.873908999999999 -3.21544e-05 -1.129842019452409 -0.9902220484651983
-7.904001 -3.262022e-05 -1.1462100129307922 -1.0045673708663647
-7.933718 -3.233258e-05 -1.1361029122392758 -0.9957092528476633
-7.963798 -3.214934e-05 -1.1296642210603247 -0.9900662214690411
-7.993779000000001 -3.29256e-05 -1.1569404621352672 -1.0139718072470871
-8.02401 -3.193029e-05 -1.1219672373081464 -0.9833203907361929
-8.053614 -3.253348e-05 -1.1431621408894137 -1.001896138920383
-8.083547 -3.299944e-05 -1.1595350536908977 -1.016245772740415
-8.113539 -3.280574e-05 -1.1527288188002474 -1.0102806167808045
-8.143937 -3.284792e-05 -1.154210940574577 -1.0115795856934344
-8.173557 -3.249494e-05 -1.1418079215157138 -1.0007092668982696
-8.204002000000001 -3.20669e-05 -1.1267674425141958 -0.9875274116739443
-8.233548 -3.2512e-05 -1.14240737617361 -1.0012346440829414
-8.263659 -3.235504e-05 -1.1368921122167877 -0.996400927617167
-8.293474 -3.259223e-05 -1.1452264996907853 -1.0037053950516535
-8.323242 -3.229776e-05 -1.1348794063079777 -0.9946369413839893
-8.353594 -3.271861e-05 -1.14966724293023 -1.0075973744536961
-8.383465 -3.265749e-05 -1.1475196070163605 -1.0057151321601938
-8.413322 -3.233954e-05 -1.1363474728734468 -0.9959235919570019
-8.443289 -3.240296e-05 -1.1385759262382638 -0.9978766647033028
-8.473285 -3.210055e-05 -1.127949836959577 -0.988563691994238
-8.50343 -3.277724e-05 -1.1517273851689436 -1.0094029350830815
-8.533437 -3.296166e-05 -1.1582075392140325 -1.015082305563574
-8.563096 -3.262809e-05 -1.1464865491651206 -1.0048097341983322
-8.592983 -3.241606e-05 -1.1390362343284421 -0.998280090325765
-8.622938 -3.227177e-05 -1.133966169112273 -0.9938365572673643
-8.652798 -3.25416e-05 -1.1434474616292798 -1.0021462012146114
-8.682956 -3.259748e-05 -1.145410974307078 -1.0038670732591288
-8.712974 -3.228652e-05 -1.1344844549390003 -0.994290796040747
-8.742992000000001 -3.25414e-05 -1.1434404340248496 -1.0021400420448028
-8.772418 -3.248107e-05 -1.141320557148479 -1.0002821284720442
-8.802502 -3.260144e-05 -1.145550120874796 -1.0039890248213388
-8.832511 -3.280919e-05 -1.152850044976668 -1.0103868624600023
-8.862511 -3.171799e-05 -1.1145074352054871 -0.9767824319843841
-8.892475000000001 -3.252632e-05 -1.1429105526508123 -1.001675640641236
-8.922474 -3.233807e-05 -1.1362958199808848 -0.9958783220589087
-8.952303 -3.281221e-05 -1.1529561618035644 -1.010479865924112
-8.982011 -3.246305e-05 -1.140687369989318 -0.9997271872722913
-9.011992 -3.242823e-05 -1.1394638640580197 -0.998654875808617
-9.042131999999999 -3.284503e-05 -1.1541093916905605 -1.0114905856897
-9.071983 -3.233478e-05 -1.1361802158880079 -0.9957770037155577
-9.102084999999999 -3.211419e-05 -1.1284291195817169 -0.988983747375183
-9.132140999999999 -3.299829e-05 -1.1594946449654242 -1.016210357514016
-9.161729 -3.327813e-05 -1.1693276690841623 -1.0248282679101823
-9.191502 -3.215969e-05 -1.1300278995895878 -0.9903849585066353
-9.221724 -3.200821e-05 -1.124705191994153 -0.9857200032936161
-9.251705 -3.286514e-05 -1.1548160173160171 -1.012109890213953
-9.281649 -3.220864e-05 -1.1317479057738797 -0.9918924153172856
-9.31136 -3.243166e-05 -1.139584387473998 -0.9987605055708344
-9.341149999999999 -3.260937e-05 -1.1458287653904535 -1.004233235904249
-9.371103999999999 -3.267609e-05 -1.1481731742283692 -1.0062879349523919
-9.401289 -3.206675e-05 -1.1267621718108731 -0.9875227922965877
-9.431289000000001 -3.178721e-05 -1.11693968909878 -0.9789141206551341
-9.460936 -3.200944e-05 -1.1247484117613988 -0.9857578821879389
-9.490594 -3.211587e-05 -1.1284881514589307 -0.9890354844015752
-9.520595 -3.223021e-05 -1.132505832911677 -0.9925566817811411
-9.550835 -3.194024e-05 -1.122316860628549 -0.9836268094341698
-9.580681 -3.242841e-05 -1.139470188902007 -0.9986604190614448
-9.610521 -3.212397e-05 -1.1287727694383536 -0.9892849307788226
-9.640668999999999 -3.272659e-05 -1.149947644346995 -1.0078431253290583
-9.670891 -3.224169e-05 -1.1329092174059705 -0.9929102181281536
-9.700889 -3.262503e-05 -1.1463790268173386 -1.0047154989002611
-9.730659 -3.233521e-05 -1.1361953252375332 -0.9957902459306462
-9.760808 -3.226023e-05 -1.1335606763366504 -0.9934811731694092
-9.790634 -3.247865e-05 -1.1412355231348739 -1.0002076025173605
-9.8204 -3.259849e-05 -1.1454464637094506 -1.0038981770666622
-9.850548 -3.259185e-05 -1.145213147242368 -1.0036936926290174
-9.880640999999999 -3.185253e-05 -1.119234904705684 -0.9809257055146166
-9.910946 -3.214341e-05 -1.1294558525889695 -0.9898836020842169
-9.940464 -3.218058e-05 -1.1307619328723224 -0.9910282837931417
-9.970381999999999 -3.196088e-05 -1.123042109405746 -0.9842624357584154
-9.992919 -3.249089e-05 -1.1416656125260018 -1.0005845437096454
-9.994346 -3.250799e-05 -1.1422664727047842 -1.0011111527282792
-9.965945 -3.199451e-05 -1.1242238010906842 -0.9852981001617284
-9.936444999999999 -3.245614e-05 -1.1404445662562546 -0.9995143879554047
-9.906936 -3.254099e-05 -1.1434260274357675 -1.002127415746695
-9.877081 -3.213201e-05 -1.1290552791364479 -0.9895325294051276
-9.84726 -3.221053e-05 -1.1318143166357453 -0.9919506194719767
-9.81737 -3.23928e-05 -1.1382189239332097 -0.9975637788770272
-9.788021 -3.271429e-05 -1.1495154466745376 -1.0074643363858307
-9.758213 -3.303933e-05 -1.1609367093945016 -1.0174742191587367
-9.728213 -3.23121e-05 -1.135383285545623 -0.9950785538592645
-9.69853 -3.214237e-05 -1.1294193090459324 -0.9898515744012122
-9.668307 -3.25334e-05 -1.1431593298476417 -1.0018936752524596
-9.6385 -3.255959e-05 -1.1440795946477762 -1.0027002185388931
-9.60862 -3.240823e-05 -1.1387611036149996 -0.9980389588277591
-9.578629000000001 -3.197304e-05 -1.123469387755102 -0.9846369132827772
-9.548574 -3.281275e-05 -1.152975136335526 -1.0104964956825953
-9.518426 -3.250306e-05 -1.14209324225558 -1.0009593291924979
-9.488538 -3.221921e-05 -1.132119314668016 -0.9922179274416691
-9.459086 -3.207799e-05 -1.1271571231798505 -0.9878689376398301
-9.429120999999999 -3.210969e-05 -1.1282709984820374 -0.9888451660544901
-9.39912 -3.263754e-05 -1.1468186034744476 -1.0051007549717879
-9.368945 -3.215519e-05 -1.129869778489908 -0.9902463771859422
-9.339193999999999 -3.213252e-05 -1.129073199527745 -0.9895482352881396
-9.309389 -3.244022e-05 -1.1398851689436105 -0.9990241180386418
-9.27925 -3.287696e-05 -1.155231348737842 -1.01247389714964
-9.249784 -3.212414e-05 -1.1287787429021197 -0.9892901660731602
-9.219667 -3.216483e-05 -1.1302085090234442 -0.990543249170716
-9.18963 -3.233791e-05 -1.1362901978973408 -0.995873394723062
-9.159463 -3.207535e-05 -1.1270643588013716 -0.9877876365983566
-9.12951 -3.319258e-05 -1.166321611289144 -1.0221936830245621
-9.099647999999998 -3.250187e-05 -1.1420514280092202 -1.0009226821321369
-9.069797000000001 -3.20896e-05 -1.1275650756170235 -0.988226477447218
-9.039964 -3.225691e-05 -1.133444018103109 -0.9933789309505866
-9.009824 -3.262055e-05 -1.1462216084781018 -1.0045775334965488
-8.980021 -3.247128e-05 -1.1409765559116207 -0.9999806371099144
-8.95038 -3.231651e-05 -1.1355382442233093 -0.9952143635535439
-8.920472 -3.247536e-05 -1.141119919041997 -1.0001062841740094
-8.890232 -3.242572e-05 -1.1393756676224207 -0.9985775782275194
-8.860445 -3.242597e-05 -1.1393844521279586 -0.9985852771897803
-8.830665999999999 -3.300389e-05 -1.1596914178894697 -1.016382814268656
-8.80055 -3.264341e-05 -1.147024863664474 -1.0052815266056696
-8.770712999999999 -3.268669e-05 -1.1485456372631697 -1.0066143709522466
-8.740707 -3.225018e-05 -1.1332075392140326 -0.9931716748865278
-8.710546 -3.198062e-05 -1.1237357339630065 -0.9848703458185223
-8.680547 -3.265754e-05 -1.147521363917468 -1.005716671952646
-8.65051 -3.275648e-05 -1.1509979198290887 -1.008763613256951
-8.620657999999999 -3.201666e-05 -1.1250021082813288 -0.9859802282180286
-8.590639 -3.231867e-05 -1.1356141423511552 -0.9952808825874764
-8.560682 -3.25809e-05 -1.1448283858998143 -1.0033564780819975
-8.531047000000001 -3.233111e-05 -1.1360512593467138 -0.9956639829495701
-8.501102999999999 -3.286188e-05 -1.154701467363805 -1.0120094957460732
-8.471231 -3.227051e-05 -1.1339218952043628 -0.9937977544975702
-8.441102 -3.258574e-05 -1.144998453927025 -1.003505529991365
-8.410769 -3.211118e-05 -1.1283233541350424 -0.9888910518695639
-8.380944 -3.260563e-05 -1.145697349187609 -1.0041180594288288
-8.351218999999999 -3.237448e-05 -1.137575195367403 -0.996999598922561
-8.321297000000001 -3.248877e-05 -1.1415911199190418 -1.0005192565096745
-8.291212999999999 -3.206192e-05 -1.1265924551638837 -0.9873740483457105
-8.260888999999999 -3.263596e-05 -1.146763085399449 -1.0050520975303
-8.231037 -3.255371e-05 -1.1438729830775285 -1.002519138946521
-8.201167 -3.258373e-05 -1.1449278265025018 -1.0034436303347891
-8.171248 -3.274686e-05 -1.1506598920559958 -1.0084673571891583
-8.141528000000001 -3.184925e-05 -1.1191196519930284 -0.9808246951297557
-8.111177 -3.283511e-05 -1.1537608225108225 -1.0111850908671944
-8.081332999999999 -3.244038e-05 -1.1398907910271545 -0.9990290453744884
-8.051806 -3.218545e-05 -1.130933055040198 -0.9911782595779806
-8.021593 -3.250788e-05 -1.1422626075223477 -1.0011077651848845
-7.991676999999999 -3.231854e-05 -1.1356095744082757 -0.9952768791271009
-7.96138 -3.235074e-05 -1.136741018721538 -0.9962685054662823
-7.931565 -3.257116e-05 -1.1444861415640637 -1.0030565265123197
-7.9013800000000005 -3.249965e-05 -1.141973421600045 -1.0008543153472615
-7.871614999999999 -3.194735e-05 -1.1225666919660424 -0.9838457679208648
-7.84188 -3.224011e-05 -1.132853699330972 -0.9928615606866658
-7.811806 -3.246402e-05 -1.1407214538708044 -0.9997570592458628
-7.781508 -3.229178e-05 -1.1346692809355148 -0.9944527822067128
-7.751342999999999 -3.231414e-05 -1.1354549671108112 -0.995141377391312
-7.721463 -3.227552e-05 -1.1340979366953392 -0.9939520417012752
-7.691937 -3.262357e-05 -1.146327725304998 -1.0046705369606583
-7.661944999999999 -3.248038e-05 -1.1412963119131951 -1.0002608793362047
-7.6316120000000005 -3.283183e-05 -1.1536455697981671 -1.0110840804823338
-7.601578000000001 -3.247521e-05 -1.1411146483386743 -1.0001016647966527
-7.571926 -3.255263e-05 -1.1438350340136052 -1.0024858794295546
-7.541843 -3.235284e-05 -1.1368148085680554 -0.9963331767492727
-7.511658000000001 -3.245511e-05 -1.140408374093439 -0.9994826682308906
-7.48188 -3.256868e-05 -1.144398999269129 -1.0029801528066933
-7.451658 -3.291253e-05 -1.1564812081857538 -1.0135693055000965
-7.421983 -3.256541e-05 -1.144284097936695 -1.002879450380323
-7.39226 -3.257674e-05 -1.144682211727666 -1.0032283673499789
-7.3621859999999995 -3.266052e-05 -1.1476260752234777 -1.0058084435827936
-7.332172 -3.237272e-05 -1.1375133524484171 -0.9969453982282455
-7.302055999999999 -3.251919e-05 -1.1426600185528755 -1.0014560662375598
-7.271871 -3.249463e-05 -1.141797028728847 -1.0006997201850663
-7.242103 -3.219423e-05 -1.1312415668746838 -0.9914486471325773
-7.212097 -3.205696e-05 -1.1264181705740146 -0.9872213009344576
-7.182223 -3.263155e-05 -1.146608126721763 -1.0049162878360207
-7.151815 -3.212295e-05 -1.1287369286557598 -0.989253519012799
-7.121879 -3.251594e-05 -1.142545819980885 -1.0013559797281706
-7.092158 -3.257442e-05 -1.1446006915162759 -1.0031569209801996
-7.0621670000000005 -3.240027e-05 -1.1384814049586776 -0.9977938238693775
-7.0319080000000005 -3.305011e-05 -1.1613154972732893 -1.017806198411419
-7.00189 -3.242087e-05 -1.1392052482149884 -0.9984282183596613
-6.972031 -3.241276e-05 -1.1389202788553436 -0.9981784640239234
-6.942389 -3.245698e-05 -1.1404740821948616 -0.9995402564686008
-6.91225 -3.260113e-05 -1.1455392280879293 -1.0039794781081355
-6.882352 -3.228353e-05 -1.134379392252769 -0.9941987164521088
-6.851879 -3.224902e-05 -1.1331667791083373 -0.9931359517016379
-6.822075 -3.280174e-05 -1.1525882667116432 -1.0101574333846328
-6.792148 -3.207829e-05 -1.1271676645864956 -0.9878781763945429
-6.762445 -3.250478e-05 -1.1421536796536795 -1.0010122980528515
-6.732371 -3.29332e-05 -1.1572075111036149 -1.0142058556998133
-6.702149 -3.313346e-05 -1.164244251419576 -1.0203730324291456
-6.672306 -3.232318e-05 -1.1357726148310565 -0.9954197718666601
-6.642426 -3.263421e-05 -1.1467015938606848 -1.004998204794475
-6.612473 -3.221014e-05 -1.1318006128071063 -0.99193860909085
-6.582547 -3.252711e-05 -1.1429383116883118 -1.00169996936198
-6.552176 -3.235241e-05 -1.1367996992185303 -0.9963199345341841
-6.5220020000000005 -3.303102e-05 -1.1606447124304267 -1.01721830565319
-6.492473 -3.234923e-05 -1.1366879603080902 -0.9962220037342278
-6.4622969999999995 -3.282721e-05 -1.1534832321358295 -1.0109418036597555
-6.432288 -3.255791e-05 -1.1440205627705626 -1.0026484815125012
-6.401796999999999 -3.231533e-05 -1.1354967813571708 -0.9951780244516731
-6.371973 -3.24549e-05 -1.1404009951087875 -0.9994762011025916
-6.342223 -3.265858e-05 -1.147557907460505 -1.0057486996356504
-6.312362 -3.250325e-05 -1.1420999184797886 -1.000965180403816
-6.282305999999999 -3.275711e-05 -1.1510200567830435 -1.008783014641848
-6.25213 -3.273168e-05 -1.1501264968797436 -1.007999876200687
-6.222408000000001 -3.256314e-05 -1.1442043346264126 -1.0028095438029958
-6.192528 -3.274297e-05 -1.1505232051498284 -1.0083475613363813
-6.162603 -3.287669e-05 -1.1552218614718615 -1.0124655822703987
-6.132757 -3.245706e-05 -1.1404768932366336 -0.9995427201365242
-6.102556 -3.22972e-05 -1.134859729015573 -0.9946196957085253
-6.072436 -3.290784e-05 -1.1563164108618653 -1.013424872968085
-6.042649 -3.26542e-05 -1.1474040029234833 -1.0056138138168425
-6.012556 -3.280447e-05 -1.1526841935121157 -1.01024150605252
-5.982538 -3.281951e-05 -1.1532126693652667 -1.0107046756221252
-5.9527849999999995 -3.284606e-05 -1.154145583853376 -1.0115223054142144
-5.922825 -3.27469e-05 -1.1506612975768822 -1.00846858902312
-5.892315 -3.256208e-05 -1.1441670883229327 -1.0027769002030102
-5.8625680000000004 -3.268337e-05 -1.1484289790296283 -1.006512128733424
-5.832796999999999 -3.260509e-05 -1.1456783746556476 -1.0041014296703457
-5.8025839999999995 -3.227171e-05 -1.133964060830944 -0.9938347095164217
-5.772464 -3.295083e-05 -1.157826994434137 -1.0147487865184395
-5.742694999999999 -3.236821e-05 -1.1373548799685163 -0.9968065089490621
-5.712667000000001 -3.30308e-05 -1.1606369820655535 -1.017211530566401
-5.682676000000001 -3.289558e-05 -1.155885618710294 -1.0130473158588191
-5.652704 -3.266621e-05 -1.1478260105695173 -1.005983671963848
-5.622371 -3.219067e-05 -1.131116475515826 -0.9913390139099846
-5.592519 -3.264306e-05 -1.1470125653567214 -1.0052707480585048
-5.5623890000000005 -3.274056e-05 -1.1504385225164446 -1.008273343340188
-5.532680999999999 -3.24581e-05 -1.1405134367796703 -0.9995747478195287
-5.502796999999999 -3.237347e-05 -1.1375397059650307 -0.9969684951150277
-5.472491 -3.257747e-05 -1.1447078624838367 -1.0032508483197806
-5.442615 -3.283675e-05 -1.1538184488671501 -1.011235596059625
-5.412723 -3.245904e-05 -1.1405464665204925 -0.9996036959176291
-5.38276 -3.211488e-05 -1.1284533648170012 -0.9890049965110228
-5.352334 -3.315656e-05 -1.1650559397312643 -1.0210844165420365
-5.322917 -3.259598e-05 -1.1453582672738516 -1.0038208794855645
-5.292796999999999 -3.220876e-05 -1.1317521223365379 -0.9918961108191708
-5.262973 -3.295694e-05 -1.15804168774948 -1.0149369491560918
-5.232963 -3.250778e-05 -1.1422590937201327 -1.0011046855999803
-5.202602 -3.240675e-05 -1.1387090993422162 -0.9979933809711756
-5.172547 -3.214983e-05 -1.1296814386911787 -0.9900813114350722
-5.1424449999999995 -3.267006e-05 -1.1479612919547986 -1.0061022359826632
-5.11238 -3.214463e-05 -1.1294987209759937 -0.9899211730200491
-5.082445 -3.241651e-05 -1.13905204643841 -0.9982939484578343
-5.052575 -3.267612e-05 -1.1481742283690335 -1.006288858827863
-5.02263 -3.239639e-05 -1.1383450694327317 -0.997674335975091
-4.992982 -3.245791e-05 -1.1405067605554617 -0.9995688966082107
-4.96276 -3.224681e-05 -1.1330891240793837 -0.9930678928752533
-4.932908 -3.334178e-05 -1.1715642041940741 -1.0267884237017633
-4.90326 -3.196106e-05 -1.1230484342497329 -0.9842679790112431
-4.87338 -3.302272e-05 -1.1603530668465734 -1.016962700106134
-4.842944999999999 -3.222838e-05 -1.1324415303311408 -0.9925003253773926
-4.812908 -3.263335e-05 -1.1466713751616349 -1.004971720364298
-4.782926000000001 -3.239709e-05 -1.1383696660482374 -0.9976958930694211
-4.753 -3.245465e-05 -1.1403922106032496 -0.9994685021403309
-4.722889 -3.299949e-05 -1.1595368105920054 -1.0162473125328675
-4.69286 -3.229977e-05 -1.1349500337325014 -0.9946988410405657
-4.66288 -3.240073e-05 -1.138497568448867 -0.9978079899599372
-4.632843 -3.300035e-05 -1.1595670292910552 -1.0162737969630442
-4.602732 -3.239816e-05 -1.1384072637319391 -0.9977288446278971
-4.572993 -3.254899e-05 -1.1437071316129759 -1.0023737825390386
-4.543019 -3.206479e-05 -1.126693301287457 -0.9874624324324636
-4.512713 -3.276587e-05 -1.1513278658570867 -1.0090527862794638
-4.482603 -3.262439e-05 -1.1463565384831618 -1.0046957895568736
-4.452955 -3.233092e-05 -1.1360445831225052 -0.9956581317382521
-4.423093 -3.254348e-05 -1.143513521110924 -1.0022040974108122
-4.3930929999999995 -3.23404e-05 -1.1363776915724968 -0.9959500763871789
-4.362602 -3.233935e-05 -1.1363407966492383 -0.9959177407456838
-4.33276 -3.239616e-05 -1.1383369876876368 -0.9976672529298111
-4.302671999999999 -3.245587e-05 -1.1404350789902737 -0.9995060730761631
-4.272955 -3.260141e-05 -1.1455490667341317 -1.0039881009458675
-4.242723 -3.283742e-05 -1.1538419913419913 -1.0112562292784837
-4.2125379999999994 -3.219252e-05 -1.1311814808568057 -0.991395986230714
-4.182462999999999 -3.239029e-05 -1.1381307274976105 -0.9974864812959293
-4.152748 -3.282594e-05 -1.1534386068476978 -1.0109026929314713
-4.123112 -3.238544e-05 -1.1379603080901781 -0.9973371214280713
-4.092917 -3.231807e-05 -1.1355930595378647 -0.9952624050780507
-4.062565 -3.265209e-05 -1.1473298616967447 -1.005548834575362
-4.032325 -3.244294e-05 -1.139980744363861 -0.9991078827480382
-4.002436 -3.270939e-05 -1.1493432703659976 -1.0073134367255205
-3.972648 -3.285683e-05 -1.1545240203519425 -1.0118539767084065
-3.942491 -3.227941e-05 -1.1342346236015066 -0.994071837554052
-3.912297 -3.216697e-05 -1.1302837043908471 -0.9906091522876677
-3.882325 -3.236955e-05 -1.1374019649181988 -0.9968477753867796
-3.852204 -3.229506e-05 -1.13478453364817 -0.9945537925915734
-3.822324 -3.183317e-05 -1.1185546325968403 -0.9803294978771459
-3.792681 -3.237991e-05 -1.137765994827683 -0.997166820382864
-3.7626950000000003 -3.222614e-05 -1.1323628211615226 -0.9924313426755366
-3.732732 -3.221428e-05 -1.1319460842188114 -0.9920661039058876
-3.702593 -3.242722e-05 -1.1394283746556473 -0.9986237720010839
-3.6725369999999997 -3.218836e-05 -1.1310353066846575 -0.9912678754986955
-3.642639 -3.185308e-05 -1.119254230617867 -0.9809426432315902
-3.612794 -3.177898e-05 -1.1166505031764773 -0.978660670817511
-3.582563 -3.200465e-05 -1.1245801006352953 -0.9856103700710233
-3.552324 -3.194028e-05 -1.122318266149435 -0.9836280412681315
-3.52225 -3.234274e-05 -1.1364599145443302 -0.9960221386739392
-3.492315 -3.201474e-05 -1.124934643278799 -0.9859211001878663
-3.462519 -3.248786e-05 -1.1415591443188846 -1.0004912322870456
-3.432436 -3.247046e-05 -1.140947742733457 -0.999955384513699
-3.4024360000000002 -3.190371e-05 -1.1210332686793725 -0.9825018370686324
-3.372676 -3.19239e-05 -1.1217427053466016 -0.9831236052608088
-3.3425 -3.294006e-05 -1.1574485579355707 -1.0144171152242474
-3.31263 -3.182214e-05 -1.1181670602125147 -0.9799898196622026
-3.282602 -3.208238e-05 -1.1273113790970932 -0.9880041314171284
-3.252408 -3.197809e-05 -1.1236468347669646 -0.9847924323204437
-3.2222779999999998 -3.233695e-05 -1.1362564653960758 -0.9958438307079809
-3.192297 -3.237366e-05 -1.1375463821892395 -0.996974346326346
-3.162436 -3.217755e-05 -1.1306554646652047 -0.9909349723705416
-3.132667 -3.227273e-05 -1.133999901613538 -0.9938661212824454
-3.102695 -3.244394e-05 -1.1400158823860123 -0.9991386785970813
-3.072565 -3.209996e-05 -1.127929105526508 -0.9885455224433026
-3.042491 -3.33251e-05 -1.1709781019845953 -1.0262747489397277
-3.01225 -3.23635e-05 -1.1371893798841852 -0.9966614605000701
-2.982306 -3.238355e-05 -1.1378938972283128 -0.9972789172733802
-2.952229 -3.275765e-05 -1.1510390313150054 -1.008799644400331
-2.92238 -3.250976e-05 -1.1423286670039918 -1.0011656613810853
-2.892232 -3.286469e-05 -1.1548002052060495 -1.012096032081884
-2.8623429999999996 -3.246137e-05 -1.1406283381121043 -0.9996754502458991
-2.832186 -3.23148e-05 -1.135478158205431 -0.9951617026516805
-2.802238 -3.235102e-05 -1.1367508573677403 -0.9962771283040144
-2.7724450000000003 -3.24602e-05 -1.1405872266261876 -0.999639419102519
-2.742112 -3.218759e-05 -1.1310082504076011 -0.9912441626949324
-2.71225 -3.219404e-05 -1.131234890650475 -0.9914427959212593
-2.6822600000000003 -3.215292e-05 -1.1297900151796256 -0.990176470608615
-2.6524259999999997 -3.187747e-05 -1.12011124697813 -0.9816937539897467
-2.622223 -3.206417e-05 -1.1266715157137235 -0.9874433390060571
-2.592139 -3.206548e-05 -1.1267175465227413 -0.9874836815683032
-2.562399 -3.260927e-05 -1.1458252515882383 -1.0042301563193448
-2.532158 -3.156746e-05 -1.1092181087310957 -0.9721467328279555
-2.502093 -3.195672e-05 -1.1228959352335977 -0.9841343250263969
-2.472167 -3.241845e-05 -1.1391202142013828 -0.9983536924049775
-2.4421489999999997 -3.202331e-05 -1.1252357761286331 -0.9861850206141639
-2.4122 -3.232666e-05 -1.1358948951481418 -0.9955269414213292
-2.382445 -3.25364e-05 -1.1432647439140946 -1.0019860627995885
-2.352232 -3.261338e-05 -1.145969668859279 -1.0043567272589111
-2.322304 -3.217433e-05 -1.130542320233879 -0.9908358097366237
-2.292315 -3.164182e-05 -1.1118309720582447 -0.9744367121627859
-2.2621860000000003 -3.263549e-05 -1.146746570529038 -1.00503762348125
-2.23219 -3.198073e-05 -1.1237395991454433 -0.984873733361917
-2.2024540000000004 -3.260565e-05 -1.145698051948052 -1.0041186753458096
-2.1722040000000002 -3.272766e-05 -1.1499852420306966 -1.0078760768875343
-2.1419360000000003 -3.25609e-05 -1.1441256254567942 -1.0027405611011395
-2.112294 -3.257198e-05 -1.1445149547422273 -1.0030817791085347
-2.082472 -3.236862e-05 -1.1373692865575984 -0.9968191352471697
-2.052602 -3.220719e-05 -1.1316969556417606 -0.9918477613361734
-2.022112 -3.205107e-05 -1.1262112076235453 -0.9870399133835951
-1.992037 -3.220998e-05 -1.131794990723562 -0.9919336817550031
-1.9622760000000001 -3.195037e-05 -1.1226728087929387 -0.9839387713849744
-1.932389 -3.261023e-05 -1.1458589840895033 -1.004259720334426
-1.9023599999999998 -3.239692e-05 -1.1383636925844718 -0.9976906577750839
-1.872278 -3.238232e-05 -1.1378506774610668 -0.9972410383790573
-1.842037 -3.216724e-05 -1.130293191656828 -0.9906174671669093
-1.812209 -3.180226e-05 -1.117468516332153 -0.9793775981832299
-1.782287 -3.209265e-05 -1.127672246584584 -0.988320404786799
-1.7523060000000001 -3.240996e-05 -1.1388218923933209 -0.9980922356466033
-1.72225 -3.201433e-05 -1.124920236689717 -0.9859084738897586
-1.6922409999999999 -3.132351e-05 -1.100646188227357 -0.9646340854539387
-1.661926 -3.128945e-05 -1.0994493871928936 -0.9635851788355374
-1.632139 -3.165078e-05 -1.1121458087367178 -0.9747126429702103
-1.602019 -3.148721e-05 -1.106398282453477 -0.9696753659422622
-1.571974 -3.179735e-05 -1.117295988643391 -0.9792263905644291
-1.5419079999999998 -3.194629e-05 -1.1225294456625625 -0.9838131243208793
-1.511898 -3.163453e-05 -1.1115748158767638 -0.974212210423263
-1.48176 -3.184695e-05 -1.1190388345420812 -0.9807538646769571
-1.4519739999999999 -3.165924e-05 -1.1124430764041153 -0.9749731758531134
-1.422028 -3.168956e-05 -1.1135084612357338 -0.9759069059960942
-1.391889 -3.102158e-05 -1.0900369651993027 -0.9553358947524143
-1.361787 -3.170093e-05 -1.113907980547591 -0.9762570547997121
-1.331945 -3.140846e-05 -1.1036311632090854 -0.9672501928301336
-1.3020930000000002 -3.148436e-05 -1.1062981390903468 -0.9695875977724899
-1.2718800000000001 -3.170454e-05 -1.1140348288075559 -0.9763682278147569
-1.241963 -3.151434e-05 -1.107351576994434 -0.9705108573267963
-1.212068 -3.184035e-05 -1.1188069235958844 -0.9805506120732738
-1.182102 -3.200979e-05 -1.1247607100691517 -0.9857686607351039
-1.1521210000000002 -3.16287e-05 -1.1113699612076233 -0.974032670623343
-1.1221020000000002 -3.112355e-05 -1.0936199893180412 -0.9584761474793193
-1.092115 -3.069468e-05 -1.078550345758138 -0.9452687317002886
-1.0621859999999999 -3.072388e-05 -1.0795763760049475 -0.9461679704923414
-1.032084 -2.996745e-05 -1.0529969219092594 -0.9228730664008163
-1.001787 -2.956627e-05 -1.0389002501827176 -0.9105183876817835
-0.9718057999999999 -2.840013e-05 -0.9979243970315399 -0.8746061162788898
-0.9418707000000001 -2.727957e-05 -0.958550134930005 -0.8400975196753717
-0.9117225 -2.712078e-05 -0.9529705683926464 -0.8352074468058488
-0.8818707 -2.488491e-05 -0.8744065188058694 -0.7663519318062878
-0.8518429 -2.402342e-05 -0.8441354641029964 -0.7398216158143152
-0.8218038 -2.307595e-05 -0.8108432422555799 -0.7106434727216335
-0.7921299 -2.126438e-05 -0.7471882554674762 -0.6548546364709774
-0.7616484 -2.020384e-05 -0.709922977455445 -0.6221944067270145
-0.7316484000000001 -1.870955e-05 -0.6574165823354136 -0.5761764774606913
-0.7014633 -1.80608e-05 -0.6346207904649463 -0.5561976703941065
-0.6716392 -1.689671e-05 -0.5937169702591781 -0.5203485304817507
-0.6415929 -1.572898e-05 -0.55268524765278 -0.4843872936788786
-0.6116528 -1.508528e-05 -0.5300669027941755 -0.4645640056499604
-0.581991 -1.410579e-05 -0.49564956147748357 -0.43439977947092506
-0.5521855 -1.320653e-05 -0.4640513436779671 -0.4067063042606019
-0.5219818 -1.242624e-05 -0.43663349637375615 -0.38267661121091323
-0.4918336 -1.154185e-05 -0.40555778096362516 -0.3554410702758581
-0.4615396 -1.082034e-05 -0.38020534660145044 -0.33322155723291136
-0.4317688 -9.949119e-06 -0.3495923638050261 -0.30639156683390223
-0.40164839999999996 -8.740113e-06 -0.3071102841963232 -0.26915920056593534
-0.3717225 -9.007191e-06 -0.31649487687637035 -0.2773840943366164
-0.34153730000000004 -8.02431e-06 -0.2819583825265643 -0.24711543943347647
-0.3114817 -7.334002e-06 -0.25770232473154553 -0.22585681847236652
-0.2813521 -6.62857e-06 -0.2329148394895148 -0.20413244109033166
-0.2512132 -6.598082e-06 -0.23184355147017485 -0.20319353724471156
-0.2213428 -5.898603e-06 -0.2072652428740091 -0.1816524875520291
-0.19143539999999998 -4.627011e-06 -0.16258401501096303 -0.1424927322758629
-0.1612688 -4.295068e-06 -0.1509201945240906 -0.13227026575701376
-0.1315018 -4.103637e-06 -0.1441936878057008 -0.12637498557888133
-0.1013151 -3.613012e-06 -0.1269540956878619 -0.11126577214220583
-0.07137917 -2.951276e-06 -0.10370200146174173 -0.09088705017994979
-0.0416206 -2.753475e-06 -0.09675166554224995 -0.08479560044341403
-0.01167616 -2.339358e-06 -0.0822004132231405 -0.07204251582531317
0.0186294 -1.625203e-06 -0.05710641901388654 -0.05004950625207703
0.048762349999999996 -1.649986e-06 -0.057977244616855 -0.05081271977890736
0.07849977 -5.338634e-07 -0.018758903974813067 -0.01644077667593224
0.10865720000000001 -2.584324e-07 -0.00908080339573846 -0.007958645178195754
0.13846270000000002 -1.680333e-07 -0.005904357817507168 -0.005174728140981241
0.1685924 1.921797e-07 0.006752814555574295 0.005918337030310852
0.1988887 1.507982e-06 0.052987504919323095 0.046439586031418616
0.22849819999999998 1.620702e-06 0.05694826277618485 0.04991089413553492
0.2585461 2.253241e-06 0.07917443216956203 0.06939046969328527
0.2884072 2.611828e-06 0.09177447011862595 0.0804334608140336
0.3188146 3.307385e-06 0.11621496739191543 0.10185372918676978
0.3486202 3.831297e-06 0.13462419885309496 0.11798804405053645
0.3787591 4.048285e-06 0.1422487280035981 0.1246703737426584
0.40887939999999995 4.389743e-06 0.1542468867712374 0.1351858627651508
0.4387405 4.693293e-06 0.16491303339517624 0.14453394274212475
0.4688756 5.36892e-06 0.18865322988699612 0.16534044984343582
0.4986964 5.871301e-06 0.20630590459324225 0.1808116992814597
0.5286109 7.01196e-06 0.2463864058019902 0.21593926165489116
0.5587034999999999 7.203706e-06 0.2531239809973576 0.22184424252547214
0.5886942000000001 6.69244e-06 0.23515910496429976 0.206099371968702
0.618972 7.423623e-06 0.2608514294147411 0.22861677325944077
0.6489417 8.390833e-06 0.29483727581941865 0.25840282641222934
0.6784813000000001 9.234152e-06 0.32446983752178554 0.2843735510312433
0.7088922 9.400761e-06 0.33032414825434303 0.28950441664443266
0.7390461 1.014632e-05 0.3565216169112273 0.31246453906101224
0.7689257 1.061356e-05 0.3729395063810648 0.32685359156781935
0.799102 1.172867e-05 0.41212226626187665 0.36119435079405365
0.8288515999999999 1.238326e-05 0.43512326418170566 0.38135300561904906
0.8589072 1.335351e-05 0.4692159301737224 0.41123267815292813
0.889009 1.370721e-05 0.48164424860853433 0.4221251699594038
0.9188609 1.471623e-05 0.5170992157193456 0.4531987975606762
0.9492498 1.513906e-05 0.5319566256254566 0.4662202064114878
0.9791208 1.661402e-05 0.5837838027773092 0.5116428519158117
1.008861 1.739855e-05 0.6113506352954405 0.5358031193654423
1.038972 1.811955e-05 0.636685149266318 0.5580069265253771
1.068815 1.911711e-05 0.6717374346432788 0.5887276336966178
1.099148 1.969431e-05 0.6920191010288412 0.6065029977641828
1.129157 2.057164e-05 0.7228467420025863 0.6335211200049952
1.159065 2.179719e-05 0.7659101450497554 0.6712629727995278
1.1888420000000002 2.270291e-05 0.7977353544723674 0.6991553891946682
1.2188610000000002 2.363297e-05 0.830415823354135 0.7277973765555128
1.2488240000000002 2.3783e-05 0.8356875808174509 0.7324176777874198
1.2787680000000001 2.536835e-05 0.8913936442345533 0.7812398770675899
1.3088330000000001 2.574106e-05 0.904489936470456 0.7927177979643714
1.339055 2.602414e-05 0.9144368077809636 0.801435486911437
1.36897 2.751724e-05 0.9669013886546354 0.847416769117399
1.398935 2.6963e-05 0.94742649125766 0.8303484777438591
1.429111 2.818327e-05 0.9903043655478719 0.8679277284554453
1.4588889999999999 2.835897e-05 0.9964781160398043 0.8733385591322838
1.488889 2.874998e-05 1.0102174340810703 0.8853800440665502
1.51887 2.898167e-05 1.0183585624332376 0.892515134331301
1.548926 2.917417e-05 1.025122631697307 0.8984433352720604
1.579167 2.879617e-05 1.0118404593242254 0.886802504333842
1.609259 2.930001e-05 1.02954440040479 0.9023186849156195
1.6393330000000002 3.003383e-05 1.0553293838196434 0.9249172948602844
1.6695 3.058175e-05 1.0745822089166246 0.9417909564678733
1.699481 3.016095e-05 1.0597961291954798 0.9288320631906186
1.729423 3.023289e-05 1.0623239585090234 0.9310475165707652
1.7592780000000001 3.051419e-05 1.0722082841401022 0.9397103889065345
1.78925 3.049165e-05 1.0714162731208188 0.9390162504691075
1.819352 3.13669e-05 1.1021708270084893 0.9659703173439105
1.849328 3.115086e-05 1.0945796087029853 0.9593171821166812
1.879241 3.105618e-05 1.0912527407657278 0.9564014311292989
1.9095920000000002 3.118496e-05 1.0957778152583346 0.9603673205690441
1.939338 3.193166e-05 1.1220153763984932 0.9833625810493818
1.9693800000000001 3.147379e-05 1.1059267301962106 0.9692620856481066
1.999426 3.192272e-05 1.121701242480463 0.983087266158938
2.029537 3.175465e-05 1.1157955950975431 0.977911407810297
2.0595369999999997 3.171522e-05 1.1144101028841287 0.9766971274825351
2.0896109999999997 3.209338e-05 1.1276978973407545 0.9883428857566003
2.119253 3.24858e-05 1.1414867599932534 1.0004277928380172
2.149417 3.276612e-05 1.1513366503626243 1.0090604852417246
2.179444 3.248018e-05 1.1412892843087648 1.000254720166396
2.2097130000000003 3.234313e-05 1.136473618372969 0.9960341490550659
2.239583 3.202859e-05 1.1254213048855906 0.9863476226971105
2.269815 3.19247e-05 1.1217708157643225 0.9831482419400431
2.299592 3.210953e-05 1.1282653763984931 0.9888402387186431
2.329555 3.174281e-05 1.115379560915275 0.9775467849576289
2.3592959999999996 3.233019e-05 1.1360189323663348 0.9956356507684507
2.38937 3.203422e-05 1.1256191319503006 0.986521003327222
2.4192310000000004 3.212394e-05 1.1287717152976893 0.9892840069033515
2.4492130000000003 3.289635e-05 1.1559126749873503 1.0130710286625821
2.4794810000000003 3.236843e-05 1.1373626103333896 0.9968132840358515
2.509451 3.206638e-05 1.1267491707426773 0.9875113978324419
2.539324 3.201154e-05 1.1248222016079157 0.9858225534709288
2.569417 3.219604e-05 1.1313051666947769 0.9915043876193449
2.599296 3.250665e-05 1.1422193877551021 1.001069886290562
2.6294630000000003 3.216224e-05 1.130117501546073 0.9904634879216947
2.659509 3.23204e-05 1.1356749311294765 0.9953341594063208
2.689498 3.21416e-05 1.129392252768876 0.9898278615974492
2.71938 3.233474e-05 1.136178810367122 0.9957757718815959
2.7494099999999997 3.234965e-05 1.1367027182773937 0.9962349379908257
2.77946 3.22505e-05 1.1332187833811211 0.9931815295582217
2.809435 3.216777e-05 1.130311814808568 0.990633788966902
2.8396019999999997 3.184064e-05 1.1188171136223084 0.9805595428694964
2.869769 3.234884e-05 1.1366742564794512 0.996209993353101
2.8996570000000004 3.243889e-05 1.1398384353741497 0.9989831595594146
2.929583 3.228286e-05 1.1343558497779276 0.9941780832332501
2.9595830000000003 3.213838e-05 1.12927910833755 0.9897286989635312
2.98987 3.233657e-05 1.1362431129476585 0.9958321282853445
3.0199540000000002 3.203308e-05 1.1255790746050487 0.9864858960593131
3.04975 3.193061e-05 1.1219784814752347 0.9833302454078866
3.079741 3.232661e-05 1.135893138247034 0.995525401628877
3.110028 3.203378e-05 1.1256036712205542 0.986507453153643
3.139866 3.22239e-05 1.1322841119919043 0.9923623599736804
3.16974 3.25382e-05 1.1433279923539663 1.0020414953278654
3.199744 3.234684e-05 1.1366039804351493 0.9961484016550153
3.229519 3.271451e-05 1.1495231770394108 1.00747111147262
3.2596019999999997 3.273758e-05 1.1503338112104344 1.00818157171004
3.289583 3.237046e-05 1.1374339405183562 0.9968757996094086
3.319769 3.211605e-05 1.1284944763029177 0.9890410276544029
3.35 3.263014e-05 1.1465585821105302 1.0048728656888701
3.379951 3.221825e-05 1.132085582166751 0.992188363426588
3.409528 3.206692e-05 1.1267681452746388 0.9875280275909251
3.43963 3.23133e-05 1.1354254511722044 0.9951155088781162
3.469991 3.239978e-05 1.1384641873278236 0.9977787339033465
3.499917 3.272429e-05 1.1498668268960475 1.0077722948762597
3.530019 3.227911e-05 1.1342240821948615 0.9940625987993392
3.560074 3.254914e-05 1.1437124023162983 1.0023784019163948
3.590093 3.254178e-05 1.143453786473267 1.002151744467439
3.619991 3.224089e-05 1.1328811069882496 0.9928855814489193
3.6501770000000002 3.22695e-05 1.1338864058019902 0.9937666506900368
3.6801950000000003 3.234361e-05 1.1364904846236015 0.9960489310626066
3.710204 3.246209e-05 1.1406536374880532 0.9996976232572101
3.740231 3.262733e-05 1.1464598442682858 1.00478632935306
3.76996 3.252758e-05 1.1429548265587228 1.0017144434110299
3.7997310000000004 3.192602e-05 1.1218171979535616 0.9831888924607798
3.8299450000000004 3.222001e-05 1.1321474250857368 0.9922425641209035
3.859741 3.234519e-05 1.1365460026986003 0.9960975885040945
3.889824 3.212491e-05 1.1288057991791758 0.9893138788769232
3.919972 3.281314e-05 1.1529888401641648 1.010508506063722
3.949935 3.257909e-05 1.144764786079721 1.0033007375952299
3.9801390000000003 3.212078e-05 1.128660679147692 0.9891866920203759
4.010121 3.248766e-05 1.1415521167144542 1.000485073117237
4.040306 3.249005e-05 1.1416360965873953 1.0005586751964497
4.070243 3.270852e-05 1.1493127002867263 1.0072866443368533
4.100222 3.248476e-05 1.1414502164502165 1.0003957651550126
4.130611 3.216232e-05 1.130120312587845 0.9904659515896181
4.160712999999999 3.257392e-05 1.1445831225052001 1.003141523055678
4.190262 3.268579e-05 1.1485140130432336 1.006586654688108
4.220212999999999 3.295593e-05 1.1580061983471075 1.0149058453485584
4.250556 3.297114e-05 1.1585406476640243 1.0153742502125012
4.28063 3.265528e-05 1.1474419519874064 1.0056470733338088
4.310639 3.236026e-05 1.1370755326924156 0.9965616819491708
4.340398 3.256959e-05 1.1444309748692865 1.0030081770293222
4.370694 3.260637e-05 1.1457233513240006 1.0041408483571204
4.400442 3.295726e-05 1.1580529319165682 1.0149468038277856
4.430667000000001 3.254975e-05 1.1437338365098106 1.0023971873843112
4.460479 3.253974e-05 1.1433821049080788 1.0020889209353916
4.490287 3.241061e-05 1.138844732107719 0.9981122529484812
4.52037 3.297746e-05 1.1587627199640185 1.0155688799784521
4.550806 3.24324e-05 1.1396103896103895 0.9987832944991262
4.580769 3.301627e-05 1.1601264266036995 1.0167640668798075
4.610704 3.238028e-05 1.1377789958958788 0.9971782148470097
4.640685 3.230738e-05 1.1352174340810703 0.9949331974517821
4.670741 3.324326e-05 1.1681024062517567 1.0237544166540564
4.700951 3.294624e-05 1.1576657109124642 1.0146074335713327
4.730582999999999 3.29969e-05 1.1594458031146344 1.0161675512838464
4.760734 3.243958e-05 1.1398626806094336 0.9990044086952541
4.790519000000001 3.268007e-05 1.14831302355653 1.0064105024315826
4.820871 3.285951e-05 1.154618190251307 1.0119365095838415
4.850944999999999 3.285274e-05 1.1543803058413449 1.011728021685821
4.880838 3.312514e-05 1.1639519030752796 1.0201168109651084
4.910658000000001 3.3057e-05 1.1615575982459097 1.0180183818113246
4.940722 3.340956e-05 1.1739458593354695 1.0288757663498915
4.970781 3.288135e-05 1.1553856046550852 1.0126090909269385
5.000463 3.257561e-05 1.1446425057626357 1.0031935680405606
5.030398 3.282823e-05 1.1535190729184235 1.0109732154257793
5.060360999999999 3.239431e-05 1.1382719823466578 0.997610280609082
5.090537 3.238003e-05 1.1377702113903412 0.9971705158847493
5.120565 3.269832e-05 1.1489542924607858 1.0069725266766154
5.150611 3.203001e-05 1.1254712008770449 0.9863913528027513
5.180658 3.31909e-05 1.1662625794119301 1.02214194599817
5.210898 3.24131e-05 1.1389322257828751 0.9981889346125981
5.240564999999999 3.251751e-05 1.142600986675662 1.0014043292111678
5.270703999999999 3.255471e-05 1.1439081210996795 1.002549934795564
5.30075 3.20952e-05 1.1277618485410692 0.9883989342018583
5.330658000000001 3.29756e-05 1.1586973632428177 1.0155115996992323
5.360582999999999 3.273554e-05 1.1502621296452464 1.0081187481779925
5.390721999999999 3.200919e-05 1.1247396272558607 0.985750183225678
5.420676 3.250955e-05 1.14232128801934 1.0011591942527864
5.450944000000001 3.281931e-05 1.1532056417608365 1.0106985164523166
5.4808 3.272264e-05 1.1498088491594987 1.007721481725339
5.510676 3.289154e-05 1.1557436611008038 1.0129229006286857
5.54075 3.231171e-05 1.1353695817169842 0.9950665434781377
5.570907 3.255068e-05 1.1437665148704108 1.0024258275239208
5.600833 3.250187e-05 1.1420514280092202 1.0009226821321369
5.630838 3.222948e-05 1.1324801821555068 0.9925342008113397
5.660787 3.207758e-05 1.1271427165907686 0.9878563113417224
5.691009 3.294024e-05 1.157454882779558 1.0144226584770752
5.720954 3.216017e-05 1.1300447658402204 0.990399740514176
5.75113 3.280777e-05 1.1528001489852138 1.0103431323543615
5.780716 3.292868e-05 1.1570486872434924 1.0140666584621392
5.81088 3.279622e-05 1.1523943048293697 1.0099874402979159
5.840852 3.222508e-05 1.1323255748580425 0.9923986990755511
5.8707780000000005 3.273119e-05 1.1501092792488896 1.0079847862346558
5.901056 3.220767e-05 1.1317138218923932 0.991862543343714
5.930935000000001 3.22577e-05 1.1334717771406082 0.9934032596713306
5.9610460000000005 3.196202e-05 1.1230821667509978 0.9842975430263242
5.991093 3.247383e-05 1.141066157868106 1.0000591665249738
6.020703999999999 3.224971e-05 1.1331910243436216 0.9931572008374776
6.050861 3.259569e-05 1.1453480772474278 1.0038119486893422
6.081046000000001 3.279091e-05 1.1522077219317477 1.009823914339498
6.111065 3.270245e-05 1.1490994124922695 1.0070997135331627
6.141230999999999 3.255419e-05 1.143889849328161 1.0025339209540616
6.171111 3.240031e-05 1.138482810479564 0.9977950557033394
6.201111 3.291809e-05 1.1566765755889132 1.013740530420775
6.230904000000001 3.259023e-05 1.1451562236464834 1.003643803353568
6.260938 3.306774e-05 1.1619349806038117 1.0183491292300457
6.291194000000001 3.251297e-05 1.1424414600550965 1.0012645160565132
6.321121 3.260331e-05 1.1456158289762186 1.004046613059049
6.350829 3.258151e-05 1.1448498200933266 1.0033752635499138
6.380592 3.198429e-05 1.1238646905043008 0.9849833665845097
6.410961 3.181506e-05 1.1179182830156853 0.9797717850509787
6.440981 3.272406e-05 1.149858745150953 1.00776521183098
6.47098 3.241652e-05 1.1390523978186315 0.9982942564163249
6.501019 3.262736e-05 1.1464608984089504 1.0047872532285311
6.531065 3.298519e-05 1.159034336875246 1.015806931891554
6.560867 3.236477e-05 1.1372340051723167 0.9967005712283544
6.590954 3.286495e-05 1.1548093410918085 1.0121040390026348
6.62087 3.26721e-05 1.1480329735199866 1.0061650595147107
6.651260000000001 3.228784e-05 1.1345308371282397 0.9943314465614838
6.6811940000000005 3.285777e-05 1.1545570500927642 1.0118829248065067
6.710926000000001 3.229203e-05 1.1346780654410522 0.9944604811689733
6.741287000000001 3.269336e-05 1.148780007870917 1.0068197792653628
6.771121 3.250534e-05 1.1421733569460841 1.0010295437283157
6.800981 3.18877e-05 1.120470708944735 0.9820087955254556
6.830970000000001 3.240419e-05 1.1386191460055097 0.9979145435976259
6.8610739999999995 3.257453e-05 1.1446045566987124 1.0031603085235943
6.891463 3.301928e-05 1.160232192050374 1.0168567623854265
6.921158999999999 3.203092e-05 1.1255031764772025 0.9864193770253805
6.951111 3.283807e-05 1.1538648310563895 1.0112762465803615
6.98125 3.259213e-05 1.1452229858885703 1.0037023154667495
7.011203999999999 3.32653e-05 1.168876848259965 1.024433157166962
7.041167000000001 3.265519e-05 1.1474387895654128 1.005644301707395
7.071287 3.222287e-05 1.1322479198290885 0.9923306402491661
7.1013329999999995 3.267108e-05 1.1479971327373923 1.0061336477486866
7.131371 3.294996e-05 1.1577964243548657 1.0147219941297723
7.1613 3.246309e-05 1.140688775510204 0.9997284191062528
7.191389 3.25062e-05 1.1422035756451339 1.0010560281584924
7.221583 3.21928e-05 1.1311913195030079 0.9914046090684461
7.251436 3.270467e-05 1.1491774189014448 1.0071680803180378
7.281314999999999 3.324449e-05 1.1681456260190028 1.0237922955483794
7.311361 3.267243e-05 1.1480445690672962 1.0061752221448945
7.34126 3.250709e-05 1.1422348484848484 1.0010834364641406
7.371658 3.2621e-05 1.1462374205880699 1.004591391628618
7.401889 3.315101e-05 1.1648609237083263 1.0209134995798483
7.431564000000001 3.330766e-05 1.1703652948782817 1.0257376693324194
7.461065 3.327513e-05 1.1692222550177094 1.0247358803630537
7.491324 3.238623e-05 1.1379880671276776 0.9973614501488153
7.521408 3.215623e-05 1.1299063220329453 0.9902784048689469
7.551621 3.252789e-05 1.1429657193455893 1.0017239901242332
7.581517 3.259003e-05 1.145149196042053 1.0036376441837593
7.611260000000001 3.252009e-05 1.1426916427728115 1.0014837825016984
7.641102 3.23058e-05 1.1351619160060717 0.9948845400102942
7.671426 3.270213e-05 1.1490881683251815 1.0070898588614692
7.701611 3.326057e-05 1.1687106454151908 1.024287492800989
7.731453999999999 3.204948e-05 1.126155338168325 0.9869909479836166
7.76137 3.230827e-05 1.1352487069207848 0.9949606057574303
7.791204 3.239221e-05 1.1381981925001405 0.9975456093260917
7.821398 3.198851e-05 1.1240129729577781 0.9851133250674708
7.851731 3.181215e-05 1.117816031371226 0.979682169130264
7.881376 3.262434e-05 1.1463547815820543 1.0046942497644213
7.911408000000001 3.197133e-05 1.1234093017372238 0.9845842523809137
7.941398 3.288756e-05 1.1556038117726428 1.0128003331494948
7.971889 3.298884e-05 1.1591625906560972 1.0159193367405603
8.002028000000001 3.23238e-05 1.13579440040479 0.9954388652930666
8.031518 3.209203e-05 1.1276504610108504 0.9883013113603922
8.061426 3.272277e-05 1.1498134171023782 1.0077254851857147
8.091407 3.285561e-05 1.154481151964918 1.011816405772574
8.121389 3.271195e-05 1.149433223702704 1.0073922740990702
8.151603 3.227332e-05 1.1340206330466072 0.9938842908333808
8.181695 3.254495e-05 1.1435651740034856 1.002249367308905
8.211853 3.262299e-05 1.1463073452521506 1.0046526753682137
8.241927 3.292271e-05 1.1568389132512509 1.0138828072433532
8.271735000000001 3.28358e-05 1.1537850677461068 1.0112063400030342
8.301703999999999 3.228005e-05 1.1342571119356832 0.9940915468974394
8.3315 3.262739e-05 1.146461952549615 1.0047881771040021
8.361481 3.286072e-05 1.1546607072581097 1.0119737725611833
8.391565 3.275989e-05 1.1511177404846236 1.0088686271021872
8.42164 3.203902e-05 1.1257877944566255 0.986668823402628
8.452168 3.272747e-05 1.1499785658064878 1.0078702256762162
8.482 3.246012e-05 1.1405844155844154 0.9996369554345953
8.511797 3.253248e-05 1.1431270028672624 1.00186534307134
8.541870999999999 3.20024e-05 1.1245010400854556 0.9855410794106767
8.571648 3.177289e-05 1.1164365126215776 0.9784731240968396
8.602065 3.258646e-05 1.145023753302974 1.0035277030026761
8.632027 3.240682e-05 1.1387115590037669 0.9979955366806086
8.661907999999999 3.248075e-05 1.1413093129813907 1.0002722738003504
8.691732 3.199446e-05 1.1242220441895765 0.985296560369276
8.721945 3.203198e-05 1.1255404227806824 0.986452020625366
8.751876 3.292729e-05 1.1569998453927024 1.0140238522319696
8.78151 3.221421e-05 1.1319436245572607 0.9920639481964545
8.811917 3.297132e-05 1.1585469725080115 1.0153797934653288
8.841732 3.234733e-05 1.1366211980660033 0.9961634916210461
8.871889999999999 3.2552e-05 1.1438128970596504 1.0024664780446577
8.901877 3.272863e-05 1.150019325912183 1.007905948861106
8.931705 3.198913e-05 1.1240347585315116 0.9851324184938773
8.96177 3.239842e-05 1.1384163996176984 0.9977368515486482
8.991927 3.265794e-05 1.1475354191263283 1.005728990292263
9.021806 3.220807e-05 1.1317278771012536 0.991874861683331
9.051620999999999 3.183507e-05 1.1186213948389272 0.9803880099903274
9.081980999999999 3.190734e-05 1.1211608196997807 0.9826136260006582
9.111982 3.257954e-05 1.144780598189689 1.0033145957272993
9.141973 3.259895e-05 1.1454626271996402 1.0039123431572219
9.172120999999999 3.189503e-05 1.120728270647102 0.9822345290989402
9.202065000000001 3.234736e-05 1.1366222522066678 0.9961644154965175
9.231867 3.185722e-05 1.119399702029572 0.9810701380466278
9.261937 3.235113e-05 1.1367547225501768 0.9962805158474091
9.291991 3.209603e-05 1.1277910130994546 0.988424494756564
9.321797 3.232454e-05 1.1358204025411818 0.9954616542213583
9.352028 3.212264e-05 1.1287260358688929 0.9892439722995957
9.382111 3.204626e-05 1.126042193736999 0.9868917853496988
9.412288 3.245585e-05 1.1404343762298306 0.9995054571591822
9.442131 3.246783e-05 1.1408553297352 0.9998743914307164
9.471926999999999 3.216967e-05 1.130378577050655 0.9906923010800835
9.502027 3.22837e-05 1.1343853657165344 0.9942039517464459
9.531889999999999 3.245138e-05 1.1402773092708156 0.9993677997139603
9.561992 3.197457e-05 1.1235231489289932 0.9846840309318128
9.592194 3.268704e-05 1.1485579355709223 1.0066251494994114
9.622019 3.247404e-05 1.1410735368527576 1.0000656336532727
9.652232 3.208718e-05 1.127480041603418 0.9881519514925343
9.682112 3.24032e-05 1.1385843593635803 0.9978840557070734
9.712166999999999 3.306397e-05 1.1618025102603025 1.018233028879154
9.742232 3.232936e-05 1.1359897678079496 0.9956100902137452
9.772566000000001 3.218e-05 1.1307415528194749 0.9910104222006968
9.802036 3.149375e-05 1.1066280851183448 0.969876770795003
9.832047000000001 3.223574e-05 1.1327001461741721 0.9927269828263484
9.862148 3.303646e-05 1.1608358632709281 1.0173858350719835
9.892226 3.258416e-05 1.1449429358520267 1.0034568725498774
9.922094 3.165942e-05 1.1124494012481025 0.974978719105941
9.952396 3.218648e-05 1.1309692472030133 0.9912099793024948
9.981871 3.261341e-05 1.1459707229999438 1.0043576511343824
10.004209999999999 3.185539e-05 1.1193353994490358 0.9810137816428792
