Keff(MJ/m3):-0.02093016053938726 Ms(MA/m):1.22421520609319
H(kOe) moment(emu) M(MA/m) M_norm()
9.967122 3.459574e-05 1.2399906810035841 1.0128861942180396
9.938799000000001 3.430098e-05 1.2294258064516128 1.0042562780894149
9.910625 3.445452e-05 1.2349290322580644 1.0087515872303736
9.881829 3.391847e-05 1.215715770609319 0.9930572374517427
9.853078 3.367045e-05 1.2068261648745517 0.9857957643949454
9.823792 3.396084e-05 1.2172344086021503 0.994297736659131
9.794799000000001 3.411587e-05 1.2227910394265231 0.9988366696806426
9.765531999999999 3.463196e-05 1.2412888888888889 1.0139466351265034
9.73606 3.403835e-05 1.2200125448028671 0.9965670567810258
9.706638000000002 3.424049e-05 1.2272577060931897 1.0024852656500725
9.676765 3.427711e-05 1.2285702508960572 1.0035574176674096
9.647165999999999 3.440407e-05 1.2331207885304658 1.0072745236237477
9.617986 3.42421e-05 1.2273154121863796 1.002532402863287
9.588265 3.45751e-05 1.2392508960573476 1.0122819010001851
9.558301 3.429989e-05 1.2293867383512542 1.0042243653177354
9.528300999999999 3.420736e-05 1.226070250896057 1.0015152930576539
9.498301 3.390319e-05 1.2151681003584227 0.9926098730927881
9.468893 3.39597e-05 1.2171935483870966 0.9942643599988426
9.439005 3.418983e-05 1.2254419354838706 1.0010020537112878
9.409032 3.406487e-05 1.2209630824372757 0.9973435032993156
9.378449 3.458182e-05 1.2394917562724013 1.012478647629254
9.348751 3.434143e-05 1.230875627240143 1.005440563974212
9.318968 3.466525e-05 1.2424820788530462 1.0149212921624713
9.288921 3.41144e-05 1.22273835125448 0.9987936313555336
9.259091 3.407824e-05 1.2214422939068097 0.9977349471134007
9.229068999999999 3.40478e-05 1.2203512544802866 0.996843731728154
9.198718000000001 3.430436e-05 1.2295469534050179 1.0043552369593929
9.168958 3.427341e-05 1.2284376344086017 1.0034490899103328
9.139251 3.39611e-05 1.2172437275985661 0.9943053488798987
9.109162 3.419833e-05 1.2257465949820787 1.0012509147748425
9.079025 3.413102e-05 1.2233340501792112 0.9992802279292129
9.048949 3.467483e-05 1.2428254480286736 1.0152017732199832
9.018848 3.44039e-05 1.2331146953405014 1.0072695464024763
8.988978 3.442376e-05 1.2338265232974908 1.0078510029580283
8.958817 3.437155e-05 1.2319551971326161 1.0063224104723603
8.929125 3.445291e-05 1.2348713261648743 1.0087044500171591
8.898811 3.421515e-05 1.2263494623655913 1.0017433669029585
8.869069 3.382316e-05 1.2122996415770608 0.9902667729849927
8.839116 3.415571e-05 1.2242189964157706 1.0000030961244084
8.809069 3.456467e-05 1.2388770609318995 1.0119765338363176
8.779079 3.464055e-05 1.241596774193548 1.0141981311895543
8.749156000000001 3.380714e-05 1.2117254480286737 0.9897977430746228
8.719088 3.429583e-05 1.2292412186379926 1.004105497562673
8.688885 3.43737e-05 1.2320322580645158 1.0063853576825534
8.659006 3.420512e-05 1.225989964157706 1.001449710847964
8.629050999999999 3.376164e-05 1.2100946236559138 0.9884656044403021
8.598885000000001 3.392542e-05 1.215964874551971 0.9932607179684136
8.568885 3.424936e-05 1.2275756272401432 1.0027449594893347
8.538939000000001 3.44886e-05 1.2361505376344084 1.009749373706366
8.509236000000001 3.419893e-05 1.2257681003584227 1.001268481438152
8.479068999999999 3.425135e-05 1.2276469534050176 1.0028032222559786
8.448931 3.455388e-05 1.238490322580645 1.0116606266744643
8.418883 3.407828e-05 1.2214437275985661 0.9977361182242881
8.388895 3.392978e-05 1.2161211469534048 0.993388369055131
8.359129000000001 3.413642e-05 1.223527598566308 0.9994383278990007
8.329032 3.430941e-05 1.2297279569892472 1.0045030897089164
8.298699000000001 3.434014e-05 1.2308293906810033 1.0054027956480962
8.26877 3.406587e-05 1.2209989247311825 0.9973727810714986
8.238958 3.429345e-05 1.2291559139784944 1.0040358164648777
8.209050999999999 3.461235e-05 1.2405860215053761 1.013372498013997
8.179233 3.445899e-05 1.2350892473118278 1.0088824588720313
8.149181 3.41522e-05 1.2240931899641576 0.9999003311440464
8.118958 3.395659e-05 1.2170820788530463 0.9941733061273538
8.088866 3.431601e-05 1.229964516129032 1.0046963230053234
8.058802 3.421705e-05 1.2264175627240141 1.0017989946701058
8.028598 3.386574e-05 1.2138258064516125 0.9915134205245394
7.998755 3.422555e-05 1.2267222222222223 1.0020478557336605
7.968274 3.448183e-05 1.2359078853046594 1.0095511631886882
7.938629 3.456427e-05 1.2388627240143366 1.0119648227274445
7.908987 3.408619e-05 1.2217272401433688 0.9979677054022545
7.878866 3.422326e-05 1.2266401433691754 1.0019808096353615
7.848496 3.460785e-05 1.2404247311827956 1.0132407480391743
7.818616 3.454654e-05 1.238227240143369 1.011445727826642
7.7885789999999995 3.418841e-05 1.225391039426523 1.0009604792747884
7.758625 3.423424e-05 1.2270336917562723 1.0023022795739296
7.728681 3.412749e-05 1.2232075268817202 0.9991768773934074
7.698524 3.381878e-05 1.212142652329749 0.9901385363428316
7.6686000000000005 3.388089e-05 1.214368817204301 0.9919569787731101
7.638403 3.406706e-05 1.2210415770609317 0.9974076216203963
7.608274000000001 3.444382e-05 1.2345455197132615 1.008438315068017
7.578487 3.453653e-05 1.2378684587813618 1.0111526573270915
7.548588 3.432204e-05 1.23018064516129 1.004872867971586
7.518625 3.40739e-05 1.2212867383512542 0.997607881582127
7.488689999999999 3.439322e-05 1.232731899641577 1.0069568597955634
7.458598 3.417398e-05 1.2248738351254478 1.0005380010221894
7.428848 3.393979e-05 1.216479928315412 0.9936814395546816
7.3987039999999995 3.413633e-05 1.2235243727598566 0.9994356928995042
7.368875 3.41021e-05 1.2222974910394264 0.9984335147576843
7.338680999999999 3.395725e-05 1.2171057347670249 0.9941926294569945
7.308644 3.418581e-05 1.2252978494623654 1.0008843570671129
7.2783940000000005 3.41486e-05 1.223964157706093 0.9997949311641879
7.248676000000001 3.419662e-05 1.225685304659498 1.0012008497844096
7.21882 3.41859e-05 1.225301075268817 1.0008869920666092
7.188486 3.448927e-05 1.2361745519713259 1.0097689898137285
7.158346 3.46341e-05 1.2413655913978494 1.0140092895589747
7.128496 3.441705e-05 1.2335860215053762 1.0076545491066813
7.0984679999999996 3.415987e-05 1.2243681003584228 1.0001248916566892
7.068311 3.434628e-05 1.2310494623655912 1.005582561169299
7.038402 3.445242e-05 1.2348537634408598 1.0086901039087894
7.008209 3.438185e-05 1.2323243727598565 1.006623971525844
6.978329 3.415492e-05 1.224190681003584 0.9999799666843838
6.948384 3.402035e-05 1.2193673835125447 0.996040056881734
6.918144 3.397762e-05 1.2178358422939066 0.9947890176763597
6.888180999999999 3.424412e-05 1.2273878136200715 1.0025915439630964
6.857978 3.397485e-05 1.2177365591397846 0.9947079182474131
6.828265 3.404167e-05 1.2201315412186378 0.9966642589846729
6.798366 3.417591e-05 1.224943010752688 1.0005945071225024
6.768246 3.411123e-05 1.2226247311827956 0.9987008208177139
6.738053 3.415026e-05 1.2240236559139783 0.9998435322660115
6.708329 3.402824e-05 1.2196501792114696 0.9962710585042571
6.67819 3.431346e-05 1.2298731182795697 1.0046216646862571
6.648101 3.458216e-05 1.2395039426523295 1.012488602071796
6.618264 3.463377e-05 1.2413537634408598 1.0139996278941543
6.588348 3.464132e-05 1.2416243727598564 1.0142206750741352
6.557958999999999 3.431679e-05 1.2299924731182794 1.0047191596676261
6.528129 3.417555e-05 1.2249301075268815 1.0005839671245165
6.498181 3.432728e-05 1.2303684587813617 1.0050262834978243
6.468237 3.425418e-05 1.227748387096774 1.002886078351256
6.438162999999999 3.410923e-05 1.2225530465949817 0.998642265273348
6.40782 3.414087e-05 1.2236870967741933 0.9995686139852143
6.377616 3.431044e-05 1.2297648745519711 1.0045332458142648
6.347866 3.438041e-05 1.2322727598566308 1.0065818115339007
6.317783 3.421302e-05 1.2262731182795696 1.0016810052482088
6.287783 3.435665e-05 1.2314211469534049 1.0058861716668355
6.257893 3.434206e-05 1.2308982078853046 1.0054590089706874
6.22832 3.444491e-05 1.23458458781362 1.0084702278396962
6.198227 3.44931e-05 1.236311827956989 1.009881123681189
6.1684030000000005 3.417454e-05 1.2248939068100355 1.0005543965746118
6.138357 3.414422e-05 1.223807168458781 0.9996666945220268
6.108199 3.396328e-05 1.2173218637992829 0.9943691744232572
6.078292 3.423485e-05 1.2270555555555553 1.0023201390149612
6.0479769999999995 3.417053e-05 1.2247501792114694 1.0004369927081587
6.0180240000000005 3.428039e-05 1.2286878136200714 1.0036534487601694
5.987996 3.423244e-05 1.2269691756272398 1.0022495795840003
5.9580910000000005 3.434295e-05 1.2309301075268815 1.0054850661879302
5.9279399999999995 3.441413e-05 1.2334813620071683 1.0075690580119074
5.897838 3.466209e-05 1.242368817204301 1.0148287744023734
5.868035 3.411324e-05 1.2226967741935482 0.9987596691398015
5.8382830000000006 3.421507e-05 1.2263465949820787 1.0017410246811838
5.8082460000000005 3.423159e-05 1.2269387096774191 1.0022246934776449
5.777699999999999 3.416505e-05 1.2245537634408599 1.0002765505165963
5.747828999999999 3.394951e-05 1.2168283154121862 0.9939660195002991
5.7179780000000004 3.389415e-05 1.2148440860215053 0.9923452020322551
5.688153000000001 3.400575e-05 1.2188440860215053 0.9956126014078641
5.658005 3.412414e-05 1.2230874551971325 0.9990787968565948
5.627792 3.417346e-05 1.2248551971326163 1.0005227765806544
5.597458 3.407037e-05 1.2211602150537633 0.9975045310463216
5.567699999999999 3.453425e-05 1.2377867383512544 1.0110859040065145
5.537864 3.429005e-05 1.2290340501792114 1.003936272039456
5.5079579999999995 3.416189e-05 1.2244405017921145 1.0001840327564984
5.477773 3.40912e-05 1.2219068100358421 0.998114387040891
5.447764 3.428775e-05 1.2289516129032254 1.0038689331634352
5.417505 3.441342e-05 1.2334559139784944 1.0075482707936574
5.387569999999999 3.39985e-05 1.218584229390681 0.9954003375595384
5.357751 3.41887e-05 1.225401433691756 1.0009689698287212
5.327635 3.415536e-05 1.224206451612903 0.9999928489041443
5.29719 3.415636e-05 1.2242422939068098 1.0000221266763272
5.26745 3.420234e-05 1.2258903225806448 1.0013683186412956
5.237496 3.428189e-05 1.2287415770609316 1.0036973654184436
5.207616 3.419847e-05 1.2257516129032255 1.0012550136629481
5.177551 3.404236e-05 1.2201562724014337 0.9966844606474793
5.147348 3.40492e-05 1.220401433691756 0.99688472060921
5.11728 3.407102e-05 1.2211835125448027 0.9975235615982404
5.087635000000001 3.393011e-05 1.216132974910394 0.9933980307199513
5.057496 3.371264e-05 1.20833835125448 0.987030993603341
5.027478 3.396623e-05 1.2174275985663081 0.9944555438511967
4.9975510000000005 3.412389e-05 1.2230784946236557 0.9990714774135491
4.967514 3.420098e-05 1.2258415770609317 1.0013285008711272
4.937761 3.426938e-05 1.2282931899641574 1.0033311004884358
4.908189999999999 3.406619e-05 1.2210103942652328 0.9973821499585972
4.877838 3.444235e-05 1.2344928315412182 1.0083952767429079
4.847708 3.380008e-05 1.2114724014336917 0.9895910420030118
4.817533 3.441345e-05 1.2334569892473117 1.007549149126823
4.787553 3.416734e-05 1.2246358422939065 1.000343596614895
4.757885 3.415675e-05 1.2242562724014336 1.0000335450074784
4.727792 3.394349e-05 1.216612544802867 0.9937897673117579
4.697647 3.39966e-05 1.218516129032258 0.9953447097923906
4.667579 3.410841e-05 1.2225236559139783 0.9986182575001581
4.637569999999999 3.384624e-05 1.2131268817204297 0.9909425039669733
4.60757 3.422761e-05 1.2267960573476702 1.002108167944357
4.577533000000001 3.425778e-05 1.2278774193548385 1.0029914783311145
4.547311 3.429496e-05 1.2292100358422937 1.004080025900874
4.517264 3.407506e-05 1.2213283154121861 0.9976418437978593
4.487572 3.400932e-05 1.2189720430107525 0.995717123054557
4.457903 3.390561e-05 1.215254838709677 0.9926807253014708
4.427689999999999 3.415289e-05 1.2241179211469533 0.9999205328068526
4.397310999999999 3.41042e-05 1.2223727598566307 0.9984949980792683
4.367336 3.390103e-05 1.215090681003584 0.9925466331048731
4.337746 3.341329e-05 1.1976089605734765 0.9782666925003968
4.307338 3.380903e-05 1.2117931899641576 0.9898530780640485
4.277616 3.418412e-05 1.225237275985663 1.0008348776321236
4.247514 3.405778e-05 1.2207089605734767 0.9971359238945392
4.2172730000000005 3.393393e-05 1.2162698924731181 0.9935098718096897
4.187227 3.394442e-05 1.2166458781362004 0.9938169956398882
4.157033 3.429743e-05 1.2292985663082434 1.0041523419981655
4.127516 3.383397e-05 1.2126870967741934 0.9905832657022895
4.097375 3.407015e-05 1.2211523297491038 0.9974980899364413
4.067255 3.410576e-05 1.222428673835125 0.9985406714038735
4.036949 3.418128e-05 1.2251354838709676 1.0007517287591245
4.006977 3.422325e-05 1.2266397849462363 1.0019805168576397
3.9774119999999997 3.409175e-05 1.2219265232974907 0.9981304898155914
3.947375 3.408079e-05 1.2215336917562722 0.9978096054324671
3.917338 3.404736e-05 1.2203354838709675 0.9968308495083935
3.887023 3.381358e-05 1.2119562724014337 0.9899862919274807
3.857144 3.40745e-05 1.2213082437275984 0.9976254482454369
3.8270790000000003 3.391668e-05 1.2156516129032255 0.9930048302395351
3.796902 3.395572e-05 1.2170508960573474 0.9941478344655548
3.7671439999999996 3.388594e-05 1.2145498207885304 0.9921048315226336
3.73732 3.407824e-05 1.2214422939068097 0.9977349471134007
3.707042 3.408293e-05 1.2216103942652328 0.9978722598649385
3.677167 3.3878e-05 1.2142652329749104 0.9918723660115016
3.647131 3.409297e-05 1.221970250896057 0.9981662086976545
3.616894 3.402093e-05 1.2193881720430106 0.9960570379896002
3.586561 3.423802e-05 1.22716917562724 1.002412949552781
3.556875 3.37649e-05 1.21021146953405 0.9885610499776181
3.5267370000000002 3.394172e-05 1.2165491039426521 0.9937379456549945
3.496931 3.36498e-05 1.2060860215053761 0.985191178399369
3.4673290000000003 3.402091e-05 1.2193874551971324 0.9960564524341564
3.436931 3.38107e-05 1.211853046594982 0.9899019719435939
3.406884 3.391399e-05 1.2155551971326164 0.9929260730323632
3.377025 3.368148e-05 1.207221505376344 0.9861186982221226
3.347218 3.378503e-05 1.210932974910394 0.9891504115316594
3.316866 3.4171e-05 1.2247670250896057 1.0004507532610845
3.286607 3.396917e-05 1.217532974910394 0.9945416205014143
3.256855 3.385122e-05 1.2133053763440858 0.991088307272444
3.227116 3.358457e-05 1.2037480286738351 0.9832813893198801
3.196838 3.352441e-05 1.2015917562724012 0.9815200385453581
3.166987 3.426506e-05 1.2281383512544801 1.003204620512606
3.136931 3.404643e-05 1.2203021505376344 0.9968036211802636
3.106607 3.40158e-05 1.2192043010752687 0.995906843018302
3.076708 3.416699e-05 1.2246232974910392 1.0003333493946311
3.046523 3.384421e-05 1.2130541218637991 0.9908830700894421
3.016542 3.403691e-05 1.2199609318996414 0.9965248967890824
2.986506 3.340942e-05 1.1974702508960573 0.9781533875220492
2.956727 3.373199e-05 1.209031899641577 0.9875975184950797
2.926746 3.385435e-05 1.2134175627240142 0.9911799466993766
2.8966350000000003 3.386363e-05 1.2137501792114695 0.9914516444252337
2.866736 3.352293e-05 1.201538709677419 0.9814767074425274
2.836532 3.348451e-05 1.2001616487455196 0.9803518554352614
2.8063290000000003 3.391345e-05 1.2155358422939067 0.9929102630353845
2.776514 3.373981e-05 1.209312186379928 0.9878264706735498
2.74657 3.355289e-05 1.2026125448028673 0.9823538694971264
2.716671 3.395055e-05 1.2168655913978494 0.9939964683833693
2.686607 3.386314e-05 1.2137326164874551 0.991437298316864
2.656366 3.363542e-05 1.2055706093189962 0.9847701640353793
2.626375 3.361204e-05 1.2047326164874548 0.9840856497217435
2.596393 3.384004e-05 1.2129046594982076 0.9907609817794395
2.5666439999999997 3.407584e-05 1.2213562724014335 0.9976646804601619
2.536273 3.3747e-05 1.209569892473118 0.9880369778555446
2.505884 3.390296e-05 1.2151598566308242 0.9926031392051862
2.476478 3.310602e-05 1.1865956989247308 0.9692705114417641
2.446829 3.366768e-05 1.20672688172043 0.9857146649659989
2.416496 3.378228e-05 1.2108344086021505 0.9890698976581567
2.3864769999999997 3.409233e-05 1.221947311827957 0.9981474709234576
2.3566190000000002 3.384739e-05 1.213168100358423 0.9909761734049838
2.326727 3.361305e-05 1.2047688172043007 0.9841152202716483
2.2964209999999996 3.411815e-05 1.2228727598566307 0.9989034230012194
2.2666950000000003 3.368083e-05 1.2071982078853043 0.9860996676702036
2.236699 3.320722e-05 1.1902229390681 0.9722334219866713
2.206625 3.344192e-05 1.1986351254480283 0.9791049151179924
2.176635 3.387979e-05 1.2143293906810033 0.9919247732237089
2.146366 3.385712e-05 1.2135168458781358 0.991261046128323
2.116412 3.34316e-05 1.1982652329749102 0.9788027685090652
2.086458 3.373393e-05 1.209101433691756 0.9876543173731144
2.056255 3.367166e-05 1.206869534050179 0.9858311904992867
2.026402 3.402642e-05 1.2195849462365589 0.996217772958884
1.996736 3.330403e-05 1.1936928315412185 0.9750678031116958
1.9665789999999999 3.34934e-05 1.200480286738351 0.980612134829967
1.936477 3.326939e-05 1.1924512544802868 0.974053621083281
1.906394 3.359279e-05 1.204042652329749 0.9835220526072233
1.8765139999999998 3.377574e-05 1.2105999999999997 0.9888784210280804
1.846357 3.349925e-05 1.200689964157706 0.9807834097972371
1.816023 3.358507e-05 1.2037659498207884 0.9832960282059714
1.786218 3.317477e-05 1.189059856630824 0.9712833582793369
1.7565719999999998 3.378499e-05 1.2109315412186379 0.9891492404207722
1.726403 3.334725e-05 1.1952419354838708 0.9763331884254396
1.696289 3.316833e-05 1.1888290322580644 0.9710948094264794
1.666431 3.349499e-05 1.200537275985663 0.9806586864877379
1.636644 3.306074e-05 1.1849727598566309 0.9679448139173237
1.606403 3.30156e-05 1.1833548387096773 0.9666232152809886
1.576478 3.300213e-05 1.1828720430107527 0.9662288436896853
1.546144 3.339942e-05 1.197111827956989 0.9778606098002203
1.516042 3.307552e-05 1.1855025089605733 0.9683775393901866
1.486079 3.367331e-05 1.2069286738351253 0.9858794988233884
1.456298 3.324755e-05 1.1916684587813617 0.9734141945388068
1.4264860000000001 3.313071e-05 1.18748064516129 0.9699933796369595
1.396403 3.317688e-05 1.1891354838709676 0.971345134378643
1.366384 3.320275e-05 1.1900627240143367 0.9721025503450139
1.3360509999999999 3.275093e-05 1.173868458781362 0.9588742673173465
1.306181 3.30121e-05 1.1832293906810034 0.9665207430783486
1.276176 3.278468e-05 1.1750781362007168 0.9598623921285186
1.2463009999999999 3.249887e-05 1.1648340501792114 0.9514945120609306
1.21619 3.279919e-05 1.1755982078853044 0.9602872126028922
1.186242 3.247754e-05 1.1640695340501788 0.9508700171802696
1.1564210000000001 3.212907e-05 1.1515795698924731 0.9406675919077029
1.1264020000000001 3.177499e-05 1.1388885304659495 0.9303009183331896
1.096505 3.12615e-05 1.1204838709677418 0.9152670750950043
1.066208 3.05636e-05 1.095469534050179 0.8948341178885745
1.036357 3.016405e-05 1.0811487455197133 0.8831361840129062
1.006208 2.886384e-05 1.0345462365591396 0.8450689318430077
0.9762825 2.790919e-05 1.0003293906810033 0.8171189066286244
0.9460974 2.677949e-05 0.9598383512544801 0.7840438073936284
0.9158750999999999 2.564817e-05 0.9192892473118278 0.7509212781676963
0.8858751 2.426515e-05 0.8697186379928313 0.7104295336833338
0.8562133 2.290734e-05 0.8210516129032256 0.6706758818357019
0.8261992 2.166629e-05 0.776569534050179 0.6343407026681426
0.7962454999999999 2.025018e-05 0.7258129032258063 0.5928801567022488
0.7661066 1.896801e-05 0.6798569892473117 0.5553410755425298
0.7361807 1.78112e-05 0.6383942652329748 0.521472255903656
0.7058937 1.697356e-05 0.6083713261648744 0.496948022812391
0.6758936 1.575643e-05 0.5647465949820787 0.4613131679554461
0.6460048 1.501332e-05 0.5381118279569892 0.43955656266862847
0.6156621999999999 1.458803e-05 0.5228684587813619 0.42710501893697284
0.5857362 1.321712e-05 0.473731899641577 0.38696782827374515
0.5560529000000001 1.270289e-05 0.45530071684587803 0.3719123194841443
0.5261251 1.152873e-05 0.413216129032258 0.33753553049789775
0.4962547 1.103018e-05 0.39534695340501785 0.32293909717612446
0.4658936 1.026486e-05 0.36791612903225795 0.3005322325691251
0.4359963 9.475807e-06 0.3396346594982078 0.27743051859490964
0.4059584 8.872121e-06 0.3179971684587813 0.25975593741691744
0.3761251 8.500969e-06 0.30469422939068097 0.24888943371569833
0.3461158 7.91018e-06 0.2835189964157705 0.23159244796554868
0.3159214 7.413973e-06 0.2657337992831541 0.21706461246399997
0.2858102 7.138393e-06 0.25585637992831534 0.20899624400584274
0.2557084 5.836411e-06 0.20919035842293904 0.1708771116236364
0.22591139999999998 5.337493e-06 0.19130799283154118 0.15626990408169986
0.1959584 4.951374e-06 0.1774686021505376 0.1449651999642196
0.16585650000000002 4.416257e-06 0.15828878136200714 0.12929816634703512
0.13556020000000002 4.065041e-06 0.14570039426523296 0.11901534431205384
0.1057825 3.157065e-06 0.11315645161290319 0.09243182983653406
0.07570839 3.066649e-06 0.10991573476702507 0.08978465078684707
0.04594913 2.600995e-06 0.09322562724014334 0.07615133905880173
0.01605098 2.244022e-06 0.08043089605734766 0.06569996488936365
-0.014245319999999999 1.683299e-06 0.06033329749103942 0.0492832446376644
-0.04418977 1.171958e-06 0.04200566308243727 0.03431231933189998
-0.07413420999999999 4.965145e-07 0.01779621863799283 0.014536838416495003
-0.1040231 -1.458244e-07 -0.005226681003584228 -0.004269413561904705
-0.1340691 -5.380794e-07 -0.019285999999999998 -0.01575376608949906
-0.1645324 -1.188489e-06 -0.04259817204301075 -0.034796310183855116
-0.19411689999999998 -1.752941e-06 -0.06282942652329748 -0.05132220724802431
-0.2238842 -2.293737e-06 -0.08221279569892473 -0.06715550933343538
-0.2541236 -2.620031e-06 -0.0939079211469534 -0.076708670730075
-0.2842824 -2.995223e-06 -0.10735566308243726 -0.08769345663091291
-0.3147361 -3.802761e-06 -0.13629967741935478 -0.1113363702239289
-0.344449 -4.13074e-06 -0.14805519713261647 -0.12093886466669669
-0.3741898 -4.717269e-06 -0.16907774193548383 -0.13811112710734724
-0.404412 -5.19692e-06 -0.18626953405017918 -0.1521542398126363
-0.43459719999999996 -5.66959e-06 -0.2032111111111111 -0.1659929643903167
-0.4645324 -6.387852e-06 -0.22895526881720427 -0.18702207559393416
-0.4943245 -6.668015e-06 -0.23899695340501786 -0.1952246240820055
-0.5244146 -7.281954e-06 -0.2610019354838709 -0.2131993902581887
-0.5545787 -8.157488e-06 -0.2923830824372759 -0.23883307524855157
-0.5845972 -8.611421e-06 -0.3086530824372759 -0.2521232222088414
-0.6148286000000001 -8.840395e-06 -0.3168600358422939 -0.2588270708166435
-0.6445131000000001 -9.582384e-06 -0.3434546236559139 -0.2805508557208441
-0.6744213 -1.071114e-05 -0.38391182795698914 -0.3135983167388994
-0.7044471 -1.124106e-05 -0.40290537634408596 -0.3291131937740495
-0.7342822999999999 -1.197094e-05 -0.4290659498207885 -0.3504824541348877
-0.7641528 -1.268923e-05 -0.45481111111111105 -0.3715123851161263
-0.7946527999999999 -1.376193e-05 -0.4932591397849462 -0.40291865133669824
-0.8244188 -1.451434e-05 -0.5202272401433691 -0.4249475399048166
-0.8546805000000001 -1.498772e-05 -0.5371942652329748 -0.4388070517007468
-0.8847639 -1.59125e-05 -0.5703405017921146 -0.46588254986002775
-0.9146435 -1.702821e-05 -0.6103301075268817 -0.49854805306218525
-0.9447454000000001 -1.815435e-05 -0.6506935483870967 -0.5315189234282102
-0.9747453 -1.868244e-05 -0.6696215053763439 -0.5469802221402654
-1.004662 -1.975355e-05 -0.7080125448028673 -0.5783399367030668
-1.034579 -2.054597e-05 -0.7364146953405016 -0.601540228936222
-1.064662 -2.202165e-05 -0.789306451612903 -0.6447448517910497
-1.0949490000000002 -2.307704e-05 -0.8271340501792113 -0.6756443197751361
-1.1247580000000001 -2.424676e-05 -0.8690594982078852 -0.7098911154528909
-1.1545050000000001 -2.474703e-05 -0.886990322580645 -0.7245379065428187
-1.184523 -2.586121e-05 -0.9269250896057346 -0.7571586147535363
-1.214329 -2.708139e-05 -0.9706591397849461 -0.792882766815639
-1.244431 -2.78302e-05 -0.9974982078853045 -0.814806255403899
-1.2745229999999999 -2.814368e-05 -1.0087340501792113 -0.8239842514277872
-1.304644 -2.876413e-05 -1.0309724014336916 -0.8421496451786532
-1.3346900000000002 -2.978613e-05 -1.0676032258064516 -0.8720715283495534
-1.364338 -2.945869e-05 -1.0558670250896054 -0.862484814625992
-1.394412 -3.008132e-05 -1.0781835125448027 -0.8807140339202166
-1.42469 -2.981451e-05 -1.0686204301075268 -0.8729024315241034
-1.454636 -3.016802e-05 -1.0812910394265232 -0.8832524167684722
-1.484671 -3.060924e-05 -1.097105376344086 -0.8961703554110011
-1.514773 -3.018008e-05 -1.0817232974910393 -0.8836055067009977
-1.5444749999999998 -3.091408e-05 -1.108031541218638 -0.9050953914832293
-1.574606 -3.158641e-05 -1.1321293906810033 -0.9247797160549427
-1.604542 -3.100359e-05 -1.1112397849462363 -0.9077160448713185
-1.6345509999999999 -3.164761e-05 -1.1343229390681002 -0.9265715157125348
-1.664431 -3.142935e-05 -1.1264999999999998 -0.9201813491559001
-1.694366 -3.184874e-05 -1.1415318996415769 -0.9324601540316769
-1.724718 -3.210275e-05 -1.1506362007168454 -0.9398970009438492
-1.754643 -3.258907e-05 -1.1680670250896055 -0.9541353671118261
-1.784644 -3.243156e-05 -1.162421505376344 -0.9495238252153012
-1.814606 -3.317036e-05 -1.1889017921146952 -0.9711542433040106
-1.844829 -3.297863e-05 -1.1820297491039424 -0.9655408160433875
-1.875032 -3.28911e-05 -1.1788924731182795 -0.9629781326442204
-1.904662 -3.29184e-05 -1.1798709677419355 -0.963777415824813
-1.934542 -3.265817e-05 -1.1705437275985662 -0.956158461169663
-1.964569 -3.241493e-05 -1.1618254480286736 -0.9490369358638999
-1.994773 -3.351628e-05 -1.201300358422939 -0.9812820102575113
-2.025014 -3.361555e-05 -1.2048584229390678 -0.9841884147021055
-2.055116 -3.312786e-05 -1.1873784946236559 -0.9699099379862384
-2.085116 -3.32118e-05 -1.1903870967741934 -0.972367514183269
-2.114976 -3.379938e-05 -1.2114473118279567 -0.9895705475624837
-2.144782 -3.410948e-05 -1.2225620071684586 -0.9986495847163939
-2.174708 -3.341109e-05 -1.1975301075268814 -0.9782022814015945
-2.204949 -3.30877e-05 -1.185939068100358 -0.9687341426553738
-2.235162 -3.341859e-05 -1.1977989247311824 -0.978421864692966
-2.265125 -3.345317e-05 -1.19903835125448 -0.9794342900550499
-2.295236 -3.35597e-05 -1.2028566308243727 -0.9825532511256918
-2.325153 -3.36115e-05 -1.2047132616487455 -0.9840698397247649
-2.35507 -3.375082e-05 -1.209706810035842 -0.9881488189452832
-2.384921 -3.362e-05 -1.2050179211469532 -0.9843187007883192
-2.414829 -3.433483e-05 -1.230639068100358 -1.0052473306778051
-2.44482 -3.326973e-05 -1.1924634408602148 -0.974063575525823
-2.47494 -3.365698e-05 -1.206343369175627 -0.985401392803642
-2.504782 -3.376557e-05 -1.2102354838709675 -0.9885806660849806
-2.534894 -3.378507e-05 -1.2109344086021503 -0.9891515826425468
-2.56494 -3.350119e-05 -1.200759498207885 -0.9808402086752718
-2.595069 -3.313928e-05 -1.1877878136200715 -0.9702442901445668
-2.624829 -3.333292e-05 -1.1947283154121862 -0.975913637950059
-2.655116 -3.363772e-05 -1.2056530465949817 -0.9848375029113998
-2.684958 -3.348034e-05 -1.2000121863799282 -0.9802297671252588
-2.7150700000000003 -3.350953e-05 -1.2010584229390677 -0.9810843852952768
-2.74489 -3.381583e-05 -1.212036917562724 -0.9900521669148921
-2.774653 -3.407386e-05 -1.221285304659498 -0.9976067104712398
-2.804866 -3.401782e-05 -1.2192767025089604 -0.9959659841181114
-2.835051 -3.410444e-05 -1.2223813620071682 -0.9985020247445922
-2.86506 -3.369949e-05 -1.2078670250896055 -0.9866459908991362
-2.894977 -3.347007e-05 -1.1996440860215052 -0.9799290844049406
-2.924921 -3.325144e-05 -1.1918078853046592 -0.9735280850725982
-2.954847 -3.36532e-05 -1.2062078853046592 -0.9852907228247907
-2.985125 -3.363043e-05 -1.2053917562724012 -0.9846240679521866
-3.01507 -3.348681e-05 -1.2002440860215051 -0.9804191943112819
-3.044844 -3.391975e-05 -1.2157616487455196 -0.9930947130001366
-3.074671 -3.398406e-05 -1.2180666666666666 -0.9949775665292175
-3.1047919999999998 -3.403252e-05 -1.2198035842293904 -0.9963963673691997
-3.135236 -3.363785e-05 -1.2056577060931897 -0.9848413090217837
-3.165273 -3.384315e-05 -1.2130161290322579 -0.9908520356509283
-3.195394 -3.322517e-05 -1.1908663082437274 -0.972758957997354
-3.224968 -3.38065e-05 -1.2117025089605733 -0.989779005300426
-3.254866 -3.406421e-05 -1.2209394265232973 -0.997324179969675
-3.285004 -3.321112e-05 -1.1903627240143366 -0.9723476052981845
-3.3149119999999996 -3.398895e-05 -1.2182419354838707 -0.9951207348351917
-3.3449679999999997 -3.398675e-05 -1.2181630824372758 -0.9950563237363894
-3.375107 -3.392725e-05 -1.2160304659498207 -0.9933142962915082
-3.404875 -3.365782e-05 -1.206373476702509 -0.9854259861322758
-3.435366 -3.433743e-05 -1.230732258064516 -1.0053234528854806
-3.4652179999999997 -3.372962e-05 -1.2089469534050177 -0.9875281301750062
-3.495236 -3.384017e-05 -1.2129093189964155 -0.9907647878898233
-3.525023 -3.375541e-05 -1.2098713261648744 -0.9882832039196026
-3.554792 -3.318023e-05 -1.1892555555555553 -0.9714432149154555
-3.58481 -3.384154e-05 -1.212958422939068 -0.9908048984377139
-3.615005 -3.350254e-05 -1.2008078853046593 -0.9808797336677186
-3.645264 -3.331202e-05 -1.1939792114695338 -0.9753017325114368
-3.6752640000000003 -3.417566e-05 -1.2249340501792114 -1.0005871876794568
-3.70519 -3.441511e-05 -1.233516487455197 -1.0075977502286466
-3.735246 -3.417414e-05 -1.2248795698924728 -1.0005426854657387
-3.765088 -3.446806e-05 -1.2354143369175625 -1.0091480082657298
-3.795097 -3.412712e-05 -1.2231942652329746 -0.9991660446176998
-3.824853 -3.395622e-05 -1.2170688172043007 -0.9941624733516461
-3.855051 -3.373687e-05 -1.209206810035842 -0.987740394023332
-3.884949 -3.35154e-05 -1.201268817204301 -0.9812562458179903
-3.915221 -3.39977e-05 -1.2185555555555554 -0.995376915341792
-3.9449029999999996 -3.42418e-05 -1.2273046594982078 -1.002523619531632
-3.974792 -3.363135e-05 -1.2054247311827955 -0.984651003502595
-4.005005 -3.335027e-05 -1.1953501792114694 -0.976421607297432
-4.034995 -3.364643e-05 -1.2059652329749102 -0.9850925123071127
-4.065144 -3.406795e-05 -1.2210734767025087 -0.997433678837639
-4.095662 -3.395637e-05 -1.2170741935483869 -0.9941668650174735
-4.125755 -3.403706e-05 -1.2199663082437273 -0.9965292884549098
-4.155671 -3.389776e-05 -1.2149734767025089 -0.9924508947898353
-4.185239999999999 -3.385414e-05 -1.213410035842294 -0.9911737983672182
-4.215014 -3.410717e-05 -1.222479211469534 -0.9985819530626515
-4.2452820000000004 -3.368767e-05 -1.207443369175627 -0.9862999276319345
-4.275268 -3.378486e-05 -1.21092688172043 -0.9891454343103884
-4.305014 -3.362551e-05 -1.2052154121863796 -0.9844800213130468
-4.335162 -3.3833e-05 -1.2126523297491036 -0.990554866263272
-4.365375 -3.363923e-05 -1.205707168458781 -0.984881712347396
-4.395551 -3.391704e-05 -1.2156645161290318 -0.9930153702375208
-4.425457000000001 -3.393972e-05 -1.2164774193548384 -0.9936793901106287
-4.455042000000001 -3.366323e-05 -1.2065673835125446 -0.9855843788797851
-4.485134 -3.398543e-05 -1.2181157706093186 -0.9950176770771079
-4.515236 -3.439402e-05 -1.2327605734767022 -1.0069802820133096
-4.545421 -3.418486e-05 -1.2252637992831539 -1.0008565431835392
-4.575504 -3.423205e-05 -1.2269551971326162 -1.002238161252849
-4.605430999999999 -3.377332e-05 -1.2105132616487453 -0.988807568819398
-4.6354120000000005 -3.361407e-05 -1.2048053763440858 -0.9841450835992748
-4.665625 -3.410488e-05 -1.222397132616487 -0.9985149069643525
-4.695495 -3.358685e-05 -1.2038297491039422 -0.9833481426404568
-4.725421 -3.410437e-05 -1.2223788530465949 -0.9984999753005395
-4.755542 -3.390005e-05 -1.2150555555555553 -0.992517940888134
-4.785229999999999 -3.436257e-05 -1.2316333333333331 -1.0060594960781581
-4.815278 -3.399604e-05 -1.2184960573476702 -0.9953283142399684
-4.845792 -3.407994e-05 -1.2215032258064513 -0.9977847193261117
-4.875579 -3.366412e-05 -1.206599283154122 -0.985610436097028
-4.905505 -3.433648e-05 -1.2306982078853044 -1.0052956390019068
-4.93544 -3.403853e-05 -1.2200189964157704 -0.9965723267800186
-4.965579 -3.382895e-05 -1.2125071684587814 -0.9904362912859315
-4.995391 -3.375747e-05 -1.2099451612903225 -0.9883435161302994
-5.024699 -3.433937e-05 -1.2308017921146952 -1.0053802517635155
-5.054958 -3.438206e-05 -1.2323318996415769 -1.0066301198580025
-5.084718 -3.430299e-05 -1.2294978494623654 -1.0043151264115024
-5.1146899999999995 -3.407158e-05 -1.2212035842293902 -0.9975399571506627
-5.144811 -3.349455e-05 -1.2005215053763438 -0.9806458042679773
-5.1749030000000005 -3.389649e-05 -1.214927956989247 -0.992413712019163
-5.205005 -3.397612e-05 -1.2177820788530465 -0.9947451010180854
-5.234921 -3.360507e-05 -1.2044827956989246 -0.983881583649629
-5.264866 -3.400938e-05 -1.2189741935483869 -0.9957188797208879
-5.294903000000001 -3.373934e-05 -1.209295340501792 -0.9878127101206239
-5.325273 -3.401288e-05 -1.2190996415770607 -0.9958213519235279
-5.355033000000001 -3.391087e-05 -1.215443369175627 -0.9928347263831526
-5.385236 -3.394072e-05 -1.2165132616487453 -0.9937086678828116
-5.415163 -3.457135e-05 -1.2391164874551972 -1.0121721093544993
-5.445153 -3.414247e-05 -1.223744444444444 -0.9996154584207069
-5.47507 -3.404086e-05 -1.2201025089605733 -0.9966405439892048
-5.504977 -3.389152e-05 -1.2147498207885303 -0.992268201491414
-5.534783 -3.40239e-05 -1.2194946236559137 -0.9961439929729833
-5.565079 -3.396312e-05 -1.217316129032258 -0.9943644899797082
-5.594729999999999 -3.387157e-05 -1.2140347670250895 -0.9916841099363657
-5.624875 -3.420172e-05 -1.2258681003584229 -1.0013501664225426
-5.655124 -3.396222e-05 -1.2172838709677416 -0.9943381399847434
-5.685171 -3.432894e-05 -1.2304279569892471 -1.005074884599648
-5.715198999999999 -3.408069e-05 -1.2215301075268814 -0.9978066776552488
-5.745181 -3.434877e-05 -1.231138709677419 -1.0056554628220344
-5.775051 -3.408011e-05 -1.2215093189964155 -0.9977896965473827
-5.804702 -3.404843e-05 -1.2203738351254478 -0.9968621767246293
-5.834671 -3.427513e-05 -1.2284992831541217 -1.0034994476784875
-5.8646899999999995 -3.451111e-05 -1.2369573476702507 -1.0104084163582028
-5.894551000000001 -3.42635e-05 -1.2280824372759855 -1.0031589471880007
-5.9247179999999995 -3.446983e-05 -1.2354777777777777 -1.0091998299224936
-5.954949 -3.439965e-05 -1.2329623655913977 -1.0071451158706992
-5.985097 -3.427728e-05 -1.2285763440860213 -1.0035623948886807
-6.014958 -3.37448e-05 -1.2094910394265233 -0.9879725667567424
-6.0448379999999995 -3.394981e-05 -1.2168390681003582 -0.9939748028319539
-6.075005 -3.410944e-05 -1.2225605734767022 -0.9986484136055065
-6.105061 -3.391181e-05 -1.2154770609318994 -0.9928622474890045
-6.134729999999999 -3.463267e-05 -1.2413143369175625 -1.0139674223447532
-6.164727 -3.397662e-05 -1.2177999999999998 -0.9947597399041768
-6.1944859999999995 -3.415583e-05 -1.2242232974910392 -1.00000660945707
-6.224848 -3.429078e-05 -1.229060215053763 -1.0039576448131493
-6.254773 -3.443248e-05 -1.2341390681003581 -1.008106305131463
-6.284523 -3.383868e-05 -1.2128559139784942 -0.9907211640092707
-6.314468 -3.402599e-05 -1.219569534050179 -0.9962051835168455
-6.344412 -3.398616e-05 -1.2181419354838707 -0.9950390498508015
-6.374421 -3.428178e-05 -1.2287376344086018 -1.0036941448635035
-6.404311 -3.405258e-05 -1.220522580645161 -0.9969836794791881
-6.434616 -3.447699e-05 -1.2357344086021502 -1.009409458771323
-6.46457 -3.407822e-05 -1.221441577060932 -0.9977343615579572
-6.4944 -3.456749e-05 -1.2389781362007168 -1.0120590971538734
-6.524311 -3.480818e-05 -1.2476050179211469 -1.01910596414057
-6.554931 -3.430364e-05 -1.2295211469534046 -1.0043341569634212
-6.584447 -3.37052e-05 -1.2080716845878132 -0.9868131669783002
-6.614394 -3.384932e-05 -1.213237275985663 -0.9910326795052967
-6.644356 -3.425119e-05 -1.2276412186379926 -1.0027985378124293
-6.674334 -3.426064e-05 -1.2279799283154118 -1.0030752127595575
-6.7044120000000005 -3.409004e-05 -1.2218652329749102 -0.9980804248251588
-6.734439999999999 -3.415454e-05 -1.2241770609318994 -0.9999688411309543
-6.764709 -3.4206e-05 -1.226021505376344 -1.001475475287485
-6.7944949999999995 -3.401037e-05 -1.2190096774193546 -0.9957478647153489
-6.8242460000000005 -3.428577e-05 -1.2288806451612901 -1.0038109631745133
-6.854348 -3.423207e-05 -1.2269559139784945 -1.0022387468082927
-6.884486 -3.432479e-05 -1.2302792114695338 -1.0049533818450889
-6.9145330000000005 -3.450808e-05 -1.236848745519713 -1.0103197047084886
-6.944051 -3.441691e-05 -1.2335810035842292 -1.0076504502185757
-6.974255 -3.405206e-05 -1.2205039426523296 -0.9969684550376532
-7.003977 -3.388909e-05 -1.2146627240143366 -0.9921970565050096
-7.03432 -3.423908e-05 -1.227207168458781 -1.0024439839912946
-7.0645050000000005 -3.409512e-05 -1.2220473118279567 -0.9982291559078477
-7.094419 -3.406047e-05 -1.220805376344086 -0.9972146811017112
-7.124098 -3.450357e-05 -1.2366870967741932 -1.0101876619559436
-7.153957999999999 -3.373287e-05 -1.209063440860215 -0.9876232829346008
-7.184153 -3.426294e-05 -1.2280623655913978 -1.0031425516355783
-7.214107 -3.400128e-05 -1.2186838709677417 -0.9954817297662066
-7.244060999999999 -3.381388e-05 -1.2119670250896053 -0.9899950752591353
-7.274198999999999 -3.426956e-05 -1.2282996415770606 -1.0033363704874287
-7.304106 -3.428107e-05 -1.228712186379928 -1.0036733576452537
-7.334098 -3.473727e-05 -1.245063440860215 -1.0170298773150823
-7.364078999999999 -3.417364e-05 -1.2248616487455195 -1.0005280465796471
-7.394292 -3.474632e-05 -1.2453878136200716 -1.0172948411533371
-7.424116 -3.440277e-05 -1.2330741935483869 -1.0072364625199097
-7.454004 -3.41466e-05 -1.2238924731182794 -0.9997363756198223
-7.48382 -3.416827e-05 -1.2246691756272399 -1.0003708249430252
-7.513857 -3.373529e-05 -1.2091501792114694 -0.9876941351432832
-7.543727 -3.417339e-05 -1.2248526881720427 -1.0005207271366015
-7.573653 -3.410523e-05 -1.2224096774193547 -0.9985251541846166
-7.603746 -3.414573e-05 -1.2238612903225805 -0.9997109039580232
-7.633913 -3.379134e-05 -1.2111591397849462 -0.9893351542741334
-7.663787 -3.378218e-05 -1.2108308243727597 -0.9890669698809383
-7.693606 -3.3892e-05 -1.2147670250896057 -0.9922822548220618
-7.723616 -3.405862e-05 -1.2207390681003583 -0.9971605172231728
-7.753421 -3.438492e-05 -1.2324344086021501 -1.0067138542864453
-7.783607 -3.362824e-05 -1.2053132616487454 -0.9845599496311062
-7.813616 -3.374492e-05 -1.2094953405017919 -0.9879760800894042
-7.8436710000000005 -3.422184e-05 -1.2265892473118278 -1.001939235198862
-7.873783 -3.406212e-05 -1.2208645161290321 -0.9972629894258129
-7.903681 -3.390859e-05 -1.2153616487455194 -0.9927679730625757
-7.933438 -3.410049e-05 -1.2222397849462363 -0.9983863775444698
-7.963394 -3.412708e-05 -1.2231928315412184 -0.9991648735068124
-7.993338 -3.448427e-05 -1.235995340501792 -1.0096226009528144
-8.023366 -3.390589e-05 -1.2152648745519712 -0.992688923077682
-8.053227 -3.393366e-05 -1.2162602150537631 -0.9935019668112004
-8.083449 -3.426535e-05 -1.228148745519713 -1.003213111066539
-8.11357 -3.427135e-05 -1.2283637992831538 -1.0033887776996362
-8.143236 -3.381329e-05 -1.2119458781362007 -0.9899778013735477
-8.173357 -3.398225e-05 -1.218001792114695 -0.9949245737615664
-8.203524 -3.37829e-05 -1.2108566308243724 -0.9890880498769098
-8.233246 -3.425826e-05 -1.2278946236559138 -1.0030055316617623
-8.263218 -3.432627e-05 -1.230332258064516 -1.0049967129479198
-8.293533 -3.435981e-05 -1.2315344086021505 -1.0059786894269336
-8.323184 -3.40169e-05 -1.2192437275985661 -0.9959390485677032
-8.352542 -3.42286e-05 -1.2268315412186377 -1.002137152938818
-8.382589 -3.418563e-05 -1.2252913978494624 -1.0008790870681201
-8.412718 -3.438484e-05 -1.2324315412186377 -1.0067115120646708
-8.442876 -3.368538e-05 -1.2073612903225803 -0.9862328815336356
-8.473061 -3.420654e-05 -1.2260408602150534 -1.0014912852844637
-8.502683999999999 -3.402652e-05 -1.2195885304659495 -0.9962207007361024
-8.532551999999999 -3.415633e-05 -1.2242412186379927 -1.0000212483431616
-8.562459 -3.407909e-05 -1.2214727598566308 -0.9977598332197564
-8.592793 -3.395088e-05 -1.2168774193548384 -0.9940061300481895
-8.622793 -3.406176e-05 -1.2208516129032254 -0.9972524494278269
-8.652419 -3.371061e-05 -1.2082655913978495 -0.98697155972581
-8.682292 -3.409552e-05 -1.2220616487455196 -0.9982408670167209
-8.712486 -3.36688e-05 -1.2067670250896056 -0.9857474560708437
-8.742524 -3.458148e-05 -1.239479569892473 -1.0124686931867117
-8.772495999999999 -3.40571e-05 -1.22068458781362 -0.9971160150094549
-8.802137 -3.433097e-05 -1.230500716845878 -1.0051343184771793
-8.832033 -3.430337e-05 -1.2295114695340499 -1.0043262519649319
-8.861876 -3.395984e-05 -1.2171985663082436 -0.9942684588869483
-8.891950000000001 -3.430009e-05 -1.2293939068100355 -1.0042302208721718
-8.922126 -3.392245e-05 -1.215858422939068 -0.9931737629850306
-8.951922 -3.426416e-05 -1.2281060931899639 -1.0031782705176413
-8.981608 -3.414457e-05 -1.2238197132616486 -0.999676941742291
-9.011423 -3.409723e-05 -1.2221229390681 -0.9982909320071536
-9.041348 -3.368472e-05 -1.207337634408602 -0.9862135582039951
-9.071709 -3.390539e-05 -1.2152469534050179 -0.9926742841915907
-9.101783 -3.417475e-05 -1.224901433691756 -1.0005605449067703
-9.131523 -3.401213e-05 -1.2190727598566307 -0.9957993935943908
-9.161273999999999 -3.375725e-05 -1.2099372759856628 -0.9883370750204191
-9.191246 -3.409061e-05 -1.221885663082437 -0.998097113155303
-9.221222 -3.434787e-05 -1.231106451612903 -1.00562911282707
-9.250969 -3.472074e-05 -1.244470967741935 -1.016545915740899
-9.28108 -3.452215e-05 -1.237353046594982 -1.0107316429631017
-9.310849000000001 -3.411142e-05 -1.2226315412186377 -0.9987063835944285
-9.341153 -3.417782e-05 -1.22501146953405 -1.0006504276673716
-9.37076 -3.392196e-05 -1.2158408602150537 -0.9931594168766609
-9.400589 -3.417837e-05 -1.225031182795699 -1.0006665304420723
-9.430412 -3.402015e-05 -1.219360215053763 -0.9960342013272974
-9.460052 -3.373086e-05 -1.2089913978494624 -0.9875644346125132
-9.490357 -3.424492e-05 -1.2274164874551972 -1.0026149661808428
-9.520256 -3.392117e-05 -1.2158125448028672 -0.9931362874366364
-9.550334999999999 -3.417873e-05 -1.225044086021505 -1.000677070440058
-9.580219 -3.420413e-05 -1.2259544802867384 -1.0014207258535033
-9.610136 -3.454808e-05 -1.2382824372759855 -1.0114908155958038
-9.640128 -3.421294e-05 -1.2262702508960572 -1.0016786630264343
-9.669895 -3.409843e-05 -1.2221659498207882 -0.998326065333773
-9.700116 -3.420893e-05 -1.226126523297491 -1.001561259159981
-9.730298000000001 -3.423224e-05 -1.2269620071684586 -1.0022437240295639
-9.760599000000001 -3.367899e-05 -1.207132258064516 -0.9860457965693873
-9.7901 -3.40595e-05 -1.2207706093189963 -0.9971862816626937
-9.820079 -3.435246e-05 -1.2312709677419353 -1.0057634978013892
-9.850182 -3.418817e-05 -1.2253824372759852 -1.0009534526094643
-9.880117 -3.383788e-05 -1.2128272401433688 -0.9906977417915245
-9.910264999999999 -3.406439e-05 -1.2209458781362004 -0.9973294499686679
-9.940136 -3.39237e-05 -1.2159032258064515 -0.9932103602002591
-9.970246999999999 -3.42361e-05 -1.2271003584229387 -1.0023567362301897
-9.992225000000001 -3.429207e-05 -1.229106451612903 -1.0039954131392654
-9.993889 -3.387116e-05 -1.2140200716845875 -0.9916721060497705
-9.965474 -3.38524e-05 -1.2133476702508958 -0.9911228550436199
-9.936141 -3.398856e-05 -1.2182279569892471 -0.9951093165040404
-9.90653 -3.398956e-05 -1.218263799283154 -0.9951385942762233
-9.876771000000002 -3.403366e-05 -1.2198444444444445 -0.9964297440294883
-9.846943 -3.380928e-05 -1.2118021505376342 -0.9898603975070942
-9.816965 -3.365268e-05 -1.2061892473118279 -0.9852754983832558
-9.787345 -3.400704e-05 -1.218890322580645 -0.9956503697339798
-9.757639 -3.407968e-05 -1.2214939068100354 -0.997777107105344
-9.728095 -3.420707e-05 -1.226059856630824 -1.0015068025037206
-9.698243 -3.367791e-05 -1.2070935483870964 -0.9860141765754296
-9.668113 -3.417405e-05 -1.224876344086021 -1.000540050466242
-9.638131999999999 -3.443352e-05 -1.2341763440860214 -1.0081367540145334
-9.607956 -3.437922e-05 -1.2322301075268816 -1.006546970985003
-9.577853999999999 -3.406116e-05 -1.2208301075268817 -0.9972348827645173
-9.548167 -3.406517e-05 -1.2209738351254478 -0.9973522866309705
-9.518234 -3.41363e-05 -1.2235232974910393 -0.9994348145663388
-9.488261 -3.455043e-05 -1.2383666666666666 -1.0115596183604334
-9.45828 -3.393656e-05 -1.216364157706093 -0.9935868723505308
-9.428595 -3.41002e-05 -1.2222293906810036 -0.9983778869905369
-9.398779000000001 -3.425853e-05 -1.2279043010752686 -1.0030134366602517
-9.368622 -3.4207e-05 -1.2260573476702508 -1.001504753059668
-9.338771000000001 -3.408216e-05 -1.2215827956989247 -0.9978497159803578
-9.308854 -3.386907e-05 -1.2139451612903225 -0.9916109155059084
-9.278762 -3.391911e-05 -1.215738709677419 -0.9930759752259396
-9.249048 -3.431883e-05 -1.2300655913978493 -1.0047788863228793
-9.219123 -3.416884e-05 -1.2246896057347667 -1.0003875132731694
-9.188965 -3.431705e-05 -1.230001792114695 -1.0047267718883934
-9.158854 -3.385869e-05 -1.2135731182795697 -0.9913070122306501
-9.129159 -3.412614e-05 -1.2231591397849462 -0.9991373524009607
-9.099206 -3.375289e-05 -1.2097810035842291 -0.9882094239337018
-9.069412 -3.436556e-05 -1.2317405017921144 -1.006147036616985
-9.039558000000001 -3.413329e-05 -1.2234154121863796 -0.9993466884720681
-9.009539 -3.401849e-05 -1.2193007168458778 -0.9959856002254738
-8.979548000000001 -3.413626e-05 -1.2235218637992828 -0.9994336434554512
-8.949594 -3.42718e-05 -1.228379928315412 -1.0034019526971183
-8.919595 -3.430698e-05 -1.2296408602150537 -1.004431944722512
-8.889826 -3.408911e-05 -1.221831899641577 -0.9980531964970287
-8.859641 -3.375389e-05 -1.209816845878136 -0.9882387017058848
-8.829873 -3.397284e-05 -1.2176645161290318 -0.9946490699253254
-8.799799 -3.436793e-05 -1.2318254480286737 -1.0062164249370584
-8.770225 -3.409207e-05 -1.221937992831541 -0.9981398587026901
-8.739873 -3.42544e-05 -1.2277562724014335 -1.0028925194611364
-8.710375 -3.398604e-05 -1.218137634408602 -0.9950355365181395
-8.680575999999999 -3.43072e-05 -1.2296487455197131 -1.0044383858323924
-8.650595 -3.413048e-05 -1.2233146953405016 -0.9992644179322343
-8.620512000000002 -3.395491e-05 -1.217021863799283 -0.9941241194700866
-8.590558000000001 -3.385175e-05 -1.2133243727598564 -0.9911038244917011
-8.560483 -3.415954e-05 -1.2243562724014334 -1.0001152299918687
-8.530465 -3.407125e-05 -1.221191756272401 -0.9975302954858424
-8.500521 -3.446985e-05 -1.2354784946236557 -1.0092004154779373
-8.470381999999999 -3.369585e-05 -1.2077365591397848 -0.9865394198083905
-8.440512 -3.40205e-05 -1.2193727598566304 -0.9960444485475614
-8.410563 -3.420335e-05 -1.2259265232974907 -1.0013978891912005
-8.381039000000001 -3.424397e-05 -1.2273824372759852 -1.0025871522972687
-8.350956 -3.425833e-05 -1.2278971326164871 -1.003007581105815
-8.320882 -3.424877e-05 -1.2275544802867382 -1.0027276856037468
-8.290779 -3.427121e-05 -1.228358781362007 -1.0033846788115306
-8.260446 -3.394612e-05 -1.216706810035842 -0.993866767852599
-8.230752 -3.434884e-05 -1.2311412186379929 -1.0056575122660874
-8.201289000000001 -3.405311e-05 -1.2205415770609318 -0.9969991966984452
-8.171149999999999 -3.390338e-05 -1.2151749103942653 -0.9926154358695031
-8.14116 -3.407309e-05 -1.2212577060931897 -0.9975841665866589
-8.11078 -3.424097e-05 -1.2272749103942648 -1.0024993189807203
-8.080903000000001 -3.417317e-05 -1.224844802867383 -1.000514286026721
-8.051262 -3.44724e-05 -1.235569892473118 -1.0092750737970035
-8.021521 -3.427569e-05 -1.2285193548387094 -1.0035158432309097
-7.991067 -3.419607e-05 -1.2256655913978494 -1.0011847470097093
-7.9611670000000005 -3.412526e-05 -1.2231275985663081 -0.9991115879614396
-7.931261999999999 -3.435699e-05 -1.2314333333333332 -1.0058961261093777
-7.9012709999999995 -3.398658e-05 -1.2181569892473116 -0.9950513465151184
-7.8712979999999995 -3.374451e-05 -1.20948064516129 -0.9879640762028092
-7.841021 -3.422812e-05 -1.2268143369175626 -1.0021230996081703
-7.81112 -3.426665e-05 -1.2281953405017918 -1.0032511721703765
-7.781299 -3.390112e-05 -1.2150939068100357 -0.9925492681043696
-7.751271 -3.39988e-05 -1.2185949820788529 -0.995409120891193
-7.7211229999999995 -3.420044e-05 -1.2258222222222221 -1.0013126908741483
-7.691299 -3.416577e-05 -1.224579569892473 -1.0002976305125681
-7.66129 -3.384021e-05 -1.212910752688172 -0.9907659590007106
-7.631391 -3.389263e-05 -1.2147896057347667 -0.9923006998185369
-7.601354000000001 -3.426441e-05 -1.2281150537634404 -1.003185589960687
-7.571169 -3.419901e-05 -1.2257709677419355 -1.001270823659927
-7.541422 -3.407205e-05 -1.2212204301075267 -0.9975537177035888
-7.51166 -3.409533e-05 -1.2220548387096772 -0.9982353042400061
-7.481642 -3.415026e-05 -1.2240236559139783 -0.9998435322660115
-7.45153 -3.426361e-05 -1.2280863799283153 -1.0031621677429405
-7.42179 -3.43995e-05 -1.2329569892473116 -1.0071407242048718
-7.391614 -3.433469e-05 -1.2306340501792112 -1.0052432317896995
-7.361865 -3.390167e-05 -1.2151136200716843 -0.9925653708790703
-7.331938 -3.418624e-05 -1.2253132616487452 -1.0008969465091515
-7.301734000000001 -3.44484e-05 -1.2347096774193547 -1.0085724072646145
-7.2713540000000005 -3.434517e-05 -1.2310096774193546 -1.005550062842176
-7.24195 -3.439172e-05 -1.2326781362007166 -1.006912943137289
-7.211975000000001 -3.408777e-05 -1.2217838709677418 -0.9980139642823036
-7.181697 -3.408251e-05 -1.2215953405017916 -0.9978599632006215
-7.151586 -3.423075e-05 -1.2269086021505375 -1.0022001001490113
-7.121697 -3.40428e-05 -1.2201720430107525 -0.9966973428672397
-7.091947 -3.414732e-05 -1.2239182795698924 -0.999757455615794
-7.062188 -3.422549e-05 -1.2267200716845876 -1.0020460990673294
-7.031938 -3.422723e-05 -1.2267824372759852 -1.0020970423909275
-7.001919 -3.381616e-05 -1.212048745519713 -0.9900618285797125
-6.971854 -3.399808e-05 -1.2185691756272399 -0.9953880408952214
-6.941864 -3.389681e-05 -1.2149394265232973 -0.9924230809062614
-6.911715 -3.414282e-05 -1.2237569892473117 -0.999625705640971
-6.881881999999999 -3.427078e-05 -1.228343369175627 -1.003372089369492
-6.851549 -3.431497e-05 -1.229927240143369 -1.0046658741222532
-6.821456 -3.446152e-05 -1.235179928315412 -1.0089565316356537
-6.791799 -3.436442e-05 -1.2316996415770607 -1.0061136599566964
-6.761817 -3.446856e-05 -1.235432258064516 -1.0091626471518214
-6.732188 -3.439933e-05 -1.2329508960573476 -1.0071357469836009
-6.70179 -3.440337e-05 -1.233095698924731 -1.0072540291832197
-6.67178 -3.381526e-05 -1.2120164874551969 -0.9900354785847478
-6.641864 -3.377328e-05 -1.2105118279569893 -0.9888063977085109
-6.612085 -3.405008e-05 -1.220432974910394 -0.9969104850487309
-6.581826 -3.371952e-05 -1.208584946236559 -0.9872324246759593
-6.55179 -3.393063e-05 -1.2161516129032255 -0.9934132551614862
-6.521988 -3.408487e-05 -1.221679928315412 -0.9979290587429733
-6.492206 -3.426182e-05 -1.228022222222222 -1.0031097605307333
-6.462086 -3.403167e-05 -1.2197731182795697 -0.9963714812628441
-6.432271 -3.414341e-05 -1.2237781362007167 -0.999642979526559
-6.401892 -3.446636e-05 -1.235353405017921 -1.009098236053019
-6.372058 -3.422001e-05 -1.2265236559139783 -1.0018856568757672
-6.341919 -3.430671e-05 -1.2296311827956987 -1.0044240397240227
-6.31212 -3.432655e-05 -1.2303422939068098 -1.005004910724131
-6.282465 -3.415543e-05 -1.2242089605734763 -0.999994898348197
-6.252382 -3.434941e-05 -1.2311616487455195 -1.0056742005962314
-6.222243000000001 -3.386955e-05 -1.2139623655913976 -0.9916249688365563
-6.192169 -3.38211e-05 -1.2122258064516127 -0.9902064607742959
-6.162197 -3.381931e-05 -1.2121616487455193 -0.9901540535620884
-6.132141 -3.421875e-05 -1.2264784946236558 -1.0018487668828169
-6.102225000000001 -3.416132e-05 -1.2244200716845877 -1.0001673444263541
-6.07204 -3.41111e-05 -1.2226200716845876 -0.9986970147073302
-6.042148 -3.44618e-05 -1.235189964157706 -1.008964729411865
-6.012549 -3.431882e-05 -1.2300652329749102 -1.0047785935451574
-5.982234 -3.43403e-05 -1.2308351254480285 -1.0054074800916455
-5.952215 -3.403927e-05 -1.2200455197132614 -0.9965939923314341
-5.922205 -3.434352e-05 -1.2309505376344083 -1.0055017545180744
-5.892252 -3.435858e-05 -1.2314903225806448 -1.0059426777671485
-5.862326 -3.412045e-05 -1.2229551971326165 -0.9989707618772401
-5.8322899999999995 -3.400974e-05 -1.2189870967741931 -0.9957294197188735
-5.802308 -3.391524e-05 -1.2155999999999998 -0.9929626702475918
-5.772104000000001 -3.392648e-05 -1.2160028673835122 -0.9932917524069274
-5.742058 -3.397083e-05 -1.2175924731182792 -0.9945902216032378
-5.712375 -3.371454e-05 -1.2084064516129032 -0.9870866213704885
-5.6826229999999995 -3.434478e-05 -1.230995698924731 -1.0055386445110248
-5.652558 -3.450279e-05 -1.2366591397849458 -1.010164825293641
-5.622484 -3.415074e-05 -1.2240408602150534 -0.9998575855966593
-5.592382 -3.435535e-05 -1.2313745519713262 -1.005848110562998
-5.562271 -3.446856e-05 -1.235432258064516 -1.0091626471518214
-5.532373 -3.43305e-05 -1.2304838709677417 -1.0051205579242533
-5.502390999999999 -3.446941e-05 -1.2354627240143365 -1.0091875332581766
-5.47216 -3.424594e-05 -1.2274530465949818 -1.0026448295084691
-5.442252000000001 -3.422756e-05 -1.2267942652329749 -1.002106704055748
-5.41216 -3.440076e-05 -1.2330021505376343 -1.0071776141978221
-5.382169 -3.400336e-05 -1.2187584229390678 -0.9955426275323468
-5.35215 -3.405932e-05 -1.220764157706093 -0.9971810116637009
-5.322132 -3.406266e-05 -1.2208838709677416 -0.9972787994227914
-5.292095000000001 -3.420446e-05 -1.2259663082437273 -1.0014303875183235
-5.2619750000000005 -3.42012e-05 -1.2258494623655913 -1.0013349419810074
-5.232309 -3.412627e-05 -1.2231637992831539 -0.9991411585113443
-5.2024 -3.390123e-05 -1.2150978494623654 -0.9925524886593099
-5.172401 -3.405132e-05 -1.2204774193548384 -0.9969467894862377
-5.14204 -3.421229e-05 -1.2262469534050175 -1.0016596324745153
-5.112346 -3.374693e-05 -1.2095673835125447 -0.9880349284114919
-5.082382 -3.422446e-05 -1.2266831541218637 -1.002015942961981
-5.05241 -3.392744e-05 -1.2160372759856628 -0.9933198590682228
-5.022354 -3.388925e-05 -1.2146684587813619 -0.9922017409485588
-4.992558 -3.398723e-05 -1.218180286738351 -0.9950703770670372
-4.962734 -3.395813e-05 -1.217137275985663 -0.9942183938965155
-4.932836 -3.400115e-05 -1.2186792114695337 -0.9954779236558228
-4.902863 -3.422246e-05 -1.2266114695340498 -1.001957387417615
-4.872688 -3.399891e-05 -1.2185989247311826 -0.9954123414461331
-4.842270999999999 -3.423943e-05 -1.2272197132616485 -1.0024542312115585
-4.81262 -3.410007e-05 -1.2222247311827954 -0.998374080880153
-4.78278 -3.442537e-05 -1.2338842293906809 -1.007898140171243
-4.752835 -3.407827e-05 -1.221443369175627 -0.9977358254465661
-4.722771 -3.400405e-05 -1.2187831541218637 -0.9955628291951532
-4.6926760000000005 -3.404136e-05 -1.2201204301075266 -0.9966551828752962
-4.662669 -3.414587e-05 -1.2238663082437273 -0.9997150028461288
-4.632827 -3.40333e-05 -1.2198315412186378 -0.9964192040315023
-4.602715 -3.38964e-05 -1.2149247311827955 -0.9924110770196665
-4.572493000000001 -3.37047e-05 -1.2080537634408601 -0.9867985280922091
-4.542567 -3.414695e-05 -1.2239050179211468 -0.9997466228400862
-4.5127049999999995 -3.42394e-05 -1.2272186379928314 -1.0024533528783932
-4.48278 -3.380075e-05 -1.211496415770609 -0.9896106581103742
-4.452872999999999 -3.381404e-05 -1.2119727598566306 -0.9899997597026846
-4.422752 -3.397625e-05 -1.2177867383512542 -0.9947489071284691
-4.392493 -3.406051e-05 -1.220806810035842 -0.9972158522125983
-4.362354 -3.382223e-05 -1.2122663082437273 -0.9902395446568624
-4.3324750000000005 -3.403074e-05 -1.2197397849462364 -0.9963442529347141
-4.3025389999999994 -3.419165e-05 -1.2255071684587813 -1.001055339256661
-4.272502 -3.397612e-05 -1.2177820788530465 -0.9947451010180854
-4.242629 -3.406789e-05 -1.2210713261648742 -0.997431922171308
-4.212483 -3.417145e-05 -1.2247831541218637 -1.0004639282585668
-4.182512 -3.41571e-05 -1.2242688172043008 -1.0000437922277423
-4.152308 -3.373798e-05 -1.2092465949820788 -0.9877728923504552
-4.122623 -3.417797e-05 -1.225016845878136 -1.0006548193331992
-4.092614 -3.395976e-05 -1.2171956989247308 -0.9942661166651734
-4.062039 -3.368062e-05 -1.207190681003584 -0.9860935193380452
-4.032299 -3.389601e-05 -1.214910752688172 -0.9923996586885152
-4.002688 -3.376043e-05 -1.2100512544802864 -0.9884301783359606
-3.972623 -3.396824e-05 -1.2174996415770607 -0.9945143921732843
-3.9424 -3.421981e-05 -1.226516487455197 -1.0018798013213306
-3.9121599999999996 -3.365736e-05 -1.2063569892473116 -0.9854125183570714
-3.881974 -3.420262e-05 -1.2259003584229389 -1.001376516417507
-3.852261 -3.473712e-05 -1.2450580645161287 -1.0170254856492547
-3.8221689999999997 -3.419841e-05 -1.2257494623655911 -1.001253256996617
-3.792299 -3.422596e-05 -1.2267369175627236 -1.0020598596202552
-3.762391 -3.374983e-05 -1.2096713261648744 -0.9881198339508223
-3.732335 -3.377944e-05 -1.210732616487455 -0.9889867487851572
-3.7024749999999997 -3.397417e-05 -1.2177121863799283 -0.9946880093623288
-3.672104 -3.360034e-05 -1.2043132616487453 -0.983743099787204
-3.642157 -3.36628e-05 -1.2065519713261648 -0.9855717894377465
-3.61266 -3.409314e-05 -1.2219763440860214 -0.9981711859189256
-3.582085 -3.393848e-05 -1.216432974910394 -0.9936430856731219
-3.552067 -3.328664e-05 -1.193069534050179 -0.9745586626534354
-3.522048 -3.368351e-05 -1.2072942652329746 -0.9861781320996537
-3.492337 -3.368379e-05 -1.2073043010752686 -0.986186329875865
-3.462539 -3.418226e-05 -1.2251706093189962 -1.0007804209758635
-3.432261 -3.394124e-05 -1.216531899641577 -0.9937238923243468
-3.4021689999999998 -3.372284e-05 -1.2087039426523294 -0.9873296268796063
-3.372167 -3.422845e-05 -1.2268261648745518 -1.0021327612729907
-3.3426970000000003 -3.379313e-05 -1.2112232974910393 -0.9893875614863409
-3.3126599999999997 -3.379714e-05 -1.2113670250896056 -0.9895049653527941
-3.282345 -3.414496e-05 -1.2238336917562724 -0.9996883600734425
-3.2520390000000003 -3.427673e-05 -1.2285566308243725 -1.00354629211398
-3.222085 -3.405914e-05 -1.2207577060931898 -0.9971757416647079
-3.192497 -3.399167e-05 -1.2183394265232974 -0.9952003703755292
-3.1624 -3.349782e-05 -1.200638709677419 -0.9807415425830153
-3.1323359999999996 -3.432014e-05 -1.2301125448028671 -1.0048172402044386
-3.102252 -3.425331e-05 -1.2277172043010751 -1.002860606689457
-3.072058 -3.420998e-05 -1.2261641577060929 -1.001592000820773
-3.0422710000000004 -3.394916e-05 -1.2168157706093188 -0.9939557722800351
-3.012391 -3.365815e-05 -1.206385304659498 -0.985435647797096
-2.982206 -3.406898e-05 -1.2211103942652328 -0.9974638349429874
-2.952188 -3.350041e-05 -1.200731541218638 -0.9808173720129691
-2.921956 -3.4157e-05 -1.22426523297491 -1.000040864450524
-2.892299 -3.327067e-05 -1.192497132616487 -0.9740910966316748
-2.862317 -3.376989e-05 -1.210390322580645 -0.9887071460608108
-2.832326 -3.384426e-05 -1.2130559139784944 -0.9908845339780512
-2.802326 -3.366841e-05 -1.2067530465949816 -0.9857360377396922
-2.772076 -3.392038e-05 -1.2157842293906809 -0.9931131579966118
-2.742039 -3.326056e-05 -1.1921347670250895 -0.9737950983549062
-2.712085 -3.41866e-05 -1.2253261648745517 -1.0009074865071372
-2.681817 -3.376422e-05 -1.2101870967741934 -0.9885411410925339
-2.6519 -3.348402e-05 -1.2001440860215054 -0.9803375093268918
-2.621873 -3.338263e-05 -1.1965100358422938 -0.9773690360052698
-2.592011 -3.331805e-05 -1.1941953405017918 -0.9754782774776996
-2.5621039999999997 -3.355857e-05 -1.2028161290322579 -0.9825201672431251
-2.532002 -3.406714e-05 -1.2210444444444442 -0.9974099638421708
-2.502085 -3.355628e-05 -1.2027340501792114 -0.9824531211448265
-2.472007 -3.365488e-05 -1.2062681003584228 -0.9853399094820581
-2.442318 -3.297257e-05 -1.1818125448028673 -0.9653633927439594
-2.4123539999999997 -3.368507e-05 -1.2073501792114694 -0.9862238054242591
-2.382187 -3.304426e-05 -1.1843820788530466 -0.9674623162317499
-2.3519650000000003 -3.349015e-05 -1.2003637992831542 -0.9805169820703729
-2.321817 -3.320347e-05 -1.1900885304659496 -0.9721236303409856
-2.291891 -3.350215e-05 -1.2007939068100357 -0.9808683153365673
-2.261947 -3.396251e-05 -1.2172942652329746 -0.9943466305386763
-2.232393 -3.385351e-05 -1.2133874551971324 -0.9911553533707428
-2.202335 -3.353364e-05 -1.2019225806451612 -0.9817902723826061
-2.172197 -3.370826e-05 -1.2081813620071682 -0.98690275696118
-2.1419740000000003 -3.392095e-05 -1.2158046594982077 -0.993129846326756
-2.111993 -3.412175e-05 -1.223001792114695 -0.9990088229810776
-2.08203 -3.347905e-05 -1.1999659498207882 -0.9801919987991426
-2.052271 -3.366456e-05 -1.2066150537634408 -0.9856233183167884
-2.022113 -3.347045e-05 -1.1996577060931897 -0.9799402099583701
-1.992169 -3.352121e-05 -1.2014770609318994 -0.9814263496743728
-1.962261 -3.354302e-05 -1.2022587813620071 -0.9820648978856815
-1.9324000000000001 -3.30847e-05 -1.1858315412186378 -0.9686463093388253
-1.9023079999999999 -3.350477e-05 -1.2008878136200716 -0.9809450230996865
-1.8719469999999998 -3.351916e-05 -1.2014035842293904 -0.981366330241398
-1.841993 -3.290714e-05 -1.1794673835125444 -0.9634477481100336
-1.812113 -3.350829e-05 -1.2010139784946234 -0.9810480808577701
-1.781993 -3.270738e-05 -1.1723075268817205 -0.9575992203387823
-1.751789 -3.365096e-05 -1.2061275985663078 -0.985225140615101
-1.721931 -3.362625e-05 -1.2052419354838708 -0.9845016868644623
-1.692058 -3.312739e-05 -1.1873616487455196 -0.9698961774333125
-1.661743 -3.330048e-05 -1.1935655913978493 -0.9749638670204466
-1.631798 -3.29825e-05 -1.1821684587813617 -0.9656541210217353
-1.60178 -3.392045e-05 -1.2157867383512542 -0.9931152074406645
-1.57195 -3.311994e-05 -1.1870946236559137 -0.9696780580305498
-1.541798 -3.318087e-05 -1.1892784946236556 -0.9714619526896525
-1.511919 -3.298699e-05 -1.1823293906810033 -0.9657855782188364
-1.4819 -3.319263e-05 -1.1896999999999998 -0.9718062592905232
-1.451724 -3.317439e-05 -1.1890462365591394 -0.9712722327259075
-1.421669 -3.337202e-05 -1.1961297491039424 -0.9770583988424095
-1.391539 -3.302786e-05 -1.1837942652329747 -0.9669821607679506
-1.3614469999999999 -3.330849e-05 -1.1938526881720428 -0.9751983819756315
-1.331752 -3.302557e-05 -1.1837121863799283 -0.9669151146696519
-1.301993 -3.281967e-05 -1.176332258064516 -0.9608868213771974
-1.272224 -3.312193e-05 -1.1871659498207885 -0.969736320797194
-1.2418630000000002 -3.275535e-05 -1.1740268817204298 -0.9590036750703947
-1.211873 -3.282691e-05 -1.1765917562724015 -0.9610987924478017
-1.1819739999999999 -3.277437e-05 -1.1747086021505375 -0.9595605382973131
-1.1517519999999999 -3.224011e-05 -1.1555594982078852 -0.9439185957308893
-1.122044 -3.177423e-05 -1.1388612903225805 -0.9302786672263308
-1.092085 -3.194223e-05 -1.1448827956989247 -0.9351973329530541
-1.0621969999999998 -3.093892e-05 -1.1089218637992828 -0.9058226513442518
-1.032011 -3.043053e-05 -1.0906999999999998 -0.8909381247441991
-1.001835 -2.959254e-05 -1.060664516129032 -0.8664036444326702
-0.9718447 -2.839201e-05 -1.0176347670250894 -0.8312548005939611
-0.9418744 -2.743889e-05 -0.9834727598566305 -0.8033495703710174
-0.9115854000000001 -2.599584e-05 -0.9317505376344084 -0.7611002812225169
-0.8814188000000001 -2.500746e-05 -0.8963247311827957 -0.7321627167524053
-0.8518460999999999 -2.328656e-05 -0.8346437275985661 -0.6817785986028924
-0.8220021000000001 -2.23341e-05 -0.8005053763440859 -0.6538926917095896
-0.7917983000000001 -2.050064e-05 -0.734789964157706 -0.6002130675231723
-0.7617894 -1.946933e-05 -0.6978254480286737 -0.5700186082932495
-0.7317428 -1.807901e-05 -0.6479931899641577 -0.5293131360719522
-0.7017151 -1.729759e-05 -0.6199853046594982 -0.5064348993328086
-0.6716763 -1.647096e-05 -0.5903569892473117 -0.4822330145132771
-0.6419003 -1.530144e-05 -0.5484387096774193 -0.44799207438995897
-0.6115854000000001 -1.45349e-05 -0.5209641577060932 -0.4255494909008966
-0.5816196 -1.350617e-05 -0.48409211469534047 -0.3954305683232057
-0.5519002000000001 -1.278694e-05 -0.4583132616487455 -0.3743731162361152
-0.5216688 -1.200562e-05 -0.4303089605734767 -0.35149780727418983
-0.4914372 -1.144803e-05 -0.4103236559139784 -0.33517281428273954
-0.4614187 -1.027373e-05 -0.3682340501792114 -0.30079192640838726
-0.43146870000000004 -1.008808e-05 -0.3615799283154121 -0.29535650800263613
-0.4017798 -9.535755e-06 -0.3417833333333333 -0.2791856624817287
-0.3717613 -8.448083e-06 -0.3027986738351254 -0.2473410494560347
-0.3419095 -8.164489e-06 -0.2926340143369175 -0.23903804893160394
-0.31175200000000003 -7.839982e-06 -0.2810029390681003 -0.22953720691385512
-0.2815298 -6.837319e-06 -0.24506519713261646 -0.20018146802365527
-0.2514215 -5.905415e-06 -0.21166362007168454 -0.1728973950153436
-0.22160390000000002 -5.931026e-06 -0.21258157706093186 -0.1736472280387193
-0.1917891 -5.478496e-06 -0.19636186379928314 -0.16039815779280203
-0.1616224 -4.396079e-06 -0.15756555555555554 -0.12870739945992904
-0.1317335 -4.043409e-06 -0.1449250537634408 -0.11838200754419384
-0.1011224 -3.854284e-06 -0.13814637992831538 -0.11284484888010726
-0.07149697 -3.264529e-06 -0.11700820788530464 -0.09557813634639474
-0.04152055 -2.778045e-06 -0.09957150537634407 -0.08133496862378009
-0.01159131 -2.220474e-06 -0.07958688172043009 -0.06501053191000125
0.01855352 -1.644215e-06 -0.058932437275985655 -0.04813895218966884
0.04827662 -1.337992e-06 -0.04795670250896056 -0.03917342495851174
0.07841463 -3.25473e-07 -0.011665698924731181 -0.009529124345677474
0.1082757 -6.676974e-08 -0.0023931806451612902 -0.001954869236429919
0.1385721 4.137222e-07 0.014828752688172043 0.012112864318598609
0.1688498 9.628835e-07 0.03451195340501791 0.028191083751651087
0.198785 1.616713e-06 0.057946702508960564 0.04733375489909536
0.22849799999999998 2.28217e-06 0.08179820788530465 0.06681685334259603
0.25862759999999996 2.210196e-06 0.0792184946236559 0.06470961496750566
0.2889054 2.917552e-06 0.10457175627240142 0.08541942278769668
0.3187484 3.461578e-06 0.12407089605734764 0.10134729207725843
0.3485721 3.976659e-06 0.14253258064516125 0.11642771625098682
0.37866469999999997 4.450184e-06 0.15950480286738347 0.13029147332388355
0.4084146 4.62269e-06 0.16568781362007168 0.13534206469206295
0.4384702 5.502479e-06 0.19722146953405015 0.16110032660306398
0.4686739 6.244713e-06 0.22382483870967737 0.18283128456144937
0.49862759999999995 6.767777e-06 0.2425726523297491 0.19814543319051367
0.5287664999999999 7.447943e-06 0.26695136200716835 0.21805917838505223
0.5589887 7.792342e-06 0.2792954121863799 0.22814241384706285
0.5887665 8.654844e-06 0.3102094623655913 0.25339455091033847
0.6189331 8.87533e-06 0.3181121863799282 0.2598498897878523
0.649072 9.470456e-06 0.3394428673835125 0.27727385323595904
0.6790164999999999 9.869488e-06 0.3537450896057347 0.28895662122563676
0.7090164999999999 1.098688e-05 0.393794982078853 0.3216713696406059
0.7389702 1.176211e-05 0.4215810035842293 0.34436837696993744
0.7687758 1.240576e-05 0.44465089605734753 0.3632130150354461
0.7989609000000001 1.294527e-05 0.4639881720430107 0.3790086659058301
0.8289517 1.362925e-05 0.4885035842293906 0.3990340765234741
0.8590165 1.493187e-05 0.5351924731182796 0.4371718881243332
0.8887943 1.538745e-05 0.551521505376344 0.45051025557540825
0.9190349999999999 1.658797e-05 0.5945508960573475 0.48565880663639543
0.9489936 1.717445e-05 0.6155716845878135 0.5028296344662091
0.9789054 1.842983e-05 0.6605673835125446 0.539584364109149
1.008942 1.967565e-05 0.7052204301075267 0.5760591982500206
1.039165 2.05737e-05 0.7374086021505375 0.6023521015588532
1.068905 2.139234e-05 0.7667505376344085 0.6263200569786436
1.099415 2.257375e-05 0.8090949820788529 0.660909109813216
1.129257 2.350698e-05 0.8425440860215052 0.6882320051474422
1.159022 2.496315e-05 0.8947365591397848 0.7308654186669818
1.1889049999999999 2.557218e-05 0.9165655913978493 0.7486964602595194
1.2190809999999999 2.662758e-05 0.9543935483870967 0.7795962210213276
1.249192 2.742857e-05 0.9831028673835124 0.8030474237620902
1.279257 2.80855e-05 1.006648745519713 0.8222808706421875
1.309202 2.844944e-05 1.0196931899641575 0.8329362230504236
1.339007 2.884779e-05 1.0339709677419353 0.8445990235994726
1.369183 2.946693e-05 1.0561623655913976 0.862726063468779
1.399313 2.947986e-05 1.0566258064516127 0.8631046250631036
1.429452 3.044936e-05 1.0913749103942652 0.8914894251944027
1.459229 3.062385e-05 1.0976290322580644 0.896598103662593
1.489174 3.075849e-05 1.1024548387096773 0.9005400629092954
1.518975 3.068249e-05 1.0997308243727597 0.8983149522233969
1.548748 3.10793e-05 1.113953405017921 0.9099326650032841
1.579079 3.104017e-05 1.1125508960573476 0.9087870257777682
1.608979 3.100553e-05 1.1113093189964156 0.9077728437493533
1.639248 3.156989e-05 1.1315372759856628 0.9242960472584816
1.6692390000000001 3.185371e-05 1.1417100358422936 0.9326056645594256
1.699072 3.210565e-05 1.1507401433691755 0.9399819064831798
1.7292290000000001 3.260862e-05 1.1687677419354836 0.9547077475580013
1.759202 3.247701e-05 1.1640505376344086 0.950854499961013
1.7893130000000002 3.285927e-05 1.1777516129032255 0.9620462211556394
1.819229 3.27921e-05 1.1753440860215052 0.9600796331981156
1.849156 3.249953e-05 1.1648577060931897 0.9515138353905713
1.8795160000000002 3.335958e-05 1.1956838709677415 0.9766941833564543
1.9095719999999998 3.303364e-05 1.184001433691756 0.9671513862911675
1.93935 3.322523e-05 1.1908684587813616 0.9727607146636849
1.969331 3.346852e-05 1.1995885304659495 0.9798837038580571
1.99947 3.3571e-05 1.2032616487455194 0.9828840899513583
2.029294 3.308113e-05 1.1857035842293904 0.9685417876921324
2.0594609999999998 3.343268e-05 1.1983039426523296 0.9788343885030228
2.08939 3.308201e-05 1.1857351254480284 0.9685675521316534
2.119174 3.350774e-05 1.2009942652329746 0.9810319780830695
2.149165 3.355454e-05 1.2026716845878134 0.9824021778212282
2.179371 3.376235e-05 1.2101200716845875 0.9884863916585517
2.209266 3.371709e-05 1.2084978494623653 0.9871612796895548
2.239072 3.3605e-05 1.204480286738351 0.9838795342055761
2.269359 3.386509e-05 1.2138025089605733 0.9914943899726206
2.2992199999999996 3.338818e-05 1.1967089605734764 0.9775315276408847
2.329324 3.398072e-05 1.2179469534050176 0.9948797787701266
2.359452 3.350725e-05 1.2009767025089604 0.9810176319747
2.389406 3.341643e-05 1.197721505376344 0.9783586247050511
2.419276 3.367524e-05 1.2069978494623654 0.9859360049237014
2.449535 3.360067e-05 1.2043250896057345 0.9837527614520243
2.4794609999999997 3.415204e-05 1.2240874551971324 0.999895646700497
2.50935 3.400622e-05 1.2188609318996415 0.99562636196079
2.5394789999999996 3.373538e-05 1.209153405017921 0.9876967701427796
2.569341 3.348454e-05 1.2001627240143367 0.9803527337684267
2.599192 3.415349e-05 1.224139426523297 0.9999380994701621
2.629239 3.393232e-05 1.2162121863799282 0.9934627345964755
2.659183 3.320558e-05 1.190164157706093 0.9721854064402915
2.6896 3.417478e-05 1.2249025089605734 1.0005614232399358
2.719646 3.353796e-05 1.2020774193548385 0.981916752358436
2.7493049999999997 3.394431e-05 1.216641935483871 0.9938137750849482
2.779054 3.394785e-05 1.2167688172043007 0.9939174183984755
2.809211 3.376131e-05 1.2100827956989244 0.9884559427754815
2.839804 3.34403e-05 1.1985770609318995 0.9790574851270564
2.8699149999999998 3.382592e-05 1.2123985663082435 0.9903475796362173
2.899618 3.426322e-05 1.2280724014336915 1.0031507494117893
2.929371 3.345327e-05 1.1990419354838706 0.9794372178322682
2.959406 3.367364e-05 1.2069405017921144 0.9858891604882087
2.9893330000000002 3.430626e-05 1.2296150537634405 1.0044108647265402
3.019368 3.408266e-05 1.221600716845878 0.9978643548664491
3.049359 3.36794e-05 1.2071469534050177 0.9860578004559822
3.079609 3.397427e-05 1.217715770609319 0.9946909371395473
3.1097289999999997 3.448165e-05 1.2359014336917562 1.0095458931896952
3.139665 3.400243e-05 1.2187250896057347 0.9955153992042169
3.1698310000000003 3.402982e-05 1.219706810035842 0.9963173173843057
3.199859 3.405991e-05 1.220785304659498 0.9971982855492887
3.2297849999999997 3.39752e-05 1.217749103942652 0.9947181654676771
3.259645 3.392105e-05 1.2158082437275985 0.9931327741039745
3.289702 3.412832e-05 1.223237275985663 0.9992011779443192
3.3199520000000002 3.401819e-05 1.2192899641577057 0.9959768168938189
3.3498870000000003 3.365973e-05 1.2064419354838707 0.985481906677145
3.37972 3.438395e-05 1.2323996415770606 1.006685454847428
3.4098960000000003 3.384854e-05 1.2132093189964157 0.9910098428429941
3.440007 3.389146e-05 1.214747670250896 0.9922664448250831
3.469943 3.36021e-05 1.2043763440860213 0.9837946286662459
3.4999520000000004 3.387127e-05 1.2140240143369174 0.9916753266047108
3.529928 3.444526e-05 1.2345971326164873 1.0084804750599603
3.559544 3.371825e-05 1.2085394265232974 0.9871952419052871
3.589554 3.41722e-05 1.2248100358422938 1.000485886587704
3.619813 3.396149e-05 1.21725770609319 0.99431676721105
3.649674 3.410334e-05 1.2223419354838707 0.998469819195191
3.679748 3.416766e-05 1.2246473118279566 1.0003529655019936
3.7096649999999998 3.378506e-05 1.2109340501792112 0.9891512898648249
3.739572 3.377685e-05 1.2106397849462365 0.9889109193552036
3.769702 3.362025e-05 1.20502688172043 0.984326020231365
3.799887 3.393541e-05 1.2163229390681 0.9935532029125205
3.829933 3.401511e-05 1.219179569892473 0.9958866413554958
3.85989 3.386046e-05 1.2136365591397849 0.991358833887414
3.889869 3.397613e-05 1.2177824372759853 0.9947453937958072
3.919796 3.420885e-05 1.2261236559139783 1.0015589169382064
3.949878 3.441079e-05 1.2333616487455195 1.0074712702528164
3.979887 3.425957e-05 1.2279415770609317 1.003043885543322
4.009998 3.40017e-05 1.2186989247311824 0.9954940264305232
4.040063 3.402091e-05 1.2193874551971324 0.9960564524341564
4.069956 3.409601e-05 1.2220792114695338 0.9982552131250906
4.099961 3.420911e-05 1.226132974910394 1.001566529158974
4.130267 3.408276e-05 1.2216043010752686 0.9978672826436675
4.160276 3.32498e-05 1.1917491039426522 0.9734800695262184
4.19022 3.41581e-05 1.2243046594982077 1.0000730699999254
4.220563 3.428506e-05 1.2288551971326163 1.0037901759562633
4.250609000000001 3.419105e-05 1.2254856630824371 1.0010377725933512
4.280488999999999 3.42674e-05 1.228222222222222 1.003273130499514
4.310452000000001 3.399754e-05 1.2185498207885301 0.9953722308982424
4.340286 3.415468e-05 1.2241820788530462 0.9999729400190598
4.370332 3.454545e-05 1.2381881720430106 1.0114138150549628
4.4005540000000005 3.413576e-05 1.2235039426523298 0.99941900456936
4.430409 3.413107e-05 1.2233358422939067 0.9992816918178221
4.460248 3.368367e-05 1.2073 0.9861828165432032
4.490359000000001 3.366099e-05 1.2064870967741934 0.9855187966700955
4.5203869999999995 3.410673e-05 1.2224634408602149 0.9985690708428909
4.5503990000000005 3.412297e-05 1.2230455197132615 0.9990445418631408
4.580257 3.400547e-05 1.2188340501792114 0.9956044036316529
4.610498 3.37088e-05 1.208200716845878 0.9869185669581587
4.640369 3.400478e-05 1.2188093189964155 0.9955842019688467
4.670295 3.44509e-05 1.2347992831541217 1.0086456016950718
4.700387 3.418773e-05 1.2253666666666665 1.000940570389704
4.730619 3.382054e-05 1.212205734767025 0.9901900652218735
4.760729 3.421103e-05 1.226201792114695 1.001622742481565
4.790522 3.415021e-05 1.2240218637992828 0.9998420683774023
4.820406 3.426146e-05 1.2280093189964156 1.0030992205327476
4.8505069999999995 3.416792e-05 1.2246566308243727 1.0003605777227613
4.880406 3.432329e-05 1.2302254480286738 1.004909465186815
4.910619 3.397929e-05 1.2178956989247312 0.9948379115559052
4.940554 3.469295e-05 1.243474910394265 1.015732286451937
4.970924 3.425287e-05 1.2277014336917562 1.0028477244696967
5.000258 3.395373e-05 1.2169795698924728 0.9940895716989108
5.030305 3.460544e-05 1.24033835125448 1.0131701886082134
5.059989 3.432065e-05 1.2301308243727596 1.004832171868252
5.090026 3.355363e-05 1.2026390681003583 0.9823755350485417
5.120193 3.395862e-05 1.2171548387096771 0.9942327400048849
5.150341 3.410476e-05 1.2223928315412187 0.9985113936316908
5.180470000000001 3.435391e-05 1.2313229390681002 1.0058059505710544
5.21039 3.426448e-05 1.2281175627240144 1.0031876394047399
5.240166 3.39454e-05 1.2166810035842293 0.9938456878566275
5.270163999999999 3.398332e-05 1.2180401433691754 0.9949559009778022
5.300072 3.406967e-05 1.2211351254480285 0.9974840366057935
5.3306189999999996 3.405549e-05 1.2206268817204298 0.9970688777962402
5.360305 3.403504e-05 1.2198939068100356 0.9964701473551004
5.390396 3.431737e-05 1.2300132616487454 1.0047361407754922
5.420275999999999 3.435758e-05 1.2314544802867382 1.0059133999949657
5.450258 3.412526e-05 1.2231275985663081 0.9991115879614396
5.480359 3.418489e-05 1.225264874551971 1.0008574215167045
5.510554 3.407312e-05 1.2212587813620068 0.9975850449198244
5.540684000000001 3.453275e-05 1.237732974910394 1.0110419873482401
5.570600000000001 3.424329e-05 1.2273580645161286 1.0025672434121846
5.600343 3.393344e-05 1.2162523297491037 0.9934955257013202
5.630434 3.425759e-05 1.2278706093189962 1.0029859155543999
5.6606369999999995 3.409984e-05 1.2222164874551968 0.9983673469925508
5.690626 3.415942e-05 1.2243519713261646 1.0001117166592066
5.720146 3.405886e-05 1.2207476702508957 0.9971675438884965
5.750508 3.403266e-05 1.2198086021505374 0.9964004662573052
5.780609 3.447037e-05 1.2354971326164874 1.0092156399194723
5.810942 3.419936e-05 1.2257835125448027 1.001281070880191
5.840822 3.410639e-05 1.2224512544802866 0.9985591164003488
5.870832 3.428407e-05 1.2288197132616485 1.0037611909618023
5.900785 3.39735e-05 1.2176881720430106 0.9946683932549663
5.9306540000000005 3.451332e-05 1.2370365591397847 1.0104731202347268
5.960832 3.419024e-05 1.2254566308243724 1.001014057597883
5.990786 3.389293e-05 1.2148003584229388 0.9923094831501919
6.020822 3.440617e-05 1.2331960573476701 1.0073360069453317
6.050784999999999 3.416907e-05 1.2246978494623655 1.0003942471607714
6.080869 3.411624e-05 1.2228043010752685 0.99884750245635
6.111211 3.408776e-05 1.2217835125448024 0.9980136715045816
6.140843 3.384348e-05 1.213027956989247 0.9908616973157486
6.170609000000001 3.450934e-05 1.2368939068100355 1.010356594701439
6.200729 3.425159e-05 1.2276555555555553 1.0028102489213024
6.230535 3.439091e-05 1.232649103942652 1.0068892281418207
6.260711000000001 3.388613e-05 1.2145566308243727 0.9921103942993483
6.290896 3.405045e-05 1.2204462365591395 0.9969213178244387
6.3210820000000005 3.428408e-05 1.2288200716845874 1.0037614837395241
6.350598 3.365969e-05 1.2064405017921145 0.9854807355662576
6.380359 3.412237e-05 1.2230240143369173 0.9990269751998312
6.4106369999999995 3.391484e-05 1.215585663082437 0.9929509591387188
6.440711 3.402236e-05 1.2194394265232973 0.9960989052038216
6.471035 3.41587e-05 1.2243261648745518 1.000090636663235
6.5006189999999995 3.403338e-05 1.2198344086021502 0.9964215462532768
6.530711 3.430599e-05 1.2296053763440857 1.0044029597280508
6.560767 3.447291e-05 1.2355881720430104 1.0092900054608167
6.590859 3.430671e-05 1.2296311827956987 1.0044240397240227
6.620692 3.43691e-05 1.2318673835125447 1.0062506799305124
6.650591 3.446243e-05 1.235212544802867 1.0089831744083402
6.680961 3.431958e-05 1.2300924731182794 1.0048008446520165
6.710906 3.440552e-05 1.2331727598566307 1.0073169763934127
6.740956 3.396372e-05 1.217337634408602 0.9943820566430178
6.7706 3.402651e-05 1.2195881720430104 0.9962204079583805
6.80097 3.400441e-05 1.2187960573476702 0.995573369193139
6.830841 3.42591e-05 1.2279247311827954 1.003030124990396
6.8610169999999995 3.378736e-05 1.211016487455197 0.9892186287408457
6.890890000000001 3.402825e-05 1.2196505376344082 0.9962713512819786
6.921193000000001 3.434991e-05 1.231179569892473 1.005688839482323
6.951118999999999 3.366526e-05 1.2066401433691756 0.9856438127573164
6.981017 3.386967e-05 1.2139666666666664 0.9916284821692182
7.011220000000001 3.395178e-05 1.2169096774193546 0.9940324800431543
7.040966 3.424779e-05 1.2275193548387093 1.0026989933870076
7.070832 3.434171e-05 1.2308856630824372 1.0054487617504233
7.100720999999999 3.421011e-05 1.2261688172043008 1.0015958069311568
7.1307849999999995 3.409804e-05 1.2221519713261646 0.9983146470026216
7.161082 3.377176e-05 1.2104573476702505 0.9887618954947925
7.191267 3.39716e-05 1.2176200716845875 0.9946127654878189
7.221100000000001 3.417597e-05 1.2249451612903222 1.0005962637888333
7.2512479999999995 3.436758e-05 1.2318129032258063 1.0062061777167943
7.2810820000000005 3.406254e-05 1.2208795698924728 0.9972752860901295
7.311063 3.432561e-05 1.2303086021505376 1.0049773896182792
7.341220999999999 3.434389e-05 1.230963799283154 1.005512587293782
7.371332000000001 3.401636e-05 1.2192243727598564 0.9959232385707243
7.401286 3.415703e-05 1.2242663082437275 1.0000417427836898
7.431257 3.394457e-05 1.2166512544802865 0.9938213873057157
7.461136000000001 3.397454e-05 1.2177254480286737 0.9946988421380364
7.491008 3.408823e-05 1.2218003584229389 0.9980274320575078
7.520887 3.435375e-05 1.231317204301075 1.005801266127505
7.551239 3.431885e-05 1.2300663082437273 1.0047794718783227
7.581238999999999 3.43938e-05 1.2327526881720428 1.0069738409034295
7.6109 3.406497e-05 1.2209666666666665 0.997346431076534
7.640979000000001 3.421971e-05 1.2265129032258062 1.0018768735441124
7.6710259999999995 3.417288e-05 1.2248344086021503 1.000505795472788
7.701249 3.421038e-05 1.2261784946236558 1.0016037119296461
7.731145000000001 3.450826e-05 1.2368551971326163 1.0103249747074814
7.7610079999999995 3.400472e-05 1.218807168458781 0.9955824453025156
7.7911 3.393531e-05 1.2163193548387095 0.9935502751353021
7.821369 3.424284e-05 1.2273419354838706 1.0025540684147023
7.851285 3.462676e-05 1.2411025089605732 1.0137943907111524
7.881239 3.408814e-05 1.2217971326164874 0.9980247970580113
7.910877999999999 3.386335e-05 1.2137401433691755 0.9914434466490224
7.941082000000001 3.432333e-05 1.2302268817204298 1.004910636297702
7.971248999999999 3.462996e-05 1.241217204301075 1.0138880795821377
8.00123 3.430984e-05 1.2297433691756268 1.0045156791509549
8.03135 3.424572e-05 1.227445161290322 1.0026383883985888
8.061406 3.453106e-05 1.2376724014336917 1.0109925079132511
8.091061 3.447402e-05 1.235627956989247 1.0093225037879396
8.120766999999999 3.451243e-05 1.2370046594982078 1.0104470630174842
8.15084 3.391607e-05 1.2156297491039423 0.9929869707985035
8.181165 3.391628e-05 1.2156372759856628 0.992993119130662
8.211174000000002 3.393858e-05 1.2164365591397848 0.9936460134503402
8.241268 3.377885e-05 1.21071146953405 0.9889694748995692
8.271212 3.398459e-05 1.218085663082437 0.9949930837484744
8.301379 3.408803e-05 1.2217931899641574 0.998021576503071
8.331498 3.468731e-05 1.2432727598566307 1.0155671598168257
8.361484 3.36849e-05 1.207344086021505 0.9862188282029879
8.391472 3.416651e-05 1.224606093189964 1.0003192960639833
8.421221 3.459502e-05 1.239964874551971 1.0128651142220677
8.451628000000001 3.395172e-05 1.21690752688172 0.9940307233768231
8.481869000000001 3.448697e-05 1.2360921146953403 1.0097016509377081
8.511508 3.371292e-05 1.2083483870967742 0.9870391913795523
8.54148 3.438232e-05 1.2323412186379925 1.00663773207877
8.571545 3.440551e-05 1.2331724014336918 1.007316683615691
8.601494 3.435856e-05 1.2314896057347666 1.0059420922117046
8.631518 3.40383e-05 1.2200107526881718 0.9965655928924166
8.661545 3.403205e-05 1.2197867383512542 0.9963826068162736
8.69173 3.443094e-05 1.2340838709677415 1.0080612173623014
8.721428 3.388938e-05 1.2146731182795698 0.9922055470589427
8.751249 3.380029e-05 1.211479928315412 0.9895971903351702
8.781435 3.417013e-05 1.2247358422939068 1.0004252815992853
8.811536 3.412399e-05 1.2230820788530463 0.9990744051907674
8.841425 3.427409e-05 1.2284620071684584 1.003468998795417
8.871563 3.409322e-05 1.221979211469534 0.9981735281407004
8.901602 3.423855e-05 1.2271881720430105 1.0024284667720376
8.931457 3.437446e-05 1.2320594982078852 1.0064076087894125
8.961229999999999 3.423654e-05 1.2271161290322576 1.00236961844995
8.991165 3.392203e-05 1.215843369175627 0.9931614663207136
9.021101 3.413514e-05 1.2234817204301074 0.9994008523506065
9.050962 3.465906e-05 1.2422602150537632 1.0147400627526593
9.08136 3.411429e-05 1.2227344086021503 0.9987904108005935
9.111447 3.406236e-05 1.2208731182795696 0.9972700160911366
9.141442999999999 3.422179e-05 1.2265874551971323 1.0019377713102526
9.171276 3.439394e-05 1.2327577060931896 1.0069779397915348
9.201305 3.400282e-05 1.2187390681003583 0.9955268175353683
9.231619 3.455291e-05 1.2384555555555552 1.011632227235447
9.26173 3.43175e-05 1.230017921146953 1.0047399468858758
9.291636 3.426052e-05 1.2279756272401432 1.0030716994268956
9.321539000000001 3.449469e-05 1.2363688172043008 1.0099276753389597
9.351447 3.40573e-05 1.2206917562724011 0.9971218705638912
9.38123 3.394662e-05 1.2167247311827956 0.9938814067386905
9.411545 3.41962e-05 1.2256702508960573 1.001188553120093
9.441692999999999 3.431843e-05 1.2300512544802866 1.004767175214006
9.471546 3.405381e-05 1.2205666666666666 0.9970196911389733
9.501702 3.398966e-05 1.2182673835125448 0.9951415220534416
9.531656000000002 3.374098e-05 1.209354121863799 0.9878607256670037
9.561916 3.411228e-05 1.2226623655913977 0.9987315624785059
9.591485 3.413788e-05 1.223579928315412 0.9994810734463876
9.621582 3.422757e-05 1.226794623655914 1.00210699683347
9.651675 3.411634e-05 1.2228078853046593 0.9988504302335683
9.681768 3.434409e-05 1.2309709677419354 1.0055184428482187
9.711906 3.402741e-05 1.2196204301075266 0.996246757953345
9.741712 3.40964e-05 1.2220931899641576 0.9982666314562418
9.771479 3.415118e-05 1.2240566308243723 0.9998704678164198
9.801452999999999 3.414961e-05 1.2240003584229389 0.9998245017140928
9.831601000000001 3.363247e-05 1.205464874551971 0.9846837946074397
9.861504 3.392916e-05 1.2160989247311824 0.9933702168363774
9.891447 3.422015e-05 1.226528673835125 1.0018897557638728
9.921536 3.409294e-05 1.22196917562724 0.9981653303644892
9.951702 3.435375e-05 1.231317204301075 1.005801266127505
9.981545 3.414719e-05 1.2239136200716847 0.9997536495054103
10.00378 3.433198e-05 1.2305369175627239 1.005163889027084
