Keff(MJ/m3):0.04881260456549516 Ms(MA/m):1.2247617483049005
H(kOe) moment(emu) M(MA/m) M_norm()
9.958157 7.622217e-05 1.0857629000987836 1.0024354397579922
9.919888 7.600516e-05 1.0826716550325455 0.9995814339643774
9.881896000000001 7.586217e-05 1.0806348035878133 0.9977009017841599
9.843202999999999 7.590187e-05 1.081200318675273 0.9982230161107187
9.804433999999999 7.597003e-05 1.08217123828135 0.9991194219670975
9.765694 7.5964e-05 1.0820853426647914 0.9990401184560359
9.726378 7.603398e-05 1.0830821876476737 0.9999604600321713
9.687123 7.615625e-05 1.0848238886487747 1.0015684932490059
9.647834000000001 7.611469e-05 1.0842318783960083 1.0010219171429158
9.608227000000001 7.619312e-05 1.0853490911997732 1.0020533888464926
9.56883 7.607264e-05 1.083632888234102 1.0004688968045836
9.529208 7.575437e-05 1.0790992235770285 0.9962831706908849
9.489566 7.583799e-05 1.0802903664388266 0.997382898650251
9.449814 7.59412e-05 1.0817605632190965 0.9987402643843598
9.409831 7.608972e-05 1.0838761879241225 1.0006935243284532
9.370321 7.602837e-05 1.0830022748103778 0.9998866801487458
9.330416 7.628663e-05 1.0866811142684976 1.0032831850851953
9.290481 7.622325e-05 1.0857782843883161 1.0024496433719134
9.250539 7.622085e-05 1.0857440970782433 1.0024180797854214
9.210831 7.601122e-05 1.0827579779904801 0.9996611320202702
9.170656999999999 7.59681e-05 1.0821437459861663 0.9990940395829601
9.130642 7.570911e-05 1.078454507887899 0.9956879340556191
9.090784 7.581272e-05 1.0799304025531813 0.9970505603874766
9.050953999999999 7.590726e-05 1.0812770976758121 0.9982939026653824
9.010954 7.594188e-05 1.0817702496236172 0.9987492074005326
8.970694 7.611055e-05 1.084172905286132 1.0009674699562165
8.930633 7.626074e-05 1.0863123186610837 1.0029426928959106
8.89085 7.633198e-05 1.0873271119817545 1.0038796053549546
8.850972 7.605596e-05 1.0833952864290937 1.0002495298784626
8.810889999999999 7.593286e-05 1.0816417623165924 0.9986305809212994
8.770926 7.564938e-05 1.0776036712084542 0.9949023952967943
8.730906000000001 7.584527e-05 1.0803940679460484 0.9974786415292773
8.691324 7.589439e-05 1.0810937682255453 0.9981246429328181
8.651027000000001 7.598689e-05 1.0824114041346138 0.9993411561622053
8.610916 7.600065e-05 1.0826074113790332 0.9995221207247608
8.570806000000001 7.616064e-05 1.0848864229367836 1.001626228309298
8.53084 7.628415e-05 1.086645787381422 1.0032505693791534
8.490924999999999 7.615695e-05 1.084833859947546 1.0015776992950662
8.45099 7.602737e-05 1.0829880300978474 0.9998735286543741
8.410793 7.607104e-05 1.0836100966940532 1.0004478544135886
8.370861000000001 7.602569e-05 1.082964098980796 0.9998514341438294
8.330648 7.594295e-05 1.0817854914660248 0.9987632794995104
8.290661 7.60366e-05 1.0831195087945036 0.9999949169474254
8.250906 7.604931e-05 1.0833005590907658 1.0001620724408904
8.210454 7.601193e-05 1.082768091736377 0.9996704695812743
8.170565999999999 7.602922e-05 1.0830143828160286 0.9998978589189618
8.130651 7.59602e-05 1.0820312127571756 0.9989901427774233
8.090584 7.599087e-05 1.082468098090485 0.999393499109805
8.050425 7.605792e-05 1.0834232060656535 1.0002753068074313
8.010694 7.621611e-05 1.0856765771408488 1.0023557417020992
7.970314999999999 7.60898e-05 1.0838773275011246 1.0006945764480026
7.9302269999999995 7.617594e-05 1.0851043670384997 1.0018274461731858
7.89037 7.592042e-05 1.0814645580927134 0.9984669763313148
7.850378 7.596749e-05 1.0821350567115229 0.9990860171713934
7.810398 7.582453e-05 1.0800986326081663 0.997205879536007
7.77034 7.581827e-05 1.0800094607077255 0.99712355118124
7.730333 7.583949e-05 1.0803117335076222 0.9974026258918086
7.690491 7.603894e-05 1.083152841421825 1.0000256914442553
7.650378 7.603081e-05 1.0830370319089522 0.9999187697950129
7.610315 7.628283e-05 1.0866269843608818 1.0032332094065828
7.569694 7.619767e-05 1.0854139046417868 1.002113228145884
7.530123 7.606913e-05 1.0835828892931199 1.0004227350593387
7.489991 7.603856e-05 1.0831474284310634 1.000020693876394
7.450218 7.586036e-05 1.0806090206581331 0.9976770975793471
7.410292999999999 7.577536e-05 1.079398220093043 0.9965592205577478
7.370194000000001 7.593149e-05 1.0816222470604255 0.99861256337401
7.330095 7.609175e-05 1.0839051046905592 1.0007202218620277
7.290121 7.617094e-05 1.0850331434758473 1.001761688701327
7.250293 7.616789e-05 1.0849896971026294 1.0017215766434933
7.210259 7.617309e-05 1.0850637696077876 1.001789964414226
7.170057 7.600637e-05 1.0826888911347072 0.9995973472725671
7.130009 7.585291e-05 1.0805028975497812 0.9975791189462776
7.0902650000000005 7.583247e-05 1.0802117356256584 0.9973103024013189
7.050102 7.593722e-05 1.0817038692632253 0.9986879214367603
7.0098400000000005 7.591946e-05 1.0814508831686842 0.998454350896718
6.969831 7.582094e-05 1.080047494090182 0.9971586656712126
6.930066 7.612674e-05 1.0844035271820003 1.0011803926500953
6.890009 7.59207e-05 1.0814685466122218 0.9984706587497388
6.850001 7.589851e-05 1.0811524564411708 0.9981788270896297
6.810217 7.596923e-05 1.0821598425113257 0.9991089007716002
6.7701210000000005 7.57865e-05 1.0795569061906327 0.9967057282050494
6.73017 7.609692e-05 1.0839787498543418 1.0007882150879297
6.689769 7.607102e-05 1.0836098117998025 1.0004475913837012
6.649859 7.592102e-05 1.0814731049202315 0.9984748672279378
6.609954 7.617175e-05 1.0850446816929968 1.001772341411768
6.569726999999999 7.600518e-05 1.0826719399267961 0.9995816969942648
6.529746 7.607953e-05 1.0837310343034368 1.0005595106008047
6.489648 7.584477e-05 1.080386945589783 0.9974720657820915
6.4498310000000005 7.568287e-05 1.0780807266310999 0.9953428388433044
6.4097219999999995 7.592807e-05 1.0815735301435716 0.9985675852632588
6.369783 7.587505e-05 1.0808182754852058 0.9978702930316683
6.329796 7.59539e-05 1.0819414710682338 0.9989072883628813
6.289727 7.614932e-05 1.0847251727909384 1.0014773533930097
6.249916 7.603323e-05 1.083071504113276 0.9999505964113926
6.210114 7.595009e-05 1.0818871987134926 0.9988571811693249
6.170074 7.593312e-05 1.0816454659418504 0.9986340003098361
6.129925 7.574777e-05 1.0790052084743273 0.9961963708280313
6.089582999999999 7.586869e-05 1.080727679113512 0.9977866495274639
6.0496989999999995 7.600687e-05 1.0826960134909727 0.999603923019753
6.010019000000001 7.607791e-05 1.0837079578691375 1.0005382051799228
5.969769 7.585131e-05 1.0804801060097324 0.9975580765552827
5.929689000000001 7.57704e-05 1.079327566318892 0.996493989145664
5.88988 7.584594e-05 1.080403611903444 0.9974874530305066
5.849454 7.589687e-05 1.0811290951126207 0.99815725863886
5.809642 7.595956e-05 1.082022096141156 0.9989817258210253
5.769621 7.587373e-05 1.0807994724646655 0.9978529330590974
5.7295929999999995 7.565611e-05 1.0776995381237842 0.9949909048539161
5.6892309999999995 7.561568e-05 1.0771236243961773 0.994459189936466
5.649595000000001 7.577922e-05 1.0794532046834107 0.996609985326023
5.609269 7.590833e-05 1.08129233951822 0.9983079747643603
5.5692960000000005 7.61706e-05 1.0850283002735868 1.0017572171932405
5.529236 7.600612e-05 1.0826853299565746 0.9995940593989742
5.489287 7.580526e-05 1.0798241369977042 0.9969524502394634
5.449303 7.549326e-05 1.0753797866881967 0.9928491839954756
5.409453 7.559467e-05 1.076824342985912 0.9941828770397154
5.369519 7.585131e-05 1.0804801060097324 0.9975580765552827
5.329463 7.612205e-05 1.0843367194802325 1.001118712141492
5.289278 7.611128e-05 1.0841833039262794 1.0009770705471082
5.249265 7.574209e-05 1.0789242985071543 0.9961216703399997
5.209389 7.564764e-05 1.0775788854086512 0.9948795116965875
5.169102 7.56252e-05 1.0772592340594673 0.9945843921628851
5.129029 7.565718e-05 1.0777147799661917 0.9950049769528938
5.089028 7.568339e-05 1.0780881338816155 0.9953496776203775
5.048906 7.564399e-05 1.0775268922079149 0.9948315087421303
5.009194000000001 7.565637e-05 1.0777032417490422 0.9949943242424527
4.969453000000001 7.552648e-05 1.075852996038459 0.9932860766385053
4.9293059999999995 7.581249e-05 1.0799271262692995 0.9970475355437712
4.889076 7.599917e-05 1.082586329204488 0.9995026565130906
4.849321 7.583995e-05 1.0803182860753862 0.9974086755792196
4.809566 7.557293e-05 1.0765146629354996 0.9938969635520736
4.7692309999999996 7.554208e-05 1.0760752135539344 0.9934912399507048
4.729321 7.554075e-05 1.0760562680862689 0.9934737484631904
4.689255 7.544179e-05 1.0746466113342534 0.9921722765801614
4.6493400000000005 7.5747e-05 1.078994240045679 0.996186244177365
4.609278000000001 7.58824e-05 1.080922974122305 0.9979669565153008
4.569133 7.57049e-05 1.078394537648146 0.9956325662643141
4.529324 7.559774e-05 1.0768680742533807 0.9942232521274368
4.48917 7.543039e-05 1.074484221611406 0.9920223495443236
4.448981 7.537432e-05 1.0736855205798224 0.991284945254899
4.409217 7.554505e-05 1.07611752035015 0.993530299888989
4.369102 7.55491e-05 1.0761752114358982 0.9935835634411945
4.329057 7.56509e-05 1.0776253231715005 0.9949223855682393
4.289176 7.553744e-05 1.076009118087793 0.9934302170168198
4.249133 7.548086e-05 1.075203152252819 0.9926861054652659
4.2090950000000005 7.553633e-05 1.0759933064568843 0.9934156188580672
4.168981 7.552309e-05 1.0758047064629808 0.9932414930725851
4.128769 7.559616e-05 1.0768455676075823 0.9942024727663293
4.088689 7.562579e-05 1.0772676384398603 0.9945921515445645
4.048407 7.538749e-05 1.0738731234438488 0.9914581504357751
4.008444 7.537774e-05 1.0737342374966767 0.9913299233656506
3.968685 7.541561e-05 1.0742736847602055 0.9918279704575088
3.9287170000000002 7.543957e-05 1.0746149880724358 0.9921430802626563
3.8886570000000003 7.543892e-05 1.074605729009291 0.9921345317913146
3.848755 7.568383e-05 1.078094401555129 0.9953554642779012
3.808518 7.548808e-05 1.075305999077289 0.99278105925463
3.768557 7.527255e-05 1.0722358361855964 0.9899465176726857
3.728296 7.531276e-05 1.0728086160764465 0.9904753392613738
3.6885850000000002 7.526033e-05 1.072061765798474 0.9897858064114627
3.6487399999999997 7.525745e-05 1.0720207410263862 0.989747930107672
3.608736 7.520945e-05 1.0713369948249234 0.9891166583778277
3.5682869999999998 7.529219e-05 1.0725156023396947 0.9902048130221467
3.529031 7.557601e-05 1.0765585366500934 0.9939374701547385
3.488585 7.538762e-05 1.073874975256478 0.9914598601300436
3.4485970000000004 7.519574e-05 1.0711416998161307 0.9889363513899909
3.408337 7.513824e-05 1.0703226288456287 0.9881801404636151
3.36849 7.496569e-05 1.0678647036984956 0.9859108501097688
3.3283110000000002 7.4923e-05 1.0672565969205698 0.9853494128150384
3.288126 7.510024e-05 1.0697813297694707 0.9876803836774883
3.248194 7.509896e-05 1.0697630965374316 0.9876635497646925
3.2080569999999997 7.524066e-05 1.0717815723029995 0.9895271165171702
3.168264 7.531264e-05 1.0728069067109431 0.9904737610820493
3.1282739999999998 7.495004e-05 1.0676417739473936 0.9857050292228505
3.088264 7.476952e-05 1.0650703184413928 0.9833309214588614
3.048292 7.463463e-05 1.0631488491681573 0.9815569163830552
3.008111 7.497275e-05 1.0679652713689607 0.9860036996600332
2.968019 7.486423e-05 1.066419435165154 0.9845764994908104
2.927944 7.504928e-05 1.0690554192189177 0.9870101835243037
2.887799 7.488067e-05 1.0666536182391548 0.9847927100582821
2.848055 7.467428e-05 1.0637136520199906 0.9820783731348953
2.8079340000000004 7.451585e-05 1.061456862213788 0.9799947818815783
2.7680279999999997 7.458813e-05 1.0624864700354906 0.9809453718947686
2.728 7.439728e-05 1.05976786664905 0.9784354091939192
2.6878960000000003 7.334477e-05 1.0447751642636025 0.9645933298527026
2.647602 7.410792e-05 1.0556460166312325 0.9746298927825079
2.6076230000000002 7.423729e-05 1.0574888550912998 0.976331301609382
2.568189 7.40234e-05 1.054442053528157 0.9735183284782071
2.527824 7.425986e-05 1.0578103582531124 0.9766281308373524
2.488283 7.413082e-05 1.0559722205481803 0.9749310620036211
2.448102 7.404587e-05 1.0547621322187168 0.9738138425567406
2.407972 7.364242e-05 1.0490151029482977 0.9685078721524557
2.368027 7.371982e-05 1.0501176436981563 0.9695257978168297
2.327877 7.388383e-05 1.052453919000279 0.9716827744087413
2.287935 7.382545e-05 1.05162231268275 0.9709149901673181
2.247745 7.344461e-05 1.046197356362645 0.9659063750507788
2.208113 7.333519e-05 1.0446386999175608 0.9644673385366214
2.16774 7.304627e-05 1.0405231175732566 0.9606676087827337
2.1276230000000003 7.290779e-05 1.038550509782037 0.958846389842133
2.0879160000000003 7.278687e-05 1.0368280391428522 0.9572561111427003
2.047991 7.263317e-05 1.0346386268269185 0.9552347264577615
2.007981 7.217195e-05 1.028068680513614 0.9491689942236204
1.967972 7.210337e-05 1.0270917781282742 0.9482670647396053
1.9279439999999999 7.201834e-05 1.0258805502218082 0.9471487931731749
1.887613 7.175214e-05 1.0220886077461966 0.9436478653714137
1.847943 7.123364e-05 1.0147027242991467 0.9368288155396585
1.807814 7.075891e-05 1.007940331919556 0.9305854066165551
1.767632 7.041748e-05 1.0030767597202765 0.9260950918932065
1.727849 7.006659e-05 0.9980784325404591 0.9214803640331012
1.6877739999999999 6.961243e-05 0.9916090538976199 0.9155074813492247
1.647981 6.903677e-05 0.9834089426823283 0.9079366920991799
1.607963 6.861122e-05 0.9773471052649858 0.9023400736692794
1.5676320000000001 6.833452e-05 0.9734055933078041 0.8987010551766146
1.527415 6.769435e-05 0.9642865556871719 0.8902818630246481
1.487585 6.68006e-05 0.9515553438630622 0.8785277149298913
1.447981 6.599249e-05 0.9400440492200623 0.8678998608131321
1.407796 6.522355e-05 0.9290907199668811 0.8577871507309145
1.367302 6.482465e-05 0.9234085041384757 0.8525410196260212
1.327576 6.395057e-05 0.9109574858098405 0.8410455614255571
1.2878589999999999 6.302282e-05 0.8977419537596948 0.8288442625221608
1.247713 6.196337e-05 0.8826503930692862 0.8149109118100045
1.207264 6.107724e-05 0.8700277259546588 0.8032569781023609
1.167566 6.01883e-05 0.8573650311978208 0.7915660886955325
1.127764 5.927996e-05 0.8444259890178918 0.7796200602978921
1.087574 5.811957e-05 0.827896567044657 0.7643591977438506
1.047462 5.71878e-05 0.814623771250139 0.75210502983308
1.007566 5.598592e-05 0.7975033361540149 0.7362985117775545
0.9676416 5.473636e-05 0.779703713164438 0.7198649304703836
0.9274439999999999 5.361343e-05 0.763707898122595 0.7050967228955083
0.8872548 5.244047e-05 0.7469994201128523 0.6896705460572139
0.8476199 5.128768e-05 0.7305782579548492 0.6745096348603978
0.8074717 5.009981e-05 0.7136573912812771 0.6588873692410206
0.7673791999999999 4.880818e-05 0.6952584932355433 0.6419005045656301
0.7274717 4.769079e-05 0.679341593901119 0.6272051562695742
0.6873699 4.633023e-05 0.6599608078206598 0.6093117590871385
0.6474246 4.504628e-05 0.64167130916716 0.5924258978885231
0.6072032 4.349586e-05 0.6195860219656653 0.5720355579846659
0.5673773999999999 4.206005e-05 0.5991333212672879 0.5531525108507556
0.5272125 4.059413e-05 0.578251712274618 0.5338734722213117
0.487217 3.878649e-05 0.5525024001160352 0.5101003049351516
0.4469995 3.73232e-05 0.5316582547173205 0.49085585473590543
0.4071321 3.55868e-05 0.5069237358794086 0.46801959990878916
0.3673397 3.380382e-05 0.48152569833182723 0.4445707484738365
0.3272403 3.184633e-05 0.45364181600055326 0.41882682975606883
0.2870944 3.004326e-05 0.4279576021782347 0.3951137647991876
0.2473699 2.759079e-05 0.3930228720386275 0.36286011939728835
0.2068699 2.507032e-05 0.3571195014469482 0.32971217237810974
0.1670095 2.252377e-05 0.3208446287524741 0.2962212343857157
0.1271384 1.950177e-05 0.27779710748538716 0.2564774183942706
0.08694394 1.570464e-05 0.22370808219455518 0.20653948457044655
0.047075490000000005 1.123134e-05 0.1599872096319938 0.14770890479727258
0.007008754 5.542947e-06 0.07895768658664337 0.07289803627343912
-0.03308489 -6.074629e-07 -0.008653134383426991 -0.007989044910400284
-0.07259311 -5.944609e-06 -0.0846792463110579 -0.07818049180578718
-0.1128431 -1.008895e-05 -0.14371419248430764 -0.1326847691419228
-0.15309430000000002 -1.428301e-05 -0.20345737151985993 -0.18784292562672772
-0.1927736 -1.895155e-05 -0.26995938175687073 -0.24924120316104323
-0.23294499999999999 -2.172934e-05 -0.30952820177689117 -0.285773292711962
-0.27272640000000004 -2.404009e-05 -0.3424441712566798 -0.316163108331496
-0.3130005 -2.620529e-05 -0.3732868228276582 -0.34463872394522105
-0.3531415 -2.833498e-05 -0.4036236446566796 -0.37264732999380507
-0.3928339 -3.028156e-05 -0.43135211717424615 -0.3982477659079769
-0.4328302 -3.254154e-05 -0.4635448825988629 -0.42796988015825704
-0.47296350000000004 -3.444218e-05 -0.49061895302277947 -0.4529661364209903
-0.5133112999999999 -3.627446e-05 -0.5167192548981131 -0.47706335652847054
-0.5530376 -3.824616e-05 -0.5448055545944452 -0.5029941579812609
-0.5930566 -3.990703e-05 -0.5684641702949306 -0.5248370804384784
-0.6332504999999999 -4.172819e-05 -0.5944060709669253 -0.5487880559285447
-0.6733207 -4.34031e-05 -0.6182646824313386 -0.5708156253667418
-0.7134634999999999 -4.547753e-05 -0.647814341445926 -0.5980974798363425
-0.753283 -4.69429e-05 -0.6686881158467041 -0.6173692851438819
-0.793217 -4.871865e-05 -0.6939831641226901 -0.6407230512745268
-0.8332505 -5.040238e-05 -0.7179674139516222 -0.6628666168930828
-0.8731793 -5.191278e-05 -0.7394826277576474 -0.6827306339921823
-0.9128774 -5.331048e-05 -0.7593924624614885 -0.701112477675585
-0.9530469 -5.460792e-05 -0.7778741222870242 -0.7181757525332754
-0.993519 -5.587969e-05 -0.795990120341903 -0.7349014285304429
-1.0335750000000001 -5.702606e-05 -0.8123198314454604 -0.7499779071333923
-1.0734359999999998 -5.820079e-05 -0.8290535225963819 -0.7654273621167246
-1.113745 -5.905311e-05 -0.841194575980354 -0.7766366437996592
-1.153621 -6.005635e-05 -0.855485441379425 -0.7898307490131793
-1.1936790000000002 -6.107778e-05 -0.8700354180994252 -0.8032640799093215
-1.2332260000000002 -6.191571e-05 -0.8819714900700838 -0.8142841115882467
-1.273519 -6.284364e-05 -0.8951895861684848 -0.8264877777606296
-1.313481 -6.377106e-05 -0.9084004174634955 -0.8386847366708833
-1.3533430000000002 -6.477418e-05 -0.9226895734970626 -0.8518772637050785
-1.393151 -6.554098e-05 -0.9336124190654288 -0.8619618295893408
-1.433038 -6.616601e-05 -0.94251579173835 -0.8701819081165192
-1.473 -6.683265e-05 -0.952011886899664 -0.8789492203245063
-1.512973 -6.731282e-05 -0.9588517705154207 -0.885264173376992
-1.5531949999999999 -6.775195e-05 -0.9651070511289268 -0.8910393891004609
-1.593472 -6.850427e-05 -0.9758236332598518 -0.9009335213462201
-1.6331980000000001 -6.908547e-05 -0.9841026601825623 -0.9085771698750845
-1.673204 -6.965112e-05 -0.9921601818254238 -0.9160163126664679
-1.7132260000000001 -7.0177e-05 -0.9996511912509487 -0.9229324205266868
-1.753621 -7.063049e-05 -1.0061110259363923 -0.9288964917093341
-1.793406 -7.079958e-05 -1.00851966437817 -0.9311202778926543
-1.83338 -7.100631e-05 -1.0114644737995946 -0.9338390863241274
-1.873472 -7.137163e-05 -1.0166683521812265 -0.9386435902480169
-1.913482 -7.144245e-05 -1.0176771627226346 -0.9395749790794248
-1.9534529999999999 -7.212854e-05 -1.0274503175426664 -0.9485980878529424
-1.993362 -7.22307e-05 -1.0289055573747794 -0.949941644517961
-2.033788 -7.272031e-05 -1.0358799110768238 -0.9563807476773162
-2.0738960000000004 -7.262926e-05 -1.0345829300009244 -0.9551833041147679
-2.11333 -7.285026e-05 -1.0377310114701588 -0.9580897843709258
-2.153377 -7.291555e-05 -1.0386610487512733 -0.9589484454384578
-2.1937510000000002 -7.318493e-05 -1.042498289412732 -0.9624911949923214
-2.2339450000000003 -7.335968e-05 -1.044987552927432 -0.9647894186337855
-2.273981 -7.353485e-05 -1.0474827992213946 -0.967093165902886
-2.313723 -7.318757e-05 -1.0425358954538124 -0.9625259149374629
-2.3536599999999996 -7.355529e-05 -1.0477739611455175 -0.9673619824478447
-2.393834 -7.36337e-05 -1.048890889055032 -0.9683931911215341
-2.433906 -7.390523e-05 -1.052758755848431 -0.9719642163882968
-2.473899 -7.39982e-05 -1.0540830867723892 -0.973186910820039
-2.513491 -7.415511e-05 -1.0563182246155456 -0.9752505118019112
-2.5533989999999998 -7.397038e-05 -1.0536867988697913 -0.9728210362466166
-2.5936790000000003 -7.39736e-05 -1.0537326668441396 -0.9728633840584938
-2.6335279999999996 -7.417073e-05 -1.0565407270252714 -0.9754559381439979
-2.673473 -7.434089e-05 -1.0589646073094565 -0.9776937964262958
-2.713736 -7.443634e-05 -1.06032426512049 -0.9789491065640799
-2.7532739999999998 -7.447995e-05 -1.060945477033944 -0.9795226432336321
-2.793399 -7.433796e-05 -1.0589228703017424 -0.9776552625477866
-2.833717 -7.429065e-05 -1.0582489529519257 -0.9770330653490589
-2.873732 -7.441198e-05 -1.0599772639232479 -0.978628736161184
-2.913764 -7.454115e-05 -1.061817253440809 -0.9803275146891837
-2.9531509999999996 -7.449624e-05 -1.0611775234010654 -0.9797368810769481
-2.993584 -7.450632e-05 -1.0613211101033726 -0.9798694481402154
-3.033991 -7.444054e-05 -1.060384092913118 -0.9790043428404411
-3.07367 -7.471161e-05 -1.0642454071387533 -0.982569318419793
-3.11388 -7.501502e-05 -1.0685673953676238 -0.9865596133271274
-3.154104 -7.506709e-05 -1.0693091175490856 -0.9872444116390647
-3.193834 -7.488472e-05 -1.0667113093249032 -0.9848459736104876
-3.233727 -7.467098e-05 -1.06366664446864 -0.9820349732034686
-3.273667 -7.464521e-05 -1.06329955822673 -0.9816960591935086
-3.3140929999999997 -7.511157e-05 -1.069942722362441 -0.9878293901087204
-3.353927 -7.529244e-05 -1.0725191635178273 -0.9902081008957397
-3.393859 -7.517153e-05 -1.070796835325768 -0.9886179537112508
-3.433964 -7.496429e-05 -1.067844761100953 -0.9858924380176483
-3.474186 -7.517898e-05 -1.07090295843412 -0.9887159323443205
-3.514 -7.530409e-05 -1.0726851144188074 -0.9903613158051707
-3.5538339999999997 -7.518676e-05 -1.0710137822976071 -0.9888182509705327
-3.5941140000000003 -7.525774e-05 -1.0720248719930199 -0.9897517440410398
-3.6339639999999997 -7.518947e-05 -1.0710523854685645 -0.98885389152028
-3.673896 -7.495771e-05 -1.0677510308925025 -0.9858059011846821
-3.7141390000000003 -7.502256e-05 -1.0686748005001037 -0.9866587755946904
-3.753934 -7.553303e-05 -1.0759462989055337 -0.9933722189266404
-3.793686 -7.555377e-05 -1.0762417342434156 -0.9936449809199106
-3.8338989999999997 -7.535073e-05 -1.0733494878112286 -0.9909747015026694
-3.873755 -7.519082e-05 -1.071071615830481 -0.9888716460376821
-3.913862 -7.51427e-05 -1.0703861602635145 -0.9882387961285132
-3.953793 -7.527252e-05 -1.0722354088442203 -0.9899461231278543
-3.9938249999999997 -7.536089e-05 -1.0734942140905384 -0.9911083206854866
-4.033811 -7.548942e-05 -1.0753250869920798 -0.9927986822570882
-4.073825 -7.544763e-05 -1.0747298004554315 -0.9922490813072926
-4.114283 -7.526079e-05 -1.0720683183662378 -0.9897918560988737
-4.1542129999999995 -7.538682e-05 -1.0738635794864535 -0.9914493389345461
-4.193924 -7.545714e-05 -1.0748652676715962 -0.992374152018768
-4.23413 -7.561417e-05 -1.077102114880256 -0.9944393311799645
-4.27425 -7.571113e-05 -1.0784832822072108 -0.9957145000742501
-4.314255 -7.535725e-05 -1.0734423633369272 -0.9910604492459731
-4.354037999999999 -7.540157e-05 -1.0740736889962779 -0.9916433234765295
-4.394121 -7.553375e-05 -1.0759565550985557 -0.9933816880025881
-4.434353 -7.562331e-05 -1.0772323115527846 -0.9945595358385225
-4.474234999999999 -7.569227e-05 -1.0782146269288861 -0.9954664628903988
-4.514390000000001 -7.546027e-05 -1.0749098536218167 -0.9924153161961516
-4.554151 -7.55341e-05 -1.0759615407479415 -0.9933862910256183
-4.594176 -7.537838e-05 -1.0737433541126962 -0.9913383403220485
-4.634283 -7.539387e-05 -1.0739640047097931 -0.991542056969867
-4.67425 -7.550791e-05 -1.075588471726768 -0.9930418533880219
-4.714283 -7.562357e-05 -1.0772360151780427 -0.9945629552270592
-4.754204 -7.561197e-05 -1.0770707765126895 -0.994410397892347
-4.794404999999999 -7.562201e-05 -1.0772137934264954 -0.9945424388958394
-4.834528000000001 -7.562082e-05 -1.0771968422185838 -0.9945267886175368
-4.874472 -7.558948e-05 -1.0767504129278789 -0.9941146207839261
-4.914426000000001 -7.550182e-05 -1.0755017214274576 -0.9929617607872979
-4.954321 -7.564286e-05 -1.0775107956827554 -0.9948166475534903
-4.994189 -7.573808e-05 -1.0788671772099072 -0.996068932847569
-5.033834 -7.567105e-05 -1.0779123541289894 -0.9951873881798301
-5.073688 -7.586427e-05 -1.0806647174841273 -0.9977285199223407
-5.113648 -7.572924e-05 -1.0787412539511378 -0.9959526736373226
-5.153708 -7.566969e-05 -1.077892981319948 -0.9951695021474846
-5.193815 -7.570801e-05 -1.0784388387041157 -0.9956734674118102
-5.233604000000001 -7.545086e-05 -1.0747758108769048 -0.9922915606341133
-5.273658 -7.549955e-05 -1.0754693859300135 -0.992931906895074
-5.313642 -7.552518e-05 -1.0758344779121696 -0.9932689796958223
-5.353695 -7.560317e-05 -1.076945423042421 -0.9942946647418753
-5.393717 -7.567224e-05 -1.0779293053369008 -0.9952030384581326
-5.433705 -7.576852e-05 -1.0793007862593347 -0.9964692643362452
-5.473868 -7.573259e-05 -1.0787889737381147 -0.9959967311434679
-5.5135749999999994 -7.566616e-05 -1.0778426974847155 -0.9951230773723523
-5.553679 -7.56432e-05 -1.0775156388850158 -0.9948211190615768
-5.593704 -7.551889e-05 -1.0757448786703527 -0.9931862567962237
-5.633953 -7.563315e-05 -1.0773724795240844 -0.9946889465431406
-5.673686 -7.561586e-05 -1.0771261884444328 -0.994461557205453
-5.713814999999999 -7.582798e-05 -1.0801477768663965 -0.9972512521915897
-5.753575 -7.590943e-05 -1.0813080087020035 -0.9983224414081692
-5.793639 -7.600223e-05 -1.0826299180248313 -0.9995429000858681
-5.833708 -7.584844e-05 -1.08043922368477 -0.997520331766436
-5.873751 -7.579349e-05 -1.0796564767312207 -0.996797657150708
-5.913613000000001 -7.570535e-05 -1.0784009477687848 -0.9956384844367814
-5.953723 -7.569739e-05 -1.0782875598570423 -0.9955337985415823
-5.993821 -7.55583e-05 -1.0763062627911788 -0.9937045571894147
-6.033825 -7.575563e-05 -1.0791171719148167 -0.9962997415737932
-6.07383 -7.583952e-05 -1.080312160848998 -0.9974030204366398
-6.113708 -7.582382e-05 -1.0800885188622698 -0.9971965419750032
-6.153714 -7.587654e-05 -1.0808395001068762 -0.9978898887582822
-6.193679 -7.582142e-05 -1.0800543315521964 -0.9971649783885109
-6.233396 -7.584642e-05 -1.0804104493654583 -0.9974937657478048
-6.273362 -7.598639e-05 -1.0824042817783486 -0.9993345804150195
-6.313255 -7.590223e-05 -1.081205446771784 -0.9982277506486925
-6.353314999999999 -7.569433e-05 -1.078243971036699 -0.9954935549688045
-6.393623 -7.575305e-05 -1.0790804205564881 -0.996265810718314
-6.433424 -7.579682e-05 -1.0797039116239469 -0.9968414516269657
-6.47301 -7.569708e-05 -1.0782831439961575 -0.9955297215783268
-6.513074 -7.563637e-05 -1.077418347498433 -0.9947312943550178
-6.553658 -7.572921e-05 -1.0787408266097616 -0.9959522790924913
-6.5937730000000006 -7.583932e-05 -1.080309311906492 -0.9974003901377654
-6.633377 -7.583539e-05 -1.0802533301862471 -0.9973487047648844
-6.673254 -7.602714e-05 -1.0829847538139654 -0.9998705038106686
-6.713104 -7.588611e-05 -1.080975822005793 -0.99801574855942
-6.7533900000000004 -7.606077e-05 -1.083463803496365 -1.0003127885663907
-6.793311 -7.601443e-05 -1.0828037035177032 -0.9997033483172036
-6.8332690000000005 -7.583779e-05 -1.0802875174963205 -0.9973802683513766
-6.87334 -7.602933e-05 -1.083015949734407 -0.9998993055833426
-6.913232 -7.561491e-05 -1.0771126559675288 -0.9944490632857997
-6.953424 -7.557897e-05 -1.0766007009991836 -0.993976398578079
-6.99301 -7.566562e-05 -1.077835005339949 -0.9951159755653914
-7.0330379999999995 -7.578727e-05 -1.079567874619281 -0.9967158548557156
-7.073241 -7.585705e-05 -1.0805618706596576 -0.9976335661329768
-7.113358 -7.628059e-05 -1.0865950762048135 -1.00320375005919
-7.153093 -7.603197e-05 -1.0830535557754875 -0.9999340255284841
-7.193443 -7.600542e-05 -1.0826753586578035 -0.999584853352914
-7.233227 -7.590891e-05 -1.0813006014514877 -0.998315602631096
-7.2731580000000005 -7.584973e-05 -1.080457599363934 -0.9975372971941753
-7.313093 -7.591541e-05 -1.0813931920829356 -0.9984010873445123
-7.3531130000000005 -7.575966e-05 -1.0791745781063147 -0.9963527420961114
-7.39318 -7.56047e-05 -1.0769672174525926 -0.9943147865282641
-7.432764 -7.573835e-05 -1.0788710232822902 -0.9960724837510493
-7.472834 -7.582143e-05 -1.0800544739993216 -0.9971651099034545
-7.512906 -7.583747e-05 -1.0802829591883107 -0.9973760598731777
-7.552778 -7.576613e-05 -1.0792667413963868 -0.9964378322646967
-7.592566 -7.603538e-05 -1.0831021302452166 -0.9999788721242919
-7.63275 -7.596383e-05 -1.082082921063661 -0.9990378827019927
-7.67283 -7.61136e-05 -1.08421635165935 -1.0010075820140505
-7.712732 -7.596739e-05 -1.0821336322402697 -0.9990847020219562
-7.752585 -7.614737e-05 -1.0846973956015042 -1.0014517079789849
-7.792584 -7.589711e-05 -1.081132513843628 -0.9981604149975092
-7.832727 -7.589622e-05 -1.0811198360494758 -0.9981487101675183
-7.872399000000001 -7.576965e-05 -1.0793168827844941 -0.9964841255248852
-7.912198 -7.573713e-05 -1.0788536447330033 -0.9960564389279158
-7.952269 -7.591224e-05 -1.081348036344214 -0.9983593971073539
-7.992546999999999 -7.625417e-05 -1.0862187308997584 -1.0028562875778881
-8.032278 -7.603495e-05 -1.083096005018828 -0.9999732169817118
-8.072455 -7.618325e-05 -1.0852084958870973 -1.0019235835970433
-8.112368 -7.625909e-05 -1.0862888148854084 -1.0029209929301972
-8.152242 -7.603121e-05 -1.0830427297939644 -0.9999240303927617
-8.192396 -7.588277e-05 -1.080928244665941 -0.9979718225682181
-8.232057000000001 -7.569961e-05 -1.0783191831188599 -0.9955629948590875
-8.27201 -7.569485e-05 -1.0782513782872147 -0.9955003937458778
-8.312217 -7.578752e-05 -1.0795714357974135 -0.9967191427293084
-8.352074 -7.591322e-05 -1.081361996162494 -0.9983722855718382
-8.392198 -7.6181e-05 -1.0851764452839037 -1.0018939927347068
-8.431887000000001 -7.616029e-05 -1.0848814372873976 -1.0016216252862677
-8.47184 -7.62527e-05 -1.0861977911723386 -1.0028369548811618
-8.51189 -7.599303e-05 -1.082498866669551 -0.9994219063376479
-8.551689 -7.577468e-05 -1.0793885336885223 -0.9965502775415751
-8.591908 -7.570987e-05 -1.0784653338694223 -0.9956979291913417
-8.631529 -7.580445e-05 -1.0798125987805545 -0.9969417975290223
-8.671491 -7.586404e-05 -1.0806614412002453 -0.9977254950786352
-8.71134 -7.593963e-05 -1.0817381990204238 -0.9987196165381963
-8.751279 -7.60718e-05 -1.0836209226755762 -1.000457849549311
-8.791307000000002 -7.618878e-05 -1.0852872691473907 -1.001996311360919
-8.831245000000001 -7.616682e-05 -1.0849744552602218 -1.0017075045445154
-8.870973 -7.600401e-05 -1.0826552736131354 -0.9995663097458498
-8.910943 -7.5942e-05 -1.0817719589891208 -0.9987507855798572
-8.950906000000002 -7.576475e-05 -1.079247083693095 -0.9964196832024638
-8.990649 -7.57143e-05 -1.0785284379459326 -0.9957561903114086
-9.030807000000001 -7.582309e-05 -1.0800781202221226 -0.9971869413841119
-9.070877000000001 -7.579393e-05 -1.079662744404734 -0.9968034438082315
-9.11088 -7.611644e-05 -1.0842568066429366 -1.0010449322580663
-9.15051 -7.610621e-05 -1.0841110832337497 -1.0009103924706433
-9.19013 -7.619613e-05 -1.0853919677844899 -1.0020929748445515
-9.230353 -7.613177e-05 -1.0844751780860287 -1.0012465446667853
-9.270057000000001 -7.580934e-05 -1.0798822554248284 -0.9970061083365002
-9.309788000000001 -7.570347e-05 -1.0783741677092273 -0.9956137596273624
-9.349604 -7.570082e-05 -1.0783364192210216 -0.9955789081672773
-9.389631 -7.583946e-05 -1.0803113061662464 -0.9974022313469775
-9.429661 -7.578105e-05 -1.0794792725073417 -0.9966340525607233
-9.46951 -7.600162e-05 -1.0826212287501877 -0.9995348776743014
-9.509218 -7.622677e-05 -1.0858284257764235 -1.002495936632102
-9.549214 -7.620866e-05 -1.0855704540324966 -1.0022577630690297
-9.58917 -7.58774e-05 -1.0808517505596527 -0.997901199043442
-9.629205 -7.603916e-05 -1.0831559752585818 -1.0000285847730173
-9.66951 -7.583845e-05 -1.0802969190065905 -0.997388948337662
-9.709406000000001 -7.598233e-05 -1.082346448245475 -0.9992811853478702
-9.749464 -7.573166e-05 -1.0787757261554614 -0.9959845002537022
-9.789321 -7.587075e-05 -1.0807570232213248 -0.9978137416058697
-9.82952 -7.584067e-05 -1.0803285422684081 -0.9974181446551672
-9.869491 -7.579791e-05 -1.0797194383606055 -0.9968557867558312
-9.909566 -7.597374e-05 -1.0822240861648382 -0.9991682140112168
-9.948793 -7.616712e-05 -1.084978728673981 -1.001711449992827
-9.991862 -7.589845e-05 -1.0811516017584188 -0.9981780379999674
-9.994026 -7.589538e-05 -1.0811078704909503 -0.998137662912246
-9.956021 -7.620324e-05 -1.0854932476905816 -1.0021864819695347
-9.916763000000001 -7.598298e-05 -1.0823557073086199 -0.9992897338192119
-9.877169 -7.604258e-05 -1.083204692175436 -1.0000735628837685
-9.837639999999999 -7.583455e-05 -1.0802413646277218 -0.9973376575096122
-9.798131 -7.569497e-05 -1.0782530876527183 -0.9955019719252025
-9.758413000000001 -7.573978e-05 -1.078891393221209 -0.9960912903880009
-9.71914 -7.569687e-05 -1.0782801526065262 -0.9955269597645088
-9.679232 -7.596167e-05 -1.0820521524845954 -0.9990094754741498
-9.638771 -7.611964e-05 -1.0843023897230342 -1.001087017040056
-9.599008 -7.611064e-05 -1.08417418731026 -1.0009686535907103
-9.55947 -7.621446e-05 -1.0856530733651735 -1.002334041736386
-9.519566000000001 -7.607558e-05 -1.0836747676889413 -1.0005075621980364
-9.479657999999999 -7.596094e-05 -1.082041753844448 -0.9989998748832583
-9.440066 -7.585561e-05 -1.0805413582736134 -0.9976146279810812
-9.400055 -7.591012e-05 -1.0813178375536494 -0.9983315159392857
-9.360545 -7.573333e-05 -1.0787995148253873 -0.9960064632493031
-9.320529 -7.572492e-05 -1.0786797167930062 -0.9958958591816367
-9.280753 -7.577964e-05 -1.0794591874626736 -0.9966155089536591
-9.241011 -7.580806e-05 -1.0798640221927893 -0.9969892744237042
-9.200576 -7.594745e-05 -1.081849592672412 -0.9988224612241834
-9.160696 -7.581263e-05 -1.0799291205290538 -0.9970493767529833
-9.121075000000001 -7.582372e-05 -1.0800870943910168 -0.9971952268255662
-9.081253 -7.604467e-05 -1.0832344636246247 -1.0001010495070055
-9.040998 -7.596873e-05 -1.0821527201550603 -0.9991023250244142
-9.000992 -7.620068e-05 -1.0854567812265035 -1.002152814143943
-8.961395 -7.616643e-05 -1.084968899822335 -1.0017023754617105
-8.921445 -7.612514e-05 -1.0843807356419515 -1.0011593502591005
-8.881593 -7.596694e-05 -1.082127222119631 -0.9990787838494889
-8.841695 -7.577767e-05 -1.0794311253789883 -0.9965896005097467
-8.801604 -7.577325e-05 -1.0793681637496038 -0.9965314709046235
-8.761657999999999 -7.579105e-05 -1.079621719632646 -0.9967655675044407
-8.721677 -7.58371e-05 -1.0802776886446745 -0.9973711938202603
-8.681714 -7.599368e-05 -1.0825081257326956 -0.9994304548089895
-8.641969999999999 -7.587665e-05 -1.0808410670252546 -0.9978913354226631
-8.602094 -7.613271e-05 -1.0844885681158074 -1.0012589070714948
-8.562149 -7.601365e-05 -1.082792592641929 -0.9996930901515935
-8.522418 -7.607725e-05 -1.0836985563588672 -1.0005295251936372
-8.482158 -7.611571e-05 -1.0842464080027894 -1.001035331667175
-8.442253000000001 -7.621076e-05 -1.0856003679288107 -1.0022853812072103
-8.402021000000001 -7.611136e-05 -1.0841844435032817 -1.0009781226666579
-8.362356 -7.62195e-05 -1.085724866716327 -1.0024003252680196
-8.322501 -7.590084e-05 -1.081185646621367 -0.9982094700715161
-8.282122 -7.601883e-05 -1.0828663802528369 -0.9997612148924391
-8.241932 -7.599583e-05 -1.082538751864636 -0.9994587305218888
-8.202148999999999 -7.600769e-05 -1.0827076941552476 -0.9996147072451379
-8.162177 -7.557178e-05 -1.0764982815160895 -0.993881839333546
-8.12214 -7.569597e-05 -1.0782673323652487 -0.9955151234195743
-8.082082999999999 -7.585453e-05 -1.0805259739840807 -0.9976004243671599
-8.042621 -7.600445e-05 -1.082661541286649 -0.9995720964033735
-8.002613 -7.600836e-05 -1.0827172381126433 -0.9996235187463671
-7.9625259999999995 -7.611317e-05 -1.0842102264329618 -1.0010019268714707
-7.922511 -7.622491e-05 -1.0858019306111169 -1.0024714748525707
-7.882649000000001 -7.622523e-05 -1.0858064889191266 -1.0024756833307695
-7.842866 -7.617945e-05 -1.0851543659794816 -1.0018736079184307
-7.802789 -7.610869e-05 -1.0841464101208254 -1.0009430081766852
-7.762446 -7.583634e-05 -1.080266862663151 -0.9973611986845374
-7.722564 -7.574797e-05 -1.0790080574168335 -0.9961990011269056
-7.6827510000000006 -7.586552e-05 -1.0806825233747903 -0.9977449592903054
-7.642506999999999 -7.581084e-05 -1.0799036224936243 -0.9970258355780578
-7.602594 -7.602737e-05 -1.0829880300978474 -0.9998735286543741
-7.562913 -7.582431e-05 -1.0800954987714095 -0.9972029862072453
-7.523039 -7.608098e-05 -1.083751689136606 -1.000578580267644
-7.483121 -7.604399e-05 -1.083224777220104 -1.0000921064908328
-7.443214 -7.596357e-05 -1.0820792174384033 -0.999034463313456
-7.402714 -7.604936e-05 -1.0833012713263923 -1.0001627300156088
-7.362941 -7.609208e-05 -1.0839098054456942 -1.0007245618551703
-7.323111 -7.5941e-05 -1.0817577142765904 -0.9987376340854854
-7.283085 -7.608237e-05 -1.0837714892870234 -1.0005968608448206
-7.243187 -7.614098e-05 -1.0846063718884342 -1.0013676699299492
-7.203205 -7.589514e-05 -1.081104451759943 -0.9981345065535969
-7.163121 -7.578613e-05 -1.0795516356469963 -0.9967008621521318
-7.123279 -7.580597e-05 -1.0798342507436007 -0.9969617878004674
-7.083149000000001 -7.566347e-05 -1.0778043792080085 -0.9950876998524922
-7.043324999999999 -7.593653e-05 -1.0816940404115793 -0.9986788469056438
-7.003366 -7.587214e-05 -1.0807768233717423 -0.9978320221830466
-6.963539 -7.611662e-05 -1.0842593706911923 -1.0010472995270534
-6.923149 -7.600046e-05 -1.0826047048836522 -0.99951962194083
-6.8833850000000005 -7.613907e-05 -1.0845791644875011 -1.0013425505756992
-6.843104 -7.609665e-05 -1.0839749037819586 -1.0007846641844493
-6.803215 -7.597805e-05 -1.0822854808758446 -0.9992248969519592
-6.763139 -7.605095e-05 -1.0833239204193161 -1.0001836408916602
-6.723399000000001 -7.59808e-05 -1.0823246538353033 -0.9992610635614815
-6.683281 -7.608716e-05 -1.0838397214600444 -1.0006598565028615
-6.643479 -7.607774e-05 -1.0837055362680073 -1.0005359694258793
-6.603446 -7.599002e-05 -1.0824559900848343 -0.999382320339589
-6.563346999999999 -7.615847e-05 -1.0848555119105923 -1.0015976895665113
-6.523112 -7.615139e-05 -1.0847546593458763 -1.001504576986359
-6.483356 -7.609613e-05 -1.0839674965314425 -1.0007778254073758
-6.443404 -7.594463e-05 -1.0818094225830759 -0.9987853740100548
-6.403353 -7.583511e-05 -1.080249341666739 -0.9973450223464604
-6.363262 -7.575468e-05 -1.0791036394379128 -0.99628724765414
-6.323326 -7.570906e-05 -1.0784537956522726 -0.9956872764809005
-6.2830200000000005 -7.580603e-05 -1.0798351054263526 -0.9969625768901297
-6.2432240000000006 -7.603445e-05 -1.083088882662563 -0.999966641234526
-6.2035730000000004 -7.598192e-05 -1.0823406079133373 -0.9992757932351777
-6.163696 -7.5914e-05 -1.0813731070382677 -0.9983825437374482
-6.123706 -7.580535e-05 -1.079825419021832 -0.9969536338739569
-6.083585 -7.587121e-05 -1.0807635757890888 -0.9978197912932807
-6.043564 -7.584167e-05 -1.0803427869809388 -0.9974312961495391
-6.003724 -7.572943e-05 -1.0787439604465183 -0.9959551724212531
-5.9637150000000005 -7.57875e-05 -1.0795711509031631 -0.9967188796994212
-5.923575 -7.601162e-05 -1.0827636758754924 -0.9996663926180189
-5.883489 -7.586205e-05 -1.08063309422231 -0.9976993236048356
-5.843594 -7.590005e-05 -1.0811743932984679 -0.9981990803909623
-5.803394 -7.579505e-05 -1.079678698482768 -0.9968181734819278
-5.7636769999999995 -7.563776e-05 -1.07743814764885 -0.9947495749321943
-5.723705 -7.566674e-05 -1.0778509594179833 -0.9951307052390879
-5.683724 -7.579611e-05 -1.0796937978780505 -0.996832114065962
-5.643816 -7.604457e-05 -1.0832330391533715 -1.0000997343575684
-5.603592 -7.624582e-05 -1.0860997875501293 -1.0027464725998843
-5.5636220000000005 -7.587715e-05 -1.0808481893815198 -0.997897911169849
-5.523733 -7.57759e-05 -1.0794059122378095 -0.9965663223647087
-5.483770000000001 -7.563737e-05 -1.0774325922109633 -0.9947444458493896
-5.443545 -7.592016e-05 -1.0814608544674555 -0.9984635569427782
-5.4034830000000005 -7.5945e-05 -1.0818146931267123 -0.9987902400629726
-5.3636490000000006 -7.609885e-05 -1.0840062421495256 -1.000813597472067
-5.323506999999999 -7.591429e-05 -1.0813772380049016 -0.998386357670816
-5.2836490000000005 -7.581162e-05 -1.079914733369398 -0.9970360937436678
-5.243853 -7.572462e-05 -1.078675443379247 -0.9958919137333251
-5.203705 -7.595581e-05 -1.0819686784691667 -0.9989324077171312
-5.163743 -7.59634e-05 -1.082076795837273 -0.9990322275594129
-5.1238339999999996 -7.587289e-05 -1.0807875069061401 -0.9978418858038254
-5.083575 -7.578859e-05 -1.079586677639821 -0.9967332148282863
-5.04363 -7.548309e-05 -1.075234917961762 -0.992715433297715
-5.003575 -7.569112e-05 -1.078198245509476 -0.9954513386718712
-4.963856 -7.582069e-05 -1.0800439329120495 -0.9971553777976196
-4.923974 -7.580842e-05 -1.0798691502893005 -0.9969940089616783
-4.883781 -7.581289e-05 -1.0799328241543118 -0.99705279614152
-4.843853 -7.564955e-05 -1.0776060928095843 -0.9949046310508374
-4.803903 -7.56813e-05 -1.078058362432427 -0.9953221909971407
-4.764362 -7.579112e-05 -1.0796227167625232 -0.9967664881090468
-4.723863000000001 -7.571555e-05 -1.0785462438365956 -0.9957726296793733
-4.683573 -7.56851e-05 -1.0781124923400427 -0.9953721666757533
-4.6437610000000005 -7.562849e-05 -1.0773060991636927 -0.9946276605793682
-4.604035 -7.581038e-05 -1.07989706992586 -0.9970197858906468
-4.5641490000000005 -7.576498e-05 -1.0792503599769767 -0.9964227080461692
-4.523742 -7.581875e-05 -1.08001629816974 -0.9971298638985383
-4.483941 -7.570415e-05 -1.078383854113748 -0.9956227026435353
-4.444159 -7.559287e-05 -1.076798702503357 -0.9941592043498462
-4.403724 -7.520217e-05 -1.0712332933177016 -0.9890209154988013
-4.363799 -7.562056e-05 -1.077193138593326 -0.9945233692290002
-4.323677 -7.575106e-05 -1.0790520735785525 -0.9962396392445143
-4.284064 -7.549462e-05 -1.075399159497238 -0.9928670700278212
-4.243955 -7.538333e-05 -1.073813865439722 -0.9914034402191886
-4.203594 -7.537597e-05 -1.0737090243554976 -0.9913066452206125
-4.163715 -7.547437e-05 -1.0751107040684962 -0.9926007522667932
-4.123685999999999 -7.563768e-05 -1.0774370080718476 -0.9947485228126447
-4.083469 -7.546193e-05 -1.0749334998446172 -0.9924371476768086
-4.043418 -7.540886e-05 -1.074177532950625 -0.9917391978704995
-4.003488 -7.526261e-05 -1.0720942437430434 -0.9898157918186302
-3.9636489999999998 -7.553543e-05 -1.0759804862156068 -0.9934037825131327
-3.923281 -7.57165e-05 -1.0785597763134993 -0.9957851235990264
-3.883205 -7.556569e-05 -1.076411531216779 -0.9938017467328221
-3.8433560000000004 -7.55695e-05 -1.07646580357152 -0.9938518539263783
-3.80362 -7.541763e-05 -1.0743024590795172 -0.9918545364761399
-3.7636860000000003 -7.511162e-05 -1.0699434345980674 -0.9878300476834388
-3.723545 -7.539733e-05 -1.0740132914151488 -0.9915875611403934
-3.683779 -7.528404e-05 -1.0723995079325714 -0.9900976283430171
-3.6436770000000003 -7.535436e-05 -1.0734011961177141 -0.9910224414272388
-3.6034360000000003 -7.516398e-05 -1.070689287746163 -0.988518659928744
-3.5636300000000003 -7.518799e-05 -1.0710313032940195 -0.9888344273086099
-3.523649 -7.517792e-05 -1.0708878590388378 -0.9887019917602863
-3.4835100000000003 -7.52492e-05 -1.0719032221480098 -0.9896394302791052
-3.443564 -7.516248e-05 -1.0706679206773673 -0.9884989326871864
-3.4035659999999996 -7.525927e-05 -1.0720466664031916 -0.9897718658274286
-3.363563 -7.52092e-05 -1.071333433646791 -0.9891133705042349
-3.323714 -7.514132e-05 -1.0703665025602225 -0.9882206470662801
-3.2834879999999997 -7.503094e-05 -1.0687941711911089 -0.9867689851175258
-3.2436030000000002 -7.524646e-05 -1.0718641916356761 -0.9896033951845263
-3.2036770000000003 -7.521866e-05 -1.0714681886273292 -0.9892377836409917
-3.1639690000000003 -7.514804e-05 -1.0704622270284272 -0.9883090251084582
-3.123482 -7.496626e-05 -1.0678728231846382 -0.9859183464615607
-3.0833090000000003 -7.490041e-05 -1.0669348088645065 -0.9850523205571805
-3.04345 -7.471823e-05 -1.064339707135705 -0.9826563813125342
-3.003603 -7.496853e-05 -1.067905158682082 -0.9859482003537844
-2.9632330000000002 -7.47465e-05 -1.0647424051589414 -0.9830281740584236
-2.923705 -7.485639e-05 -1.066307756618915 -0.9844733917749358
-2.883441 -7.473135e-05 -1.0645265977641047 -0.9828289289186914
-2.843384 -7.469983e-05 -1.0640776044251443 -0.9824143938160937
-2.803121 -7.43878e-05 -1.0596328267742612 -0.978310733027275
-2.76312 -7.41996e-05 -1.0569519718760263 -0.9758356217865106
-2.7235259999999997 -7.428704e-05 -1.0581975295396908 -0.9769855884543769
-2.68327 -7.433765e-05 -1.0589184544408576 -0.9776511855845312
-2.642969 -7.457324e-05 -1.0622743662659118 -0.9807495461435731
-2.603205 -7.443503e-05 -1.0603056045470751 -0.9789318781064529
-2.5634409999999996 -7.425734e-05 -1.0577744615775357 -0.9765949890715357
-2.523307 -7.40813e-05 -1.0552668223836714 -0.9742798000023318
-2.483469 -7.375967e-05 -1.0506852954924955 -0.9700498848675441
-2.443399 -7.373514e-05 -1.050335872694123 -0.9697272787106048
-2.403431 -7.3614e-05 -1.0486102682181815 -0.9681341066824104
-2.3634920000000004 -7.365163e-05 -1.049146296750703 -0.9686289974156195
-2.3232049999999997 -7.357272e-05 -1.0480222464849238 -0.9675912129947444
-2.283507 -7.356032e-05 -1.0478456120495458 -0.9674281344645346
-2.243584 -7.365207e-05 -1.0491525644242168 -0.9686347840731432
-2.203243 -7.343866e-05 -1.0461126003230887 -0.9658281236592668
-2.1631489999999998 -7.301909e-05 -1.0401359462866784 -0.9603101511657094
-2.123299 -7.318111e-05 -1.0424438746108655 -0.9624409562838212
-2.083445 -7.271684e-05 -1.0358304819243433 -0.9563351119918464
-2.043158 -7.276353e-05 -1.036495567552391 -0.9569491552640635
-2.002875 -7.238471e-05 -1.0310993855515973 -0.9519671061661551
-1.962918 -7.208113e-05 -1.0267749757215965 -0.9479745755047775
-1.923111 -7.175907e-05 -1.0221873236040326 -0.9437390052274098
-1.883195 -7.163588e-05 -1.020432517467404 -0.9421188726357534
-1.842894 -7.119605e-05 -1.0141672655551264 -0.9363344508662242
-1.803167 -7.083013e-05 -1.0089548403459758 -0.9315220560457114
-1.763029 -7.053101e-05 -1.004693961933861 -0.9275881810492318
-1.722899 -7.022355e-05 -1.0003142826192422 -0.923544622589692
-1.683073 -6.984005e-05 -0.994851435363806 -0.9185010244981238
-1.6431859999999998 -6.934503e-05 -0.9878000177669715 -0.9119907717542172
-1.603168 -6.89546e-05 -0.9822384546536995 -0.9068560338066529
-1.562779 -6.854284e-05 -0.9763730518221523 -0.9014407744841388
-1.522837 -6.783132e-05 -0.9662376539624706 -0.8920832232087473
-1.4831679999999998 -6.710405e-05 -0.9558779018804341 -0.8825185358970007
-1.442941 -6.628153e-05 -0.94416134092987 -0.8717011687463443
-1.40263 -6.559624e-05 -0.9343995818798628 -0.862688581168324
-1.3627989999999999 -6.461649e-05 -0.9204433247781326 -0.8498034045575965
-1.323112 -6.41187e-05 -0.9133524493275889 -0.8432567221742804
-1.2831949999999999 -6.310178e-05 -0.898866716261101 -0.8298827045177547
-1.243269 -6.251338e-05 -0.8904851274081712 -0.8221443652294138
-1.203073 -6.161127e-05 -0.8776348297873069 -0.8102802706417094
-1.1631120000000001 -6.069414e-05 -0.8645705765842349 -0.7982186406085412
-1.122922 -5.960881e-05 -0.8491103627335375 -0.7839449292220438
-1.083148 -5.876473e-05 -0.8370866857808165 -0.7728440158527324
-1.042797 -5.765194e-05 -0.8212353121240322 -0.7582091644307866
-1.0026950000000001 -5.65314e-05 -0.805273541945137 -0.7434723889274597
-0.9631955000000001 -5.541783e-05 -0.789411057412579 -0.7288272793399039
-0.9230728 -5.446491e-05 -0.7758369859480415 -0.7162949573231707
-0.8832804 -5.3254e-05 -0.7585879210977674 -0.7003696812734682
-0.8432693 -5.192787e-05 -0.7396975804697322 -0.682929090042252
-0.8030351 -5.07716e-05 -0.7232268467121231 -0.6677224116450223
-0.7626953 -4.943706e-05 -0.7042167080517068 -0.6501712163461397
-0.7226955 -4.803752e-05 -0.6842806630768096 -0.631765173913093
-0.6826953 -4.666719e-05 -0.6647607061549277 -0.6137432866306453
-0.6427048999999999 -4.527959e-05 -0.6449947430476444 -0.5954942730403973
-0.6026955 -4.393109e-05 -0.6257857482003027 -0.577759482880085
-0.5627971 -4.239687e-05 -0.6039312253418015 -0.5575821971850502
-0.5225351 -4.079851e-05 -0.5811630466215959 -0.5365613746410111
-0.4825256 -3.958875e-05 -0.5639303631907319 -0.5206512228098361
-0.4427049 -3.803912e-05 -0.5418563293121362 -0.5002712725865326
-0.40261189999999997 -3.609873e-05 -0.5142160315651333 -0.474752244422522
-0.362554 -3.427751e-05 -0.4882732762103866 -0.4508004798427933
-0.3227803 -3.224295e-05 -0.45929155388438914 -0.4240429754537945
-0.2824731 -3.039415e-05 -0.4329559293580521 -0.3997284926592929
-0.2423086 -2.832961e-05 -0.40354715055039103 -0.3725767064690288
-0.202403 -2.617636e-05 -0.3728747232941516 -0.34425825121304615
-0.1625068 -2.361023e-05 -0.33632093912833094 -0.3105098069608532
-0.12228789999999999 -2.05018e-05 -0.2920422473572353 -0.2696293073108572
-0.08227091 -1.73712e-05 -0.24744775030933894 -0.2284572390306394
-0.04274261 -1.330758e-05 -0.18956265157626143 -0.17501456347168623
-0.002574891 -8.024476e-06 -0.11430635382767358 -0.10553385095028722
0.03758252 -1.718051e-06 -0.02447314260769032 -0.022594938056888936
0.07748382 4.017929e-06 0.057234243572847704 0.05284177062961327
0.11766589999999999 8.488136e-06 0.1209110572395523 0.11163167283069536
0.15758760000000002 1.209052e-05 0.1722259817439249 0.15900840573159747
0.1975404 1.742916e-05 0.24827337384760514 0.22921949964442637
0.2375216 2.086336e-05 0.2971925656197528 0.2743843616159092
0.2773048 2.312328e-05 0.3293844763616176 0.3041056867765269
0.3177102 2.538628e-05 0.3616202608180762 0.3338675185398096
0.35766590000000004 2.760767e-05 0.3932633227861419 0.3630821166222836
0.39797140000000003 2.992602e-05 0.4262875520811621 0.39357188359904294
0.4374178 3.173606e-05 0.45207105154981797 0.4173766144716953
0.4776288 3.378761e-05 0.4812947915417083 0.4443575627500703
0.517531 3.550536e-05 0.505763646490927 0.46694854220715337
0.5576196 3.764151e-05 0.5361924891628952 0.49504210690937894
0.5977307 3.960451e-05 0.5641548598602121 0.520858490361135
0.6380177 4.112407e-05 0.5858005552330166 0.5408429751486798
0.6778423 4.291252e-05 0.6112765113581397 0.564363765257846
0.717814 4.459781e-05 0.6352829829386191 0.5865278472076219
0.7580309999999999 4.672883e-05 0.6656387502353059 0.6145539447437203
0.7979084000000001 4.839988e-05 0.6894423771093515 0.6365307494136423
0.8376752000000001 5.004141e-05 0.7128255000694976 0.6581193219697101
0.8780363 5.097704e-05 0.7261532804543832 0.6704242546487557
0.9180404999999999 5.249705e-05 0.7478053859478264 0.6904146576087679
0.9578973 5.392481e-05 0.7681434167103335 0.7091918352129856
0.9982955 5.550648e-05 0.7906738511784055 0.7299931593159601
1.038163 5.670236e-05 0.8077088179993465 0.745720768405255
1.0781910000000001 5.779691e-05 0.823300368099575 0.7601157365698601
1.1183699999999999 5.891348e-05 0.8392055867697242 0.7748003006405311
1.158116 5.956959e-05 0.8485516851080922 0.7834291276127835
1.198008 6.081377e-05 0.8662746715442553 0.7997919538802344
1.2381820000000001 6.177363e-05 0.8799476013137543 0.8124155472679075
1.278018 6.288786e-05 0.8958194873565823 0.8270693368417488
1.318295 6.369334e-05 0.9072933184056271 0.8376626025283104
1.357899 6.436916e-05 0.9169201800279709 0.8465506454546302
1.398101 6.501742e-05 0.9261544573729749 0.8550762331960645
1.438157 6.608594e-05 0.9413752176060349 0.8691288679621726
1.478191 6.665477e-05 0.9494780374347436 0.8766098325056584
1.51774 6.741721e-05 0.9603387760564766 0.8866370578744595
1.55822 6.802838e-05 0.9690447170137254 0.8946748566896454
1.598277 6.845281e-05 0.9750906003530337 0.9002567454458497
1.638418 6.888129e-05 0.9811941747780906 0.9058918977542595
1.678229 6.939571e-05 0.988521939798016 0.9126572894889778
1.718471 6.9898e-05 0.995676916454947 0.9192631535969671
1.7583330000000001 7.047582e-05 1.0039077962493044 0.9268623500748547
1.7984339999999999 7.122055e-05 1.0145162610121228 0.9366566624783321
1.838333 7.150914e-05 1.0186271426012918 0.9404520522390771
1.8786010000000002 7.168961e-05 1.0211978858716664 0.942825502428348
1.918578 7.172587e-05 1.021714399148021 0.9433023756142678
1.958453 7.216453e-05 1.0279629847466383 0.9490714101353821
1.998531 7.222409e-05 1.0288113998249528 0.9498547131401637
2.038116 7.232247e-05 1.0302127946437007 0.951148557156457
2.078286 7.261133e-05 1.034327522305253 0.9549474978206823
2.1183899999999998 7.28883e-05 1.038272880334818 0.9585900672168275
2.157971 7.306865e-05 1.0408419142396887 0.9609619392267736
2.198323 7.339648e-05 1.0455117583485534 0.9652733936266663
2.238333 7.356129e-05 1.0478594294207004 0.9674408914140752
2.2784899999999997 7.363235e-05 1.0488716586931157 0.9683754366041322
2.3184270000000002 7.362329e-05 1.0487426015975898 0.9682562840651242
2.358166 7.38174e-05 1.0515076427468797 0.9708091206376255
2.398352 7.362366e-05 1.048747872141226 0.9682611501180417
2.438203 7.392941e-05 1.053103192997418 0.972282219522206
2.478527 7.404908e-05 1.0548078577459394 0.9738560588536739
2.518654 7.415596e-05 1.0563303326211964 0.9752616905721271
2.558435 7.430068e-05 1.0583918274186064 0.9771649748376076
2.598258 7.427971e-05 1.0580931157968423 0.9768891880006318
2.638203 7.457901e-05 1.0623565582572125 0.9808254302660983
2.678512 7.426061e-05 1.05782104178751 0.9766379944581312
2.7182959999999996 7.44708e-05 1.06081513791429 0.9794023070601304
2.758361 7.445471e-05 1.060585940489675 0.979190699515689
2.797927 7.452177e-05 1.0615411909119683 0.9800726387282589
2.838333 7.468142e-05 1.0638153592674584 0.9821722748047098
2.878597 7.483119e-05 1.065948789863147 0.9841419741167675
2.9186199999999998 7.479083e-05 1.0653738732654172 0.9836111798039235
2.958748 7.473001e-05 1.0645075098493137 0.9828113059162332
2.9983519999999997 7.460037e-05 1.0626608253168635 0.9811063461858789
3.038453 7.46985e-05 1.0640586589574788 0.9823969023285793
3.078446 7.475544e-05 1.0648697528889637 0.983145748418107
3.118703 7.485435e-05 1.0662786974053529 0.9844465627264174
3.158861 7.495627e-05 1.0677305185064583 0.9857869630327866
3.198823 7.514654e-05 1.0704408599596313 0.9882892978669006
3.238993 7.511313e-05 1.0699649441139885 0.9878499064399403
3.278588 7.493432e-05 1.0674178470664148 0.9854982877313267
3.318851 7.498528e-05 1.0681437576169677 0.9861684878845114
3.3590880000000003 7.503651e-05 1.0688735142399037 0.9868422389411764
3.398437 7.506419e-05 1.0692678078827471 0.9872062723053866
3.438685 7.52383e-05 1.0717479547814275 0.9894960789904529
3.479031 7.554326e-05 1.0760920223147203 0.9935067587140635
3.518675 7.536905e-05 1.073610450944787 0.9912156368795602
3.55912 7.525155e-05 1.0719366972224564 0.9896703362908787
3.599125 7.509808e-05 1.0697505611904048 0.9876519764496453
3.639212 7.499424e-05 1.0682713902412406 0.9862863252740823
3.678974 7.510117e-05 1.0697945773521238 0.987692614567254
3.719111 7.521542e-05 1.0714220357587305 0.9891951727992273
3.7590500000000002 7.547977e-05 1.0751876255161608 0.9926717703364007
3.799138 7.537777e-05 1.0737346648380528 0.9913303179104818
3.838993 7.583842e-05 1.0802964916652147 0.9973885537928309
3.878701 7.544754e-05 1.0747285184313036 0.992247897672799
3.918731 7.544817e-05 1.0747374926001978 0.9922561831142532
3.958993 7.52803e-05 1.0723462327077076 0.9900484417540667
3.998796 7.526152e-05 1.0720787170063852 0.9898014566897652
4.03874 7.564287e-05 1.0775109381298806 0.994816779068434
4.079259 7.550266e-05 1.0755136869859834 0.9929728080425703
4.119314 7.571517e-05 1.078540830845834 0.995767632111512
4.15924 7.559356e-05 1.0768085313550033 0.9941682788809629
4.199201 7.540414e-05 1.074110297907481 0.9916771228170648
4.239388 7.549458e-05 1.0753985897087373 0.9928665439680465
4.279182 7.528385e-05 1.0723968014371905 0.9900951295590863
4.319166 7.55886e-05 1.076737877580852 0.9941030474688789
4.359135 7.575062e-05 1.0790458059050392 0.9962338525869907
4.399258 7.581229e-05 1.0799242773267934 0.997044905244897
4.439512 7.578275e-05 1.0795034885186432 0.9966564101011552
4.479361 7.557077e-05 1.0764838943564337 0.9938685563242304
4.519147 7.538618e-05 1.0738544628704338 0.991440921978148
4.55956 7.537285e-05 1.0736645808524028 0.9912656125581727
4.599296000000001 7.551833e-05 1.0757369016313358 0.9931788919593757
4.639638 7.564276e-05 1.0775093712115025 0.9948153324040533
4.67955 7.587681e-05 1.0808433461792595 0.9978934396617626
4.719569000000001 7.590996e-05 1.0813155583996445 0.9983294117001862
4.759536 7.572598e-05 1.0786948161882883 0.9959097997656706
4.799823 7.557336e-05 1.0765207881618877 0.9939026186946534
4.839437 7.566293e-05 1.0777966870632423 0.9950805980455316
4.879721 7.56169e-05 1.0771410029454644 0.9944752347595996
4.919625 7.571033e-05 1.0784718864371865 0.9957039788787527
4.959503 7.582008e-05 1.0800352436374057 0.9971473553860527
4.99923 7.590814e-05 1.0812896330228392 0.9983054759804296
5.039685 7.589056e-05 1.0810392109765536 0.9980742727093743
5.079295 7.572506e-05 1.0786817110527605 0.9958977003908488
5.119305000000001 7.565825e-05 1.0777300218085997 0.9950190490518718
5.159361 7.570449e-05 1.0783886973160086 0.9956271741516217
5.199545 7.569828e-05 1.078300237651194 0.995545503371573
5.23938 7.571698e-05 1.0785666137755143 0.995791436316325
5.279472 7.574948e-05 1.0790295669327543 0.9962188598834069
5.319456 7.56529e-05 1.0776538125965613 0.9949486885569827
5.359555 7.595981e-05 1.0820256573192886 0.9989850136946182
5.3995690000000005 7.58394e-05 1.0803104514834945 0.9974014422573152
5.439462000000001 7.600534e-05 1.082674219080801 0.9995838012333642
5.479672 7.589698e-05 1.0811306620309988 0.9981587053032407
5.519555 7.587167e-05 1.0807701283568527 0.9978258409806917
5.559635 7.583174e-05 1.080201336985511 0.9973007018104274
5.599569000000001 7.574331e-05 1.0789416770564415 0.9961377151631333
5.639408 7.583836e-05 1.0802956369824628 0.9973877647031686
5.679587000000001 7.600589e-05 1.0826820536726927 0.9995910345552687
5.719582999999999 7.596537e-05 1.082104857920958 0.9990581360033252
5.759747999999999 7.59457e-05 1.0818246644254836 0.9987994461090328
5.799644 7.595908e-05 1.0820152586791414 0.998975413103727
5.8398140000000005 7.603406e-05 1.0830833272246763 0.9999615121517211
5.8798710000000005 7.599536e-05 1.082532056849747 0.9994525493195342
5.919701 7.593544e-05 1.0816785136749212 0.9986645117767786
5.959685 7.575849e-05 1.079157911792654 0.9963373548476964
6.000020999999999 7.608401e-05 1.0837948506155735 1.0006184292955904
6.039776 7.582766e-05 1.0801432185583866 0.9972470437133907
6.079518 7.589922e-05 1.0811625701870673 0.9981881646506336
6.120055000000001 7.599089e-05 1.082468382984736 0.9993937621396926
6.160333 7.605969e-05 1.0834484192068323 1.0002985849524693
6.200022 7.597357e-05 1.082221664563708 0.9991659782571737
6.239361 7.607832e-05 1.083713798201275 1.000543597292615
6.279638 7.590856e-05 1.0812956158021019 0.9983109996080658
6.319681999999999 7.593282e-05 1.081641192528091 0.9986300548615245
6.359805000000001 7.586549e-05 1.0806820960334145 0.9977445647454742
6.3996450000000005 7.590642e-05 1.081265132117287 0.9982828554101104
6.439953 7.590269e-05 1.081211999339548 0.9982338003361035
6.4798800000000005 7.597356e-05 1.0822215221165825 0.9991658467422297
6.5196629999999995 7.615531e-05 1.084810498618996 1.0015561308442964
6.559935 7.593211e-05 1.0816310787821946 0.9986207173005206
6.600286 7.598953e-05 1.0824490101756945 0.999375876107347
6.639871 7.584174e-05 1.0803437841108159 0.9974322167541452
6.679953 7.603243e-05 1.0830601083432516 0.9999400752158951
6.71971 7.594522e-05 1.081817826963469 0.9987931333917343
6.7599350000000005 7.584439e-05 1.0803815325990216 0.9974670682142303
6.79989 7.589121e-05 1.0810484700396983 0.9980828211807158
6.839953 7.602607e-05 1.0829695119715577 0.9998564317116908
6.880078999999999 7.600547e-05 1.0826760708934298 0.9995855109276325
6.920268 7.617388e-05 1.085075022930687 1.00180035409478
6.960096999999999 7.597754e-05 1.0822782160724538 0.9992181896898295
7.000083 7.589551e-05 1.0811097223035793 0.9981393726065144
7.040153 7.586807e-05 1.080718847391743 0.9977784956009534
7.080111 7.582182e-05 1.0800600294372087 0.9971702389862597
7.119956 7.591738e-05 1.0814212541666206 0.9984269957884245
7.160166 7.588342e-05 1.0809375037290858 0.9979803710395597
7.200474 7.589159e-05 1.08105388303046 0.9980878187485771
7.240145 7.601782e-05 1.0828519930931815 0.9997479318831238
7.280323999999999 7.613865e-05 1.0845731817082382 1.001337026948063
7.320437 7.621362e-05 1.085641107806648 1.0023229944811136
7.360435000000001 7.613235e-05 1.0844834400192962 1.001254172533521
7.400475 7.604442e-05 1.0832309024464917 1.0000977616334124
7.44005 7.596213e-05 1.0820587050523593 0.9990155251615608
7.480212000000001 7.591736e-05 1.0814209692723702 0.9984267327585372
7.52005 7.582128e-05 1.0800523372924422 0.9971631371792988
7.5599620000000005 7.596407e-05 1.0820863397946685 0.9990410390606419
7.599993 7.591179e-05 1.0813416262235753 0.9983534789348866
7.64023 7.609017e-05 1.083882598044761 1.0006994425009204
7.68038 7.609022e-05 1.0838833102803875 1.0007001000756388
7.720379 7.614816e-05 1.0847086489244029 1.0014620976595383
7.760276 7.619205e-05 1.0853338493573657 1.0020393167475148
7.800249 7.617707e-05 1.085120463563659 1.001842307361826
7.840418 7.608121e-05 1.083754965420488 1.0005816051113494
7.880249 7.594108e-05 1.081758853853593 0.9987386862050353
7.9202200000000005 7.575246e-05 1.0790720161760952 0.9962580513366346
7.960129 7.580429e-05 1.0798103196265494 0.9969396932899227
8.000508 7.590218e-05 1.0812047345361575 0.9982270930739741
8.040654 7.605871e-05 1.0834344593885523 1.000285696487985
8.080182 7.631051e-05 1.0870212780037254 1.003597242770793
8.120286 7.626496e-05 1.0863724313479621 1.0029981922021594
8.16061 7.623063e-05 1.0858834103667911 1.002546701400377
8.200305 7.60811e-05 1.0837533985021095 1.0005801584469685
8.24037 7.604174e-05 1.0831927266169101 1.0000625156284961
8.280465 7.59613e-05 1.082046881940959 0.999004609421232
8.320437 7.582174e-05 1.0800588898602064 0.9971691868667101
8.360388 7.606814e-05 1.0835687870277146 1.0004097150799105
8.400276 7.592903e-05 1.0815872050676008 0.9985802106978556
8.440647 7.603335e-05 1.0830732134787797 0.9999521745907173
8.481083 7.62074e-05 1.0855525056947082 1.0022411921861212
8.521078 7.623616e-05 1.0859621836270847 1.002619429164253
8.560833 7.606906e-05 1.0835818921632425 1.0004218144547323
8.600647 7.608772e-05 1.0838476984990613 1.0006672213397094
8.64072 7.615885e-05 1.0848609249013537 1.0016026871343724
8.680888999999999 7.588306e-05 1.0809323756325748 0.9979756365015859
8.720540999999999 7.589577e-05 1.0811134259288373 0.9981427919950511
8.760342000000001 7.598237e-05 1.082347018033976 0.999281711407645
8.800629 7.599589e-05 1.0825396065473882 0.9994595196115513
8.840721 7.602188e-05 1.082909826626055 0.9998013269502731
8.880673 7.598075e-05 1.0823239415996768 0.9992604059867629
8.920536 7.623485e-05 1.0859435230536696 1.0026022007066258
8.960691 7.618646e-05 1.0852542214143202 1.0019657998939766
9.000626 7.625349e-05 1.0862090444952377 1.0028473445617154
9.040879 7.633336e-05 1.0873467696850467 1.0038977544171876
9.080937 7.613243e-05 1.084484579596299 1.0012552246530708
9.120709999999999 7.609021e-05 1.0838831678332623 1.0006999685606952
9.16074 7.595528e-05 1.0819611287715256 0.9989254374251143
9.200899 7.594385e-05 1.0817983117073025 0.9987751158444451
9.240767 7.588624e-05 1.0809776738184218 0.9980174582536882
9.280786 7.588792e-05 1.081001604935473 0.9980395527642326
9.320814 7.609567e-05 1.0839609439636786 1.000771775719965
9.360399 7.616771e-05 1.0849871330543739 1.0017192093745062
9.400953 7.623466e-05 1.0859408165582891 1.0025997019226953
9.440993 7.630623e-05 1.0869603106340948 1.0035409543748819
9.480749 7.608409e-05 1.0837959901925758 1.0006194814151401
9.521051 7.614359e-05 1.084643550588139 1.0014019953302598
9.560963 7.578122e-05 1.0794816941084717 0.9966362883147665
9.600719999999999 7.581159e-05 1.079914306028022 0.9970356991988366
9.640592 7.574973e-05 1.0790331281108871 0.9962221477569999
9.680729 7.57765e-05 1.0794144590653276 0.9965742132613317
9.720777 7.620301e-05 1.0854899714066994 1.0021834571258292
9.761194 7.61236e-05 1.0843587987846548 1.0011390969577683
9.800843 7.619402e-05 1.0853619114410504 1.002065225191427
9.840860000000001 7.626738e-05 1.086406903552286 1.0030300188185393
9.881249 7.61714e-05 1.0850396960436113 1.001767738388738
9.920852 7.597819e-05 1.0822874751355986 0.999226738161171
9.961165999999999 7.591673e-05 1.081411995103476 0.9984184473170831
10.00365 7.58103e-05 1.0798959303488578 0.9970187337710972
