Keff(MJ/m3):0.04881260456549516 Ms(MA/m):1.0831250143758966
H(kOe) moment(emu) M(MA/m) M_norm()
9.968101 6.721776e-05 1.0827065227623036 0.9996136257513781
9.940063 6.723789e-05 1.083030765675236 0.9999129844667887
9.911721 6.717824e-05 1.0820699564473955 0.9990259130622063
9.882997999999999 6.769272e-05 1.0903569159032114 1.0066768853376373
9.854035 6.724159e-05 1.0830903632300226 0.9999680081750361
9.824822 6.712029e-05 1.0811365298798623 0.998164122820873
9.795739 6.721551e-05 1.0826702810060145 0.9995801653882547
9.766406000000002 6.716455e-05 1.0818494454946856 0.998822325341691
9.737129999999999 6.696374e-05 1.078614909014507 0.9958360251111102
9.707601 6.706725e-05 1.0802821908782754 0.997375350527511
9.678007 6.739453e-05 1.0855538362108428 1.002242420591076
9.648387000000001 6.721783e-05 1.0827076502836102 0.9996146667404529
9.618497999999999 6.703442e-05 1.0797533833854 0.9968871266513595
9.589221 6.74335e-05 1.0861815434297688 1.0028219540803731
9.559305 6.711458e-05 1.0810445563561244 0.998079207854902
9.529309999999999 6.701743e-05 1.0794797178567999 0.9966344637315969
9.499822 6.715402e-05 1.0816798340752531 0.9986657308422738
9.469776 6.729166e-05 1.083896863113308 1.000712612789075
9.439842 6.708242e-05 1.0805265408528997 0.9976009477313251
9.409951999999999 6.721901e-05 1.082726657071353 0.9996322148420022
9.379610000000001 6.740021e-05 1.0856453265111636 1.0023268894188722
9.349988 6.714847e-05 1.0815904377430734 0.9985831952799027
9.320281000000001 6.723779e-05 1.083029154930512 0.9999114973395385
9.290365 6.724885e-05 1.0832073032969818 1.0000759736133806
9.260305 6.726324e-05 1.0834390894627592 1.0002899712246454
9.230008 6.713196e-05 1.0813245037891481 0.9983376705709396
9.199684 6.718338e-05 1.082152748726207 0.9991023514028526
9.170073 6.721872e-05 1.0827219859116535 0.9996279021729774
9.140118000000001 6.703376e-05 1.0797427524702221 0.99687731161151
9.109979 6.736986e-05 1.0851564654874426 1.001875546298519
9.080156 6.724967e-05 1.0832205114037183 1.00008816805683
9.049776 6.704561e-05 1.079933625720011 0.9970535361906265
9.020026 6.716597e-05 1.081872318069766 0.9988434425486401
8.990167999999999 6.725962e-05 1.083380780503752 1.000236137218198
8.960018 6.715776e-05 1.0817400759279292 0.9987213494014212
8.929758 6.723245e-05 1.082943141162253 0.9998320847443926
8.899865 6.723445e-05 1.082975356056732 0.999861827289391
8.8701 6.732075e-05 1.0843654287535072 1.0011452181060791
8.839989 6.712347e-05 1.0811877515620842 0.9982114134674208
8.809795 6.727743e-05 1.0836676541390888 1.0005009945814103
8.77979 6.726787e-05 1.0835136669434784 1.0003588252163171
8.749934 6.712184e-05 1.0811614964230838 0.9981871732932469
8.719894 6.714532e-05 1.081539699284269 0.99853635077153
8.690063 6.73697e-05 1.0851538882958844 1.0018731668949192
8.660233 6.706992e-05 1.0803251977624049 0.9974150568250841
8.630118 6.724869e-05 1.0832047261054236 1.000073594209781
8.599758 6.73109e-05 1.0842067703981972 1.0009987360719612
8.56994 6.72076e-05 1.0825428710983493 0.9994625336227854
8.540092000000001 6.717219e-05 1.0819725063915961 0.9989359418635858
8.510239 6.703172e-05 1.0797098932778533 0.9968469742156115
8.480017 6.713926e-05 1.081442088153997 0.9984462308601844
8.449915 6.728383e-05 1.0837707418014222 1.0005961707254059
8.419724 6.72806e-05 1.0837187147468383 1.0005481365152329
8.389961 6.729883e-05 1.0840123535100157 1.0008192398128948
8.359729 6.722989e-05 1.0829019060973193 0.9997940142867943
8.329742 6.727409e-05 1.0836138552653085 1.0004513245312625
8.299894 6.717636e-05 1.082039674446585 0.9989979550699075
8.270183999999999 6.718752e-05 1.0822194335577788 0.9991639184709997
8.239878000000001 6.713341e-05 1.0813478595876453 0.9983592339160635
8.210025 6.719433e-05 1.0823291252734804 0.9992651918367198
8.179701 6.71645e-05 1.0818486401223237 0.9988215817780662
8.149665 6.730005e-05 1.084032004595648 1.000837382765344
8.119553 6.721947e-05 1.0827340664970833 0.9996390556273518
8.089646 6.716876e-05 1.0819172578475647 0.9988849333989134
8.059415 6.718279e-05 1.0821432453323354 0.999093577352078
8.029637 6.725701e-05 1.0833387400664567 1.0001973231969747
7.999554 6.724941e-05 1.083216323467436 1.0000843015259802
7.969118000000001 6.708558e-05 1.0805774403861768 0.9976479409524229
7.939229 6.716835e-05 1.081910653794196 0.9988788361771884
7.90934 6.735576e-05 1.0849293504813644 1.001665861356279
7.879238999999999 6.713701e-05 1.081405846397708 0.9984127704970611
7.849695 6.727629e-05 1.0836492916492357 1.000484041330761
7.819415 6.731888e-05 1.0843353078271691 1.0011174088265056
7.789303 6.699169e-05 1.0790651121648531 0.9962516771774652
7.759285 6.731284e-05 1.084238018845842 1.0010275863406097
7.729192 6.72354e-05 1.0829906581316096 0.9998759549982653
7.6995439999999995 6.7225e-05 1.082823140680318 0.9997212937642728
7.669341 6.732822e-05 1.0844857513843866 1.0012563065116489
7.63911 6.712819e-05 1.0812637787130548 0.9982816058736171
7.609183 6.734953e-05 1.084829001085062 1.0015732133286086
7.579313 6.726679e-05 1.0834962709004599 1.000342764242018
7.54911 6.687496e-05 1.0771848898485779 0.994515753538624
7.519247999999999 6.725302e-05 1.083274471351971 1.000137986819703
7.489285 6.696405e-05 1.0786199023231513 0.9958406352055851
7.459350000000001 6.697601e-05 1.0788125473921366 0.9960184956246765
7.429242 6.725792e-05 1.0833533978434449 1.0002108560549492
7.399794 6.71091e-05 1.0809562875452516 0.9979977132816061
7.3696090000000005 6.728868e-05 1.083848862920534 1.000668296397027
7.339165 6.728685e-05 1.0838193862920855 1.0006410819683533
7.309174 6.709574e-05 1.0807410920501308 0.9977990330810157
7.279355 6.718232e-05 1.082135674832133 0.9990865878540034
7.249359 6.727609e-05 1.0836460701597879 1.0004810670762612
7.219285 6.70749e-05 1.080405412849658 0.9974891157621305
7.18909 6.708215e-05 1.080522191842145 0.9975969324877504
7.158933 6.722877e-05 1.0828838657564113 0.9997773584615952
7.129167000000001 6.715416e-05 1.0816820891178665 0.9986678128204236
7.099303 6.729416e-05 1.0839371317314066 1.0007497909703231
7.0690349999999995 6.703433e-05 1.0797519337151487 0.9968857882368347
7.039186 6.733969e-05 1.0846705038042246 1.0014268800072155
7.008961 6.72694e-05 1.083538311337755 1.0003815782632408
6.979257 6.702476e-05 1.0795977854450658 0.9967434701590164
6.9490169999999996 6.726969e-05 1.0835429824974547 1.0003858909322658
6.918942 6.716253e-05 1.0818169084512619 0.9987922853712428
6.888827 6.719215e-05 1.082294011038498 0.9992327724626714
6.858979000000001 6.710168e-05 1.0808367702867339 0.9978873684396613
6.8286180000000005 6.708292e-05 1.0805345945765192 0.9976083833675747
6.798921 6.716044e-05 1.0817832438865311 0.9987612044117192
6.769137 6.714821e-05 1.0815862498067912 0.9985793287490529
6.73935 6.72452e-05 1.0831485111145573 1.0000216934687582
6.70885 6.706081e-05 1.0801784589180525 0.9972795795326156
6.678705 6.711006e-05 1.0809717506946015 0.9980119897032054
6.648803 6.727627e-05 1.083648969500291 1.0004837439053111
6.618931 6.721843e-05 1.0827173147519538 0.9996235895039524
6.588845999999999 6.705455e-05 1.0800776262983327 0.9971864853667701
6.558784999999999 6.706749e-05 1.0802860566656127 0.9973789196329107
6.52861 6.724214e-05 1.0830992223260043 0.9999761873749106
6.49871 6.708537e-05 1.0805740578222562 0.9976448179851979
6.468799 6.703053e-05 1.079690725415638 0.9968292774013373
6.438813 6.692982e-05 1.0780685444041407 0.9953315915479346
6.408581 6.721615e-05 1.0826805897722478 0.9995896830026542
6.378582000000001 6.689789e-05 1.077554233613781 0.9948567518170326
6.348836 6.728544e-05 1.0837966747914778 1.0006201134741295
6.318794 6.719791e-05 1.0823867899345978 0.9993184309922671
6.288674 6.705898e-05 1.080148982289604 0.9972523651039419
6.258665 6.709238e-05 1.0806869710274056 0.9977490656054179
6.228751 6.689553e-05 1.077516220038296 0.9948216556139343
6.198803 6.687794e-05 1.0772328900413517 0.9945600699306719
6.168618 6.709039e-05 1.080654917207399 0.9977194717731444
6.138799 6.714004e-05 1.0814546519628438 0.9984578304527338
6.108915 6.719042e-05 1.0822661451547735 0.9992070451612476
6.07885 6.712495e-05 1.0812115905839987 0.9982334229507196
6.048674 6.702038e-05 1.0795272348261564 0.9966783339854696
6.0186459999999995 6.713906e-05 1.0814388666645491 0.9984432566056846
5.988884 6.703338e-05 1.079736631640271 0.9968716605279604
5.958924 6.692043e-05 1.0779172954745613 0.9951919502991665
5.928714 6.697953e-05 1.0788692456064197 0.9960708425038738
5.898644 6.705019e-05 1.0800073978283684 0.9971216466186734
5.868378 6.712189e-05 1.0811623017954457 0.9981879168568719
5.838761000000001 6.718558e-05 1.082188185110134 0.9991350682023512
5.808924 6.699546e-05 1.0791258372409462 0.9963077418747875
5.778479 6.707387e-05 1.0803888221790015 0.9974737983514563
5.74845 6.699918e-05 1.0791857569446774 0.9963630630084848
5.7186 6.693207e-05 1.0781047861604298 0.995365051911058
5.688553 6.713632e-05 1.0813947322591124 0.9984025093190364
5.658516 6.688156e-05 1.0772911990003589 0.9946139039371191
5.628563 6.718595e-05 1.0821941448656125 0.9991405705731757
5.598479 6.719428e-05 1.0823283199011182 0.9992644482730948
5.568202 6.715472e-05 1.0816911092883208 0.9986761407330234
5.538331 6.709163e-05 1.0806748904419763 0.9977379121510437
5.508459 6.692966e-05 1.0780659672125823 0.9953292121443347
5.478341 6.678556e-05 1.0757448840653598 0.993186261777188
5.448202 6.713327e-05 1.0813456045450318 0.9983571519379135
5.418063 6.704687e-05 1.0799539211035327 0.9970722739939757
5.388553 6.699785e-05 1.079164334039849 0.9963432842160608
5.35821 6.714674e-05 1.081562571859349 0.998557467978479
5.328303 6.69997e-05 1.079194132817242 0.9963707960701844
5.298044 6.7228e-05 1.0828714630220369 0.9997659075817708
5.26809 6.702694e-05 1.0796328996800482 0.9967758895330651
5.238063 6.691236e-05 1.0777873083753378 0.9950719391300971
5.208223 6.700056e-05 1.0792079852218681 0.9963835853645338
5.178489 6.705839e-05 1.0801394788957326 0.9972435910531672
5.148007 6.7233e-05 1.0829520002582347 0.9998402639442672
5.118053 6.70977e-05 1.0807726626467205 0.9978281807751143
5.088025 6.704042e-05 1.0798500280688375 0.9969763542863551
5.0579979999999995 6.70636e-05 1.080223398695851 0.9973210703828886
5.027961 6.712366e-05 1.0811908119770597 0.9982142390091956
4.998006999999999 6.694069e-05 1.0782436323556348 0.9954932422800018
4.9682200000000005 6.689815e-05 1.0775584215500635 0.9948606183478823
4.938294 6.68084e-05 1.0761127781603117 0.9935259216410718
4.9082479999999995 6.693887e-05 1.0782143168016587 0.9954661765640529
4.878146 6.691649e-05 1.0778538321324371 0.9951333574855191
4.848026 6.70071e-05 1.079313327926815 0.9964808434866792
4.818007 6.706124e-05 1.0801853851203655 0.9972859741797904
4.787969 6.683852e-05 1.0765979344711676 0.9939738443687499
4.7583400000000005 6.719326e-05 1.082311890304934 0.9992492795751456
4.727997 6.681751e-05 1.0762595170046643 0.9936613989335402
4.6980249999999995 6.689092e-05 1.0774419647065212 0.9947530990477125
4.66809 6.704628e-05 1.0799444177096613 0.997063499943201
4.638053 6.695021e-05 1.0783969752533558 0.9956348167941951
4.608331 6.721124e-05 1.0826015022063014 0.9995166650546826
4.578186 6.699678e-05 1.0791470990713024 0.9963273719544864
4.548006999999999 6.707319e-05 1.0803778691148784 0.9974636858861567
4.517931 6.689334e-05 1.077480944728841 0.9947890875271607
4.488016 6.682898e-05 1.0764442694245022 0.9938319724291069
4.457771 6.69627e-05 1.078598157269378 0.995820558987711
4.4282330000000005 6.684642e-05 1.0767251833043603 0.9940913274214945
4.398118 6.695077e-05 1.0784059954238099 0.9956431447067946
4.367705 6.698089e-05 1.0788911517346655 0.9960910674344727
4.337968 6.717692e-05 1.0820486946170396 0.9990062829825075
4.307840000000001 6.697298e-05 1.0787637418270006 0.9959734356690035
4.277997 6.691986e-05 1.0779081142296345 0.9951834736738416
4.248006999999999 6.687931e-05 1.0772549572440697 0.9945804435739958
4.217757 6.674938e-05 1.0751621166242322 0.992648219138164
4.187676000000001 6.672155e-05 1.0747138463675547 0.9922343516245089
4.157674 6.681227e-05 1.076175113981129 0.993583473465644
4.128035 6.69584e-05 1.078528895246248 0.9957566125159643
4.097868 6.714671e-05 1.0815620886359318 0.998557021840304
4.067183 6.687576e-05 1.0771977758063696 0.9945276505566234
4.037346 6.698285e-05 1.0789227223312552 0.9961202151285715
4.007766999999999 6.694323e-05 1.0782845452716234 0.99553101531215
3.977443 6.678679e-05 1.0757646962254643 0.993204553442362
3.947601 6.669735e-05 1.074324046144357 0.9918744668300262
3.917785 6.664699e-05 1.0735128751013723 0.9911255495469625
3.887406 6.695539e-05 1.0784804118300566 0.9957118499857414
3.8574789999999997 6.697144e-05 1.0787389363582518 0.9959505339093547
3.827313 6.694142e-05 1.0782553907921197 0.9955040983089262
3.797387 6.694182e-05 1.0782618337710155 0.9955100468179259
3.767313 6.690959e-05 1.0777426907464842 0.9950307457052742
3.7372240000000003 6.682918e-05 1.07644749091395 0.9938349466836068
3.7075259999999997 6.68797e-05 1.0772612391484933 0.9945862433702706
3.677442 6.673846e-05 1.074986223300376 0.9924858248424718
3.647507 6.668444e-05 1.0741160990004943 0.9916824787020608
3.617714 6.677242e-05 1.075533232208632 0.9929908532565476
3.5875630000000003 6.687975e-05 1.0772620445208554 0.9945869869338956
3.5575349999999997 6.694705e-05 1.0783460757200785 0.9955878235730972
3.527257 6.686716e-05 1.0770592517601092 0.9943997576131297
3.497507 6.680094e-05 1.0759926166039044 0.993414981948227
3.4676 6.671789e-05 1.0746548931106579 0.9921799227671616
3.4372570000000002 6.665978e-05 1.0737188893515663 0.9913157531222283
3.407271 6.66901e-05 1.07420726715187 0.9917666501044066
3.3776550000000003 6.685944e-05 1.0769349022674193 0.994284951389435
3.347183 6.677359e-05 1.0755520779219023 0.9930082526453717
3.3173649999999997 6.691579e-05 1.0778425569193697 0.9951229475947697
3.2876 6.691954e-05 1.077902959846518 0.995178714866642
3.257415 6.66649e-05 1.073801359481433 0.9913918940374248
3.227202 6.673403e-05 1.0749148673091047 0.9924199451053001
3.1972020000000003 6.657816e-05 1.0724041995078724 0.9901019598608368
3.167252 6.681797e-05 1.0762669264303943 0.9936682397188897
3.137242 6.682119e-05 1.076318792410506 0.9937161252163376
3.107285 6.686389e-05 1.0770065804076354 0.9943511285520568
3.077127 6.694189e-05 1.0782629612923225 0.9955110878070009
3.04695 6.678776e-05 1.0757803204492868 0.9932189785766864
3.017322 6.679603e-05 1.0759135290379584 0.9933419640002558
2.9871280000000002 6.659299e-05 1.0726430729504353 0.9903225008320012
2.957017 6.665481e-05 1.0736388353387858 0.9912418428979071
2.927082 6.654915e-05 1.0719369224634525 0.9896705442456328
2.8971280000000004 6.678081e-05 1.0756683736909718 0.9931156232328163
2.867294 6.674798e-05 1.075139566198097 0.9926273993566652
2.836868 6.682724e-05 1.0764162424663055 0.9938060964149583
2.80672 6.684975e-05 1.076778821103668 0.994140848758917
2.776884 6.681402e-05 1.076203302013798 0.9936094981925176
2.7469609999999998 6.661307e-05 1.072966510491006 0.9906211159837869
2.716776 6.643292e-05 1.0700647538707968 0.9879420562430411
2.686831 6.646922e-05 1.0706494542055933 0.9884818834347652
2.6568560000000003 6.654399e-05 1.071853808035696 0.9895938084795364
2.626989 6.676206e-05 1.0753663590552298 0.9928367868734549
2.596989 6.67325e-05 1.0748902229148283 0.9923971920583762
2.566933 6.694328e-05 1.0782853506439856 0.995531758875775
2.536884 6.672834e-05 1.0748232159343116 0.9923353275647792
2.506905 6.677288e-05 1.0755406416343622 0.9929976940418972
2.476655 6.655911e-05 1.0720973526379585 0.9898186621197255
2.4469969999999996 6.647108e-05 1.070679414057459 0.9885095440016137
2.417128 6.653551e-05 1.0717172168831044 0.9894677000887423
2.3873130000000002 6.656799e-05 1.0722403867694459 0.9899507190195191
2.3568960000000003 6.691129e-05 1.0777700734067914 0.9950560268685229
2.32712 6.68221e-05 1.0763334501874937 0.9937296580743118
2.296952 6.674794e-05 1.0751389219002072 0.9926268045057651
2.266868 6.672239e-05 1.0747273766232361 0.9922468434934084
2.2370729999999996 6.666009e-05 1.0737238826602107 0.9913203632167031
2.207183 6.651493e-05 1.071385725618914 0.9891616493007073
2.176683 6.635596e-05 1.0688251247312393 0.9867975631114962
2.146868 6.66349e-05 1.0733181360642456 0.990945755862446
2.116887 6.676325e-05 1.075385526917445 0.9928544836877292
2.086915 6.670303e-05 1.074415536444678 0.9919589356578222
2.0568649999999997 6.682523e-05 1.0763838664973537 0.9937762051572345
2.026989 6.658904e-05 1.0725794485338387 0.9902637593056289
1.996618 6.666582e-05 1.0738161783328934 0.9914055756081241
1.966572 6.675652e-05 1.0752771237975227 0.992754400023809
1.9365809999999999 6.643721e-05 1.0701338548194543 0.988005854002063
1.907016 6.656722e-05 1.0722279840350717 0.9899392681396949
1.876998 6.669284e-05 1.0742514015573066 0.9918073973910545
1.8469790000000001 6.675115e-05 1.075190626805846 0.9926745412904876
1.816933 6.675228e-05 1.0752088282212269 0.992691345828412
1.7866739999999999 6.668975e-05 1.0742016295453363 0.9917614451590319
1.756702 6.655173e-05 1.0719784796773306 0.989708912128681
1.726742 6.646117e-05 1.0705197892553147 0.9883621696911458
1.696896 6.637199e-05 1.0690833271104894 0.9870359496096596
1.666498 6.652221e-05 1.0715029878348181 0.989269912164502
1.636733 6.660861e-05 1.0728946712763172 0.9905547901084399
1.606979 6.65268e-05 1.0715769210176478 0.9893381713052736
1.57695 6.675508e-05 1.0752539290734977 0.9927329853914099
1.546692 6.657907e-05 1.0724188572848605 0.9901154927188113
1.5164980000000001 6.665824e-05 1.0736940838828175 0.9912928513625795
1.486377 6.644597e-05 1.0702749560572733 0.9881361263491569
1.456582 6.641392e-05 1.0697587123732448 0.9876595020655548
1.426507 6.628903e-05 1.0677470532874944 0.9858022288431193
1.395998 6.651268e-05 1.071349483862625 0.9891281889375837
1.366374 6.646211e-05 1.0705349302557197 0.988376148687295
1.336377 6.657052e-05 1.072281138610962 0.9899883433389424
1.306387 6.663793e-05 1.0733669416293816 0.990990815818119
1.276431 6.641682e-05 1.0698054239702397 0.9877026287558026
1.246627 6.660895e-05 1.0729001478083788 0.9905598463410897
1.216368 6.626593e-05 1.0673749712562604 0.9854587024483858
1.186433 6.624129e-05 1.0669780837562772 0.9850922742940036
1.156387 6.626912e-05 1.0674263540129545 0.9855061418076585
1.12678 6.63328e-05 1.0684520762531706 0.9864531444404129
1.096794 6.64463e-05 1.0702802715148623 0.9881410338690816
1.066461 6.649592e-05 1.0710795230468897 0.9888789464104958
1.036516 6.658886e-05 1.0725765491933357 0.9902610824765792
1.006667 6.651862e-05 1.0714451620992285 0.9892165242962297
0.9765811 6.614759e-05 1.0654688159499295 0.9836988360608209
0.9463311 6.621058e-05 1.0664834240515502 0.9846355775155508
0.9161089 6.62673e-05 1.0673970384589786 0.9854790760917099
0.8862044 6.616787e-05 1.0657954749799479 0.9840004254671062
0.8563311 6.648079e-05 1.070835817370155 0.9886539440575818
0.8264025 6.644248e-05 1.070218741066407 0.9880842256081342
0.7968218 6.62852e-05 1.0676853617645667 0.9857452718694468
0.7664052 6.646989e-05 1.0706602461952437 0.9884918471873394
0.7363959 6.631266e-05 1.0681276722657658 0.9861536370122775
0.7064885000000001 6.60396e-05 1.0637293727225277 0.9820928873436231
0.6761181 6.60436e-05 1.0637938025114861 0.9821523724336204
0.6463311 6.628814e-05 1.0677327176594513 0.9857889934105949
0.6160629 6.62518e-05 1.0671473730267653 0.9852485713679711
0.5863218 6.628381e-05 1.067662972412904 0.9857246008006731
0.5562477 6.639944e-05 1.0695254765372157 0.987444166039765
0.5263866 6.631374e-05 1.0681450683087843 0.9861696979865766
0.4962233 6.622107e-05 1.0666523911730932 0.9847915771640682
0.46643290000000004 6.601495e-05 1.063332324148072 0.9817263104765157
0.4361089 6.591837e-05 1.0617766668936743 0.9802900429785352
0.40622 6.610823e-05 1.0648348268265797 0.9831135027752491
0.3761006 6.602072e-05 1.0634252641186448 0.9818121177188369
0.346294 6.630416e-05 1.0679907589642295 0.9860272311960335
0.3160718 6.620959e-05 1.0664674776787828 0.9846208549557763
0.2860903 6.636648e-05 1.0689945750761995 0.9869540088981887
0.25615519999999997 6.608848e-05 1.0645167047435982 0.9828197951433882
0.2258496 6.585151e-05 1.0606997229712363 0.979295749699233
0.1959591 6.524766e-05 1.05097324095562 0.9703157318005413
0.1661459 4.556106e-05 0.7338723701290354 0.6775509386161644
0.13605330000000002 2.128416e-05 0.34283348423863735 0.31652254327833074
0.1060348 1.567631e-05 0.252505336236196 0.23312667779322882
0.07585883 1.141135e-05 0.18380771805730525 0.1697012954346885
0.045858829999999996 7.694983e-06 0.12394653268191382 0.11443418907034714
0.015627349999999998 4.29866e-06 0.06924043915086435 0.06392654424176615
-0.01440043 9.38228e-07 0.015112458008690419 0.013952644254456916
-0.04434488 -2.275054e-06 -0.03664531227218029 -0.033832947984582876
-0.07441895 -5.446476e-06 -0.08772882481160245 -0.08099602875680269
-0.1040881 -8.333956e-06 -0.1342387565669257 -0.12393653067303123
-0.1340486 -1.141617e-05 -0.183885355953 -0.16977297496813504
-0.1641597 -1.433335e-05 -0.23087367889133859 -0.21315515367759227
-0.1940975 -1.734566e-05 -0.27939430328557774 -0.2579520365399062
-0.2240393 -2.000939e-05 -0.32230019372104646 -0.29756509123442026
-0.2539745 -2.341079e-05 -0.37708806476173123 -0.3481482375134801
-0.2840856 -2.68067e-05 -0.4317875059170707 -0.39864974050651886
-0.3143449 -2.971875e-05 -0.4786931976510703 -0.4419556295880548
-0.34453930000000005 -3.292562e-05 -0.5303476869802408 -0.48964586722782916
-0.3743239 -3.620711e-05 -0.5832041140224283 -0.5384457992215
-0.4043449 -3.959476e-05 -0.637770507663569 -0.5888244655036947
-0.4341352 -4.336475e-05 -0.6984954226822881 -0.6448890141132652
-0.4643264 -4.753983e-05 -0.765745303503286 -0.7069777664995699
-0.4945115 -5.230223e-05 -0.8424554102370301 -0.7778007146501533
-0.5246164 -5.705947e-05 -0.919082402543018 -0.8485469270346406
-0.5544089 -6.125805e-05 -0.9867108083741459 -0.9109851543246786
-0.5842153 -6.369988e-05 -1.026042456267153 -0.9472982736516016
-0.6144282 -6.483508e-05 -1.044327630373517 -0.9641801421927875
-0.6447802 -6.523216e-05 -1.0507235755234068 -0.9700852270768026
-0.6747894 -6.567591e-05 -1.0578712552359675 -0.9766843542483593
-0.7042485 -6.572487e-05 -1.058659875852817 -0.9774124517499241
-0.7341133999999999 -6.601991e-05 -1.0634122170863807 -0.9818000719881125
-0.7644652999999999 -6.591055e-05 -1.0616507066562608 -0.9801737496275909
-0.7944005 -6.580184e-05 -1.0598996660668467 -0.9785570935941937
-0.8244561 -6.591748e-05 -1.0617623312656312 -0.980276807546011
-0.8545671 -6.587763e-05 -1.0611204494931339 -0.9796841873369143
-0.8842957 -6.600862e-05 -1.0632303640070457 -0.9816321753215953
-0.9141505 -6.635911e-05 -1.068875863190044 -0.9868444076198691
-0.9445116 -6.631944e-05 -1.06823688075805 -0.9862544642398227
-0.9746968 -6.608603e-05 -1.0644772414978614 -0.9827833605257651
-1.004725 -6.625689e-05 -1.0672293599332148 -0.9853242661449925
-1.034586 -6.616989e-05 -1.0658280120233719 -0.9840304654375549
-1.064503 -6.588049e-05 -1.0611665167922393 -0.9797267191762624
-1.094595 -6.605752e-05 -1.0640180181770609 -0.9823593805468104
-1.124836 -6.606194e-05 -1.0640892130938597 -0.9824251115712572
-1.154833 -6.634447e-05 -1.0686400501624567 -0.9866266921904797
-1.184456 -6.637516e-05 -1.0691343877182389 -0.9870830915434825
-1.2146130000000002 -6.618462e-05 -1.0660652747212107 -0.9842495192814692
-1.244789 -6.636714e-05 -1.0690052059913777 -0.9869638239380385
-1.274616 -6.607045e-05 -1.0642262874698685 -0.982551666100226
-1.3044559999999998 -6.611181e-05 -1.0648924914876974 -0.9831667419307963
-1.334595 -6.610661e-05 -1.0648087327620515 -0.9830894113138001
-1.36453 -6.63193e-05 -1.0682346257154363 -0.9862523822616726
-1.394588 -6.645489e-05 -1.0704186344866502 -0.9882687780998504
-1.424577 -6.65316e-05 -1.071654236764398 -0.9894095534132703
-1.454623 -6.641319e-05 -1.0697469539367601 -0.9876486460366304
-1.4844190000000002 -6.64126e-05 -1.0697374505428887 -0.9876398719858557
-1.514604 -6.617747e-05 -1.065950106473448 -0.9841431896830996
-1.544484 -6.62379e-05 -1.0669234795101352 -0.985041860680231
-1.574539 -6.641382e-05 -1.069757101628521 -0.9876580149383049
-1.604762 -6.614292e-05 -1.0653935941713204 -0.9836293872182491
-1.634345 -6.649049e-05 -1.070992059608379 -0.9887981954008249
-1.6644649999999999 -6.637965e-05 -1.0692067101563445 -0.9871498635570042
-1.694614 -6.663446e-05 -1.0733110487874604 -0.9909392125025465
-1.724789 -6.650291e-05 -1.0711921141030947 -0.988982896605266
-1.754901 -6.651358e-05 -1.0713639805651407 -0.9891415730828332
-1.7846780000000002 -6.62292e-05 -1.066783344719151 -0.9849124806094874
-1.814669 -6.616682e-05 -1.0657785621603464 -0.9839848106309821
-1.844836 -6.616655e-05 -1.0657742131495915 -0.9839807953874071
-1.8751410000000002 -6.636103e-05 -1.0689067894887436 -0.9868729604630675
-1.905067 -6.663423e-05 -1.0733073440745953 -0.9909357921098716
-1.934871 -6.652923e-05 -1.0716160621144402 -0.9893743084974471
-1.964475 -6.658263e-05 -1.0724761997970331 -0.9901684344489086
-1.994808 -6.657866e-05 -1.0724122532314924 -0.9901093954970867
-2.024862 -6.633047e-05 -1.0684145459011025 -0.9864184943754896
-2.055101 -6.627062e-05 -1.067450515183814 -0.9855284487164077
-2.0848519999999997 -6.628915e-05 -1.0677489861811633 -0.9858040133958191
-2.114947 -6.643547e-05 -1.0701058278612576 -0.9879799779879143
-2.1450880000000003 -6.648737e-05 -1.0709418043729915 -0.9887517970306271
-2.174947 -6.675062e-05 -1.0751820898588091 -0.9926666595160631
-2.205354 -6.669292e-05 -1.0742526901530858 -0.9918085870928545
-2.235086 -6.647238e-05 -1.0707003537388702 -0.9885288766558628
-2.265098 -6.650484e-05 -1.0712232014762668 -0.9890115981611896
-2.2947800000000003 -6.636295e-05 -1.0689377157874438 -0.9869015133062662
-2.324891 -6.634634e-05 -1.0686701710887945 -0.9866545014700531
-2.3552150000000003 -6.649633e-05 -1.071086127100258 -0.9888850436322206
-2.385041 -6.662625e-05 -1.0731788066456234 -0.9908171193553272
-2.414965 -6.672792e-05 -1.0748164508064708 -0.9923290816303294
-2.444928 -6.687822e-05 -1.0772374001265788 -0.9945642338869716
-2.474993 -6.677416e-05 -1.0755612591668289 -0.9930167292706964
-2.50516 -6.639765e-05 -1.0694966442066571 -0.9874175464619914
-2.535197 -6.635555e-05 -1.0688185206778709 -0.9867914658897714
-2.564937 -6.643595e-05 -1.0701135594359326 -0.9879871161987138
-2.594799 -6.637954e-05 -1.0692049383371485 -0.9871482277170295
-2.624678 -6.673251e-05 -1.0748903839893005 -0.9923973407711012
-2.654734 -6.66878e-05 -1.074170220023219 -0.9917324461776582
-2.685225 -6.667001e-05 -1.0738836685368272 -0.9914678862398959
-2.715178 -6.673929e-05 -1.074999592481585 -0.9924981679986463
-2.7450949999999996 -6.650226e-05 -1.0711816442623887 -0.9889732302781413
-2.774956 -6.646092e-05 -1.0705157623935047 -0.988358451873021
-2.804805 -6.626329e-05 -1.0673324475955481 -0.9854194422889879
-2.835067 -6.639362e-05 -1.0694317311942816 -0.9873576152338194
-2.865373 -6.667353e-05 -1.0739403667511105 -0.9915202331190935
-2.895116 -6.671718e-05 -1.074643456823118 -0.9921693641636873
-2.925058 -6.675236e-05 -1.075210116817006 -0.992692535530212
-2.954799 -6.681123e-05 -1.0761583622359996 -0.9935680073422446
-2.985252 -6.673906e-05 -1.0749958877687198 -0.9924947476059715
-3.0151689999999998 -6.656921e-05 -1.072260037855078 -0.9899688619719682
-3.0452339999999998 -6.622586e-05 -1.0667295458453707 -0.9848628105593397
-3.0749839999999997 -6.644961e-05 -1.0703335871652253 -0.9881902577810542
-3.105039 -6.648067e-05 -1.0708338844764864 -0.9886521595048819
-3.135261 -6.664113e-05 -1.0734184854605482 -0.9910384038901167
-3.1654 -6.674932e-05 -1.0751611501773977 -0.9926473268618141
-3.1953899999999997 -6.673752e-05 -1.074971082299971 -0.9924718458463226
-3.225234 -6.672241e-05 -1.074727698772181 -0.9922471409188585
-3.255201 -6.651358e-05 -1.0713639805651407 -0.9891415730828332
-3.285308 -6.654074e-05 -1.0718014588321674 -0.9895454768439136
-3.315305 -6.636805e-05 -1.0690198637683657 -0.9869773567960126
-3.344974 -6.656116e-05 -1.0721303729047995 -0.989849148228349
-3.375104 -6.679891e-05 -1.0759599184860082 -0.9933847932650536
-3.40515 -6.669084e-05 -1.0742191866628275 -0.9917776548460561
-3.435324 -6.688767e-05 -1.0773896155029927 -0.9947047674120898
-3.465178 -6.673665e-05 -1.0749570688208723 -0.9924589078392482
-3.495428 -6.681332e-05 -1.0761920268007303 -0.9935990883017681
-3.5253330000000003 -6.661138e-05 -1.072939288905171 -0.9905959835332631
-3.5552710000000003 -6.63778e-05 -1.0691769113789518 -0.9871223517028809
-3.585333 -6.665876e-05 -1.073702459755382 -0.9913005844242789
-3.6154189999999997 -6.663648e-05 -1.0733435858308842 -0.9909692524729949
-3.645493 -6.677895e-05 -1.0756384138391064 -0.9930879626659679
-3.675192 -6.711223e-05 -1.0810067038551114 -0.9980442603645289
-3.705283 -6.683999e-05 -1.0766216124186099 -0.993995705139324
-3.735418 -6.703514e-05 -1.0797649807474123 -0.9968978339675589
-3.765067 -6.672375e-05 -1.0747492827514817 -0.9922670684240074
-3.795299 -6.659862e-05 -1.072733757878394 -0.9904062260961722
-3.825123 -6.654496e-05 -1.0718694322595186 -0.9896082336138607
-3.855022 -6.670223e-05 -1.0744026504868862 -0.9919470386398228
-3.884845 -6.67811e-05 -1.0756730448506715 -0.9931199359018413
-3.9150300000000002 -6.692335e-05 -1.0779643292205006 -0.9952353744148641
-3.945252 -6.693983e-05 -1.0782297799510088 -0.9954804529856524
-3.975502 -6.697388e-05 -1.0787782385295164 -0.995986819814253
-4.005295 -6.699263e-05 -1.0790802531652584 -0.9962656561736146
-4.034984 -6.657657e-05 -1.0723785886667614 -0.9900783145375629
-4.0652989999999996 -6.671227e-05 -1.0745643692571716 -0.9920963462157157
-4.0954180000000004 -6.672022e-05 -1.074692423462726 -0.9922145728320849
-4.125373 -6.675812e-05 -1.0753028957131059 -0.9927781940598077
-4.15554 -6.679387e-05 -1.0758787369519207 -0.9933098420516571
-4.185353 -6.69158e-05 -1.077842717993842 -0.9951230963074946
-4.215243 -6.696858e-05 -1.0786928690591466 -0.9959080020700068
-4.2454849999999995 -6.682942e-05 -1.0764513567012874 -0.9938385157890066
-4.275299 -6.686989e-05 -1.077103225091073 -0.9944403561870525
-4.305390999999999 -6.668163e-05 -1.0740708370737508 -0.9916406904263375
-4.335305 -6.663237e-05 -1.0732773842227294 -0.9909081315430229
-4.365373 -6.673399e-05 -1.0749142230112152 -0.9924193502544002
-4.395586000000001 -6.704898e-05 -1.0799879078172083 -0.997103652378949
-4.425707 -6.688187e-05 -1.0772961923090034 -0.9946185140315942
-4.455622999999999 -6.721902e-05 -1.0827268181458254 -0.9996323635547271
-4.485475 -6.68846e-05 -1.0773401656399675 -0.9946591126055172
-4.515327 -6.681238e-05 -1.0761768858003251 -0.9935851093056188
-4.5455950000000005 -6.665492e-05 -1.073640607157982 -0.9912434787378818
-4.575577 -6.65316e-05 -1.071654236764398 -0.9894095534132703
-4.605493999999999 -6.688584e-05 -1.0773601388745442 -0.9946775529834161
-4.635715 -6.685754e-05 -1.0769042981176644 -0.9942566959716865
-4.665636 -6.691146e-05 -1.0777728116728222 -0.9950585549848477
-4.695827 -6.698403e-05 -1.078941729118998 -0.9961377632301207
-4.725707000000001 -6.700139e-05 -1.079221354403077 -0.9963959285207084
-4.755567 -6.686675e-05 -1.077052647706741 -0.994393660391405
-4.7857709999999996 -6.67331e-05 -1.0748998873831719 -0.9924061148218758
-4.815569 -6.649671e-05 -1.0710922479302092 -0.9888906947157704
-4.845382 -6.681686e-05 -1.0762490471639585 -0.9936517326064156
-4.8755299999999995 -6.66864e-05 -1.074147669597084 -0.9917116263961593
-4.90556 -6.703507e-05 -1.0797638532261058 -0.996896792978484
-4.935558 -6.690417e-05 -1.0776553883824456 -0.994950143408328
-4.965799 -6.706174e-05 -1.080193438843985 -0.9972934098160399
-4.995551000000001 -6.679331e-05 -1.0758697167814666 -0.9933015141390577
-5.025142 -6.68327e-05 -1.0765041891282332 -0.9938872935628043
-5.055270999999999 -6.657751e-05 -1.0723937296671668 -0.9900922935337124
-5.085197 -6.660352e-05 -1.0728126843698678 -0.9904790953314185
-5.115271 -6.689485e-05 -1.077505266974173 -0.9948115431486347
-5.145512 -6.692625e-05 -1.0780110408174954 -0.9952785011051123
-5.1755510000000005 -6.698824e-05 -1.0790095414718768 -0.9962003712873427
-5.205225 -6.7097e-05 -1.0807613874336526 -0.9978177708843646
-5.235131999999999 -6.707164e-05 -1.0803529025716572 -0.9974406354137829
-5.265207 -6.692114e-05 -1.0779287317621014 -0.9952025089026408
-5.295114 -6.680878e-05 -1.0761188989902628 -0.9935315727246214
-5.3253710000000005 -6.674996e-05 -1.075171458943631 -0.9926568444762136
-5.355179 -6.681997e-05 -1.0762991413248735 -0.9936979822638883
-5.385299 -6.704588e-05 -1.0799379747307656 -0.9970575514342013
-5.415314 -6.698976e-05 -1.0790340247916808 -0.9962229756215417
-5.444929 -6.697805e-05 -1.0788454065845052 -0.996048833020575
-5.475262 -6.695843e-05 -1.0785293784696648 -0.995757058654139
-5.505154999999999 -6.70608e-05 -1.08017829784358 -0.9972794308198907
-5.535151 -6.68943e-05 -1.0774964078781908 -0.9948033639487599
-5.565188 -6.68555e-05 -1.0768714389252958 -0.994226358575788
-5.595484000000001 -6.696882e-05 -1.0786967348464842 -0.9959115711754066
-5.625343 -6.697905e-05 -1.078861514031745 -0.9960637042930743
-5.655151 -6.719121e-05 -1.082278870038093 -0.9992187934665222
-5.685382 -6.7197e-05 -1.0823721321576099 -0.9993048981342929
-5.7155119999999995 -6.71966e-05 -1.0823656891787141 -0.9992989496252932
-5.745146 -6.715241e-05 -1.0816539010851973 -0.9986417880935499
-5.775252999999999 -6.708549e-05 -1.0805759907159251 -0.9976466025378979
-5.805475 -6.689584e-05 -1.0775212133469398 -0.9948262657084089
-5.835484 -6.678953e-05 -1.075808830630901 -0.9932453007290102
-5.865113999999999 -6.701483e-05 -1.079437838493977 -0.9965957984230986
-5.895345 -6.697224e-05 -1.0787518223160435 -0.9959624309273541
-5.925438 -6.720068e-05 -1.0824314075634516 -0.9993596244170903
-5.955541 -6.722912e-05 -1.082889503362945 -0.9997825634069699
-5.9854650000000005 -6.716624e-05 -1.0818766670805207 -0.9988474577922151
-6.015202 -6.707139e-05 -1.0803488757098472 -0.997436917595658
-6.045132 -6.690474e-05 -1.0776645696273723 -0.9949586200336528
-6.0752250000000005 -6.676413e-05 -1.0753997014710157 -0.9928675704075284
-6.105438 -6.697792e-05 -1.0788433126163643 -0.9960468997551502
-6.135382 -6.696143e-05 -1.0785777008113837 -0.995801672471637
-6.165277 -6.705296e-05 -1.0800520154572215 -0.9971628400434961
-6.194770999999999 -6.724531e-05 -1.0831502829337538 -1.0000233293087333
-6.225029999999999 -6.726349e-05 -1.0834431163245692 -1.0002936890427703
-6.255549 -6.695047e-05 -1.0784011631896377 -0.9956386833250447
-6.285381 -6.712988e-05 -1.0812910002988896 -0.998306738324141
-6.315234 -6.678027e-05 -1.0756596756694625 -0.993107592745667
-6.344739 -6.711276e-05 -1.0810152408021483 -0.9980521421389534
-6.374846 -6.700715e-05 -1.079314133299177 -0.9964815870503042
-6.405258 -6.718634e-05 -1.082200426770036 -0.9991463703694505
-6.4350119999999995 -6.74003e-05 -1.0856467761814153 -1.0023282278333971
-6.464854 -6.715515e-05 -1.0816980354906338 -0.998682535380198
-6.494827 -6.701583e-05 -1.0794539459412165 -0.996610669695598
-6.524975 -6.713643e-05 -1.0813965040783091 -0.9984041451590115
-6.55504 -6.701185e-05 -1.079389838301203 -0.9965514820310509
-6.584928 -6.689075e-05 -1.0774392264404908 -0.9947505709313877
-6.614799 -6.704599e-05 -1.0799397465499618 -0.9970591872741762
-6.644808 -6.696436e-05 -1.0786248956317956 -0.9958452453000599
-6.674919 -6.717686e-05 -1.0820477281702048 -0.9990053907061573
-6.704845000000001 -6.71466e-05 -1.0815603168167354 -0.998555386000329
-6.735104000000001 -6.702095e-05 -1.079536416071083 -0.9966868106107942
-6.764919 -6.699508e-05 -1.0791197164109951 -0.9963020907912377
-6.794688 -6.704996e-05 -1.080003693115503 -0.9971182262259983
-6.824669 -6.718447e-05 -1.082170305843698 -0.999118561089877
-6.854836000000001 -6.706878e-05 -1.0803068352725518 -0.9973981035744348
-6.885041 -6.718767e-05 -1.0822218496748646 -0.9991661491618745
-6.914854 -6.734447e-05 -1.08474749740203 -1.0014979646897622
-6.945179 -6.737819e-05 -1.0852906405229483 -1.001999423998438
-6.974824 -6.723637e-05 -1.083006282355432 -0.9998903801325897
-7.004651 -6.71545e-05 -1.081687565649928 -0.9986728690530734
-7.034758 -6.702208e-05 -1.0795546174864636 -0.9967036151487184
-7.064697 -6.715709e-05 -1.0817292839382786 -0.9987113856488465
-7.094651 -6.712832e-05 -1.0812658726811961 -0.9982835391390422
-7.124511999999999 -6.725464e-05 -1.0833005654164989 -1.0001620782811513
-7.154447 -6.716977e-05 -1.0819335263692764 -0.9988999533841376
-7.18466 -6.724833e-05 -1.0831989274244171 -1.000068240551681
-7.2148270000000005 -6.731581e-05 -1.084285857964144 -1.0010717540199328
-7.244818 -6.706969e-05 -1.08032149304954 -0.9974116364324093
-7.274799 -6.725198e-05 -1.0832577196068416 -1.0001225206963034
-7.304799 -6.699889e-05 -1.0791810857849782 -0.9963587503394602
-7.33479 -6.704991e-05 -1.080002887743141 -0.9971174826623733
-7.364683 -6.714648e-05 -1.0815583839230667 -0.9985536014476292
-7.3947899999999995 -6.709566e-05 -1.0807398034543516 -0.9977978433792157
-7.4248639999999995 -6.723325e-05 -1.0829560271200447 -0.9998439817623921
-7.454636000000001 -6.724244e-05 -1.083104054560176 -0.9999806487566603
-7.48466 -6.748599e-05 -1.0870270233353743 -1.0036025471738605
-7.514651 -6.710508e-05 -1.0808915356073483 -0.9979379307661588
-7.544466000000001 -6.725973e-05 -1.0833825523229483 -1.0002377730581729
-7.574107 -6.725229e-05 -1.083262712915486 -1.0001271307907782
-7.604113999999999 -6.700175e-05 -1.0792271530840833 -0.9964012821788081
-7.6340770000000004 -6.73543e-05 -1.084905833608395 -1.0016441492984303
-7.664215 -6.705582e-05 -1.0800980827563271 -0.9972053718828443
-7.694164 -6.717765e-05 -1.0820604530535243 -0.9990171390114319
-7.724400999999999 -6.73251e-05 -1.0844354961489995 -1.0012099081414512
-7.754327 -6.713507e-05 -1.081374597950063 -0.9983839202284124
-7.784183 -6.718516e-05 -1.0821814199822934 -0.9991288222679015
-7.8140860000000005 -6.711553e-05 -1.0810598584310018 -0.9980933355637763
-7.844475 -6.716204e-05 -1.0818090158021143 -0.998784998447718
-7.874192 -6.725695e-05 -1.0833377736196226 -1.000196430920625
-7.904243999999999 -6.734324e-05 -1.0847276852419252 -1.001479673024588
-7.933975 -6.725205e-05 -1.0832588471281486 -1.0001235616853785
-7.96391 -6.72461e-05 -1.083163007817073 -1.000035077614008
-7.99391 -6.715996e-05 -1.0817755123118562 -0.9987540662009194
-8.024207 -6.726812e-05 -1.0835176938052884 -1.000362543034442
-8.053947 -6.708686e-05 -1.0805980579186432 -0.9976669761812218
-8.083762 -6.717321e-05 -1.0819889359877803 -0.998951110561535
-8.113771 -6.721344e-05 -1.0826369385902286 -0.9995493818541811
-8.143843 -6.702974e-05 -1.0796780005323188 -0.9968175290960628
-8.173577 -6.727059e-05 -1.0835574791999703 -1.0003992750775152
-8.203641 -6.725811e-05 -1.0833564582584203 -1.0002136815967242
-8.233762 -6.734694e-05 -1.0847872827967115 -1.0015346967328354
-8.263808999999998 -6.716279e-05 -1.0818210963875443 -0.9987961519020926
-8.294086 -6.718613e-05 -1.0821970442061157 -0.9991432474022258
-8.323683 -6.716167e-05 -1.0818030560466356 -0.9987794960768931
-8.353558000000001 -6.722412e-05 -1.0828089661267473 -0.9997082070444735
-8.383642 -6.734297e-05 -1.0847233362311703 -1.001475657781013
-8.413456 -6.70794e-05 -1.0804778963622361 -0.9975560364883773
-8.443429 -6.722171e-05 -1.0827701471788995 -0.99967236727775
-8.473438 -6.732614e-05 -1.0844522478941283 -1.00122537426485
-8.503316 -6.725892e-05 -1.0833695052906842 -1.0002257273274484
-8.532983 -6.711199e-05 -1.0810028380677739 -0.998040691259129
-8.563206000000001 -6.714599e-05 -1.0815504912739193 -0.9985463145241045
-8.593286 -6.716344e-05 -1.0818315662282498 -0.998805818229217
-8.623475000000001 -6.710651e-05 -1.0809145692569009 -0.9979591966858328
-8.653493000000001 -6.737821e-05 -1.0852909626718932 -1.001999721423888
-8.683382 -6.716237e-05 -1.0818143312597035 -0.9987899059676427
-8.713116 -6.73177e-05 -1.0843163010394263 -1.0010998607249564
-8.743069 -6.717176e-05 -1.081965580189283 -0.9989295472164109
-8.772780000000001 -6.705341e-05 -1.0800592638084796 -0.9971695321161208
-8.802790000000002 -6.732218e-05 -1.0843884624030597 -1.001166484025753
-8.832789 -6.710899e-05 -1.080954515726055 -0.997996077441631
-8.862566999999999 -6.71974e-05 -1.0823785751365058 -0.9993108466432926
-8.892669 -6.727002e-05 -1.0835482979550437 -1.0003907984521905
-8.922616 -6.727999e-05 -1.083708889204022 -1.0005390650390085
-8.952632 -6.705268e-05 -1.0800475053719947 -0.9971586760871964
-8.982476 -6.711079e-05 -1.0809835091310862 -0.9980228457321297
-9.012103999999999 -6.730183e-05 -1.0840606758517344 -1.0008638536303929
-9.042363 -6.72458e-05 -1.0831581755829012 -1.0000306162322579
-9.072239 -6.727562e-05 -1.0836384996595851 -1.0004740775781866
-9.102113 -6.7188e-05 -1.0822271651324535 -0.9991710566817992
-9.132154 -6.735501e-05 -1.0849172698959348 -1.0016547079019045
-9.161845 -6.721535e-05 -1.082667703814456 -0.9995777859846546
-9.191683000000001 -6.721068e-05 -1.0825924820358472 -0.9995083371420831
-9.221919 -6.720909e-05 -1.0825668711947365 -0.9994846918188093
-9.251796 -6.713966e-05 -1.081448531132893 -0.9984521793691841
-9.281683000000001 -6.720343e-05 -1.0824757030433605 -0.9994005204164633
-9.311447 -6.716995e-05 -1.0819364257097794 -0.9989026302131874
-9.341631999999999 -6.726411e-05 -1.083453102941858 -1.00030290923172
-9.371616 -6.714131e-05 -1.081475108420838 -0.9984767169688078
-9.401371 -6.715031e-05 -1.0816200754459941 -0.9986105584213013
-9.43103 -6.723353e-05 -1.0829605372052715 -0.9998481457186917
-9.460984 -6.710586e-05 -1.0809040994161951 -0.9979495303587081
-9.491029000000001 -6.710386e-05 -1.080871884521716 -0.9979197878137097
-9.520983 -6.724003e-05 -1.0830652356123287 -0.999944808989937
-9.551262000000001 -6.70782e-05 -1.0804585674255487 -0.9975381909613782
-9.581309 -6.723755e-05 -1.0830252891431746 -0.9999079282341389
-9.610966000000001 -6.724856e-05 -1.0832026321372823 -1.0000716609443558
-9.640789 -6.7297e-05 -1.0839828768815674 -1.0007920253842213
-9.670881999999999 -6.739166e-05 -1.0855076078372652 -1.0021997400390033
-9.701132 -6.713875e-05 -1.0814338733559048 -0.9984386465112097
-9.731086 -6.725339e-05 -1.0832804311074495 -1.0001434891905274
-9.761113 -6.717735e-05 -1.0820556208193524 -0.9990126776296819
-9.791032 -6.722912e-05 -1.082889503362945 -0.9997825634069699
-9.821169 -6.706387e-05 -1.0802277477066053 -0.9973250856264634
-9.851188 -6.721456e-05 -1.0826549789311368 -0.9995660376793803
-9.881225 -6.726361e-05 -1.083445049218238 -1.00029547359547
-9.911309 -6.710126e-05 -1.080830005158893 -0.9978811225052115
-9.941116 -6.719467e-05 -1.0823346018055418 -0.9992702480693696
-9.970844999999999 -6.697004e-05 -1.0787163859321163 -0.9959297141278557
-9.993197 -6.713761e-05 -1.081415510866052 -0.9984216932605606
-9.994762000000001 -6.733429e-05 -1.0845835235891308 -1.0013465751357193
-9.966237 -6.723931e-05 -1.0830536382503164 -0.9999341016737378
-9.936663000000001 -6.724206e-05 -1.0830979337302251 -0.9999749976731106
-9.90719 -6.705303e-05 -1.0800531429785285 -0.9971638810325711
-9.877291 -6.707299e-05 -1.0803746476254306 -0.997460711631657
-9.84782 -6.716332e-05 -1.0818296333345812 -0.998804033676517
-9.818074000000001 -6.73159e-05 -1.084287307634395 -1.0010730924344575
-9.788329 -6.72159e-05 -1.0826765629104378 -0.9995859651845292
-9.758423 -6.729834e-05 -1.0840044608608683 -1.0008119528893702
-9.728487 -6.698911e-05 -1.079023554950975 -0.9962133092944171
-9.698635 -6.719702e-05 -1.0823724543065547 -0.999305195559743
-9.668922 -6.739028e-05 -1.0854853795600745 -1.002179217682954
-9.638589 -6.741736e-05 -1.0859215692313224 -1.0025819317422349
-9.60858 -6.73368e-05 -1.0846239532817021 -1.0013839020296924
-9.578699 -6.720502e-05 -1.0825013138844712 -0.9994241657397371
-9.548736000000002 -6.71997e-05 -1.0824156222651569 -0.999345050570041
-9.518486999999999 -6.729615e-05 -1.0839691855514135 -1.0007793848025968
-9.488914000000001 -6.71169e-05 -1.0810819256337199 -0.9981137092071002
-9.459126 -6.722089e-05 -1.0827569390721634 -0.999660172834301
-9.429209 -6.727002e-05 -1.0835482979550437 -1.0003907984521905
-9.399318 -6.730398e-05 -1.0840953068632997 -1.0008958268662662
-9.369477999999999 -6.726981e-05 -1.0835449153911232 -1.0003876754849657
-9.339413 -6.704616e-05 -1.0799424848159929 -0.9970617153905013
-9.309459 -6.725823e-05 -1.0833583911520892 -1.000215466149424
-9.279678 -6.73061e-05 -1.0841294546514475 -1.0009273539639647
-9.249968 -6.726115e-05 -1.0834054248980285 -1.000258890265122
-9.219792 -6.729524e-05 -1.0839545277744258 -1.0007658519446225
-9.189986000000001 -6.700495e-05 -1.07927869691525 -0.9964488702508056
-9.159932000000001 -6.720683e-05 -1.082530468363975 -0.9994510827429609
-9.129959000000001 -6.739266e-05 -1.0855237152845048 -1.0022146113115025
-9.100149 -6.726865e-05 -1.0835262307523252 -1.0003704248088665
-9.070106 -6.728665e-05 -1.0838161648026376 -1.0006381077138535
-9.040147999999999 -6.708466e-05 -1.0805626215347164 -0.9976342593817236
-9.010199 -6.713275e-05 -1.0813372286724676 -0.9983494188762142
-8.980272999999999 -6.727684e-05 -1.0836581507452174 -1.0004922205306357
-8.950256 -6.732525e-05 -1.0844379122660852 -1.001212138832326
-8.920478999999998 -6.716234e-05 -1.0818138480362864 -0.9987894598294678
-8.890366 -6.7222e-05 -1.0827748183385992 -0.999676679946775
-8.860394 -6.731035e-05 -1.0841979113022155 -1.0009905568720865
-8.830302 -6.7398e-05 -1.0856097290527642 -1.0022940239066487
-8.800602000000001 -6.732278e-05 -1.0843981268714036 -1.0011754067892527
-8.770791 -6.726335e-05 -1.0834408612819555 -1.0002916070646202
-8.740959 -6.717864e-05 -1.0820763994262914 -0.999031861571206
-8.710847 -6.726054e-05 -1.0833955993552125 -1.0002498187888973
-8.681338 -6.748157e-05 -1.0869558284185752 -1.0035368161494138
-8.651172 -6.719312e-05 -1.0823096352623205 -0.9992471975969958
-8.621098 -6.726123e-05 -1.0834067134938077 -1.000260079966922
-8.590968 -6.728818e-05 -1.083840809196914 -1.0006608607607774
-8.560960999999999 -6.729303e-05 -1.083918930316026 -1.0007329864323988
-8.531209 -6.727485e-05 -1.0836260969252107 -1.000462626698362
-8.501145000000001 -6.720379e-05 -1.0824815017243665 -0.999405874074563
-8.471218 -6.71515e-05 -1.0816392433082094 -0.9986282552355756
-8.441404 -6.735907e-05 -1.0849826661317274 -1.0017150852682515
-8.411412 -6.740096e-05 -1.0856574070965932 -1.0023380428732465
-8.381292 -6.719286e-05 -1.082305447326038 -0.9992433310661459
-8.351291 -6.721166e-05 -1.082608267334142 -0.9995229109891324
-8.321470999999999 -6.714792e-05 -1.0815815786470917 -0.9985750160800281
-8.291478 -6.728724e-05 -1.083825668196509 -1.0006468817646281
-8.261348 -6.73152e-05 -1.0842760324213274 -1.0010626825437081
-8.231404000000001 -6.716962e-05 -1.0819311102521905 -0.9988977226932625
-8.201653 -6.729802e-05 -1.0839993064777518 -1.0008071940821706
-8.171616 -6.720404e-05 -1.0824855285861765 -0.9994095918926879
-8.141291 -6.729693e-05 -1.0839817493602604 -1.0007909843951461
-8.111488 -6.721088e-05 -1.0825957035252953 -0.999511311396583
-8.081597 -6.722879e-05 -1.082884187905356 -0.999777655887045
-8.051328 -6.725491e-05 -1.0833049144272535 -1.0001660935247263
-8.021696 -6.735737e-05 -1.0849552834714202 -1.0016898041050029
-7.991855999999999 -6.731409e-05 -1.0842581531548918 -1.001046175431234
-7.961894 -6.719465e-05 -1.082334279656597 -0.9992699506439195
-7.931384 -6.74018e-05 -1.0856709373522746 -1.0023505347421462
-7.901421 -6.717944e-05 -1.082089285384083 -0.9990437585892056
-7.871724 -6.742128e-05 -1.0859847104245013 -1.002640227130432
-7.841764 -6.730005e-05 -1.084032004595648 -1.000837382765344
-7.811837000000001 -6.724878e-05 -1.083206175775675 -1.000074932624306
-7.781847 -6.722976e-05 -1.0828998121291784 -0.9997920810213694
-7.751782 -6.70997e-05 -1.0808048775411994 -0.9978579233201127
-7.721696 -6.728457e-05 -1.0837826613123793 -1.0006071754670551
-7.691504 -6.742764e-05 -1.086087153788945 -1.0027348084235272
-7.661932 -6.732895e-05 -1.0844975098208718 -1.0012671625405734
-7.631736 -6.731132e-05 -1.084213535526038 -1.0010049820064109
-7.6017269999999995 -6.729764e-05 -1.0839931856478007 -1.0008015429986208
-7.571866 -6.714385e-05 -1.0815160213368264 -0.9985144900009559
-7.541921 -6.714905e-05 -1.0815997800624724 -0.9985918206179523
-7.51206 -6.71133e-05 -1.0810239388236575 -0.9980601726261029
-7.482092 -6.731329e-05 -1.0842452671971001 -1.0010342784132347
-7.452208 -6.727214e-05 -1.0835824457431915 -1.0004223255498892
-7.422233 -6.738874e-05 -1.0854605740913257 -1.0021563159233053
-7.3924769999999995 -6.734054e-05 -1.0846841951343784 -1.00143952058884
-7.362144 -6.738931e-05 -1.0854697553362522 -1.00216479254863
-7.332177 -6.715427e-05 -1.0816838609370631 -0.9986694486603988
-7.302319000000001 -6.729743e-05 -1.0839898030838804 -1.000798420031396
-7.272486 -6.71693e-05 -1.0819259558690737 -0.9988929638860627
-7.24219 -6.733373e-05 -1.084574503418677 -1.0013382472231198
-7.212403 -6.722401e-05 -1.0828071943075508 -0.9997065712044986
-7.182196 -6.727369e-05 -1.0836074122864128 -1.0004453760222627
-7.152116 -6.726781e-05 -1.083512700496644 -1.0003579329399672
-7.122153 -6.719402e-05 -1.082324131964836 -0.999260581742245
-7.092069 -6.723049e-05 -1.0829115705656631 -0.9998029370502938
-7.062073000000001 -6.722062e-05 -1.0827525900614088 -0.999656157590726
-7.032144000000001 -6.725387e-05 -1.0832881626821245 -1.0001506274013272
-7.002073 -6.726728e-05 -1.083504163549607 -1.0003500511655423
-6.972301000000001 -6.719775e-05 -1.0823842127430396 -0.9993160515886673
-6.942328000000001 -6.734061e-05 -1.0846853226556852 -1.0014405615779152
-6.912605999999999 -6.735843e-05 -1.0849723573654944 -1.0017055676538522
-6.882560000000001 -6.735267e-05 -1.084879578469394 -1.0016199091242561
-6.852532 -6.709353e-05 -1.0807054945917312 -0.997766167568792
-6.82246 -6.723889e-05 -1.0830468731224758 -0.999927855739288
-6.7924679999999995 -6.719775e-05 -1.0823842127430396 -0.9993160515886673
-6.7623940000000005 -6.70428e-05 -1.0798883637932677 -0.9970117479149035
-6.732375 -6.727551e-05 -1.083636727840389 -1.0004724417382116
-6.702162 -6.738742e-05 -1.0854393122609696 -1.0021366858436063
-6.6724120000000005 -6.722601e-05 -1.08283940920203 -0.999736313749497
-6.642532 -6.738004e-05 -1.0853204393003413 -1.0020269358525615
-6.612384 -6.729633e-05 -1.0839720848919168 -1.0007820616316465
-6.582217 -6.747359e-05 -1.0868272909896033 -1.0034181433948695
-6.552097 -6.708461e-05 -1.0805618161623542 -0.9976335158180986
-6.522079 -6.722059e-05 -1.0827521068379915 -0.999655711452551
-6.492394 -6.719407e-05 -1.082324937337198 -0.99926132530587
-6.462504 -6.719321e-05 -1.082311084932572 -0.9992485360115209
-6.432514 -6.744981e-05 -1.0864442558942464 -1.0030645045348365
-6.402384 -6.734384e-05 -1.084737349710269 -1.0014885957880877
-6.372375 -6.728097e-05 -1.083724674502317 -1.0005536388860576
-6.342523 -6.721236e-05 -1.0826195425472098 -0.999533320879882
-6.312495 -6.717817e-05 -1.082068828926089 -0.9990248720731315
-6.282412 -6.707267e-05 -1.0803694932423138 -0.9974559528244572
-6.252583 -6.716399e-05 -1.0818404253242315 -0.9988139974290915
-6.222716999999999 -6.72764e-05 -1.083651063468432 -1.000485677170736
-6.192829 -6.738142e-05 -1.085342667577532 -1.0020474582086105
-6.162866 -6.737051e-05 -1.0851669353281481 -1.0018852126256432
-6.132621 -6.741173e-05 -1.0858308843033635 -1.0024982064780639
-6.102782 -6.718866e-05 -1.082237796047632 -0.9991808717216489
-6.072792000000001 -6.714913e-05 -1.0816010686582516 -0.9985930103197522
-6.0426899999999995 -6.724331e-05 -1.0831180680392747 -0.9999935867637348
-6.012671 -6.722898e-05 -1.0828872483203316 -0.99978048142882
-5.982569000000001 -6.720905e-05 -1.082566226896847 -0.9994840969679094
-5.952743000000001 -6.718665e-05 -1.0822054200786801 -0.9991509804639251
-5.9228559999999995 -6.743002e-05 -1.0861254895133752 -1.0027702020520757
-5.892866 -6.721078e-05 -1.0825940927805713 -0.9995098242693331
-5.862884 -6.73061e-05 -1.0841294546514475 -1.0009273539639647
-5.8328370000000005 -6.726933e-05 -1.0835371838164483 -1.000380537274166
-5.802569 -6.71885e-05 -1.0822352188560735 -0.999178492318049
-5.772506999999999 -6.713045e-05 -1.0813001815438164 -0.9983152149494656
-5.742838 -6.6892e-05 -1.0774593607495402 -0.9947691600220118
-5.712736 -6.721199e-05 -1.0826135827917311 -0.9995278185090573
-5.682708 -6.728947e-05 -1.0838615878038533 -1.0006800447023017
-5.652686 -6.729173e-05 -1.0838979906346147 -1.0007136537781498
-5.622634 -6.718448e-05 -1.0821704669181706 -0.9991187098026021
-5.592582999999999 -6.722738e-05 -1.0828614764047482 -0.9997566873928211
-5.562755 -6.709724e-05 -1.0807652532209902 -0.9978213399897645
-5.532856 -6.727826e-05 -1.0836810233202978 -1.0005133377375848
-5.502523 -6.711932e-05 -1.0811209056560398 -0.9981496976865487
-5.472523 -6.717934e-05 -1.082087674639359 -0.9990422714619555
-5.442601 -6.743163e-05 -1.0861514225034312 -1.0027941448007998
-5.412782 -6.724323e-05 -1.0831167794434953 -0.9999923970619347
-5.383014 -6.736374e-05 -1.0850578879103363 -1.0017845341108234
-5.352606 -6.727561e-05 -1.0836383385851127 -1.0004739288654614
-5.322597 -6.726767e-05 -1.0835104454540305 -1.0003558509618171
-5.292394 -6.725211e-05 -1.0832598135749827 -1.0001244539617282
-5.262504 -6.729504e-05 -1.0839513062849777 -1.0007628776901227
-5.232838 -6.704636e-05 -1.0799457063054407 -0.9970646896450012
-5.2027079999999994 -6.735883e-05 -1.0849788003443903 -1.001711516162852
-5.172587999999999 -6.7092e-05 -1.0806808501974547 -0.9977434145218682
-5.14255 -6.740281e-05 -1.0856872058739866 -1.0023655547273704
-5.112507 -6.727019e-05 -1.0835510362210743 -1.0003933265685154
-5.082745 -6.708097e-05 -1.0805031850544025 -0.9975793843862013
-5.052365 -6.720721e-05 -1.0825365891939258 -0.9994567338265106
-5.022696 -6.724177e-05 -1.0830932625705256 -0.9999706850040858
-4.993069 -6.714907e-05 -1.0816001022114172 -0.9985921180434023
-4.962865 -6.715683e-05 -1.0817250960019962 -0.9987075191179967
-4.932951 -6.721602e-05 -1.0826784958041067 -0.9995877497372293
-4.903199 -6.722756e-05 -1.0828643757452512 -0.999759364221871
-4.873171 -6.725796e-05 -1.0833540421413344 -1.000211450905849
-4.843106 -6.714311e-05 -1.0815041018258693 -0.9985034852593067
-4.812847 -6.724709e-05 -1.0831789541898402 -1.000049800173782
-4.783045 -6.706014e-05 -1.0801676669284017 -0.997269615780041
-4.752986 -6.707585e-05 -1.0804207149245355 -0.9975032434710048
-4.7231890000000005 -6.716875e-05 -1.081917096773092 -0.9988847846861882
-4.692801 -6.70097e-05 -1.079355207289638 -0.9965195087951774
-4.662707999999999 -6.721434e-05 -1.082651435292744 -0.9995627659994304
-4.632762 -6.711014e-05 -1.0809730392903805 -0.9980131794050051
-4.6032079999999995 -6.716394e-05 -1.0818396199518698 -0.9988132538654667
-4.572995 -6.731131e-05 -1.0842133744515656 -1.001004833293686
-4.542894 -6.699998e-05 -1.0791986429024691 -0.9963749600264842
-4.5128379999999995 -6.707654e-05 -1.0804318290631312 -0.9975135046490294
-4.48256 -6.712154e-05 -1.0811566641889117 -0.998182711911497
-4.452745 -6.713263e-05 -1.0813352957787985 -0.998347634323514
-4.422782 -6.717482e-05 -1.0820148689778362 -0.9989750533102588
-4.392588 -6.721409e-05 -1.0826474084309343 -0.9995590481813057
-4.362885 -6.720998e-05 -1.0825812068227796 -0.9994979272513337
-4.332828999999999 -6.734503e-05 -1.084756517572484 -1.0015062926023617
-4.302968 -6.706094e-05 -1.0801805528861934 -0.9972815127980404
-4.27268 -6.696936e-05 -1.0787054328679935 -0.9959196016625563
-4.242736 -6.713629e-05 -1.0813942490356954 -0.9984020631808613
-4.212715 -6.685186e-05 -1.0768128078173438 -0.9941722271438908
-4.183069000000001 -6.728683e-05 -1.0838190641431409 -1.0006407845429035
-4.15305 -6.717259e-05 -1.081978949370492 -0.9989418903725855
-4.122921 -6.718461e-05 -1.0821725608863118 -0.9991206430680268
-4.09297 -6.723555e-05 -1.0829930742486953 -0.9998781856891402
-4.062449 -6.702958e-05 -1.0796754233407606 -0.996815149692463
-4.0323850000000006 -6.724268e-05 -1.0831079203475136 -0.99998421786206
-4.002486 -6.687127e-05 -1.0771254533682637 -0.9944608785431015
-3.972366 -6.710973e-05 -1.0809664352370123 -0.9980070821832805
-3.9424789999999996 -6.707304e-05 -1.0803754529977925 -0.997461455195282
-3.912469 -6.726684e-05 -1.0834970762728218 -1.0003435078056429
-3.882227 -6.705067e-05 -1.0800151294030431 -0.9971287848294729
-3.8522339999999997 -6.727366e-05 -1.0836069290629955 -1.0004449298840878
-3.822639 -6.713517e-05 -1.081376208694787 -0.9983854073556622
-3.7926529999999996 -6.697321e-05 -1.0787674465398658 -0.9959768560616785
-3.762449 -6.703868e-05 -1.0798220011106408 -0.9969504782722065
-3.732724 -6.682858e-05 -1.0764378264456063 -0.9938260239201072
-3.7025230000000002 -6.717891e-05 -1.082080748437046 -0.9990358768147808
-3.6728 -6.706766e-05 -1.0802887949316438 -0.9973814477492359
-3.64268 -6.705346e-05 -1.0800600691808415 -0.9971702756797458
-3.612838 -6.721752e-05 -1.082702656974966 -0.9996100566459782
-3.5822640000000003 -6.698165e-05 -1.078903393394568 -0.9961023696015725
-3.552469 -6.727009e-05 -1.0835494254763505 -1.0003918394412656
-3.522597 -6.703859e-05 -1.0798205514403891 -0.9969491398576816
-3.492477 -6.695149e-05 -1.0784175927858224 -0.9956538520229941
-3.462611 -6.681999e-05 -1.0762994634738183 -0.9936982796893383
-3.4325419999999998 -6.698199e-05 -1.0789088699266292 -0.9961074258342221
-3.402366 -6.723756e-05 -1.083025450217647 -0.999908076946864
-3.372329 -6.708818e-05 -1.0806193197489997 -0.9976866062609211
-3.3424490000000002 -6.717274e-05 -1.0819813654875778 -0.9989441210634604
-3.312486 -6.71568e-05 -1.0817246127785791 -0.9987070729798218
-3.282542 -6.709764e-05 -1.0807716961998861 -0.9978272884987643
-3.2523380000000004 -6.68763e-05 -1.0772064738278786 -0.9945356810437729
-3.222319 -6.704716e-05 -1.0799585922632322 -0.9970765866630005
-3.1924319999999997 -6.693567e-05 -1.0781627729704923 -0.9954185884920556
-3.1626529999999997 -6.725913e-05 -1.0833728878546047 -1.0002288502946735
-3.1324490000000003 -6.714904e-05 -1.0815996189880002 -0.9985916719052275
-3.102292 -6.715943e-05 -1.0817669753648191 -0.998746184426495
-3.071995 -6.702142e-05 -1.0795439865712857 -0.9966938001088689
-3.04246 -6.667447e-05 -1.0739555077515155 -0.9915342121152427
-3.012449 -6.709371e-05 -1.0807083939322344 -0.9977688443978421
-2.9823560000000002 -6.687231e-05 -1.077142205113393 -0.9944763446665009
-2.9521529999999996 -6.695414e-05 -1.0784602775210073 -0.9956932608951173
-2.9223000000000003 -6.715627e-05 -1.081716075831542 -0.998699191205397
-2.892347 -6.708704e-05 -1.0806009572591466 -0.9976696530102719
-2.862504 -6.725541e-05 -1.0833129681508733 -1.000173529160976
-2.832366 -6.71909e-05 -1.0822738767294484 -0.9992141833720471
-2.8022359999999997 -6.708933e-05 -1.0806378433133252 -0.9977037082242953
-2.7718380000000002 -6.695705e-05 -1.0785071501924746 -0.9957365362980902
-2.741969 -6.699059e-05 -1.0790473939728895 -0.9962353187777159
-2.712421 -6.703156e-05 -1.0797073160862949 -0.9968445948120116
-2.682125 -6.713671e-05 -1.081401014163536 -0.9984083091153112
-2.651875 -6.711673e-05 -1.0810791873676895 -0.9981111810907756
-2.62169 -6.707969e-05 -1.0804825675219354 -0.9975603491574019
-2.592139 -6.723788e-05 -1.0830306046007638 -0.9999128357540638
-2.562329 -6.700904e-05 -1.0793445763744596 -0.9965096937553277
-2.532196 -6.699184e-05 -1.079067528281939 -0.9962539078683401
-2.502329 -6.680883e-05 -1.0761197043626247 -0.9935323162882465
-2.4722429999999997 -6.685105e-05 -1.0767997607850797 -0.9941601814131661
-2.4421709999999996 -6.715384e-05 -1.08167693473475 -0.9986630540132239
-2.412255 -6.701852e-05 -1.0794972749742908 -0.9966506734186209
-2.382385 -6.702443e-05 -1.0795924699874768 -0.9967385626390918
-2.352606 -6.70364e-05 -1.0797852761309346 -0.9969165717709082
-2.322347 -6.699382e-05 -1.0790994210274734 -0.9962833529878887
-2.292199 -6.711452e-05 -1.08104358990929 -0.9980783155785521
-2.262262 -6.68893e-05 -1.0774158706419932 -0.9947290075862637
-2.23244 -6.679127e-05 -1.0758368575890978 -0.9932711767431589
-2.202366 -6.694766e-05 -1.0783559012628947 -0.9955968950493219
-2.171949 -6.718603e-05 -1.082195433461392 -0.9991417602749759
-2.142092 -6.716834e-05 -1.0819104927197238 -0.9988786874644635
-2.112319 -6.701716e-05 -1.079475368846045 -0.996630448488022
-2.08219 -6.696458e-05 -1.0786284392701884 -0.9958485169800098
-2.052205 -6.684556e-05 -1.0767113308997343 -0.9940785381271451
-2.021791 -6.692448e-05 -1.0779825306358815 -0.9952521789527884
-1.9921300000000002 -6.681857e-05 -1.076276590898738 -0.9936771624823892
-1.962106 -6.673713e-05 -1.0749648003955474 -0.9924660460500478
-1.9320920000000001 -6.689421e-05 -1.0774949582079396 -0.9948020255342352
-1.902318 -6.713238e-05 -1.081331268916989 -0.9983439165053895
-1.872245 -6.706215e-05 -1.0802000428973535 -0.9972995070377647
-1.841988 -6.703704e-05 -1.0797955848971679 -0.9969260893853077
-1.8122360000000002 -6.692633e-05 -1.0780123294132746 -0.995279690806912
-1.7819880000000001 -6.693671e-05 -1.0781795247156214 -0.9954340546154548
-1.7520419999999999 -6.684045e-05 -1.07662902184434 -0.9940025459246737
-1.722026 -6.687907e-05 -1.0772510914567324 -0.994576874468596
-1.692097 -6.703538e-05 -1.0797688465347501 -0.9969014030729588
-1.661995 -6.682941e-05 -1.076451195626815 -0.9938383670762815
-1.6319860000000002 -6.69765e-05 -1.078820440041284 -0.9960257825482011
-1.601884 -6.701973e-05 -1.0795167649854507 -0.996668667658345
-1.572158 -6.681691e-05 -1.0762498525363204 -0.9936524761700406
-1.542069 -6.698475e-05 -1.0789533264810107 -0.9961484705463204
-1.5118099999999999 -6.695753e-05 -1.0785148817671493 -0.9957436745088897
-1.482026 -6.675551e-05 -1.0752608552758107 -0.9927393800385845
-1.451903 -6.679502e-05 -1.0758972605162462 -0.9933269440150313
-1.421818 -6.689577e-05 -1.0775200858256333 -0.994825224719334
-1.39156 -6.701469e-05 -1.0794355834513634 -0.9965937164449487
-1.361875 -6.714524e-05 -1.0815384106884895 -0.9985351610697301
-1.331912 -6.709359e-05 -1.0807064610385657 -0.9977670598451422
-1.301727 -6.690253e-05 -1.0776289721689727 -0.9949257545214292
-1.271979 -6.669881e-05 -1.0743475630173271 -0.9918961788878755
-1.241773 -6.660375e-05 -1.072816389082733 -0.9904825157240934
-1.211903 -6.686465e-05 -1.0770188220675376 -0.9943624307191563
-1.182082 -6.669393e-05 -1.074268958674798 -0.9918236070780789
-1.152069 -6.706252e-05 -1.080206002652832 -0.9973050094085893
-1.122007 -6.691044e-05 -1.0777563820766376 -0.9950433862868984
-1.091856 -6.698383e-05 -1.0789385076295501 -0.9961347889756208
-1.062041 -6.699478e-05 -1.0791148841768234 -0.996297629409488
-1.03169 -6.68278e-05 -1.0764252626367594 -0.9938144243275578
-1.0018099999999999 -6.649852e-05 -1.0711214024097127 -0.9889176117189938
-0.9718843 -6.690103e-05 -1.0776048109981133 -0.9949034476126802
-0.9420599 -6.673804e-05 -1.0749794581725352 -0.9924795789080221
-0.9117358 -6.704625e-05 -1.0799439344862443 -0.997063053805026
-0.8817617 -6.687071e-05 -1.0771164331978096 -0.994452550630502
-0.8517914 -6.686682e-05 -1.0770537752280476 -0.9943947013804797
-0.8217636 -6.695981e-05 -1.0785516067468555 -0.995777581010188
-0.79179 -6.678807e-05 -1.0757853137579314 -0.9932235886711615
-0.7618747 -6.674688e-05 -1.075121848006133 -0.9926110409569159
-0.7315877000000001 -6.64552e-05 -1.0704236277952943 -0.988273388194325
-0.7016485 -6.658385e-05 -1.0724958508826656 -0.9901865774013577
-0.6717080999999999 -6.67452e-05 -1.0750947874947707 -0.9925860572191172
-0.6417238999999999 -6.678067e-05 -1.0756661186483585 -0.9931135412546667
-0.6114118 -6.690578e-05 -1.0776813213725014 -0.9949740861570517
-0.5816296 -6.679448e-05 -1.075888562494737 -0.9933189135278818
-0.5518469 -6.67876e-05 -1.0757777432577287 -0.9932165991730866
-0.5214951 -6.666569e-05 -1.0738140843647521 -0.991403642342699
-0.4913747 -6.642572e-05 -1.0699487802506717 -0.9878349830810461
-0.4616108 -6.650332e-05 -1.0711987181564628 -0.9889889938269906
-0.43153210000000003 -6.655893e-05 -1.0720944532974555 -0.9898159852906757
-0.40165249999999997 -6.661306e-05 -1.0729663494165333 -0.9906209672710617
-0.3718284 -6.695165e-05 -1.0784201699773805 -0.9956562314265939
-0.3414858 -6.665383e-05 -1.0736230500404909 -0.9912272690508576
-0.31156920000000005 -6.664655e-05 -1.0735057878245868 -0.9911190061870628
-0.2810784 -6.653343e-05 -1.071683713392846 -0.9894367678419439
-0.25118029999999997 -6.637483e-05 -1.06912907226065 -0.9870781840235578
-0.2211618 -6.634845e-05 -1.06870415780247 -0.9866858798550268
-0.19126169999999998 -6.64113e-05 -1.0697165108614772 -0.9876205393316067
-0.1614951 -6.157035e-05 -0.9917411641470646 -0.9156294527262046
-0.1310414 -2.986157e-05 -0.48099366326582615 -0.4440795447264023
-0.1011768 -1.836114e-05 -0.2957510938084197 -0.2730535163374777
-0.07132841000000001 -1.371708e-05 -0.2209471423810067 -0.20399043457445937
-0.04138431 -9.904316e-06 -0.15953324741406208 -0.14728978215500466
-0.011420999999999999 -5.9613e-06 -0.09602132522926857 -0.08865211674997336
0.01862512 -2.650944e-06 -0.04269994061506351 -0.03942291060433821
0.04875492 5.156695e-07 0.008306119264307165 0.007668661654068808
0.07851192 3.902466e-06 0.06285876519922882 0.05803463530518537
0.1087735 6.931524e-06 0.11164915711983639 0.10308058223931733
0.1388232 9.90648e-06 0.15956810392988852 0.14732196358869307
0.16876419999999998 1.293937e-05 0.20842021958831813 0.1924248972390423
0.198829 1.600651e-05 0.2578240153147031 0.23803717197249194
0.2289553 1.879766e-05 0.30278231667743827 0.27954512420886457
0.2587272 2.165369e-05 0.3487856692170769 0.3220179246049906
0.2888138 2.530466e-05 0.407593475865342 0.37631249436169645
0.3188012 2.867354e-05 0.4618575327217958 0.4264120268590796
0.3486817 3.164192e-05 0.5096705569588006 0.4705556147205001
0.3787642 3.484842e-05 0.5613190865324924 0.5182403499894497
0.40868079999999996 3.816917e-05 0.6148078919533057 0.5676241281414425
0.4389309 4.187425e-05 0.6744872725717042 0.6227233824530845
0.4689031 4.559602e-05 0.734435486484531 0.6780708383027395
0.4987572 5.007648e-05 0.8066042595435496 0.7447009798848752
0.5290513 5.490681e-05 0.884408545168278 0.8165341335763349
0.5590512999999999 5.971025e-05 0.9617797015367342 0.887967398750289
0.5889271 6.35116e-05 1.0230097461008862 0.9444983104654369
0.6188754 6.518766e-05 1.0500067941212459 0.9694234554505845
0.6491439 6.593655e-05 1.0620695002844898 0.9805604027125723
0.6792457000000001 6.606559e-05 1.0641480052762842 0.9824793917158796
0.7090049 6.627171e-05 1.067468072301305 0.9855446584034316
0.7391346 6.629788e-05 1.0678896041955648 0.9859338396047379
0.7691439 6.648138e-05 1.0708453207640263 0.9886627181083563
0.7989931 6.653518e-05 1.0717119014255154 0.9894627925688176
0.8290698 6.671508e-05 1.0746096311839148 0.9921381344914387
0.8590605 6.690303e-05 1.0776370258925925 0.9949331901576787
0.8888893 6.687646e-05 1.0772090510194372 0.994538060447373
0.9189587 6.694563e-05 1.0783232031449983 0.9955667063661483
0.9491809 6.673789e-05 1.0749770420554494 0.9924773482171473
0.9794493999999999 6.690786e-05 1.0777148248627595 0.9950050184038502
1.0092480000000001 6.689653e-05 1.0775323274855355 0.9948365268864336
1.039107 6.672152e-05 1.0747133631441375 0.992233905486334
1.069329 6.685025e-05 1.076786874827288 0.9941482843951667
1.0991630000000001 6.681058e-05 1.076147892395294 0.9935583410151202
1.129329 6.695902e-05 1.0785388818635362 0.9957658327049137
1.159276 6.702593e-05 1.0796166311583362 0.9967608695478406
1.189107 6.688449e-05 1.0773383938207708 0.9946574767655421
1.2193289999999999 6.694231e-05 1.078269726420163 0.9955173337414508
1.249227 6.663424e-05 1.0733075051490677 0.9909359408225967
1.279493 6.665289e-05 1.0736079090400859 0.9912132900547084
1.309366 6.694754e-05 1.078353968369226 0.995595110496622
1.3394030000000001 6.679203e-05 1.075849099249 0.9932824789102584
1.3692010000000001 6.710632e-05 1.0809115088419254 0.9979563711440581
1.399237 6.706714e-05 1.080280419059079 0.997373714687536
1.429699 6.699978e-05 1.0791954214130213 0.9963719857719844
1.459399 6.682727e-05 1.0764167256897224 0.993806542553133
1.489264 6.695733e-05 1.0785116602777014 0.9957407002543899
1.5192480000000002 6.688484e-05 1.0773440314273046 0.9946626817109168
1.549236 6.676933e-05 1.0754834601966619 0.9929449010245249
1.579644 6.696828e-05 1.078688036824975 0.9959035406882571
1.609551 6.706134e-05 1.0801869958650894 0.9972874613070402
1.63938 6.715736e-05 1.0817336329490332 0.9987154008924214
1.6693289999999998 6.702499e-05 1.079601490157931 0.9967468905516914
1.699625 6.711879e-05 1.081112368709003 0.9981418159121241
1.729625 6.699083e-05 1.079051259760227 0.9962388878831159
1.7595239999999999 6.687085e-05 1.077118688240423 0.9944546326086517
1.789801 6.694743e-05 1.0783521965500296 0.9955934746566468
1.819644 6.683305e-05 1.0765098267347673 0.9938924985081792
1.849521 6.721721e-05 1.082697663666322 0.9996054465515036
1.879709 6.712358e-05 1.0811895233812805 0.9982130493073955
1.909848 6.708607e-05 1.0805853330353241 0.9976552278759475
1.939805 6.704845e-05 1.0799793708701713 0.9970957706045245
1.969366 6.697711e-05 1.0788302655841 0.9960348540244256
1.999597 6.683403e-05 1.0765256120330622 0.9939070723552283
2.029598 6.679742e-05 1.0759359183896213 0.9933626350690297
2.059533 6.690861e-05 1.0777269054481895 0.9950161718582249
2.089644 6.703298e-05 1.0797301886613753 0.9968657120189607
2.119875 6.709201e-05 1.0806810112719272 0.9977435632345933
2.14987 6.711478e-05 1.0810477778455723 0.9980821821094019
2.1795880000000003 6.715741e-05 1.0817344383213952 0.9987161444560463
2.209986 6.695622e-05 1.0784937810112656 0.9957241931419157
2.2396439999999997 6.68181e-05 1.0762690203985357 0.9936701729843149
2.269737 6.705533e-05 1.0800901901071795 0.9971980849593195
2.2996619999999997 6.688913e-05 1.0774131323759626 0.9947264794699388
2.329691 6.720475e-05 1.0824969648737166 0.9994201504961624
2.359403 6.723062e-05 1.0829136645338042 0.9998048703157186
2.389801 6.716825e-05 1.081909043049472 0.9988773490499384
2.419727 6.722369e-05 1.0828020399244342 0.9997018123972988
2.4496909999999996 6.6976e-05 1.0788123863176642 0.9960183469119516
2.479625 6.713378e-05 1.081353819343124 0.9983647362868883
2.5097460000000003 6.697543e-05 1.0788032050727376 0.9960098702866269
2.539587 6.697343e-05 1.0787709901782585 0.9959801277416283
2.569561 6.719198e-05 1.0822912727724672 0.9992302443463464
2.5995880000000002 6.729896e-05 1.0840144474781568 1.0008211730783199
2.629502 6.721933e-05 1.0827318114544695 0.9996369736492019
2.6595329999999997 6.728373e-05 1.0837691310566981 1.0005946835981556
2.689857 6.713327e-05 1.0813456045450318 0.9983571519379135
2.719523 6.705769e-05 1.080128203682665 0.9972331811624178
2.749551 6.709016e-05 1.0806512124945338 0.9977160513804695
2.779848 6.69876e-05 1.0789992327056435 0.9961908536729432
2.809635 6.703388e-05 1.0797446853638908 0.99687909616421
2.839959 6.720726e-05 1.082537394566288 0.9994574773901356
2.86988 6.72034e-05 1.0824752198199432 0.9994000742782884
2.899616 6.737016e-05 1.0851612977216143 1.0018800076802685
2.929635 6.730036e-05 1.084036997904292 1.0008419928598187
2.959755 6.709951e-05 1.0808018171262237 0.9978550977783377
2.989811 6.709486e-05 1.08072691749656 0.9977859463612162
3.019894 6.699078e-05 1.0790504543878652 0.9962381443194909
3.0498939999999997 6.704373e-05 1.0799033437192005 0.9970255781983277
3.0800880000000004 6.713983e-05 1.0814512693989236 0.998454707485509
3.1100309999999998 6.712254e-05 1.0811727716361512 0.9981975831839963
3.139785 6.744103e-05 1.0863028325074828 1.0029339347622928
3.170116 6.7265e-05 1.0834674385699008 1.0003161446642441
3.199996 6.710795e-05 1.0809377639809261 0.9979806113182319
3.230125 6.716225e-05 1.0818123983660346 0.9987881214149427
3.260042 6.704866e-05 1.0799827534340916 0.9970988935717493
3.2900120000000004 6.681804e-05 1.076268053951701 0.9936692807079648
3.319857 6.714665e-05 1.0815611221890975 0.998556129563954
3.349931 6.720113e-05 1.0824386559147094 0.9993663164897151
3.380042 6.743774e-05 1.0862498390060649 1.00288500827577
3.41019 6.741121e-05 1.0858225084307989 1.0024904734163642
3.4401819999999996 6.719209e-05 1.0822930445916636 0.9992318801863214
3.469996 6.719347e-05 1.0823152728688543 0.9992524025423705
3.500264 6.696223e-05 1.0785905867691754 0.9958135694896364
3.530366 6.707218e-05 1.0803616005931662 0.9974486659009324
3.5602669999999996 6.693761e-05 1.078194021418137 0.9954474387607041
3.590357 6.708426e-05 1.0805561785558204 0.9976283108727239
3.620654 6.717318e-05 1.0819884527643633 0.99895066442336
3.650607 6.726442e-05 1.083458096250502 1.0003075193261945
3.6804270000000003 6.72972e-05 1.0839860983710152 1.000794999638721
3.710338 6.713731e-05 1.0814106786318798 0.9984172318788107
3.74057 6.715917e-05 1.0817627874285367 0.9987423178956449
3.770487 6.71969e-05 1.0823705214128858 0.9993034110070429
3.800267 6.707083e-05 1.0803398555393928 0.9974285896830584
3.830033 6.707091e-05 1.0803411441351722 0.9974297793848586
3.860005 6.738491e-05 1.0853988825683982 1.0020993589496332
3.8902829999999997 6.743811e-05 1.0862557987615435 1.002890510646595
3.920135 6.72682e-05 1.0835189824010674 1.0003637327362418
3.950329 6.742992e-05 1.0861238787686514 1.0027687149248259
3.980135 6.722578e-05 1.0828357044891648 0.9997328933568221
4.010052 6.715419e-05 1.0816825723412837 0.9986682589585986
4.040348 6.71053e-05 1.080895079245741 0.9979412024461087
4.07057 6.7318e-05 1.0843211332735982 1.001104322106706
4.100531 6.714111e-05 1.0814718869313902 0.998473742714308
4.130560999999999 6.72424e-05 1.0831034102622865 0.9999800539057604
4.160680999999999 6.745683e-05 1.0865573301738685 1.0031689008677818
4.190505 6.726551e-05 1.083475653367993 1.0003237290132188
4.220968 6.730537e-05 1.0841176962149626 1.0009164979350402
4.250875 6.702421e-05 1.0795889263490839 0.9967352909591418
4.280786 6.718736e-05 1.0822168563662204 0.9991615390673999
4.310755 6.719572e-05 1.0823515146251435 0.9992858629054939
4.3408109999999995 6.724618e-05 1.083164296412852 1.0000362673158076
4.37095 6.748816e-05 1.0870619764958842 1.0036348178351842
4.400843 6.72344e-05 1.08297455068437 0.999861083725766
4.430644 6.734988e-05 1.084834638691596 1.0015784182739833
4.460718 6.735742e-05 1.0849560888437824 1.0016905476686278
4.490635 6.70222e-05 1.0795565503801323 0.9967053997014182
4.520764 6.705238e-05 1.0800426731378228 0.9971542147054465
4.551079 6.70912e-05 1.080667964239663 0.9977315175038687
4.580941 6.736064e-05 1.0850079548238936 1.0017384331660755
4.610968 6.744292e-05 1.086333275582766 1.0029620414673166
4.64094 6.735213e-05 1.0848708804478848 1.0016118786371067
4.670776 6.728662e-05 1.0838156815792204 1.0006376615756785
4.701033000000001 6.732978e-05 1.0845108790020805 1.0012795056967478
4.7310799999999995 6.725601e-05 1.0833226326192171 1.0001824519244755
4.760838 6.699791e-05 1.0791653004866835 0.9963441764924109
4.791015000000001 6.704724e-05 1.0799598808590114 0.9970777763648004
4.821013 6.716682e-05 1.0818860093999196 0.9988560831302646
4.851144000000001 6.722914e-05 1.0828898255118897 0.9997828608324197
4.881154 6.726858e-05 1.0835251032310185 1.0003693838197913
4.911107 6.727073e-05 1.0835597342425836 1.000401357055665
4.940996 6.737759e-05 1.0852809760546045 1.0019905012349384
4.97119 6.717741e-05 1.0820565872661867 0.999013569906032
5.000644 6.715498e-05 1.081695297224603 0.9986800072638731
5.030653 6.706505e-05 1.0802467544943481 0.9973426337280125
5.060681 6.709781e-05 1.0807744344659165 0.997829816615089
5.0907 6.718792e-05 1.0822258765366746 0.9991698669799994
5.120937 6.743068e-05 1.0861361204285536 1.0027800170919254
5.150848 6.748349e-05 1.0869867547172753 1.0035653689926123
5.181033 6.73032e-05 1.0840827430544528 1.0008842272737168
5.21133 6.722791e-05 1.082870013351785 0.9997645691672457
5.241021 6.720895e-05 1.082564616152123 0.9994826098406594
5.2709399999999995 6.730894e-05 1.0841751998016078 1.0009695883778627
5.301098 6.715041e-05 1.081621686190718 0.9986120455485512
5.331265 6.745259e-05 1.0864890345975726 1.0031058466723846
5.361125 6.742774e-05 1.086088764533669 1.0027362955507773
5.39094 6.753423e-05 1.087804046590211 1.0043199373592258
5.420969 6.751833e-05 1.087547938179102 1.0040834841264874
5.45088 6.717246e-05 1.0819768554023508 0.9989399571071605
5.481218 6.728306e-05 1.0837583390670478 1.0005847198455813
5.5113389999999995 6.707375e-05 1.0803868892853326 0.9974720137987563
5.541135000000001 6.737134e-05 1.085180304509357 1.0018975557818177
5.571098 6.727885e-05 1.083690526714169 1.0005221117883591
5.601033 6.746499e-05 1.0866887669433434 1.0032902504513759
5.631430999999999 6.746305e-05 1.0866575184956984 1.0032614001827271
5.661446 6.739283e-05 1.0855264535505356 1.0022171394278274
5.691579 6.744869e-05 1.0864262155533382 1.0030478487096373
5.721154 6.734849e-05 1.0848122493399328 1.001557747205209
5.75108 6.717009e-05 1.0819386807523932 0.9989047121913374
5.781181999999999 6.724192e-05 1.0830956786876116 0.9999729156949607
5.811246 6.744554e-05 1.0863754770945333 1.0030010042012645
5.841475 6.737839e-05 1.0852938620123962 1.0020023982529378
5.871367 6.759851e-05 1.088839433298771 1.0052758627554799
5.901376 6.750812e-05 1.087383481142786 1.0039316484342697
5.931357 6.754286e-05 1.0879430538598889 1.0044482764408948
5.9615789999999995 6.745756e-05 1.0865690886103532 1.003179756896706
5.991561 6.727224e-05 1.0835840564879156 1.0004238126771392
6.021468 6.728463e-05 1.0837836277592139 1.0006080677434053
6.051348 6.72717e-05 1.083575358466406 1.0004157821899893
6.081361 6.738283e-05 1.08536537907814 1.0020684267028348
6.11144 6.746524e-05 1.0866927938051532 1.0032939682695006
6.141691 6.755398e-05 1.0881221686731928 1.0046136449910867
6.171484 6.728723e-05 1.0838255071220366 1.0006467330519033
6.20132 6.757099e-05 1.088396156350738 1.0048666053362996
6.23157 6.73056e-05 1.0841214009278277 1.000919918327715
6.2613389999999995 6.723619e-05 1.0830033830149288 0.9998877033035398
6.291487 6.729363e-05 1.0839285947843698 1.0007419091958984
6.321746 6.727807e-05 1.0836779629053221 1.0005105121958098
6.351399000000001 6.760997e-05 1.0890240246441365 1.0054462875383217
6.381403000000001 6.761553e-05 1.0891135820507887 1.0055289718134177
6.411589 6.757864e-05 1.0885193783221208 1.004980370570919
6.441513 6.725588e-05 1.083320538651076 1.0001805186590507
6.471607 6.741408e-05 1.0858687368043762 1.002533153968437
6.501468 6.735925e-05 1.0849855654722305 1.0017177620973015
6.531258 6.736764e-05 1.0851207069545707 1.0018425320735707
6.561061 6.733508e-05 1.0845962484724503 1.001358323440994
6.591399 6.737302e-05 1.0852073650207197 1.0019225395196167
6.621626 6.747799e-05 1.0868981637574577 1.0034835769938664
6.65155 6.755163e-05 1.0880843161721798 1.0045786975007134
6.681329 6.752925e-05 1.087723831502958 1.0042458784221795
6.711635 6.749838e-05 1.0872265946066726 1.0037868022401266
6.74155 6.747433e-05 1.0868392105005606 1.003429148136519
6.771439999999999 6.73306e-05 1.0845240871088169 1.001291700140197
6.801894 6.736049e-05 1.0850055387068078 1.0017362024752006
6.831512 6.74753e-05 1.0868548347243832 1.0034435732708433
6.861367 6.747629e-05 1.0868707810971503 1.0034582958306175
6.891607 6.755713e-05 1.0881729071319974 1.0046604894994595
6.921551999999999 6.757474e-05 1.0884565592778863 1.004922372608172
6.951459 6.754736e-05 1.0880155373724667 1.0045151971671415
6.981728 6.7319e-05 1.0843372407208378 1.0011191933792054
7.01171 6.737166e-05 1.0851854588924736 1.0019023145890176
7.041635 6.739697e-05 1.0855931383821076 1.0022787064959746
7.071792 6.727619e-05 1.0836476809045117 1.000482554203511
7.102061 6.743597e-05 1.0862213288244507 1.0028586861234463
7.131832999999999 6.748865e-05 1.0870698691450316 1.0036421047587087
7.161810999999999 6.751082e-05 1.0874269712503328 1.0039718008700178
7.191956 6.733712e-05 1.084629107664819 1.0013886608368925
7.221921999999999 6.719878e-05 1.0824008034136965 0.9993313689993417
7.251903 6.743892e-05 1.0862688457938074 1.0029025563773193
7.28207 6.732525e-05 1.0844379122660852 1.001212138832326
7.312098 6.748728e-05 1.0870478019423133 1.0036217311153848
7.341709 6.75163e-05 1.0875152400612058 1.004053295443314
7.372042 6.746208e-05 1.086641894271876 1.0032469750484028
7.401904 6.751247e-05 1.0874535485382784 1.0039963384696418
7.431848 6.746253e-05 1.0866491426231337 1.0032536671210273
7.462015 6.747216e-05 1.086804257340051 1.0033968774751956
7.49171 6.729468e-05 1.0839455076039715 1.0007575240320228
7.5217 6.737372e-05 1.0852186402337876 1.0019329494103664
7.5517389999999995 6.735894e-05 1.0849805721635863 1.0017131520028268
7.581978 6.728636e-05 1.0838114936429384 1.000633795044829
7.611701 6.749498e-05 1.087171829286058 1.0037362399136291
7.6416450000000005 6.749656e-05 1.0871972790526965 1.0037597365241782
7.671746 6.749194e-05 1.08712286264645 1.0036910312452316
7.701932 6.731309e-05 1.084242045707652 1.0010313041587346
7.731949999999999 6.729425e-05 1.0839385814016584 1.0007511293848481
7.762005 6.718165e-05 1.0821248828424825 0.999076624101429
7.791682 6.740414e-05 1.0857086287788151 1.0023853335197943
7.82208 6.743463e-05 1.0861997448451497 1.0028387586182974
7.851921999999999 6.721732e-05 1.082699435485518 0.9996070823914783
7.881908999999999 6.76265e-05 1.0892902807470066 1.0056921096727347
7.911755 6.737902e-05 1.0853040097041569 1.0020117671546123
7.9418109999999995 6.74183e-05 1.0859367102317277 1.0025959107383842
7.97208 6.734367e-05 1.0847346114442382 1.0014860676717627
8.002367 6.727893e-05 1.0836918153099482 1.0005233014901591
8.03255 6.740324e-05 1.0856941320762994 1.0023719493745449
8.061899 6.730539e-05 1.0841180183639072 1.00091679536049
8.091792 6.75553e-05 1.088143430503549 1.0046332750707856
8.1217 6.75674e-05 1.088338330615148 1.0048132174680273
8.152255 6.721503e-05 1.0826625494313393 0.9995730271774549
8.182107 6.753278e-05 1.0877806907917138 1.004298374014102
8.212256 6.746175e-05 1.0866365788142869 1.0032420675284779
8.242338 6.738178e-05 1.0853484662585384 1.0020528118667105
8.272031 6.740861e-05 1.0857806290679761 1.0024518081078662
8.302236 6.735964e-05 1.084991847376654 1.0017235618935763
8.332126 6.737505e-05 1.085240063138616 1.0019527282027902
8.362181 6.751424e-05 1.0874820587198921 1.0040226606219653
8.392228 6.750278e-05 1.0872974673745268 1.0038522358391238
8.422246 6.717273e-05 1.0819812044131054 0.9989439723507353
8.452493 6.741976e-05 1.0859602271046973 1.0026176227962331
8.482162 6.744986e-05 1.0864450612666086 1.0030652480984616
8.512366 6.739185e-05 1.0855106682522409 1.002202565580778
8.542218 6.745237e-05 1.0864854909591797 1.0031025749924347
8.572468 6.739885e-05 1.0856234203829178 1.0023066644882732
8.602477 6.747311e-05 1.0868195594149286 1.00341100518407
8.632437 6.745093e-05 1.086462296235155 1.0030811603600358
8.662431 6.738317e-05 1.0853708556102013 1.0020734829354843
8.692418 6.727572e-05 1.0836401104043094 1.0004755647054366
8.722218000000002 6.74244e-05 1.0860349656598889 1.0026866255006297
8.752342 6.728e-05 1.0837090502784947 1.0005392137517335
8.782229 6.7335e-05 1.084594959876671 1.001357133739194
8.812329 6.741695e-05 1.0859149651779543 1.0025758345205102
8.842125 6.740745e-05 1.0857619444291782 1.002434557431767
8.872323 6.733397e-05 1.0845783692060142 1.0013418163285197
8.902431 6.739364e-05 1.0855395005827997 1.0022291851585519
8.932360000000001 6.73414e-05 1.0846980475390045 1.0014523098831893
8.96219 6.757722e-05 1.0884965057470404 1.00495925336397
8.992181 6.730611e-05 1.08412961572592 1.0009275026766897
9.022412000000001 6.732194e-05 1.0843845966157224 1.0011629149203534
9.052173 6.746042e-05 1.0866151559094583 1.0032222887360538
9.082238 6.735916e-05 1.0849841158019793 1.0017164236827767
9.112162 6.741902e-05 1.0859483075937402 1.0026066180545836
9.142439 6.727928e-05 1.083697452916482 1.0005285064355338
9.172238 6.747257e-05 1.0868108613934193 1.0034029746969204
9.201927 6.734144e-05 1.084698691836894 1.0014529047340892
9.232432000000001 6.72997e-05 1.0840263669891141 1.0008321778199694
9.262495999999999 6.739085e-05 1.085494560805001 1.0021876943082788
9.292421000000001 6.724446e-05 1.0831365916036 1.0000106887271087
9.322552 6.738188e-05 1.0853500770032625 1.0020542989939605
9.352333 6.750189e-05 1.0872831317464833 1.0038390004065991
9.382276 6.728963e-05 1.0838641649954115 1.0006824241059014
9.412737 6.736964e-05 1.08515292184905 1.001872274618569
9.442709 6.703209e-05 1.0797158530333317 0.9968524765864362
9.472552 6.718154e-05 1.082123111023286 0.999074988261454
9.502801 6.722476e-05 1.0828192748929806 0.999717724658873
9.532875 6.744374e-05 1.0863464836895023 1.0029742359107658
9.563061 6.720732e-05 1.0825383610131223 0.9994583696664855
9.592737999999999 6.727336e-05 1.0836020968288238 1.000440468502338
9.622588 6.734247e-05 1.0847152825075508 1.0014682221447635
9.652162 6.745096e-05 1.086462779458572 1.0030816064982107
9.682672 6.72856e-05 1.0837992519830362 1.0006224928777294
9.712829 6.70899e-05 1.0806470245582516 0.9977121848496198
9.742767 6.740422e-05 1.085709917374594 1.002386523221594
9.772616 6.734012e-05 1.0846774300065376 1.0014332746543901
9.802719999999999 6.728103e-05 1.0837256409491514 1.0005545311624076
9.832616 6.742033e-05 1.0859694083496239 1.0026260994215577
9.862625 6.731314e-05 1.084242851080014 1.0010320477223595
9.892755999999999 6.736587e-05 1.0850921967729565 1.0018162099212466
9.92295 6.725655e-05 1.0833313306407266 1.0001904824116254
9.952829 6.718591e-05 1.082193500567723 0.9991399757222759
9.982949000000001 6.724359e-05 1.0831225781245015 0.9999977507200345
10.00469 6.734821e-05 1.0848077392547057 1.0015535832489093
