Keff(MJ/m3):0.10653344601058885 Ms(MA/m):1.2783519154045255
H(kOe) moment(emu) M(MA/m) M_norm()
9.958294 7.515666e-05 1.1140050799616075 0.9998237991653709
9.920506999999999 7.544058e-05 1.1182134671132278 1.0036008426510583
9.88185 7.49656e-05 1.1111731045840765 0.9972820904855474
9.843252 7.565728e-05 1.1214254898511689 1.0064836452833088
9.804696 7.489543e-05 1.1101330139725338 0.9963486052031062
9.765803 7.551931e-05 1.1193804378107732 1.0046482032935922
9.726771000000001 7.572443e-05 1.1224208166940517 1.007376954913007
9.687173000000001 7.546157e-05 1.1185245901278533 1.003880076740818
9.647637000000001 7.517236e-05 1.1142377922688789 1.0000326593468492
9.608356 7.526287e-05 1.1155793713090771 1.0012367316414728
9.568867000000001 7.509887e-05 1.11314849115669 0.9990550074527832
9.529205 7.502763e-05 1.112092540534397 0.9981072877503305
9.489608 7.499267e-05 1.11157434803362 0.9976422080086439
9.449753000000001 7.5437e-05 1.1181604027781942 1.003553217208403
9.410309 7.547863e-05 1.1187774609534615 1.004107029269227
9.370127 7.522509e-05 1.1150193795276309 1.0007341368862979
9.330403 7.557865e-05 1.1202600013976187 1.0054376149604023
9.290516 7.535442e-05 1.1169363656868274 1.00245463926022
9.250696 7.499629e-05 1.111628005266252 0.9976903655791505
9.210792999999999 7.499947e-05 1.1116751406253043 0.9977326697432969
9.170377 7.494129e-05 1.1108127710688052 0.9969586897841631
9.130922 7.503318e-05 1.1121748050761395 0.9981811204896429
9.091026 7.531062e-05 1.1162871428168606 1.0018719592634846
9.051081 7.567414e-05 1.121675396188786 1.006707937172463
9.010922 7.550135e-05 1.1191142267892071 1.0044092778885383
8.970877 7.527885e-05 1.1158162338995354 1.0014493167179073
8.930771 7.525114e-05 1.1154055040884217 1.0010806851491965
8.890715 7.481666e-05 1.1089654503773905 0.9953007124327218
8.850794 7.470738e-05 1.1073456541392632 0.9938469391440632
8.81061 7.491202e-05 1.110378918251364 0.9965693052292671
8.770877 7.524065e-05 1.1152500166933086 1.0009411346202979
8.730998 7.541739e-05 1.1178697347307045 1.0032923415294992
8.691174 7.5566e-05 1.1200724975322058 1.005269329527555
8.650895 7.560605e-05 1.1206661362523467 1.0058021225382685
8.610923000000001 7.515334e-05 1.1139558694609617 0.9997796325537462
8.570694999999999 7.51297e-05 1.113605466980459 0.9994651449938643
8.530867 7.492206e-05 1.1105277355484977 0.996702869319843
8.49078 7.491713e-05 1.1104546609195265 0.9966372845622194
8.450813 7.501832e-05 1.1119545436184293 0.9979834349930335
8.410904 7.538028e-05 1.1173196739840272 1.002798659915827
8.37085 7.547365e-05 1.118703645202493 1.00404077935179
8.330997 7.556607e-05 1.1200735351030027 1.0052702607512942
8.290719999999999 7.5446e-05 1.1182938047377762 1.0036729459748552
8.250526 7.528369e-05 1.1158879745089105 1.0015137041878661
8.211073 7.485809e-05 1.1095795440646672 0.9958518638542913
8.171035 7.510096e-05 1.113179470056193 0.9990828111329927
8.130763 7.518823e-05 1.1144730243909422 1.0002437810716938
8.090655 7.527159e-05 1.1157086229854725 1.001352735512969
8.050603 7.518877e-05 1.1144810285085172 1.000250964797681
8.010563 7.545052e-05 1.1183608021663667 1.0037330764220072
7.970422999999999 7.550082e-05 1.1191063708960316 1.0044022271945137
7.930544 7.519025e-05 1.1145029657196481 1.000270653528164
7.890451 7.515368e-05 1.1139609090905458 0.9997841556404787
7.85046 7.482385e-05 1.1090720237206568 0.995396362413921
7.8103 7.49457e-05 1.1108781380290005 0.9970173568797248
7.7702290000000005 7.541471e-05 1.117830010591629 1.003256688963489
7.730394 7.539854e-05 1.1175903317375795 1.0030415762797626
7.6903500000000005 7.550307e-05 1.119139721385927 1.0044321593861267
7.650423 7.541917e-05 1.1178961186738219 1.0033160212188643
7.610451 7.527148e-05 1.1157069925170775 1.001351272161379
7.570294 7.513852e-05 1.1137362009008496 0.9995824791849877
7.529904 7.469601e-05 1.1071771229969911 0.9936956818024449
7.490385 7.468561e-05 1.1070229696214737 0.9935573285612108
7.450611 7.484421e-05 1.1093738085981115 0.995667215490029
7.410706 7.522036e-05 1.1149492693866505 1.000671212767929
7.3705810000000005 7.53752e-05 1.117244375989063 1.0027310796787625
7.330108 7.562357e-05 1.1209258254003336 1.0060351945369628
7.290281 7.520599e-05 1.1147362709245177 1.0004800458374932
7.25046 7.499139e-05 1.1115553753104794 0.9976251799174153
7.210394 7.504972e-05 1.1124199682329716 0.9984011553559899
7.169951 7.485603e-05 1.109549009838363 0.99582445926997
7.130158000000001 7.50801e-05 1.1128702739587615 0.9988053064587485
7.090072 7.527869e-05 1.1158138623091427 1.0014471882065037
7.050215000000001 7.523019e-05 1.1150949739713942 1.0008019831872876
7.0100810000000005 7.556243e-05 1.1200195814215714 1.0052218371168622
6.970055 7.53729e-05 1.1172102843771696 1.0027004823273358
6.930470000000001 7.501215e-05 1.1118630891639159 0.9979013542720323
6.89034 7.466466e-05 1.1067124395044463 0.993278626599302
6.849989 7.481913e-05 1.1090020618040757 0.9953335713275148
6.8100439999999995 7.476014e-05 1.1081276860712141 0.9945488157794002
6.7700640000000005 7.506095e-05 1.1125864242336505 0.9985505502501302
6.729942 7.536043e-05 1.1170254485509485 1.0025345914698178
6.689970000000001 7.535415e-05 1.11693236362804 1.0024510473972263
6.650158 7.516152e-05 1.114077117019782 0.9998884526992553
6.610093 7.523848e-05 1.1152178519986096 1.0009122666843868
6.56972 7.501519e-05 1.1119081493813747 0.9979417959887007
6.529592 7.473346e-05 1.1077322233732525 0.9941938865028498
6.489866 7.474654e-05 1.1079261008878456 0.9943678923100943
6.449738 7.508881e-05 1.1129993774107572 0.9989211772982819
6.409517 7.532387e-05 1.1164835401462456 1.0020482266140953
6.369489 7.509462e-05 1.1130854957868872 0.998998468868625
6.329725000000001 7.526783e-05 1.115652890611247 1.0013027154949845
6.289701 7.529054e-05 1.1159895082225928 1.001604831082333
6.2498190000000005 7.505194e-05 1.1124528740496686 0.9984306884517149
6.209618000000001 7.467774e-05 1.1069063170190392 0.9934526324065464
6.169885 7.453232e-05 1.1047508378009898 0.9915180816045999
6.129932 7.495224e-05 1.1109750767862967 0.9971043597833469
6.089803 7.499836e-05 1.1116586877169559 0.9977179031954345
6.0498 7.523507e-05 1.1151673074783677 1.0008669027850974
6.010026 7.543226e-05 1.1180901444128142 1.0034901600580712
5.96985 7.533604e-05 1.1166639292404805 1.0022101265127314
5.929810000000001 7.501117e-05 1.1118485631727613 0.9978883171396852
5.889785 7.503774e-05 1.112242395402328 0.9982417830646455
5.849895 7.452752e-05 1.1046796900892124 0.9914542262624917
5.809794 7.466181e-05 1.1066701955505787 0.9932407124899254
5.769583 7.505452e-05 1.1124911159447488 0.9984650106980979
5.729118000000001 7.513233e-05 1.1136444499975369 0.999500132400061
5.689328000000001 7.527738e-05 1.1157944449128039 1.001429761019387
5.649583 7.500938e-05 1.1118220310052442 0.9978645044183574
5.609359 7.509744e-05 1.1131272950675566 0.9990359838821137
5.56896 7.484516e-05 1.1093878899160674 0.9956798535264879
5.5294229999999995 7.457734e-05 1.1054181440476996 0.9921169915007875
5.489479 7.467358e-05 1.106844655668832 0.9933972911100526
5.449154999999999 7.480574e-05 1.1088035893330974 0.995155441529426
5.409045 7.474259e-05 1.1078675522500288 0.9943153446848177
5.369108 7.50824e-05 1.1129043655706545 0.9988359038101751
5.329413 7.511087e-05 1.1133263604361332 0.9992146458080532
5.289470000000001 7.506758e-05 1.1126846970105428 0.9986387504414169
5.249291 7.476051e-05 1.108133170373997 0.994553737962021
5.209321 7.452875e-05 1.1046979216903552 0.9914705891939068
5.169234 7.457856e-05 1.1054362274244431 0.9921332214002401
5.129063 7.446782e-05 1.1037947904239835 0.9906600254450235
5.0887910000000005 7.479199e-05 1.1085997807837358 0.9949725225806793
5.049007 7.497808e-05 1.1113580886346974 0.9974481143750283
5.009331 7.516927e-05 1.1141919909294222 0.9999915524703672
4.969215 7.48958e-05 1.1101384982753166 0.9963535273857271
4.9296679999999995 7.491837e-05 1.110473040745069 0.9966537805255974
4.889627000000001 7.453588e-05 1.1048036056872244 0.9915654409833298
4.849667999999999 7.438575e-05 1.1025783127769935 0.9895682321269398
4.809387 7.432647e-05 1.1016996385365452 0.9887796186519061
4.769545 7.458144e-05 1.1054789160515093 0.9921715346055048
4.729285 7.456083e-05 1.105173425564066 0.9918973557303286
4.688838 7.487948e-05 1.1098965960552745 0.9961364192225601
4.649234000000001 7.485078e-05 1.1094711920286067 0.9957546174895393
4.60946 7.462402e-05 1.1061100555447327 0.9927379847027877
4.569338 7.45931e-05 1.1056517457013681 0.9923266498740422
4.529149 7.426688e-05 1.1008163693397113 0.987986881186028
4.489064 7.422287e-05 1.1001640337573542 0.9874014075180753
4.44946 7.442803e-05 1.1032050055382308 0.9901306912653409
4.409007 7.471606e-05 1.1074743129180602 0.9939624108877084
4.368932 7.499422e-05 1.111597322815548 0.9976628279628663
4.328774999999999 7.498512e-05 1.1114624386119705 0.9975417688767867
4.288951 7.467627e-05 1.1068845280323074 0.9934330767080258
4.249081 7.446426e-05 1.103742022537749 0.9906126660662936
4.208875 7.399896e-05 1.0968451412273483 0.9844226888407004
4.168951 7.382478e-05 1.094263368636234 0.9821055381139568
4.128941 7.397588e-05 1.0965030393132198 0.9841156510707312
4.088687 7.429643e-05 1.1012543724403396 0.9883799906358802
4.048516 7.435004e-05 1.102049003446251 0.9890931749880487
4.008658 7.461171e-05 1.1059275913089044 0.9925742223566734
3.968913 7.46044e-05 1.1058192392728434 0.9924769759919212
3.928636 7.44203e-05 1.1030904280773897 0.9900278575581547
3.888667 7.386631e-05 1.094878944567506 0.9826580198551536
3.848645 7.356022e-05 1.0903419439221147 0.9785860445081047
3.808554 7.403373e-05 1.0973605174645342 0.9848852409750951
3.768649 7.405718e-05 1.0977081036814458 0.9851972009276853
3.728784 7.420938e-05 1.0999640790423808 0.9872219474003595
3.6889600000000002 7.381879e-05 1.094174582220912 0.9820258519682845
3.649045 7.400189e-05 1.0968885709764125 0.9844616672057789
3.609054 7.406384e-05 1.0978068211315366 0.98528580021486
3.56859 7.365296e-05 1.0917165770034098 0.9798197829304163
3.528743 7.316513e-05 1.084485746120855 0.9733300846928038
3.488886 7.32277e-05 1.0854131861887504 0.9741624656835739
3.448422 7.330222e-05 1.0865177544140912 0.9751538198698004
3.408403 7.352579e-05 1.089831607314513 0.9781280154604426
3.368847 7.364758e-05 1.0916368322764594 0.9797482117344701
3.3286819999999997 7.359236e-05 1.0908183371422226 0.9790136092363028
3.288422 7.344762e-05 1.0886729371833417 0.9770881046078217
3.2485619999999997 7.312346e-05 1.0838680950479893 0.9727757405041287
3.20829 7.281702e-05 1.0793259065486143 0.9686991090383846
3.16846 7.267673e-05 1.0772464664475265 0.9668328036333159
3.12829 7.207544e-05 1.0683338815278385 0.9588337247466256
3.088139 7.25827e-05 1.0758527124186916 0.965581904087813
3.048366 7.271296e-05 1.077783483447045 0.9673147784342686
3.008257 7.287456e-05 1.0801787897435433 0.9694645749519041
2.9683 7.259008e-05 1.0759621020255488 0.9656800816763039
2.9281080000000004 7.215678e-05 1.0695395387936628 0.9599158067314307
2.888149 7.153677e-05 1.0603494777980438 0.9516676920105195
2.848469 7.126514e-05 1.056323258433453 0.948054144807021
2.807979 7.116873e-05 1.0548942269975283 0.9467715836543895
2.76796 7.129001e-05 1.0566918925150985 0.948384995298318
2.7284409999999997 7.123932e-05 1.0559405430338513 0.947710656279265
2.688127 7.120012e-05 1.0553595033876713 0.9471891709853831
2.647988 7.116239e-05 1.0548002527282225 0.9466872413900217
2.60813 7.075597e-05 1.0487761166822887 0.9412805563609533
2.568006 7.009172e-05 1.0389303109431234 0.9324439082369468
2.527771 6.928884e-05 1.0270296703531931 0.9217630380136838
2.487942 6.902751e-05 1.0231561221201242 0.918286513731792
2.4479409999999997 6.855904e-05 1.0162122536750706 0.912054365374015
2.407913 6.859269e-05 1.016711028779509 0.9125020179285848
2.368139 6.84394e-05 1.0144388969590246 0.9104627709719736
2.327877 6.799088e-05 1.007790736191045 0.904496021379833
2.28795 6.739029e-05 0.9988885269793244 0.8965062547305335
2.248224 6.674386e-05 0.989306857120132 0.8879066695641029
2.2083180000000002 6.626024e-05 0.9821384287097816 0.8814729777827975
2.168215 6.524551e-05 0.9670976542156858 0.8679738254292061
2.12821 6.46521e-05 0.9583018701228321 0.8600795757291433
2.088215 6.435591e-05 0.9539116116329812 0.8561393020251922
2.0481550000000004 6.413129e-05 0.9505821951706083 0.8531511380784639
2.007941 6.362338e-05 0.9430537296937855 0.8463943116596996
1.967868 6.288338e-05 0.9320851241281366 0.8365499464180514
1.9279600000000001 6.202982e-05 0.919433282281359 0.8251948702076982
1.888017 6.124202e-05 0.9077561640859289 0.8147146121842246
1.847636 6.012504e-05 0.8911997951065794 0.7998552080117702
1.8077999999999999 5.962991e-05 0.8838607604123635 0.7932683964413685
1.768139 5.903416e-05 0.8750302918100183 0.785343017262028
1.7280250000000001 5.831111e-05 0.8643129266015824 0.7757241411971986
1.687545 5.777213e-05 0.856323927915402 0.7685539844702478
1.647969 5.717558e-05 0.8474816013610941 0.7606179627338894
1.607905 5.624051e-05 0.8336215824337003 0.748178542995365
1.5676489999999998 5.525202e-05 0.8189697487639863 0.7350284665119639
1.5278 5.429791e-05 0.8048275105798764 0.7223357539164112
1.488026 5.34282e-05 0.7919362863278485 0.7107658310862572
1.447997 5.255632e-05 0.7790128973811214 0.6991670403201921
1.407885 5.19743e-05 0.770385940879339 0.6914243140256731
1.367803 5.146366e-05 0.762817010141443 0.6846311698810847
1.327469 5.034661e-05 0.7462596035912967 0.6697708344848913
1.2877809999999998 4.93134e-05 0.7309449104068587 0.6560258390641841
1.247903 4.841644e-05 0.7176497746660958 0.6440934041356047
1.2075619999999998 4.734769e-05 0.7018082919657075 0.6298756131193728
1.167866 4.615953e-05 0.6841968617104621 0.614069287436242
1.128025 4.525856e-05 0.6708422879854853 0.6020835066906097
1.087837 4.446549e-05 0.6590870555315 0.5915331408227802
1.047692 4.365185e-05 0.6470269254876693 0.5807091282076251
1.007573 4.224858e-05 0.6262270401740095 0.5620411519743175
0.9677902 4.157113e-05 0.6161855782274569 0.5530289016595139
0.9275355 4.050432e-05 0.6003728510605785 0.5388369188440507
0.8872842000000001 3.904358e-05 0.5787211201227864 0.5194044079209625
0.8473561999999999 3.79408e-05 0.5623752297907778 0.5047339091355777
0.8073467000000001 3.671285e-05 0.5441740146497795 0.4883982492727642
0.7675921 3.580232e-05 0.5306777383988467 0.476285289970767
0.7274324 3.476523e-05 0.5153055341473887 0.4624886781485224
0.6871864000000001 3.347268e-05 0.49614678938538914 0.4452936318065056
0.6474972 3.226077e-05 0.47818332618124637 0.429171355211903
0.6074788999999999 3.104799e-05 0.4602069674543439 0.41303750483654333
0.5673768 2.984259e-05 0.442339998334299 0.39700183204967476
0.5274411 2.818329e-05 0.4177451237193241 0.37492783847471944
0.4872564 2.670569e-05 0.39584348644391465 0.3552710356624769
0.4471487 2.547616e-05 0.37761885184778976 0.33891435674955295
0.4075449 2.382201e-05 0.3531003127985759 0.316908874635401
0.3676176 2.221583e-05 0.32929280619393514 0.29554154684644074
0.3271675 2.031609e-05 0.30113402411652157 0.27026893275972613
0.287026 1.89018e-05 0.2801707955145733 0.25145435530349547
0.2473768 1.682426e-05 0.24937658361341333 0.22381643291953082
0.2067842 1.454563e-05 0.21560172726198795 0.19350337079712956
0.16693170000000002 1.258644e-05 0.186561751129334 0.1674398816920149
0.1269138 1.027556e-05 0.15230887108940575 0.13669779148982564
0.08712033 8.037071e-06 0.11912900230015701 0.10691873296899872
0.0470342 5.158785e-06 0.07646578089592782 0.06862832938261663
0.006988252 2.561212e-06 0.03796341107838785 0.03407230593147617
-0.03272873 -3.580293e-07 -0.005306867800872182 -0.004762934049204931
-0.07268803 -2.901694e-06 -0.043010185078662576 -0.038601804804728704
-0.1127476 -5.268452e-06 -0.07809131341831704 -0.07008725100823263
-0.1528547 -7.675653e-06 -0.11377190569701412 -0.10211071837858517
-0.19301169999999998 -9.739907e-06 -0.14436918666095092 -0.12957189449687348
-0.2326344 -1.178753e-05 -0.1747199556260197 -0.15681182515795386
-0.27283620000000003 -1.356045e-05 -0.20099895586852023 -0.18039732789339033
-0.31324759999999996 -1.584882e-05 -0.23491818278509352 -0.21083996314748574
-0.35302120000000003 -1.71093e-05 -0.2536015718977816 -0.22760837598504347
-0.3931325 -1.889891e-05 -0.2801279586631075 -0.251415909066268
-0.433257 -2.050758e-05 -0.30397237314323255 -0.2728163618139467
-0.4733891 -2.187269e-05 -0.32420663414826384 -0.29097668807749594
-0.5131816 -2.331092e-05 -0.3455247119627008 -0.3101097440524902
-0.553151 -2.48056e-05 -0.36767951651251735 -0.32999376545706693
-0.5931155 -2.646805e-05 -0.39232108181334596 -0.3521096641002806
-0.6330023 -2.772984e-05 -0.41102388832237335 -0.36889550412495536
-0.6733547 -2.948525e-05 -0.4370433476412868 -0.39224806789366046
-0.7131626999999999 -3.110299e-05 -0.46102220165179075 -0.4137691806315307
-0.7531232 -3.260937e-05 -0.4833504287490642 -0.43380884943249565
-0.7934565 -3.389327e-05 -0.5023809594054652 -0.4508888231267554
-0.8333608 -3.527786e-05 -0.5229039615407922 -0.4693082956536928
-0.8729552 -3.686763e-05 -0.5464682319057946 -0.4904573179918214
-0.912938 -3.842481e-05 -0.5695494389527099 -0.5111727891634292
-0.9534646 -3.964854e-05 -0.5876881033971041 -0.5274523095379727
-0.9932382 -4.076543e-05 -0.6042431383568577 -0.5423105164227626
-1.033095 -4.190106e-05 -0.6210759458413414 -0.557418025205699
-1.073399 -4.311156e-05 -0.6390185094051497 -0.5735215442935574
-1.1139100000000002 -4.429334e-05 -0.6565353724934913 -0.5892429955844697
-1.153559 -4.489526e-05 -0.6654572955503499 -0.5972504554848115
-1.193314 -4.612781e-05 -0.6837266939151346 -0.6136473100504785
-1.233484 -4.71167e-05 -0.69838445656083 -0.6268027078123886
-1.273285 -4.827115e-05 -0.7154962223652401 -0.6421605827491734
-1.313197 -4.92904e-05 -0.7306039942879263 -0.6557198655499167
-1.353361 -5.040379e-05 -0.7471071507078424 -0.6705315112477527
-1.39305 -5.128132e-05 -0.7601142864403073 -0.6822054650727576
-1.4332529999999999 -5.224694e-05 -0.7744271309082829 -0.6950512974574067
-1.473087 -5.293785e-05 -0.7846681028966106 -0.704242608794038
-1.513197 -5.360699e-05 -0.7945863903671491 -0.7131443095478172
-1.5532190000000001 -5.464186e-05 -0.80992568880191 -0.7269113882743367
-1.593087 -5.566052e-05 -0.8250247154850237 -0.7404628221892792
-1.63341 -5.67036e-05 -0.8404857061518034 -0.7543391201571958
-1.673484 -5.765873e-05 -0.8546430632246661 -0.7670454020129466
-1.713238 -5.822437e-05 -0.863027228160009 -0.7745702219525221
-1.753373 -5.892927e-05 -0.8734755660832875 -0.7839476450050058
-1.7934649999999999 -5.972127e-05 -0.8852149385265226 -0.7944837764528239
-1.8333730000000001 -6.009998e-05 -0.8908283447613426 -0.7995218299131814
-1.8735119999999998 -6.070016e-05 -0.8997244767726821 -0.807506142252009
-1.9135499999999999 -6.176699e-05 -0.9155375003883597 -0.8216983911313978
-1.953531 -6.246211e-05 -0.9258408748488918 -0.8309457089243361
-1.993276 -6.363574e-05 -0.9432369350516117 -0.8465587391656275
-2.03342 -6.413458e-05 -0.9506309609980554 -0.8531949055942003
-2.073588 -6.477342e-05 -0.9601001285380003 -0.8616935195009227
-2.113873 -6.501855e-05 -0.9637335532438214 -0.8649545320032
-2.1536060000000004 -6.519868e-05 -0.9664035193526597 -0.867350836747765
-2.193948 -6.58322e-05 -0.9757938315120515 -0.8757786776503177
-2.234002 -6.617052e-05 -0.9808085593971464 -0.8802794150132289
-2.2738180000000003 -6.660918e-05 -0.9873105709071838 -0.8861149950901228
-2.313663 -6.758391e-05 -1.0017584478031367 -0.8990820195928146
-2.353781 -6.810122e-05 -1.009426244215523 -0.9059638960565404
-2.393918 -6.832465e-05 -1.0127380219743511 -0.9089362291997043
-2.433883 -6.889729e-05 -1.0212259439893692 -0.9165541715131874
-2.473823 -6.89161e-05 -1.0215047540848958 -0.9168044046350731
-2.5135500000000004 -6.918905e-05 -1.0255505390702255 -0.9204355120576513
-2.5535680000000003 -6.956522e-05 -1.0311262963075638 -0.9254397753994769
-2.59367 -7.009313e-05 -1.038951210583458 -0.9324626657436911
-2.633427 -7.051155e-05 -1.0451532159088348 -0.9380289891280295
-2.673596 -7.102886e-05 -1.0528210123212212 -0.9449108655917553
-2.713719 -7.131866e-05 -1.0571165554197686 -0.948766131871525
-2.753399 -7.12519e-05 -1.0561270093284674 -0.947878010488373
-2.793345 -7.136062e-05 -1.0577385050002206 -0.9493243339871189
-2.833948 -7.132218e-05 -1.0571687304084054 -0.9488129591224044
-2.873597 -7.147701e-05 -1.0594636887864177 -0.9508726930012749
-2.9135590000000002 -7.169779e-05 -1.0627361870793692 -0.9538097726743171
-2.95391 -7.230734e-05 -1.0717712053530737 -0.9619187359622179
-2.993663 -7.25428e-05 -1.0752612970645437 -0.9650511065565404
-3.033855 -7.272279e-05 -1.0779291880317885 -0.9674455488536271
-3.073578 -7.269702e-05 -1.0775472137541848 -0.9671027254856849
-3.1137159999999997 -7.274274e-05 -1.0782248957088623 -0.9677109476192634
-3.154114 -7.246076e-05 -1.074045264090752 -0.9639597123343446
-3.193993 -7.239724e-05 -1.0731037427049004 -0.9631146933071154
-3.233605 -7.259358e-05 -1.0760139805653863 -0.9657266428632576
-3.2738829999999997 -7.285182e-05 -1.0798417274589989 -0.9691620602686676
-3.313908 -7.331464e-05 -1.0867018491183147 -0.9753190455675048
-3.353762 -7.34216e-05 -1.0882872572957494 -0.9767419554408111
-3.393719 -7.358572e-05 -1.090719916140931 -0.9789252760130535
-3.433568 -7.336024e-05 -1.087377752380198 -0.9759256713175308
-3.4735590000000003 -7.342189e-05 -1.088291555803336 -0.97674581336773
-3.513735 -7.351041e-05 -1.089603638188027 -0.9779234123017717
-3.5537620000000003 -7.337829e-05 -1.08764529742136 -0.9761657940102493
-3.59405 -7.354256e-05 -1.0900801796325343 -0.9783511100619324
-3.634207 -7.370319e-05 -1.092461108162278 -0.9804880024791838
-3.674179 -7.401805e-05 -1.0971281016060621 -0.9846766468575423
-3.7141819999999997 -7.406254e-05 -1.0977875519595968 -0.9852685060597057
-3.753616 -7.401644e-05 -1.0971042374777367 -0.9846552287115435
-3.79367 -7.397957e-05 -1.0965577341166486 -0.9841647398649768
-3.833493 -7.383243e-05 -1.0943767603018786 -0.9822073075654413
-3.873688 -7.354778e-05 -1.0901575527690923 -0.978420552746475
-3.913874 -7.396822e-05 -1.096389499423175 -0.9840137485872837
-3.953776 -7.412003e-05 -1.098639694032528 -0.9860333068134116
-3.993577 -7.445521e-05 -1.103607879456169 -0.9904922721400274
-4.0336419999999995 -7.449002e-05 -1.104123848590953 -0.9909553564022731
-4.073805 -7.443629e-05 -1.1033274388922474 -0.9902405756665518
-4.114299 -7.411848e-05 -1.0986167192506002 -0.9860126868591893
-4.154097 -7.419767e-05 -1.099790508270524 -0.9870661669720083
-4.19391 -7.408084e-05 -1.0980588026107474 -0.9855119545514924
-4.233938 -7.398355e-05 -1.0966167274276635 -0.9842176865861412
-4.274059 -7.427651e-05 -1.1009591094364644 -0.9881149909661321
-4.313892 -7.46359e-05 -1.1062861461313813 -0.992896026674505
-4.353889000000001 -7.450014e-05 -1.1042738516832835 -0.9910899847485509
-4.394179 -7.470363e-05 -1.1072900699894372 -0.9937970521580413
-4.434219 -7.463796e-05 -1.1063166803576856 -0.9929234312588263
-4.474012 -7.42543e-05 -1.1006299030450954 -0.98781952697692
-4.514125 -7.445996e-05 -1.1036782860459486 -0.9905554623223218
-4.554124 -7.433949e-05 -1.1018926267047409 -0.9889528262673741
-4.594163 -7.424103e-05 -1.1004332092669113 -0.9876429935623839
-4.633984000000001 -7.437143e-05 -1.1023660554368582 -0.9893777303563176
-4.674503 -7.454027e-05 -1.1048686761986206 -0.9916238420149662
-4.714313 -7.453436e-05 -1.104781075578495 -0.9915452201249957
-4.7540770000000006 -7.460522e-05 -1.1058313936736053 -0.9924878846128646
-4.794465 -7.458444e-05 -1.1055233833713702 -0.9922114441943224
-4.834427 -7.457197e-05 -1.105338547545149 -0.9920455533368042
-4.874521 -7.431609e-05 -1.101545781609827 -0.9886415314745975
-4.9143419999999995 -7.446499e-05 -1.103752842918915 -0.9906223773995724
-4.954198 -7.465547e-05 -1.1065762212812729 -0.9931563702255578
-4.9943040000000005 -7.491266e-05 -1.110388404612934 -0.9965778192748814
-5.033861 -7.49854e-05 -1.1114665888951576 -0.997545493771743
-5.0738829999999995 -7.492054e-05 -1.1105052054397684 -0.9966826484615089
-5.113767 -7.481637e-05 -1.108961151869804 -0.9952968545058026
-5.154151 -7.445923e-05 -1.1036674656647825 -0.990545750989043
-5.193908 -7.441898e-05 -1.1030708624566508 -0.9900102973390749
-5.234077 -7.444932e-05 -1.1035205752848423 -0.9904139163139823
-5.273861 -7.467725e-05 -1.1068990540234618 -0.9934461138403727
-5.313993 -7.488657e-05 -1.1100016871545453 -0.996230738884132
-5.353841999999999 -7.49288e-05 -1.1106276387937848 -0.9967925328627195
-5.39366 -7.501733e-05 -1.1119398694028753 -0.9979702648287238
-5.433757 -7.48517e-05 -1.1094848286733638 -0.99576685643011
-5.473929 -7.468038e-05 -1.1069454482605163 -0.9934877528447056
-5.514399 -7.445257e-05 -1.1035687482146916 -0.990457151701868
-5.55388 -7.455397e-05 -1.1050717436259847 -0.9918060958038993
-5.593399000000001 -7.489861e-05 -1.1101801493315862 -0.9963909093672528
-5.633809 -7.472911e-05 -1.1076677457594546 -0.9941360175990647
-5.673908 -7.505216e-05 -1.1124561349864583 -0.9984336151548948
-5.713795 -7.517324e-05 -1.114250836016038 -1.0000443661595688
-5.753818 -7.513025e-05 -1.1136136193224335 -0.9994724617518143
-5.794041 -7.474241e-05 -1.1078648842108372 -0.9943129501094887
-5.833606 -7.462677e-05 -1.1061508172546053 -0.9927745684925372
-5.8735029999999995 -7.468081e-05 -1.1069518219096965 -0.9934934732191029
-5.913606 -7.476044e-05 -1.1081321328032 -0.9945528067382818
-5.953873 -7.466906e-05 -1.1067776582402422 -0.9933371606629011
-5.9940500000000005 -7.520573e-05 -1.1147324170901298 -1.0004765870064625
-6.033688 -7.48826e-05 -1.1099428420679294 -0.9961779251949301
-6.073757 -7.498811e-05 -1.1115067577074316 -0.9975815454336414
-6.113763 -7.504015e-05 -1.112278117482616 -0.9982738437676622
-6.153427 -7.483199e-05 -1.1091926783818788 -0.9955046504315791
-6.193392 -7.46034e-05 -1.10580441683289 -0.9924636727956488
-6.233475 -7.500999e-05 -1.1118310726936158 -0.9978726193680836
-6.2736790000000004 -7.505427e-05 -1.1124874103347606 -0.9984616848990299
-6.313701 -7.50184e-05 -1.1119557294136257 -0.9979844992487356
-6.353503 -7.519645e-05 -1.1145948648473605 -1.0003531333450535
-6.393719 -7.544574e-05 -1.1182899509033883 -1.0036694871438245
-6.433446 -7.488571e-05 -1.1099889398561849 -0.9962192981353375
-6.473198 -7.487231e-05 -1.1097903191608072 -0.9960410353052862
-6.51338 -7.474465e-05 -1.1078980864763333 -0.9943427492691392
-6.553352 -7.47429e-05 -1.1078721472064144 -0.9943194686756622
-6.593299 -7.477797e-05 -1.1083919701755867 -0.9947860117689389
-6.6333519999999995 -7.531087e-05 -1.116290848426849 -1.0018752850625527
-6.673392 -7.534798e-05 -1.1168409091735263 -1.002368966676225
-6.713401 -7.520568e-05 -1.1147316759681318 -1.0004759218466486
-6.753475000000001 -7.530878e-05 -1.1162598695273465 -1.0018474813823435
-6.793352 -7.492441e-05 -1.1105625682823888 -0.9967341318310834
-6.832917999999999 -7.476005e-05 -1.1081263520516182 -0.9945476184917356
-6.873151 -7.506119e-05 -1.1125899816192395 -0.9985537430172357
-6.913318 -7.495016e-05 -1.1109442461111934 -0.9970766891351002
-6.953144 -7.521716e-05 -1.1149018375787993 -1.0006286425398572
-6.9929570000000005 -7.516446e-05 -1.1141206949932456 -0.9999275640962965
-7.033559 -7.527143e-05 -1.11570625139508 -1.0013506070015654
-7.073417999999999 -7.519764e-05 -1.1146125035509051 -1.0003689641486178
-7.113097 -7.485551e-05 -1.109541302169587 -0.9958175416079083
-7.152883 -7.492776e-05 -1.110612223456233 -0.996778697538596
-7.193352 -7.494727e-05 -1.1109014092597276 -0.9970382428978727
-7.232975000000001 -7.483096e-05 -1.1091774112687265 -0.9954909481394183
-7.273133 -7.504806e-05 -1.1123953629826486 -0.9983790720501775
-7.313408000000001 -7.517754e-05 -1.1143145725078383 -1.0001015699035407
-7.353135 -7.50258e-05 -1.112065415469282 -0.9980829429011517
-7.392957 -7.532172e-05 -1.1164516719003454 -1.0020196247421094
-7.432976 -7.508203e-05 -1.1128988812678717 -0.9988309816275543
-7.472823 -7.49445e-05 -1.110860351101056 -0.9970013930441978
-7.513049 -7.48498e-05 -1.1094566660374523 -0.9957415803571924
-7.552823 -7.489025e-05 -1.1100562337335742 -0.9962796946464147
-7.592938 -7.484682e-05 -1.1094124951663904 -0.9957019368323002
-7.6326350000000005 -7.508622e-05 -1.1129609872912773 -0.9988867220199361
-7.672929 -7.539136e-05 -1.1174839066187126 -1.002946059330526
-7.712804 -7.535396e-05 -1.1169295473644485 -1.0024485197899344
-7.7526139999999995 -7.539408e-05 -1.1175242236553864 -1.0029822440243872
-7.792531 -7.529161e-05 -1.116005368233343 -1.0016190655023445
-7.832625 -7.481235e-05 -1.1089015656611905 -0.9952433756567872
-7.872596 -7.502214e-05 -1.1120111653390519 -0.9980342532027945
-7.912135 -7.507686e-05 -1.112822249253312 -0.9987622041028257
-7.952122999999999 -7.52669e-05 -1.1156391057420902 -1.0012903435224512
-7.992447 -7.547988e-05 -1.1187959890034036 -1.0041236582645676
-8.032625 -7.547211e-05 -1.1186808186449646 -1.0040202924295305
-8.072402 -7.504823e-05 -1.112397882797441 -0.9983813335935441
-8.112267 -7.488282e-05 -1.109946103004719 -0.99618085189811
-8.15229 -7.479934e-05 -1.1087087257173944 -0.995070301073282
-8.192522 -7.466919e-05 -1.1067795851574358 -0.9933388900784164
-8.232522000000001 -7.48707e-05 -1.109766455032482 -0.9960196171592876
-8.272248 -7.487143e-05 -1.109777275413648 -0.9960293284925663
-8.312135 -7.542446e-05 -1.1179745293811763 -1.0033863951271458
-8.352022000000002 -7.527013e-05 -1.1156869822231403 -1.0013333128464112
-8.391814 -7.533105e-05 -1.1165899652651123 -1.0021437435633318
-8.431883 -7.528331e-05 -1.115882341981728 -1.0015086489732825
-8.471777 -7.501161e-05 -1.111855085046341 -0.9978941705460451
-8.511790000000001 -7.446799e-05 -1.103797310238776 -0.99066228698839
-8.551795 -7.457488e-05 -1.105381680845414 -0.9920842656379573
-8.591689 -7.488406e-05 -1.1099644828302615 -0.996197347861488
-8.63166 -7.510274e-05 -1.1132058539993106 -0.9991064908223578
-8.671854999999999 -7.529213e-05 -1.1160130759021192 -1.0016259831644063
-8.711568999999999 -7.529702e-05 -1.116085557633492 -1.0016910357941786
-8.751198 -7.531733e-05 -1.116386601388949 -1.001961223710473
-8.791399 -7.495953e-05 -1.1110831323735584 -0.9972013400841734
-8.83105 -7.501376e-05 -1.1118869532922409 -0.9979227724180308
-8.871098 -7.472833e-05 -1.1076561842562909 -0.994125641105972
-8.910645 -7.497099e-05 -1.1112529975354262 -0.9973537947134561
-8.950735 -7.513534e-05 -1.1136890655417973 -0.9995401750208412
-8.990879999999999 -7.54217e-05 -1.1179336194469043 -1.0033496783054336
-9.030747999999999 -7.519776e-05 -1.1146142822436995 -1.0003705605321704
-9.070683 -7.523218e-05 -1.115124470626902 -1.00082845654787
-9.110485 -7.507439e-05 -1.1127856378266263 -0.9987293452080324
-9.150549999999999 -7.489711e-05 -1.110157915671656 -0.9963709545728442
-9.190239 -7.487044e-05 -1.109762601198094 -0.9960161583282566
-9.230485 -7.50204e-05 -1.1119853742935328 -0.9980111056412804
-9.270209999999999 -7.513622e-05 -1.1137021092889563 -0.999551881833561
-9.309796 -7.515144e-05 -1.11392770682505 -0.9997543564808284
-9.349865 -7.5576e-05 -1.1202207219317417 -1.00540236149028
-9.390125 -7.542101e-05 -1.1179233919633365 -1.0033404991000057
-9.429776 -7.495826e-05 -1.1110643078748175 -0.9971844450249074
-9.469578 -7.489905e-05 -1.1101866712051658 -0.9963967627736128
-9.509249 -7.460736e-05 -1.1058631136951063 -0.9925163534528879
-9.549286 -7.465823e-05 -1.1066171312155446 -0.9931930870472698
-9.589198 -7.489614e-05 -1.110143537904901 -0.9963580504724598
-9.629267 -7.515175e-05 -1.1139323017814355 -0.9997584804716729
-9.669503 -7.511154e-05 -1.113336291470902 -0.9992235589495558
-9.709494000000001 -7.52232e-05 -1.1149913651161185 -1.0007089938453426
-9.749623999999999 -7.542688e-05 -1.118010399685864 -1.0034185888621252
-9.789729 -7.491693e-05 -1.1104516964315359 -0.996634623922965
-9.829370999999998 -7.493962e-05 -1.1107880175940825 -0.996936473446388
-9.869183000000001 -7.48626e-05 -1.1096463932688578 -0.9959118612694803
-9.909235 -7.475149e-05 -1.1079994719656157 -0.994433743131643
-9.949277 -7.519798e-05 -1.1146175431804897 -1.0003734872353507
-9.992004999999999 -7.523544e-05 -1.1151727917811505 -1.0008718249677182
-9.994344 -7.54244e-05 -1.117973640034779 -1.0033855969353696
-9.956101 -7.508069e-05 -1.112879019198334 -0.9988131553445492
-9.916869 -7.502719e-05 -1.1120860186608175 -0.9981014343439706
-9.877269 -7.471385e-05 -1.107441555325763 -0.9939330108239464
-9.837878 -7.471389e-05 -1.1074421482233607 -0.9939335429517969
-9.79809 -7.500632e-05 -1.1117766743389865 -0.9978237966377637
-9.758844999999999 -7.524872e-05 -1.1153696337837342 -1.001048491414217
-9.719072 -7.542933e-05 -1.11804671466375 -1.0034511816929927
-9.678872 -7.554926e-05 -1.1198243698873829 -1.0050466340219535
-9.639165 -7.508999e-05 -1.1130168678899024 -0.9989368750698835
-9.599382 -7.487097e-05 -1.1097704570912694 -0.9960232090222811
-9.559609 -7.502911e-05 -1.1121144777455283 -0.9981269764808137
-9.519467 -7.486425e-05 -1.1096708502947812 -0.9959338115433298
-9.479619000000001 -7.467283e-05 -1.106833538838867 -0.9933873137128484
-9.439995000000001 -7.511691e-05 -1.1134158879734528 -0.9992949971135392
-9.400447 -7.526891e-05 -1.1156688988463968 -1.0013170829469586
-9.360258 -7.552901e-05 -1.119524215478323 -1.0047772442974354
-9.320249 -7.536045e-05 -1.1170257449997476 -1.0025348575337432
-9.280425 -7.497838e-05 -1.1113625353666832 -0.9974521053339099
-9.240778 -7.504575e-05 -1.112361123146356 -0.9983483416667881
-9.200460999999999 -7.469993e-05 -1.1072352269616088 -0.9937478303318329
-9.160674 -7.474111e-05 -1.1078456150388973 -0.9942956559543344
-9.121109 -7.513015e-05 -1.1136121370784382 -0.999471131432187
-9.08141 -7.499331e-05 -1.1115838343951903 -0.9976507220542584
-9.041378 -7.517729e-05 -1.1143108668978496 -1.0000982441044723
-9.001082 -7.532224e-05 -1.1164593795691211 -1.002026542404171
-8.96125 -7.499011e-05 -1.1115364025873389 -0.9976081518261865
-8.921495 -7.496688e-05 -1.111192077307217 -0.9972991185767762
-8.881572 -7.509698e-05 -1.113120476745178 -0.9990298644118282
-8.841665 -7.477548e-05 -1.108355062300102 -0.9947528868102201
-8.801896000000001 -7.489509e-05 -1.1101279743429497 -0.9963440821163737
-8.761878000000001 -7.506705e-05 -1.1126768411173673 -0.9986316997473924
-8.721684 -7.526783e-05 -1.115652890611247 -1.0013027154949845
-8.681778 -7.518158e-05 -1.1143744551652506 -1.0001553148164815
-8.642344999999999 -7.517415e-05 -1.114264324436396 -1.000056472068177
-8.602285 -7.499004e-05 -1.1115353650165423 -0.9976072206024474
-8.562119000000001 -7.488028e-05 -1.1099084540072373 -0.996147061779578
-8.522287 -7.473504e-05 -1.107755642828379 -0.9942149055529603
-8.482101 -7.498925e-05 -1.1115236552889787 -0.997596711077392
-8.442099 -7.533813e-05 -1.1166949081399835 -1.002237930192941
-8.402220999999999 -7.517632e-05 -1.114296489131095 -1.000085340004088
-8.362164 -7.531102e-05 -1.116293071792842 -1.0018772805419935
-8.322368 -7.536598e-05 -1.1171077130926907 -1.00260842420913
-8.282371999999999 -7.506214e-05 -1.1126040629371952 -0.9985663810536943
-8.242486000000001 -7.496642e-05 -1.1111852589848386 -0.997292999106491
-8.202853999999999 -7.484086e-05 -1.109324153424267 -0.9956226497825161
-8.162563 -7.453775e-05 -1.1048313236499374 -0.9915903179603593
-8.122533 -7.487152e-05 -1.1097786094332438 -0.996030525780231
-8.082571 -7.510608e-05 -1.1132553609487554 -0.9991509234979079
-8.042741 -7.517025e-05 -1.1142065169205766 -1.000004589602714
-8.002684 -7.537572e-05 -1.1172520836578386 -1.0027379973408241
-7.962581 -7.525553e-05 -1.115470574599818 -1.0011390861808327
-7.922554 -7.518698e-05 -1.114454496341 -1.0002271520763528
-7.882477 -7.492905e-05 -1.1106313444037734 -0.9967958586617878
-7.842777 -7.490351e-05 -1.1102527792873589 -0.9964560950289882
-7.802599 -7.490734e-05 -1.1103095492323811 -0.9965070462707118
-7.7628140000000005 -7.517797e-05 -1.1143209461570183 -1.0001072902779378
-7.722721 -7.540268e-05 -1.1176516966389871 -1.0030966515123307
-7.682881999999999 -7.538887e-05 -1.1174469987432283 -1.0029129343718075
-7.642582999999999 -7.527818e-05 -1.1158063028647667 -1.0014404035764048
-7.602627 -7.511375e-05 -1.1133690490631993 -0.999252959013318
-7.562768 -7.490036e-05 -1.110206088601505 -0.9964141899607298
-7.522826 -7.482622e-05 -1.1091071529033467 -0.9954278909890868
-7.483005 -7.484796e-05 -1.1094293927479375 -0.9957171024760508
-7.442888 -7.520019e-05 -1.1146503007727868 -1.0004028872991126
-7.402986 -7.560318e-05 -1.12062359584968 -1.0057639423649665
-7.36341 -7.550486e-05 -1.1191662535534441 -1.0044559721074546
-7.322998999999999 -7.539412e-05 -1.1175248165529847 -1.0029827761522383
-7.283042999999999 -7.528613e-05 -1.1159241412623977 -1.0015461639867713
-7.243551999999999 -7.499039e-05 -1.1115405528705258 -0.9976118767211427
-7.203416 -7.480199e-05 -1.1087480051832714 -0.9951055545434042
-7.162967 -7.494984e-05 -1.110939502930408 -0.9970724321122929
-7.123203 -7.485821e-05 -1.1095813227574616 -0.9958534602378439
-7.083278 -7.516718e-05 -1.1141610120299195 -0.9999637487901577
-7.043073000000001 -7.527067e-05 -1.1156949863407153 -1.0013404965723984
-7.002967 -7.535904e-05 -1.1170048453594128 -1.0025161000269989
-6.963636999999999 -7.528074e-05 -1.1158442483110476 -1.0014744597588623
-6.923527 -7.518894e-05 -1.114483548323309 -1.000253226341047
-6.883249 -7.507011e-05 -1.1127221977836255 -0.9986724075279864
-6.843345 -7.500737e-05 -1.1117922379009375 -0.9978377649938496
-6.803552 -7.48597e-05 -1.1096034081929926 -0.99587328200029
-6.76337 -7.515925e-05 -1.1140434700810873 -0.9998582544437166
-6.723203000000001 -7.545185e-05 -1.1183805160115048 -1.0037507696730494
-6.683332999999999 -7.515408e-05 -1.113966838066527 -0.9997894769189877
-6.643042 -7.523536e-05 -1.1151716059859544 -1.0008707607120166
-6.603287999999999 -7.499772e-05 -1.1116492013553856 -0.9977093891498201
-6.563429 -7.492476e-05 -1.1105677561363723 -0.9967387879497787
-6.523543 -7.499434e-05 -1.1115991015083426 -0.9976644243464192
-6.483332000000001 -7.49433e-05 -1.110842564173112 -0.9969854292086708
-6.4435709999999995 -7.507356e-05 -1.1127733352014653 -0.9987183035551265
-6.403425 -7.524004e-05 -1.115240975004937 -1.0009330196705717
-6.363486 -7.537098e-05 -1.1171818252924588 -1.0026749401904926
-6.323527 -7.518837e-05 -1.1144750995325357 -1.0002456435191718
-6.283637 -7.514008e-05 -1.1137593239071772 -0.9996032321711729
-6.243609999999999 -7.520687e-05 -1.114749314671677 -1.000491752650213
-6.203515 -7.473643e-05 -1.1077762460199148 -0.9942333969957792
-6.1634530000000005 -7.477678e-05 -1.1083743314720418 -0.9947701809653745
-6.123533 -7.491775e-05 -1.1104638508322977 -0.9966455325439084
-6.0835230000000005 -7.498062e-05 -1.1113957376321795 -0.9974819044935604
-6.043508 -7.516539e-05 -1.1141344798624022 -0.9999399360688297
-6.003722 -7.505357e-05 -1.112477034626793 -0.998452372661639
-5.96387 -7.52743e-05 -1.1157487917977467 -1.0013887871748675
-5.923241 -7.475269e-05 -1.10801725889356 -0.99444970696717
-5.8837969999999995 -7.461122e-05 -1.105920328313327 -0.9925677037904997
-5.843738999999999 -7.481211e-05 -1.1088980082756015 -0.9952401828896817
-5.803458 -7.490739e-05 -1.110310290354379 -0.9965077114305255
-5.763523 -7.481385e-05 -1.1089237993211207 -0.9952633304511959
-5.7237219999999995 -7.536721e-05 -1.1171259446938335 -1.0026247871405451
-5.683804 -7.527005e-05 -1.115685796427944 -1.0013322485907095
-5.64391 -7.497786e-05 -1.1113548276979075 -0.9974451876718483
-5.603967 -7.495834e-05 -1.1110654936700137 -0.9971855092806092
-5.563777 -7.475312e-05 -1.10802363254274 -0.9944554273415671
-5.523741 -7.45125e-05 -1.1044570570411096 -0.9912544122544789
-5.483589 -7.463874e-05 -1.1063282418608495 -0.9929338077519189
-5.443479999999999 -7.46717e-05 -1.1068167894817194 -0.9933722811010604
-5.403571 -7.488351e-05 -1.1099563304882873 -0.9961900311035382
-5.363638 -7.509814e-05 -1.113137670775524 -0.9990452961195043
-5.3233630000000005 -7.518865e-05 -1.1144792498157228 -1.0002493684141283
-5.283514 -7.47767e-05 -1.1083731456768453 -0.9947691167096727
-5.243729999999999 -7.481073e-05 -1.1088775533084656 -0.9952218244788257
-5.203730999999999 -7.469512e-05 -1.1071639310254322 -0.9936838419577623
-5.163684 -7.457108e-05 -1.1053253555735902 -0.9920337134921217
-5.1235420000000005 -7.450797e-05 -1.10438991138812 -0.9911941487753644
-5.083628 -7.489397e-05 -1.1101113732102017 -0.9963291825365486
-5.0437780000000005 -7.469486e-05 -1.1071600771910446 -0.9936803831267316
-5.003958 -7.507358e-05 -1.112773631650264 -0.9987185696190518
-4.964258 -7.486825e-05 -1.1097301400545956 -0.9959870243284199
-4.923943 -7.488453e-05 -1.1099714493770398 -0.9962036003637361
-4.883807 -7.457116e-05 -1.1053265413687867 -0.9920347777478236
-4.844118000000001 -7.439836e-05 -1.102765223744808 -0.989735985431936
-4.803971 -7.456688e-05 -1.1052631013257852 -0.9919778400677771
-4.763939000000001 -7.473212e-05 -1.1077123613037148 -0.9941760602198446
-4.724018 -7.495147e-05 -1.1109636635075324 -0.997094116322217
-4.683872999999999 -7.497271e-05 -1.1112784921321464 -0.9973766762110449
-4.644062 -7.483026e-05 -1.1091670355607592 -0.9954816359020278
-4.604082 -7.466581e-05 -1.106729485310393 -0.9932939252750155
-4.564156 -7.453574e-05 -1.104801530545631 -0.9915635785358518
-4.523684 -7.427461e-05 -1.1009309468005528 -0.9880897148932145
-4.483769000000001 -7.424373e-05 -1.100473229854786 -0.9876789121923195
-4.44392 -7.4487e-05 -1.1040790848222932 -0.9909151807495301
-4.403925 -7.454174e-05 -1.1048904651853524 -0.9916433977134866
-4.363835 -7.457116e-05 -1.1053265413687867 -0.9920347777478236
-4.32386 -7.486382e-05 -1.1096644766456012 -0.9959280911689325
-4.284156 -7.458831e-05 -1.1055807462139906 -0.992262927563897
-4.2443159999999995 -7.437212e-05 -1.102376282920426 -0.9893869095617456
-4.204064000000001 -7.416484e-05 -1.099303887566848 -0.9866294230383822
-4.1639669999999995 -7.40151e-05 -1.097084375408199 -0.9846374024285384
-4.124249 -7.407986e-05 -1.0980442766195928 -0.9854989174191453
-4.0835360000000005 -7.428728e-05 -1.101118747114764 -0.9882582663899867
-4.043448 -7.438756e-05 -1.1026051413933093 -0.9895923109121929
-4.003438 -7.447434e-05 -1.1038914327324811 -0.9907467622847204
-3.963702 -7.424429e-05 -1.10048153042116 -0.9876863619822321
-3.92358 -7.422559e-05 -1.100204350794028 -0.9874375922119365
-3.88348 -7.395807e-05 -1.0962390516576463 -0.983878721145118
-3.84341 -7.384493e-05 -1.0945620408012986 -0.9823735975188477
-3.8036 -7.382565e-05 -1.0942762641589934 -0.9821171118947137
-3.763495 -7.387745e-05 -1.0950440665485888 -0.9828062174616291
-3.723536 -7.37767e-05 -1.0935507057232656 -0.981465920437175
-3.6837310000000003 -7.411047e-05 -1.098497991506572 -0.9859061282570466
-3.64373 -7.395325e-05 -1.0961676074970703 -0.9838145997390847
-3.603297 -7.371578e-05 -1.0926477226812934 -0.9806554897202544
-3.563489 -7.352752e-05 -1.0898572501356327 -0.9781510299899941
-3.523221 -7.35241e-05 -1.0898065573909914 -0.9781055330587423
-3.4837399999999996 -7.338748e-05 -1.0877815156445334 -0.9762880503839936
-3.443934 -7.338514e-05 -1.087746831135042 -0.9762569209047158
-3.4035819999999997 -7.362683e-05 -1.0913292666474228 -0.9794721704118159
-3.36358 -7.345406e-05 -1.0887683936966426 -0.9771737771918164
-3.323563 -7.363019e-05 -1.0913790700456665 -0.9795168691512913
-3.2834380000000003 -7.335673e-05 -1.0873257256159607 -0.9758789770986143
-3.24374 -7.302871e-05 -1.0824636688623877 -0.9715152626573096
-3.203675 -7.284533e-05 -1.0797455298237 -0.9690757225248589
-3.1637310000000003 -7.263081e-05 -1.0765658200048582 -0.9662219208604828
-3.1238319999999997 -7.249425e-05 -1.0745416676047974 -0.9644052363775105
-3.083627 -7.252629e-05 -1.0750165785809098 -0.9648314707860812
-3.043665 -7.267046e-05 -1.0771535297490176 -0.9667493925926873
-3.003533 -7.256854e-05 -1.0756428266689488 -0.9653935308285944
-2.963397 -7.240502e-05 -1.0732190612877395 -0.9632181921741155
-2.9233350000000002 -7.18848e-05 -1.0655081315750883 -0.9562976034092369
-2.883489 -7.173878e-05 -1.0633437588930665 -0.9543550706895267
-2.843259 -7.145401e-05 -1.0591227726674854 -0.9505667194870074
-2.8035140000000003 -7.096522e-05 -1.0518777122425753 -0.9440642501809735
-2.763382 -7.099033e-05 -1.0522499037098099 -0.944398293439376
-2.723239 -7.120716e-05 -1.0554638533649443 -0.9472828254871414
-2.683288 -7.109041e-05 -1.053733333500364 -0.9457296773223275
-2.64311 -7.080095e-05 -1.0494428300314007 -0.9418789341292901
-2.6031269999999997 -7.033919e-05 -1.0425984201584357 -0.9357360502185018
-2.563731 -6.98557e-05 -1.0354319186652794 -0.9293040878527118
-2.523323 -6.951276e-05 -1.0303487111075988 -0.9247418897230215
-2.483341 -6.920614e-05 -1.0258038545690322 -0.9206628636819483
-2.4436649999999998 -6.874235e-05 -1.0189293551429615 -0.9144929742827267
-2.403276 -6.854509e-05 -1.0160054806377183 -0.9118687857860137
-2.363373 -6.849119e-05 -1.0152065511242205 -0.9111517435069262
-2.3233629999999996 -6.794627e-05 -1.0071295071447157 -0.9039025657941167
-2.2835140000000003 -6.725531e-05 -0.9968877940343903 -0.8947105892976718
-2.2436 -6.666601e-05 -0.9881529301697459 -0.8868710157342891
-2.203424 -6.58288e-05 -0.9757434352162093 -0.8757334467829913
-2.163448 -6.54301e-05 -0.9698337284067171 -0.8704294624291464
-2.12341 -6.483264e-05 -0.9609779134320512 -0.8624813347841799
-2.083415 -6.422745e-05 -0.9520075209965444 -0.8544303734320272
-2.043391 -6.425079e-05 -0.9523534767450609 -0.8547408700330272
-2.003045 -6.361283e-05 -0.9428973529522753 -0.8462539629390248
-1.963023 -6.312239e-05 -0.9356278355014415 -0.8397295433591409
-1.923505 -6.224001e-05 -0.9225488109352019 -0.8279910690322145
-1.883267 -6.10912e-05 -0.9055206436921301 -0.8127082241224066
-1.842665 -6.054809e-05 -0.8974704283289414 -0.8054831251948504
-1.8029670000000002 -5.976538e-05 -0.8858687563528749 -0.7950705804404037
-1.763128 -5.904115e-05 -0.875133900665294 -0.7854360066039728
-1.7229290000000002 -5.850922e-05 -0.8672494001807862 -0.7783596374107431
-1.683061 -5.785221e-05 -0.8575109089068848 -0.7696193044277494
-1.6434010000000001 -5.723462e-05 -0.8483567182159534 -0.7614033834418176
-1.603137 -5.646292e-05 -0.836918241303776 -0.7511373068783312
-1.56291 -5.518518e-05 -0.8179790168774891 -0.7341392808731102
-1.5230050000000002 -5.429781e-05 -0.8048260283358809 -0.7223344235967839
-1.483165 -5.352193e-05 -0.7933255936246976 -0.7120127396728785
-1.442962 -5.286223e-05 -0.783547229987321 -0.7032366210919118
-1.4028720000000001 -5.229832e-05 -0.7751887078730979 -0.6957348156818877
-1.3630360000000001 -5.123571e-05 -0.7594382349540244 -0.6815987062907689
-1.322721 -5.070533e-05 -0.7515767092514448 -0.6745429570517616
-1.2828060000000001 -4.956265e-05 -0.7346394035652885 -0.6593416607351041
-1.242943 -4.865088e-05 -0.721124747488813 -0.6472122054697289
-1.2030889999999999 -4.767382e-05 -0.7066423343077685 -0.6342141845197224
-1.163147 -4.649812e-05 -0.6892155916543448 -0.618573616662147
-1.12285 -4.574171e-05 -0.6780037498490574 -0.608510945969667
-1.08275 -4.478724e-05 -0.6638561755865642 -0.5958134442234562
-1.042722 -4.36842e-05 -0.6475064314201676 -0.5811394866070405
-1.002962 -4.285222e-05 -0.6351744578275884 -0.5700714933722479
-0.9630705 -4.198082e-05 -0.622258183652039 -0.5584790881403935
-0.9229337000000001 -4.066289e-05 -0.6027232453640177 -0.5409464066769807
-0.8827403 -3.953388e-05 -0.5859885624320266 -0.5259269650533681
-0.8427208 -3.846635e-05 -0.5701651631083816 -0.5117254039365887
-0.8031459999999999 -3.732519e-05 -0.5532503875309546 -0.49654432847826535
-0.7627115 -3.633657e-05 -0.5385966269440465 -0.4833925225793488
-0.7227498 -3.508293e-05 -0.5200146233206409 -0.4667151036042948
-0.682943 -3.381e-05 -0.5011466948305306 -0.4497810659731445
-0.6424856 -3.282924e-05 -0.48660943862165773 -0.43673382319692966
-0.6027208000000001 -3.14323e-05 -0.4659033793529042 -0.41815005619602696
-0.5628441000000001 -3.027147e-05 -0.4486970463815902 -0.4027073068670235
-0.5228063 -2.888703e-05 -0.42817626761225624 -0.38428982981952686
-0.4825726 -2.749962e-05 -0.4076114661962602 -0.36583284227910096
-0.4426271 -2.584035e-05 -0.3830170362544839 -0.3437592478000338
-0.402646 -2.45984e-05 -0.36460830695413565 -0.32723734318940545
-0.36240589999999995 -2.293153e-05 -0.3399012264687122 -0.3050626444186673
-0.3224856 -2.132403e-05 -0.31607415424333274 -0.28367775641062737
-0.2826003 -1.937967e-05 -0.28725399489519055 -0.257811553706234
-0.2423724 -1.740602e-05 -0.2579996862808079 -0.231555700383019
-0.2028158 -1.555228e-05 -0.23052273644125892 -0.20689503332483924
-0.1626096 -1.341395e-05 -0.1988274684153208 -0.17844840963946942
-0.12222140000000001 -1.137648e-05 -0.16862719168310072 -0.1513435463301437
-0.08234405 -8.831465e-06 -0.13090385966464102 -0.11748671226869319
-0.04243367 -6.328058e-06 -0.09379725972776984 -0.08418339759774873
-0.002145934 -3.473085e-06 -0.05147959386617845 -0.04620313142606739
0.03798614 -7.324289e-07 -0.010856383390516453 -0.009743645412349532
0.07762766 1.933742e-06 0.028662774680715177 0.025724949366372093
0.1176126 4.516461e-06 0.06694497197518466 0.06008336714008087
0.1575899 7.068649e-06 0.1047746253554314 0.09403562502839402
0.1974579 9.110042e-06 0.1350330505195894 0.12119267677669675
0.2375478 1.103515e-05 0.16356784825374537 0.14680276634645212
0.2775941 1.324845e-05 0.19637435460300337 0.1762467306563711
0.3177408 1.502041e-05 0.2226391253031485 0.19981946232338596
0.3575239 1.663714e-05 0.2466030086492995 0.22132713883302105
0.3973256 1.819317e-05 0.2696671698902681 0.2420273113289155
0.437505 1.995998e-05 0.29585560502465236 0.26553153153512704
0.4780849 2.155103e-05 0.3194388481127954 0.28669758196448436
0.5176843 2.288061e-05 0.3391464678262759 0.3043852456644717
0.5575015 2.424402e-05 0.359355530683386 0.3225229564943577
0.5978904 2.591662e-05 0.38414754374974347 0.34477388257973723
0.6381087999999999 2.727045e-05 0.4042146076320983 0.3627841487893327
0.6776312 2.8943e-05 0.42900587957645814 0.3850344097148986
0.7180015 3.034804e-05 0.44983200060883577 0.40372593260560863
0.7578918 3.184861e-05 0.4720741093299789 0.42368830983623035
0.7977423 3.356e-05 0.4974410848421357 0.44645526690502
0.8379460000000001 3.497643e-05 0.5184360334655846 0.4652983132012739
0.8782314 3.649579e-05 0.5409566558334555 0.4855106574898559
0.9178824 3.77406e-05 0.5594077773120713 0.5020706092418237
0.9581127 3.906724e-05 0.5790718190520883 0.5197191615447699
0.9982409 4.033493e-05 0.5978620779568418 0.5365834904274525
1.038076 4.190297e-05 0.6211042567016528 0.5574434343105795
1.0780809999999998 4.271998e-05 0.633214338368127 0.5683122786971728
1.118335 4.360746e-05 0.6463689573781299 0.580118599325089
1.158269 4.48286e-05 0.6644692317030443 0.5963636644212867
1.197816 4.576577e-05 0.6783603777543407 0.6088310208719834
1.238109 4.68338e-05 0.6941911882979623 0.6230392335868989
1.27802 4.800766e-05 0.7115906576618714 0.638655323563333
1.318231 4.90851e-05 0.7275609473654564 0.6529887193551729
1.357955 5.007859e-05 0.7422868932349382 0.6662053118199365
1.397901 5.105058e-05 0.7566941566454183 0.6791358855648415
1.4379549999999999 5.187109e-05 0.7688561168517299 0.6900512911383885
1.478076 5.270044e-05 0.7811491074272313 0.7010842969669844
1.518071 5.364963e-05 0.7952184192067696 0.7137115578368763
1.558196 5.452541e-05 0.8081996156693158 0.7253622310684044
1.598354 5.547342e-05 0.8222514369697088 0.7379737941666948
1.638529 5.657215e-05 0.8385372964199054 0.752590415007176
1.678392 5.745068e-05 0.851559254592324 0.7642776720284535
1.718137 5.818221e-05 0.8624023140915661 0.7740093591976737
1.75815 5.877655e-05 0.8712118830535767 0.7819159808702699
1.798496 5.928418e-05 0.8787361982472123 0.7886690823940778
1.8384 6.012346e-05 0.8911763756514527 0.7998341889616596
1.87843 6.07982e-05 0.9011776687857311 0.8088103876145647
1.918242 6.132514e-05 0.9089882052948703 0.8158203738583946
1.958581 6.239107e-05 0.9247878887145897 0.8300006498611381
1.998354 6.329214e-05 0.9381439446835617 0.8419877609263974
2.03842 6.388387e-05 0.9469148270772935 0.8498596612567224
2.07842 6.445758e-05 0.9554186091030618 0.8574918379902171
2.1181370000000004 6.477493e-05 0.9601225104223302 0.8617136073272942
2.1582049999999997 6.507392e-05 0.9645542717440511 0.8656911299808082
2.198505 6.567669e-05 0.9734887938748702 0.8737098975979816
2.238505 6.6204e-05 0.9813048146867925 0.8807248060244325
2.2783539999999998 6.700234e-05 0.9931381613993332 0.891345279736618
2.3185149999999997 6.775343e-05 1.0042711478240673 0.9013371774249282
2.3584110000000003 6.794069e-05 1.0070467979297748 0.9038283339589163
2.398446 6.841758e-05 1.0141154713192375 0.9101724952293078
2.438571 6.882734e-05 1.0201891143146162 0.9156236129339261
2.478288 6.888907e-05 1.021104103532951 0.9164448192398276
2.518363 6.896831e-05 1.0222786336748724 0.9174989645124603
2.558609 6.930167e-05 1.0272198422577978 0.9219337180218601
2.598446 6.997026e-05 1.0371299773863616 0.9308281020176892
2.6383449999999997 7.050927e-05 1.0451194207457408 0.9379986578405283
2.678613 7.089349e-05 1.050814498624705 0.9431100119123471
2.718883 7.124309e-05 1.0559964236324766 0.9477608093292124
2.758288 7.132456e-05 1.0572040078154945 0.9488446207295327
2.798502 7.143716e-05 1.0588730145542677 0.9503425606298159
2.8387029999999998 7.118023e-05 1.0550646850569945 0.9469245704115231
2.878864 7.158009e-05 1.0609915858968328 0.952243986473044
2.918439 7.192883e-05 1.0661607636062442 0.9568833431411148
2.958354 7.232141e-05 1.0719797570832206 0.962105911933772
2.998548 7.253018e-05 1.0750742378723295 0.9648832202195813
3.038647 7.264665e-05 1.0768006074537229 0.9664326434894391
3.0786320000000003 7.251304e-05 1.074820181251525 0.9646552034354707
3.1185329999999998 7.265906e-05 1.0769845539335468 0.9665977361551809
3.158706 7.247149e-05 1.074204308871454 0.9641024556303485
3.198732 7.239637e-05 1.073090847182141 0.9631031195263585
3.2387330000000003 7.289737e-05 1.0805168895988844 0.9697680208588798
3.278845 7.288014e-05 1.0802614989584842 0.9695388067871047
3.31876 7.32735e-05 1.0860920539386243 0.9747717520728542
3.358965 7.365759e-05 1.0917852049003947 0.9798813767291579
3.398732 7.336658e-05 1.0874717266495035 0.9760100135818983
3.4388539999999996 7.348202e-05 1.089182829117745 0.9775457345595956
3.4788449999999997 7.343684e-05 1.088513151280642 0.9769446961520041
3.519085 7.325175e-05 1.085769665869634 0.9744824075539276
3.559118 7.335237e-05 1.0872610997777632 0.9758209751628661
3.5991370000000003 7.351203e-05 1.0896276505407516 0.9779449634797331
3.6391370000000003 7.37645e-05 1.093369871955832 0.9813036214426506
3.67902 7.41634e-05 1.099282543253315 0.98661026643575
3.7189200000000002 7.415407e-05 1.0991442498885482 0.9864861476145276
3.758732 7.386613e-05 1.0948762765283142 0.9826556252798245
3.798937 7.394604e-05 1.0960607377050047 0.9837186836939598
3.839015 7.378249e-05 1.0936365276505968 0.9815429459435928
3.878937 7.37751e-05 1.0935269898193398 0.9814446353231391
3.9191 7.394186e-05 1.0959987799059987 0.9836630763335407
3.959076 7.419489e-05 1.0997493018874531 0.9870291840863709
3.9991 7.424199e-05 1.1004474388092667 0.9876557646308054
4.038826 7.426882e-05 1.1008451248732214 0.9880126893867966
4.078892 7.449713e-05 1.1042292361390231 0.9910499421277705
4.119298 7.431475e-05 1.1015259195402893 0.9886237051915926
4.159326 7.417005e-05 1.0993811124790063 0.9866987326909621
4.199492 7.417965e-05 1.0995234079025606 0.986826443375178
4.239618999999999 7.402201e-05 1.0971867984682784 0.9847293275147816
4.279108 7.446668e-05 1.1037778928424364 0.9906448598012729
4.319307 7.444535e-05 1.1034617301982266 0.9903611026247805
4.359437 7.474213e-05 1.1078607339276503 0.9943092252145326
4.399618 7.456848e-05 1.105286817229711 0.9919991251818132
4.43939 7.437016e-05 1.102347230938117 0.9893608352970515
4.479675 7.441281e-05 1.1029794080021373 0.9899282166180735
4.519486 7.447704e-05 1.1039314533203557 0.990782680914656
4.559594 7.42522e-05 1.1005987759211928 0.9877915902647477
4.599722 7.43839e-05 1.1025508912630795 0.9895436212138358
4.639659 7.456657e-05 1.1052585063693998 0.9919737160769329
4.67959 7.487909e-05 1.1098908153036924 0.9961312309760137
4.7194769999999995 7.487438e-05 1.109821001611511 0.9960685729215702
4.759705 7.473248e-05 1.107717697382098 0.9941808493705028
4.799937 7.483752e-05 1.1092746464748222 0.995578217106966
4.839901 7.450968e-05 1.1044152577604405 0.9912168972409904
4.879733 7.460022e-05 1.1057572814738375 0.9924213686315022
4.9198450000000005 7.466601e-05 1.1067324497983835 0.9932965859142698
4.959658999999999 7.506759e-05 1.112684845234942 0.9986388834733795
4.999345 7.491941e-05 1.1104884560826207 0.9966676158497207
5.039298 7.513253e-05 1.1136474144855275 0.9995027930393154
5.079529000000001 7.472395e-05 1.107591261969294 0.9940673731062983
5.119505 7.451742e-05 1.1045299834456812 0.9913198639801395
5.159372 7.469315e-05 1.1071347308187238 0.9936576346611055
5.199562 7.456486e-05 1.105233159997079 0.9919509676113069
5.239261000000001 7.445804e-05 1.1036498269612376 0.9905299201854786
5.279687 7.479088e-05 1.1085833278753872 0.9949577560328167
5.319618 7.493341e-05 1.1106959702419708 0.9968538605975357
5.35942 7.496106e-05 1.1111058107066873 0.9972216939744704
5.399733 7.517004e-05 1.1142034042081865 1.000001795931497
5.439533 7.473074e-05 1.1076919063365787 0.9941577018089885
5.479788999999999 7.486475e-05 1.1096782615147582 0.9959404631414662
5.51977 7.458341e-05 1.1055081162582179 0.9921977419021616
5.559486 7.46211e-05 1.1060667740200683 0.9926991393696719
5.599381 7.469191e-05 1.1071163509931814 0.9936411386977276
5.639826 7.487983e-05 1.1099017839092582 0.9961410753412554
5.680085 7.496578e-05 1.111175772623268 0.9972844850608764
5.719845 7.500099e-05 1.1116976707340338 0.9977528906016312
5.759705 7.478304e-05 1.1084671199461509 0.9948534589740402
5.799816 7.464938e-05 1.1064859526219555 0.9930753537602582
5.839854 7.453773e-05 1.1048310272011386 0.991590051896434
5.879911 7.468757e-05 1.1070520216037827 0.9935834028259048
5.919675 7.472839e-05 1.1076570736026878 0.9941264392977482
5.959826 7.473012e-05 1.1076827164238077 0.9941494538272998
6.000015 7.53771e-05 1.1172725386249747 1.0027563557516803
6.040057 7.522123e-05 1.1149621649094101 1.000682786548686
6.080062 7.501319e-05 1.1118785045014672 0.9979151895961554
6.1198630000000005 7.489775e-05 1.110167402033226 0.9963794686184584
6.159977 7.476782e-05 1.1082415224100577 0.9946509843267729
6.2000020000000005 7.488821e-05 1.110025995956069 0.9962525561260189
6.23975 7.489547e-05 1.110133606870132 0.9963491373309572
6.279668 7.517652e-05 1.1142994536190856 1.0000880006433426
6.320131 7.515321e-05 1.1139539425437677 0.9997779031382308
6.359911 7.504214e-05 1.1123076141381236 0.9983003171282444
6.399807 7.530994e-05 1.1162770635576924 1.0018629130900194
6.4399489999999995 7.517538e-05 1.1142825560375385 1.000072834999592
6.480104 7.489293e-05 1.11009595787265 0.9963153472124251
6.519939 7.50535e-05 1.1124759970559963 0.9984514414379
6.559808 7.485417e-05 1.109521440100049 0.995799715324903
6.60009 7.488735e-05 1.110013248657709 0.9962411153772245
6.639937 7.521013e-05 1.1147976358259253 1.0005351210700613
6.680131 7.509672e-05 1.1131166229107898 0.9990264055807972
6.719930000000001 7.524953e-05 1.1153816399600962 1.0010592670031975
6.760047999999999 7.513663e-05 1.1137081864893372 0.9995573361440327
6.800185000000001 7.521745e-05 1.1149061360863857 1.000632500466776
6.840066 7.486682e-05 1.1097089439654622 0.9959680007577503
6.880465 7.504312e-05 1.112322140129278 0.9983133542605914
6.920326 7.48212e-05 1.1090327442547796 0.9953611089437988
6.960039 7.508638e-05 1.11296335888167 0.9988888505313398
6.99992 7.540562e-05 1.1176952746124507 1.0031357629093718
7.0403720000000005 7.555475e-05 1.119905745082728 1.0051196685694894
7.0803069999999995 7.504644e-05 1.112371350629924 0.9983575208722162
7.120113 7.503307e-05 1.1121731746077446 0.9981796571380529
7.160335 7.490006e-05 1.1102016418695189 0.9964101990018479
7.200646 7.470099e-05 1.1072509387479597 0.9937619317198818
7.240715 7.478352e-05 1.1084742347173289 0.9948598445082512
7.280543 7.507628e-05 1.1128136522381387 0.9987544882489875
7.320145999999999 7.535968e-05 1.1170143317209833 1.0025246140726134
7.360492 7.525435e-05 1.1154530841206727 1.0011233884092312
7.40059 7.531e-05 1.1162779529040894 1.0018637112817956
7.4404200000000005 7.520358e-05 1.1147005488442296 1.0004479851344765
7.480446 7.509282e-05 1.113058815394971 0.9989745231153346
7.5204960000000005 7.499267e-05 1.11157434803362 0.9976422080086439
7.560317 7.508152e-05 1.1128913218234955 0.9988241969974554
7.600456 7.5026e-05 1.1120683799572728 0.9980856035404063
7.640448999999999 7.516943e-05 1.1141943625198147 0.9999936809817707
7.680477 7.527392e-05 1.1157431592705644 1.001383731960284
7.720128 7.520401e-05 1.1147069224934094 1.0004537055088736
7.760066 7.514739e-05 1.113867675943238 0.9997004785359249
7.800363 7.48953e-05 1.11013108705534 0.996346875787591
7.840685000000001 7.49278e-05 1.1106128163538314 0.996779229666447
7.880576 7.506233e-05 1.1126068792007864 0.9985689086609862
7.920675 7.489286e-05 1.110094920301853 0.996314415988686
7.960505 7.506727e-05 1.112680102054157 0.9986346264505722
8.000678 7.525064e-05 1.1153980928684453 1.0010740335510604
8.040515000000001 7.523283e-05 1.1151341052128718 1.000837103625447
8.080175 7.510332e-05 1.1132144510144835 0.9991142066761958
8.120668 7.503805e-05 1.1122469903587133 0.9982459070554899
8.160732 7.4912e-05 1.1103786218025646 0.9965690391653416
8.200790000000001 7.476477e-05 1.1081963139681992 0.9946104095781418
8.240846 7.47212e-05 1.1075505002594217 0.9940307893165491
8.280835 7.504166e-05 1.1123004993669459 0.9982939315940336
8.321271000000001 7.522447e-05 1.1150101896148596 1.000725888904609
8.360854999999999 7.52311e-05 1.115108462391752 1.0008140890958956
8.400534 7.519229e-05 1.1145332034971538 1.00029779204856
8.440762000000001 7.510545e-05 1.1132460228115848 0.9991425424842563
8.481123 7.50364e-05 1.11222253333279 0.9982239567816403
8.520978 7.49336e-05 1.110698786505562 0.9968563882048275
8.560931 7.491602e-05 1.110438208011178 0.9966225180143571
8.600761 7.50478e-05 1.1123915091482608 0.9983756132191468
8.640993 7.529169e-05 1.1160065540285395 1.0016201297580463
8.681016 7.539998e-05 1.1176116760511126 1.003060732882395
8.720816000000001 7.536942e-05 1.1171587022861313 1.0026541872043075
8.760669 7.534587e-05 1.1168096338252245 1.0023408969320902
8.800921 7.514984e-05 1.113903990921124 0.9997330713667923
8.840676 7.50717e-05 1.1127457654631514 0.9986935596100595
8.880724 7.495982e-05 1.111087430881145 0.9972051980110925
8.920921 7.511168e-05 1.1133383666124954 0.9992254213970339
8.960666 7.515369e-05 1.1139610573149454 0.9997842886724416
9.000678 7.542581e-05 1.1179945396751139 1.0034043544421138
9.040657 7.515332e-05 1.1139555730121624 0.9997793664898207
9.080947 7.49793e-05 1.1113761720114406 0.9974643442744806
9.120629000000001 7.507058e-05 1.1127291643304034 0.9986786600302343
9.160928 7.491794e-05 1.110466667095889 0.9966480601512002
9.200864 7.500654e-05 1.1117799352757762 0.9978267233409436
9.240834999999999 7.535001e-05 1.1168709987266323 1.0023959721646585
9.281179 7.503748e-05 1.1122385415679399 0.9982383242336147
9.321053 7.545044e-05 1.11835961637117 1.0037320121663051
9.361002000000001 7.563218e-05 1.1210534466083337 1.0061497350568689
9.401016 7.502679e-05 1.1120800896848362 0.9980961130654616
9.440826 7.499609e-05 1.1116250407782613 0.997687704939896
9.481012 7.501386e-05 1.1118884355362364 0.9979241027376583
9.520911 7.486547e-05 1.1096889336715245 0.9959500414427822
9.56103 7.486421e-05 1.109670257397183 0.9959332794154788
9.600986 7.49524e-05 1.1109774483766894 0.9971064882947506
9.640656000000002 7.512977e-05 1.113606504551256 0.9994660762176035
9.680714 7.546068e-05 1.118511398156295 1.0038682368961358
9.721261 7.527595e-05 1.11577324882367 1.0014107374487171
9.761477999999999 7.525472e-05 1.1154585684234557 1.001128310591852
9.801242 7.483838e-05 1.1092873937731822 0.9955896578557604
9.841486999999999 7.464914e-05 1.106482395236367 0.993072160993153
9.881585 7.477718e-05 1.108380260448023 0.9947755022438834
9.921242 7.473666e-05 1.107779655181104 0.9942364567309219
9.960666 7.482019e-05 1.1090177735904267 0.9953476727155637
10.003680000000001 7.521979e-05 1.114940820595877 1.0006636299460536
