Keff: 0.031232404600686856	Ms:1.3516039312366739
H(kOe) moment(emu) M(MA/m) M_norm()
9.971855 7.660865e-05 1.161633475373486 1.007103891745243
9.948727000000002 7.592476e-05 1.1512635038693129 0.9981134150754982
9.925180000000001 7.619519e-05 1.1553640922590735 1.0016685110789476
9.901531 7.643565e-05 1.1590102390778507 1.0048296188886932
9.877561 7.654712e-05 1.1607004827187437 1.0062950130812922
9.853763 7.745618e-05 1.1744847554754496 1.0182455939077384
9.829355 7.667704e-05 1.1626704876871188 1.0080029525583034
9.805031000000001 7.648213e-05 1.1597150253380883 1.0054406489602101
9.780495 7.654215e-05 1.1606251215373025 1.0062296770344883
9.756165000000001 7.532557e-05 1.1421778567249101 0.9902364118794512
9.73168 7.547199e-05 1.1443980547503836 0.9921612617734168
9.70706 7.581111e-05 1.149540204418452 0.9966193624156896
9.68229 7.529528e-05 1.1417185629249402 0.9898382169382669
9.657468000000001 7.458308e-05 1.1309193207876493 0.9804755745773723
9.632411 7.578522e-05 1.1491476287670415 0.9962790102523595
9.60773 7.716242e-05 1.1700304092661677 1.0143837997208016
9.583263 7.563389e-05 1.1468529793530617 0.9942896130767428
9.558188 7.678394e-05 1.1642914354328033 1.009408269138449
9.533152 7.614811e-05 1.1546502080694867 1.001049593355905
9.508299999999998 7.72049e-05 1.1706745426640783 1.0149422454488144
9.483374 7.601889e-05 1.1526908173520187 0.999350856139007
9.458494 7.668928e-05 1.162856085445839 1.0081638606494259
9.433633 7.651374e-05 1.1601943345826264 1.005856196734751
9.408541 7.632918e-05 1.1573958115148666 1.0034299551254744
9.383338 7.61761e-05 1.155074626473619 1.0014175522995747
9.358269 7.5052e-05 1.1380296558382226 0.986640037166351
9.333624 7.555792e-05 1.1457010298653196 0.9932909049327424
9.308467 7.556819e-05 1.145856756089344 0.9934259152346891
9.283607 7.656006e-05 1.1608966947283708 1.0064651234325277
9.258818999999999 7.558644e-05 1.14613348477371 0.9936658313019261
9.233745 7.523739e-05 1.1408407643749152 0.9890771900269046
9.208689 7.541043e-05 1.1434646071991739 0.9913519887268896
9.18343 7.593854e-05 1.1514724529800289 0.9982945681388696
9.158771 7.566723e-05 1.147358520960556 0.994727903579849
9.133587 7.556891e-05 1.1458676736045625 0.9934353804165197
9.108745 7.68866e-05 1.1658480911444211 1.0107578463144802
9.083439 7.495549e-05 1.1365662539024324 0.9853713084184573
9.058124 7.574236e-05 1.1484977333472097 0.9957155690117139
9.033207 7.624443e-05 1.1561107289943167 1.0023158243474823
9.00842 7.528321e-05 1.141535542912869 0.9896795436817435
8.983542 7.61738e-05 1.155039751077781 1.00138731630206
8.95843 7.668634e-05 1.1628115055920287 1.0081252111569503
8.933891 7.629043e-05 1.1568082369110755 1.002920544297779
8.90856 7.702156e-05 1.1678945187193284 1.0125320420643067
8.883495 7.550561e-05 1.1449078420582406 0.9926032331805683
8.858411 7.706558e-05 1.168562003469235 1.0131107327645685
8.83343 7.652958e-05 1.1604345199174404 1.0060644307350268
8.808301 7.584482e-05 1.150051356415711 0.9970625169705698
8.783307 7.691472e-05 1.1662744807665788 1.0111275142493137
8.758689 7.631454e-05 1.1571738220387504 1.0032374964282496
8.733513 7.622028e-05 1.1557445373380189 1.0019983463735769
8.7083 7.458007e-05 1.130873679508748 0.9804360048588853
8.68342 7.67298e-05 1.1634704989412097 1.0086965400491217
8.658764 7.53669e-05 1.1428045524249022 0.9907797396087069
8.633295 7.618135e-05 1.155154233355423 1.0014865692504238
8.608022 7.61082e-05 1.154045044135621 1.0005249330685935
8.583438 7.683404e-05 1.1650511125334468 1.0100668880408372
8.55868 7.656216e-05 1.1609285374810925 1.0064927302128674
8.533522000000001 7.626881e-05 1.156480408190199 1.0026363259211397
8.508513 7.529623e-05 1.1417329679797428 0.989850705719849
8.483364 7.763659e-05 1.177220351198545 1.0206172792606294
8.458477 7.725232e-05 1.1713935823469628 1.0155656328410547
8.433259 7.554481e-05 1.1455022401090436 0.9931185597469079
8.408395 7.604254e-05 1.153049427400526 0.9996617610699746
8.383143 7.562614e-05 1.1467354644323036 0.9941877309112037
8.358217 7.570303e-05 1.147901364078381 0.9951985334542103
8.333115 7.590047e-05 1.1508951893628332 0.9977940966495698
8.308365 7.699792e-05 1.167536060302977 1.0122212685941978
8.283143 7.51255e-05 1.1391441521834782 0.9876062744782379
8.258068 7.641636e-05 1.1587177406492797 1.004576030892145
8.233281000000002 7.675367e-05 1.1638324448971449 1.009010337118982
8.208306 7.658937e-05 1.1613411285770707 1.0068504352095535
8.183285 7.634331e-05 1.1576100677510361 1.0036157093189024
8.158189 7.720396e-05 1.1706602892414317 1.014929888128091
8.133003 7.64556e-05 1.159312745228706 1.0050918833019198
8.108051 7.624655e-05 1.15614287501135 1.0023436940495396
8.083207 7.635896e-05 1.1578473720748899 1.003821445562862
8.058253 7.682221e-05 1.164871731693115 1.0099113698449238
8.033336 7.725565e-05 1.1714440758548499 1.0156094093070218
8.00823 7.654817e-05 1.1607164040951041 1.0063088164714618
7.983051000000001 7.721668e-05 1.1708531653436307 1.0150971063404337
7.95804 7.514543e-05 1.1394463550700216 0.9878682759697467
7.932919 7.556509e-05 1.1458097501210405 0.9933851623684734
7.908216 7.55213e-05 1.1451457529107176 0.9928094952679629
7.8831430000000005 7.651211e-05 1.160169618541228 1.005834768614773
7.858124 7.621564e-05 1.1556741800177197 1.0019373485351122
7.833192 7.716844e-05 1.1701216918239692 1.0144629391577749
7.807929 7.607225e-05 1.1534999265354586 1.000052331281351
7.78292 7.567632e-05 1.1474963545901937 0.994847401500462
7.757911 7.662441e-05 1.1618724476510538 1.007311074058649
7.733041 7.681044e-05 1.1646932606457183 1.0097566404141631
7.708124 7.659198e-05 1.1613807045697389 1.0068847464936899
7.6829849999999995 7.622386e-05 1.1557988216498012 1.002045409361013
7.657781 7.706571e-05 1.1685639746872607 1.0131124417557325
7.632809 7.625882e-05 1.1563289276665376 1.0025049965232382
7.607711 7.711708e-05 1.1693429090716931 1.0137877561871833
7.582883 7.639527e-05 1.1583979484326614 1.00429877994102
7.557781 7.716787e-05 1.1701130487910878 1.0144554458888257
7.532837000000001 7.633617e-05 1.1575018023917825 1.0035218462657476
7.507799 7.602714e-05 1.152815913880568 0.9994593113474842
7.4829 7.680152e-05 1.1645580047627295 1.0096393773281491
7.458059 7.735383e-05 1.172932800360662 1.0169000920183289
7.433002999999999 7.616502e-05 1.1549066180449736 1.0012718936680685
7.408003 7.601424e-05 1.1526203083995639 0.9992897268396835
7.383031 7.552078e-05 1.145137868038615 0.9928026593033074
7.358117 7.647974e-05 1.159678785252848 1.0054092298149664
7.333059 7.581204e-05 1.1495543062089428 0.9966315882755542
7.307825 7.494502e-05 1.1364074950352918 0.9852336688993354
7.283142 7.585793e-05 1.1502501461719874 0.9972348621564043
7.2580029999999995 7.484989e-05 1.134965018337004 0.9839830817499504
7.233096 7.621595e-05 1.15567888061455 1.0019414238217337
7.207911 7.656711e-05 1.161003595398222 1.0065578033379536
7.182777 7.556347e-05 1.145785185711798 0.9933638657093542
7.158022 7.607869e-05 1.153597577643805 1.0001369920743926
7.132846 7.552528e-05 1.1452061025087326 0.9928618166897493
7.107743999999999 7.612944e-05 1.1543671108345765 1.0008041559326
7.082673 7.572031e-05 1.148163384443633 0.9954256978181477
7.057753 7.508639e-05 1.1385511188220778 0.9870921310596272
7.032642 7.429627e-05 1.1265703589266598 0.9767051456872735
7.00754 7.638524e-05 1.158245861380377 1.0041669246996836
6.9828339999999995 7.575601e-05 1.1487047112398998 0.9958950130839213
6.9578739999999994 7.600678e-05 1.1525071908113245 0.9991916570390486
6.9329480000000006 7.600049e-05 1.1524118141853155 0.9991089681588884
6.907855 7.604825e-05 1.1531360093614977 0.9997368252203267
6.882749 7.544772e-05 1.1440300435082156 0.9918422062692059
6.857772 7.567671e-05 1.1475022682442704 0.9948525284739536
6.832712000000001 7.566355e-05 1.1473027203272153 0.9946795259838254
6.807645000000001 7.453393e-05 1.1301740487418082 0.9798294444565662
6.782929 7.570145e-05 1.1478774061977621 0.9951777626385263
6.757874 7.529338e-05 1.1416897528153351 0.9898132393751026
6.732698 7.551893e-05 1.145109816089789 0.9927783390444368
6.707309 7.681223e-05 1.1647204028016098 1.0097801719078814
6.6824200000000005 7.432637e-05 1.1270267717156692 0.9771008428721415
6.657834 7.604874e-05 1.1531434393371327 0.9997432668024059
6.632688 7.6389e-05 1.1583028750709643 1.0042163539825775
6.607679 7.403379e-05 1.1225903181007735 0.9732545610665382
6.58242 7.575619e-05 1.1487074406187046 0.9958973793793789
6.557513 7.612048e-05 1.1542312484229644 1.000686367003151
6.532382999999999 7.589887e-05 1.1508709282179024 0.9977730629121682
6.50755 7.603301e-05 1.1529049219560326 0.9995364788715763
6.48242 7.552324e-05 1.145175169548946 0.9928349986745624
6.4575510000000005 7.536101e-05 1.1427152410851258 0.990702309162897
6.432605 7.650253e-05 1.1600243549359552 1.0057088291120808
6.4074089999999995 7.53457e-05 1.14248309225457 0.9905010425881353
6.382328 7.501704e-05 1.1374995498214864 0.9861804500041258
6.357428 7.548778e-05 1.144637481924419 0.9923688384693992
6.332355 7.56972e-05 1.1478129625315399 0.9951218917735533
6.307457 7.64623e-05 1.159414338773103 1.0051799620772888
6.282457 7.515615e-05 1.1396089047410574 0.9880092020103375
6.257577 7.578498e-05 1.149143989595302 0.9962758551917493
6.232698 7.646106e-05 1.1593955363857817 1.0051636609308026
6.207651 7.509732e-05 1.1387168527683857 0.9872358177782519
6.182605 7.589458e-05 1.150805878023057 0.9977166662037602
6.157604999999999 7.633945e-05 1.1575515377388907 1.003564965427421
6.132697 7.599102e-05 1.1522682185337567 0.9989844747256427
6.10742 7.679028e-05 1.1643875702195912 1.0094916153229028
6.082522 7.475974e-05 1.1335980544523134 0.9827979621082282
6.057651 7.58456e-05 1.150063183723865 0.9970727709175532
6.032466 7.559606e-05 1.146279354907606 0.9937922966480536
6.00755 7.566201e-05 1.1472793689752194 0.9946592810115763
5.982522 7.602444e-05 1.1527749731984973 0.9994238169156189
5.957383 7.611266e-05 1.1541126720771155 1.0005835646116006
5.9322349999999995 7.548393e-05 1.1445791035444295 0.9923182260387765
5.907362 7.654626e-05 1.1606874423533433 1.0062837074474387
5.882448 7.508432e-05 1.1385197309658235 0.9870649186618637
5.857354999999999 7.534419e-05 1.1424601957990417 0.9904811919984626
5.832383 7.644964e-05 1.1592223724638389 1.0050135326300986
5.807334 7.646409e-05 1.1594414809289946 1.005203493571007
5.782494 7.636228e-05 1.1578977139506208 1.0038650905679702
5.7572529999999995 7.503372e-05 1.137752472257389 0.9863997267165375
5.732258 7.585164e-05 1.1501547695459782 0.9971521732762441
5.707642 7.7414e-05 1.173845171042213 1.0176910920054882
5.6822989999999995 7.631423e-05 1.15716912144192 1.003233421141628
5.6576260000000005 7.604284e-05 1.1530539763652008 0.9996657048957375
5.632207 7.672516e-05 1.1634001416209108 1.0086355422106572
5.607145 7.602356e-05 1.1527616295687853 0.9994122483600479
5.582207 7.470258e-05 1.1327313250496631 0.9820465318395555
5.557115 7.48359e-05 1.134752884951016 0.9837991680085452
5.532411 7.496629e-05 1.1367300166307146 0.9855132861459182
5.507401 7.670463e-05 1.1630888408050182 1.0083656530676226
5.482392 7.546053e-05 1.1442242842998172 0.9920106076292776
5.457013 7.555275e-05 1.1456226360407622 0.9932229396687634
5.432161 7.520997e-05 1.140424989003665 0.9887167243521845
5.407336 7.54018e-05 1.1433337486487034 0.9912385380057794
5.382207 7.590628e-05 1.1509832876453627 0.9978704754085093
5.357198 7.625663e-05 1.1562957202244137 1.0024762065951698
5.332287 7.435502e-05 1.1274611978420852 0.9774774782324892
5.306985 7.583803e-05 1.1499483981819116 0.9969732550474718
5.281818 7.482122e-05 1.1345302889462765 0.9836061834678852
5.257136 7.587038e-05 1.1504389282059795 0.9973985309255606
5.232234999999999 7.545717e-05 1.1441733358954629 0.9919664367807345
5.207151 7.487337e-05 1.1353210506388625 0.9842917518463192
5.182318 7.60699e-05 1.153464292978842 1.0000214379795425
5.15705 7.556084e-05 1.1457453064548184 0.9933292915035005
5.132041 7.474305e-05 1.1333449803842546 0.9825785539349575
5.107198 7.582603e-05 1.149766439594931 0.9968155020169597
5.082031 7.50769e-05 1.1384072199062074 0.9869673747046638
5.05705 7.579103e-05 1.1492357270495712 0.9963553890112992
5.031753 7.489234e-05 1.1356086968384473 0.984541133095387
5.0072529999999995 7.550454e-05 1.1448916174175683 0.9925891668686809
4.982354999999999 7.528956e-05 1.141631829331813 0.9897630213270562
4.957277 7.424604e-05 1.1258087106079908 0.9760448177937215
4.932327 7.38497e-05 1.1197989217443374 0.9708344981176236
4.907579 7.537279e-05 1.1428938637646784 0.9908571700545165
4.882577 7.525686e-05 1.1411359921822912 0.9893331443189106
4.857299 7.492571e-05 1.136114693342409 0.9849798179810697
4.832088 7.380853e-05 1.1191746521588386 0.9702932737621082
4.807262 7.493053e-05 1.136187780041513 0.9850431821149921
4.78205 7.576461e-05 1.1488351148939027 0.9960080694224551
4.7572529999999995 7.51203e-05 1.1390653034624534 0.9875379148316826
4.732271 7.559171e-05 1.1462133949198254 0.9937351111744928
4.7073 7.545208e-05 1.1440961551281519 0.9918995232036254
4.6820569999999995 7.347453e-05 1.1141101381545486 0.9659024810795206
4.656862 7.415177e-05 1.1243792742751033 0.97480553627819
4.632049 7.445736e-05 1.1290130013247168 0.97882284866104
4.607095999999999 7.479495e-05 1.134131951272945 0.9832608357919225
4.582126000000001 7.450768e-05 1.1297760143327886 0.9794843597023211
4.55704 7.43175e-05 1.1268922739934595 0.9769842370904213
4.53191 7.536058e-05 1.1427087209024256 0.9906966563459704
4.506892 7.518088e-05 1.1399838910623932 0.9883343047140514
4.4818810000000004 7.352381e-05 1.1148573814184148 0.9665503201914902
4.457049 7.520668e-05 1.140375102024401 0.9886734737296524
4.4322349999999995 7.565554e-05 1.147181262970406 0.9945742258359586
4.407132 7.662985e-05 1.1619549355438181 1.0073825887658145
4.382068 7.336467e-05 1.1124443072907422 0.964458252085182
4.356799 7.416486e-05 1.124577760767068 0.974977618542307
4.331836 7.618182e-05 1.155161360066746 1.0014927479107854
4.306827 7.553307e-05 1.1453242239581143 0.9929642246987235
4.281938 7.506562e-05 1.1382361788344457 0.9868190868559824
4.25667 7.384206e-05 1.119683074777293 0.9707340620215308
4.231911 7.700986e-05 1.1677171090970222 1.0123782328595572
4.206843 7.430033e-05 1.1266319215819216 0.9767585187959301
4.181855 7.509749e-05 1.1387194305150345 0.9872380526128508
4.156827 7.519492e-05 1.1401967826091601 0.9885188757597504
4.131863999999999 7.604492e-05 1.1530855158536109 0.9996930487543597
4.106938 7.442253e-05 1.128484866526006 0.9783649704899786
4.081855 7.487284e-05 1.1353130141346042 0.9842847844208049
4.056485 7.462348e-05 1.13153191469715 0.981006676446763
4.031579 7.429647e-05 1.1265733915697762 0.9767077749044487
4.006642 7.374138e-05 1.118156442232527 0.969410514095534
3.9813739999999997 7.456416e-05 1.1306324327488433 0.9802268506325981
3.9566329999999996 7.509721e-05 1.1387151848146717 0.9872343717088056
3.931438 7.528849e-05 1.1416156046911405 0.9897489550151688
3.906437 7.55328e-05 1.1453201298899072 0.9929606752555369
3.881327 7.339066e-05 1.112838399263711 0.9647999188570997
3.856429 7.324846e-05 1.1106821900079924 0.9629305454455309
3.831438 7.5982e-05 1.1521314463292098 0.998865897031041
3.806734 7.344501e-05 1.1136625200305765 0.9655144086244607
3.7816509999999997 7.42587e-05 1.1260006769172552 0.9762112472409118
3.756633 7.37213e-05 1.117851964863646 0.9691465406911436
3.731846 7.494215e-05 1.1363639766065723 0.9851959396328712
3.7066790000000003 7.433591e-05 1.1271714287923187 0.9772262565313985
3.681596 7.352425e-05 1.114864053233271 0.9665561044692758
3.656624 7.506106e-05 1.138167034571393 0.9867591407043876
3.631633 7.386964e-05 1.1201012762630365 0.971096631069991
3.606607 7.397581e-05 1.1217111548613463 0.9724923510074471
3.581598 7.370243e-05 1.1175658349856192 0.9688984740506633
3.556623 7.264779e-05 1.1015741013045286 0.9550340860423875
3.53154 7.365934e-05 1.1169124520262037 0.9683320092102662
3.506707 7.267229e-05 1.1019456000862806 0.9553561651463499
3.481549 7.400518e-05 1.122156498502981 0.9728784515496256
3.456532 7.418064e-05 1.1248170363089474 0.9751850637774305
3.431188 7.487305e-05 1.1353161984098765 0.9842875450988391
3.406401 7.35749e-05 1.1156320701024844 0.9672219537188959
3.381299 7.421023e-05 1.12526571585801 0.9755740564585016
3.356272 7.393155e-05 1.1210400309397002 0.9719105052465751
3.331655 7.418132e-05 1.1248273472955428 0.9751940031158262
3.3068090000000003 7.339556e-05 1.112912699020061 0.9648643346778919
3.2816509999999997 7.370024e-05 1.1175326275434956 0.968869684122595
3.256614 7.327564e-05 1.111094326207503 0.9632878560596408
3.231401 7.379807e-05 1.1190160449238538 0.9701557657038451
3.206411 7.217826e-05 1.0944545166924502 0.9488616043410243
3.181551 7.290492e-05 1.105473018927053 0.9584143391036862
3.156744 7.171779e-05 1.087472310813542 0.9428082261776978
3.1314569999999997 7.316643e-05 1.1094383514338249 0.9618521720211217
3.105985 7.237432e-05 1.0974274167393996 0.951439025937875
3.081059 7.342269e-05 1.1133240770587927 0.9652209879877081
3.056031 7.310368e-05 1.1084868596560726 0.961027255132402
3.031568 7.329919e-05 1.1114514199344523 0.9635974463820209
3.0063090000000003 7.236209e-05 1.0972419706128351 0.9512782493076113
2.981179 7.249669e-05 1.0992829394301329 0.9530477124665223
2.956114 7.25648e-05 1.1003157060434028 0.9539430923755373
2.931188 7.350948e-05 1.114640092539129 0.9663619367808871
2.906142 7.209939e-05 1.093258593879521 0.9478247725479834
2.88104 7.149945e-05 1.084161574323432 0.9399379097875294
2.8560770000000004 7.095168e-05 1.0758556197242408 0.9327368783272272
2.8310210000000002 7.176254e-05 1.0881508647108231 0.9433965135206491
2.805957 7.173084e-05 1.0876701907768829 0.9429797825983794
2.781012 7.251767e-05 1.0996010636930371 0.9533235173482011
2.755836 7.217281e-05 1.0943718771675297 0.9487899581729999
2.731183 7.20875e-05 1.0930783032462543 0.9476684655869174
2.706142 7.043176e-05 1.0679719606790001 0.9259019653585717
2.680948 7.161115e-05 1.0858553055039086 0.9414063275798799
2.656088 7.075211e-05 1.0728294967905996 0.9301133139689516
2.631179 7.208387e-05 1.0930232607736927 0.9476207452951875
2.6059200000000002 7.116103e-05 1.0790300389062708 0.9354890114053698
2.581077 7.049863e-05 1.0689859249049487 0.9267810441211005
2.555994 7.102951e-05 1.0770357727929647 0.9337600381909569
2.531041 7.04407e-05 1.0681075198263006 0.9260194913663032
2.506086 7.15796e-05 1.0853769060523057 0.9409915685704917
2.481059 7.033063e-05 1.066438504687222 0.9245725016939307
2.456059 7.061211e-05 1.0707066466091608 0.9282728619463102
2.4309380000000003 7.069804e-05 1.0720096217240966 0.9294025051056357
2.406032 6.981802e-05 1.0586656887478834 0.9178336866130288
2.381031 6.952087e-05 1.0541599392377796 0.9139273271949724
2.355994 6.847596e-05 1.0383157436442987 0.90019085060227
2.330855 6.973824e-05 1.0574559674087751 0.9167848918818409
2.305855 6.875503e-05 1.0425473422166855 0.9038595287876884
2.28122 7.23187e-05 1.0965840386887449 0.9507078406414512
2.25629 7.023301e-05 1.064958271582136 0.9232891807907145
2.231207 6.82746e-05 1.0352624785547664 0.8975437547502765
2.206133 7.017983e-05 1.0641518917775006 0.9225900719438282
2.1808919999999996 6.976274e-05 1.0578274661905267 0.9171069709858028
2.1556979999999997 6.88052e-05 1.0433080807424198 0.9045190679160877
2.130911 7.03457e-05 1.0666670143460384 0.9247706132080822
2.105818 6.844813e-05 1.0378937513546598 0.8998249950323406
2.081003 6.892708e-05 1.045156173457518 0.906121312862656
2.056142 7.002444e-05 1.0617956797082593 0.9205473016595549
2.031142 6.846548e-05 1.0381568331450024 0.9000530796222893
2.006098 6.796142e-05 1.0305136626988876 0.8934266635756275
1.981077 6.963681e-05 1.0559179624523225 0.915451484391437
1.9559659999999999 6.607577e-05 1.0019211452372432 0.8686377467435281
1.9310699999999998 6.676624e-05 1.012390890699944 0.8777147246583371
1.90629 6.69144e-05 1.0146374727205294 0.8796624487417268
1.881096 6.604034e-05 1.001383912509183 0.8681719809209408
1.855711 6.536252e-05 0.991105981723591 0.8592613009924633
1.83104 6.739026e-05 1.0218530404872401 0.8859181451666852
1.805948 6.616679e-05 1.00330130111949 0.8698343034799626
1.781183 6.485599e-05 0.9834253581349893 0.8526024141136878
1.756374 6.435629e-05 0.9758482993088107 0.8460333150014452
1.731114 6.478489e-05 0.98234725350713 0.8516677274079034
1.705883 6.482357e-05 0.9829337666858303 0.8521762180095874
1.6810319999999999 6.61192e-05 1.0025796836899565 0.8692086812531231
1.6559380000000001 6.493733e-05 0.9846587340904053 0.8536717167388425
1.631049 6.430647e-05 0.9750928679085299 0.8453783770031023
1.606202 6.337746e-05 0.9610060890009693 0.8331655317634299
1.581198 6.421398e-05 0.9736904220993782 0.8441624955204302
1.555744 6.315222e-05 0.9575907263233456 0.8302045073807172
1.5304749999999998 6.272427e-05 0.9511016282151543 0.8245786399300783
1.505673 6.377594e-05 0.9670483271459673 0.8384039840633024
1.481059 6.191283e-05 0.9387975885635346 0.8139113800068483
1.455846 6.089636e-05 0.9233846348211975 0.8005487780964596
1.431068 6.284393e-05 0.9529160585916614 0.8261517005660018
1.405864 6.127285e-05 0.929093433855554 0.8054981479679189
1.380679 6.115284e-05 0.9272736963535936 0.8039204862019389
1.355864 5.894724e-05 0.893829708066582 0.7749254791938097
1.330642 5.952191e-05 0.9025435531649212 0.7824801403641768
1.305809 5.85607e-05 0.8879685187156293 0.7698439911592967
1.2809380000000001 5.831289e-05 0.8842109222623268 0.7665862596183626
1.255911 5.924216e-05 0.8983016436059389 0.7788025228403629
1.230966 5.762972e-05 0.8738518682733724 0.7576052481304483
1.2059010000000001 5.771417e-05 0.8751324018292476 0.7587154350826775
1.1809390000000002 5.698938e-05 0.8641422548077825 0.7491872835006036
1.155586 5.649348e-05 0.8566228162008145 0.74266813951469
1.130846 5.535096e-05 0.8392985391344032 0.7276484734796302
1.105624 5.45935e-05 0.827813009859884 0.7176908392719873
1.080568 5.558797e-05 0.8428923728594235 0.7307642272931035
1.055512 5.46814e-05 0.8291458565095161 0.7188463802204886
1.030758 5.407884e-05 0.820009109328603 0.7109250747150396
1.005827 5.23177e-05 0.7933045638390368 0.6877729770353622
0.9805586 5.387547e-05 0.8169253661757515 0.7082515552304354
0.9556354 5.145202e-05 0.7801780713742653 0.6763926734142174
0.9305031 5.065295e-05 0.7680616006993912 0.6658880305732735
0.9053085999999999 5.158963e-05 0.7822646814704639 0.6782017062916151
0.8805883 5.122657e-05 0.7767595244213695 0.6734288883534707
0.8556697000000001 4.931918e-05 0.7478373586529787 0.6483541756144268
0.8307530000000001 4.961686e-05 0.7523511446673411 0.6522675024579976
0.805626 5.017766e-05 0.7608546759655621 0.6596398274172645
0.780679 4.837342e-05 0.7334965958844242 0.6359211334363309
0.7556511 4.866366e-05 0.7378975675748585 0.6397366534009842
0.7305493000000001 4.747281e-05 0.7198404522993836 0.624081637035537
0.7055771 4.50578e-05 0.6832211350374071 0.5923337081841126
0.6803918999999999 4.518169e-05 0.6850997058158246 0.5939623767632914
0.6556049 4.496167e-05 0.6817634951235376 0.5910699749488516
0.6303456 4.420282e-05 0.6702568889793598 0.5810940676818409
0.6053713000000001 4.286507e-05 0.6499722973349322 0.5635078913012077
0.5806049000000001 4.321819e-05 0.6553267320211442 0.5681500371457445
0.5555678000000001 4.126419e-05 0.6256978087744902 0.5424625853440198
0.5306071 4.2577e-05 0.6456042298223101 0.5597208983429054
0.5056882 4.096477e-05 0.6211576387650157 0.5385263843110247
0.4806512 3.858742e-05 0.5851093682018461 0.5072735370536907
0.4553641 3.909162e-05 0.5927546614981425 0.5139017935523753
0.4306141 3.640451e-05 0.5520094332763836 0.47857681473408836
0.40535489999999996 3.587114e-05 0.5439218289815688 0.4715650869104005
0.3802993 3.519392e-05 0.5336529961253258 0.46266229463344866
0.35548450000000004 3.550337e-05 0.5383452531870848 0.46673035090778014
0.3306882 3.364583e-05 0.510178973715442 0.4423109705496553
0.3054567 3.228524e-05 0.4895480542271282 0.424424537567614
0.2804104 3.121531e-05 0.47332447497979313 0.4103591459062939
0.2552808 2.948629e-05 0.4471069719747113 0.387629300504954
0.23045670000000001 2.963356e-05 0.44934005873342914 0.38956532457191406
0.20541040000000002 2.702592e-05 0.40979985125394847 0.35528506519819364
0.18049369999999998 2.531055e-05 0.383789326141557 0.3327346638690613
0.1553178 2.518019e-05 0.3818126493583257 0.33102094011426453
0.13035239999999998 2.354303e-05 0.35698803933657935 0.30949869416149495
0.1051882 2.247895e-05 0.34085316490039735 0.29551020710254955
0.08026225 1.976502e-05 0.29970125923673707 0.25983265026106794
0.055141869999999996 1.66656e-05 0.25270408559848484 0.21908740877524302
0.03007706 1.692741e-05 0.25667396706993145 0.22252918551844142
0.005012766 1.458789e-05 0.22119932095221784 0.19177365468979696
-0.01976554 1.266091e-05 0.1919801077905814 0.16644141012844196
-0.0447285 1.069573e-05 0.16218165979372376 0.14060698508662337
-0.06990443 9.289097e-06 0.14085258037038145 0.12211526687259287
-0.09465704999999999 7.300303e-06 0.1106960682007774 0.09597041015889815
-0.1196915 4.65125e-06 0.07052790647441153 0.06114573193079452
-0.1448767 2.967975e-06 0.045004044766114824 0.0390172542278527
-0.1698363 -2.389511e-06 -0.03623267042785865 -0.031412716807672075
-0.1949415 -7.774655e-07 -0.011788876983839095 -0.010220628228635556
-0.2197655 -5.852666e-06 -0.08874523628572281 -0.07693964983960773
-0.2448026 -7.907376e-06 -0.11990124697361058 -0.10395104394990555
-0.2696948 -8.706795e-06 -0.13202300961072272 -0.11446027477482014
-0.29466370000000003 -1.234361e-05 -0.187168819486506 -0.1622701570799838
-0.3197703 -1.244726e-05 -0.18874048678154984 -0.1636327488810323
-0.3448211 -1.446807e-05 -0.21938246446121779 -0.19019849068013336
-0.3696729 -1.777903e-05 -0.2695872647236241 -0.23372465517216956
-0.3948026 -1.958856e-05 -0.29702555821518917 -0.25751289194738713
-0.4199967 -2.141268e-05 -0.3246850830220913 -0.28149293011553567
-0.4448952 -2.237724e-05 -0.33931091424358195 -0.2941731187081005
-0.4699044 -2.552953e-05 -0.38710976708963896 -0.3356133937541901
-0.4949212 -2.547225e-05 -0.3862412181011189 -0.3348603859552122
-0.5198396000000001 -2.768514e-05 -0.41979574622972093 -0.3639512279293774
-0.5449971 -3.01603e-05 -0.4573271309089372 -0.39648989384624395
-0.5701636999999999 -3.229296e-05 -0.48966511425141895 -0.42452602535057676
-0.5949684 -3.251491e-05 -0.49303058994977855 -0.42744379911075725
-0.6198674 -3.514992e-05 -0.5329858146397307 -0.4620838668549042
-0.6451665000000001 -3.808612e-05 -0.5775080482307368 -0.5006834042040467
-0.6698489 -3.84258e-05 -0.5826586892995308 -0.50514886665441
-0.6947192999999999 -4.036047e-05 -0.6119945075889904 -0.5305822046161514
-0.7197563 -4.071823e-05 -0.6174192995955019 -0.5352853482991531
-0.7448835 -4.208341e-05 -0.6381198182433355 -0.5532321218153652
-0.7698952 -4.319433e-05 -0.6549649376973649 -0.567836371536743
-0.7951359 -4.555675e-05 -0.6907868214518994 -0.598892947731948
-0.8201452 -4.568114e-05 -0.6926729738381079 -0.600528189354065
-0.8454136999999999 -4.661651e-05 -0.7068561907967685 -0.6128246436999091
-0.8702563 -4.735318e-05 -0.7180264768193441 -0.6225089707821898
-0.895025 -5.041574e-05 -0.7644647343312546 -0.662769647542625
-0.9198304 -4.882411e-05 -0.7403305055149434 -0.6418459428797901
-0.9450248 -5.080631e-05 -0.7703870314410017 -0.6679041143032185
-0.9702563 -5.110957e-05 -0.77498542819831 -0.6718907963059775
-0.9953304000000001 -5.20118e-05 -0.788666136192593 -0.6837515893658906
-1.020402 -5.337237e-05 -0.8092967524165949 -0.7016377594262143
-1.044979 -5.395758e-05 -0.8181704178071654 -0.7093309803417146
-1.069914 -5.505898e-05 -0.8348711834488567 -0.7238100793255526
-1.095247 -5.66281e-05 -0.8586640882824236 -0.7444378655953184
-1.120506 -5.557532e-05 -0.8427005581823149 -0.730597929306772
-1.1452419999999999 -5.697925e-05 -0.8639886514339399 -0.7490541136506796
-1.170127 -5.520904e-05 -0.8371465755790476 -0.7257827809721069
-1.195154 -5.69984e-05 -0.8642790270123296 -0.7493058611952053
-1.220266 -5.865127e-05 -0.8893418511508644 -0.7710346321570869
-1.245377 -5.952695e-05 -0.902619975771453 -0.7825463966369919
-1.2702039999999999 -5.87646e-05 -0.8910602983727393 -0.7725244780694153
-1.2951169999999999 -5.934789e-05 -0.8999048503893927 -0.7801924585000335
-1.320127 -6.141434e-05 -0.9312388772282099 -0.8073581876585157
-1.3450799999999998 -5.925918e-05 -0.8985597215351396 -0.7790262692219726
-1.370191 -6.09061e-05 -0.9235323245409635 -0.8006768209728922
-1.395185 -5.979031e-05 -0.9066133602270513 -0.7860085498132982
-1.420136 -6.088235e-05 -0.9231721981708978 -0.8003646014333368
-1.445136 -6.256312e-05 -0.9486580760241622 -0.8224601481911591
-1.470233 -6.152801e-05 -0.9329624799433823 -0.8088525032400419
-1.495025 -6.193955e-05 -0.9392027496838777 -0.8142626434214553
-1.5199500000000001 -6.34334e-05 -0.9618543192806097 -0.8339009238073337
-1.545025 -6.25789e-05 -0.9488973515660418 -0.8226675934262828
-1.570336 -6.474103e-05 -0.9816821948717164 -0.8510911400813815
-1.59521 -6.429947e-05 -0.974986725399458 -0.8452863544019702
-1.620284 -6.515981e-05 -0.9880322462930234 -0.8565964579245374
-1.645293 -6.518141e-05 -0.9883597717495882 -0.8568804133794592
-1.670327 -6.505819e-05 -0.9864913603256104 -0.8552605526778171
-1.695071 -6.533469e-05 -0.9906839894339522 -0.858895445422534
-1.720247 -6.410114e-05 -0.9719794048531383 -0.842679091190181
-1.7453299999999998 -6.602093e-05 -1.0010895944947422 -0.8679168153940876
-1.7703769999999999 -6.734901e-05 -1.021227557844495 -0.8853758691242999
-1.7952329999999999 -6.580833e-05 -0.9978658948620714 -0.8651219575368476
-1.820016 -6.674991e-05 -1.0121432753894946 -0.8775000490759818
-1.845071 -6.730385e-05 -1.020542787028825 -0.8847821918861392
-1.870192 -6.735131e-05 -1.0212624332403328 -0.8854061051218146
-1.895543 -6.764009e-05 -1.0256412666360177 -0.8892024318010889
-1.920386 -6.63129e-05 -1.005516798548133 -0.8717550780873065
-1.945185 -6.811759e-05 -1.0328817020762826 -0.895479687806884
-1.9700799999999998 -6.762853e-05 -1.0254659798638932 -0.8890504630483622
-1.995219 -6.912319e-05 -1.0481298316652465 -0.9086993917638003
-2.020284 -6.858123e-05 -1.039911975348585 -0.9015747390624377
-2.045431 -6.755925e-05 -1.0244154722883927 -0.8881397022188723
-2.070303 -6.79043e-05 -1.0296475398248606 -0.8926757591503898
-2.095229 -6.985353e-05 -1.05920413453319 -0.9183005041224861
-2.120108 -6.819678e-05 -1.034082477118198 -0.8965207263474053
-2.145652 -6.870267e-05 -1.0417533962488275 -0.9031711997312204
-2.17044 -6.798487e-05 -1.0308692401042785 -0.8937349392894199
-2.195516 -6.945409e-05 -1.0531473397012332 -0.9130494315801723
-2.2207559999999997 -6.936496e-05 -1.0517958422964355 -0.9118777209460434
-2.245591 -6.869309e-05 -1.0416081326435545 -0.903045260228528
-2.2701819999999997 -7.031577e-05 -1.066213179303678 -0.9243771508578132
-2.295525 -7.026909e-05 -1.0655053604003237 -0.9237634915691209
-2.320469 -7.124864e-05 -1.080358488223384 -0.9366407399889671
-2.34558 -6.983656e-05 -1.0589468147647685 -0.9180774150451702
-2.3707570000000002 -6.980293e-05 -1.0584368758247555 -0.9176353121771599
-2.3957330000000003 -7.056962e-05 -1.070062361579094 -0.9277142847574384
-2.420673 -7.106422e-05 -1.0775620880058059 -0.9342163388317133
-2.4456170000000004 -7.020758e-05 -1.064572671009893 -0.9229548758268876
-2.47045 -6.964395e-05 -1.0560262278115757 -0.9155453474445916
-2.4956729999999996 -7.088111e-05 -1.0747855516006397 -0.931809159046957
-2.520636 -7.098979e-05 -1.0764334898700596 -0.9332378756599619
-2.545337 -7.106416e-05 -1.077561178212871 -0.9342155500665607
-2.570442 -7.173473e-05 -1.0877291756854959 -0.9430309208724372
-2.59559 -7.136286e-05 -1.0820904307071268 -0.9381422859177252
-2.620318 -7.229721e-05 -1.096258181185894 -0.9504253312559757
-2.645219 -7.237332e-05 -1.0974122535238178 -0.9514258798519989
-2.670553 -7.108536e-05 -1.0778826383832032 -0.9344942470871321
-2.6956170000000004 -7.182562e-05 -1.0891073603497172 -0.9442257686177078
-2.720299 -7.11611e-05 -1.0790311003313617 -0.9354899316313813
-2.745321 -7.359822e-05 -1.1159856762898497 -0.9675285204415242
-2.7703029999999997 -7.215028e-05 -1.094030249920474 -0.9484937768582135
-2.79546 -7.20399e-05 -1.0923565341845651 -0.9470427118992194
-2.820553 -7.241667e-05 -1.0980695789192847 -0.9519957626747239
-2.84561 -7.307217e-05 -1.1080090667330933 -0.960613021966449
-2.870331 -7.171644e-05 -1.0874518404725064 -0.942790478961765
-2.89521 -7.310779e-05 -1.1085491804721135 -0.9610812855453524
-2.920405 -7.33862e-05 -1.1127707713222166 -0.9647412873140927
-2.945201 -7.209737e-05 -1.0932279641840459 -0.9477982174545138
-2.970451 -7.223467e-05 -1.0953098736834141 -0.94960317504529
-2.995497 -7.299978e-05 -1.1069114015571335 -0.9596613768098845
-3.020414 -7.404107e-05 -1.1227007063102084 -0.9733502645717156
-3.045451 -7.358956e-05 -1.1158543628429123 -0.9674146753378381
-3.070377 -7.372865e-05 -1.1179634144981718 -0.9692431644223325
-3.0955340000000002 -7.372374e-05 -1.1178889631096656 -0.9691786171406811
-3.120821 -7.194295e-05 -1.0908864604339186 -0.94576819887354
-3.146016 -7.41337e-05 -1.124105274969542 -0.9745679865064105
-3.170818 -7.24128e-05 -1.0980108972749836 -0.9519448873223838
-3.1956550000000004 -7.210652e-05 -1.0933667076066185 -0.9479185041402792
-3.220599 -7.340196e-05 -1.1130097435997839 -0.9649484696274984
-3.245374 -7.183434e-05 -1.0892395835895896 -0.9443404024865467
-3.270266 -7.520405e-05 -1.1403352227674213 -0.9886388995237985
-3.295645 -7.289646e-05 -1.1053447381232318 -0.9583031232171753
-3.3204140000000004 -7.445743e-05 -1.1290140627498075 -0.9788237688870514
-3.345442 -7.246668e-05 -1.0988278913305256 -0.9526531984293831
-3.3704319999999997 -7.296944e-05 -1.1064513495963844 -0.9592625245644063
-3.395563 -7.530391e-05 -1.1418494214754107 -0.989951667659377
-3.420507 -7.481092e-05 -1.134374107825785 -0.9834707787833623
-3.4456640000000003 -7.287139e-05 -1.1049645963085983 -0.9579735508442636
-3.4705340000000002 -7.343024e-05 -1.1134385593364349 -0.965320240936072
-3.495618 -7.40289e-05 -1.122516169976579 -0.9731902767066045
-3.520627 -7.383095e-05 -1.1195146114521803 -0.9705880090074482
-3.5456480000000004 -7.460424e-05 -1.131240174429358 -0.9807537457545086
-3.5703679999999998 -7.374548e-05 -1.1182186114164117 -0.9694644130476255
-3.595834 -7.414824e-05 -1.1243257481241 -0.9747591305950477
-3.6207800000000003 -7.462795e-05 -1.1315996942708002 -0.9810654394506287
-3.645581 -7.451717e-05 -1.1299199132486588 -0.9796091160572843
-3.6704879999999998 -7.425954e-05 -1.1260134140183438 -0.9762222899530477
-3.69571 -7.248316e-05 -1.0990777811233126 -0.95286984592462
-3.720544 -7.468538e-05 -1.1324705177416576 -0.981820419162488
-3.745534 -7.496407e-05 -1.1366963542921233 -0.9854841018352735
-3.7705070000000003 -7.367948e-05 -1.1172178391880194 -0.968596771379809
-3.795821 -7.282042e-05 -1.1041917272103985 -0.9573034948471632
-3.820562 -7.387678e-05 -1.1202095416222897 -0.9711904941231457
-3.84546 -7.414495e-05 -1.124275861144836 -0.9747158799725156
-3.870412 -7.533997e-05 -1.1423962070292868 -0.9904257155160658
-3.895386 -7.431064e-05 -1.126788254334569 -0.9768940549413119
-3.920562 -7.68762e-05 -1.1656903937023715 -1.0106211270213696
-3.945442 -7.410954e-05 -1.123738931681088 -0.9742503770716461
-3.970396 -7.573094e-05 -1.1483245694252666 -0.9955654407110098
-3.995469 -7.386076e-05 -1.119966626908671 -0.9709798938274121
-4.020497 -7.548167e-05 -1.1445448346772145 -0.9922885158846965
-4.045609 -7.39676e-05 -1.1215866648614206 -0.9723844216424052
-4.070657 -7.439901e-05 -1.1281282276955245 -0.9780557745501749
-4.095933 -7.544295e-05 -1.143957714969891 -0.9917794994395774
-4.120858 -7.453362e-05 -1.130169348144978 -0.9798253691699447
-4.145896 -7.530759e-05 -1.1419052221087511 -0.9900000452554006
-4.170997000000001 -7.444379e-05 -1.1288072364892734 -0.9786444562757028
-4.195905 -7.501683e-05 -1.1374963655462142 -0.9861776893260918
-4.220921000000001 -7.594114e-05 -1.1515118773405413 -0.9983287479621472
-4.245738 -7.45504e-05 -1.1304237869024387 -0.9800459604909441
-4.270942 -7.542629e-05 -1.1437050957982995 -0.991560485648883
-4.295896 -7.543006e-05 -1.1437622611210427 -0.9916100463926357
-4.320813 -7.399158e-05 -1.1219502787710698 -0.9726996647817118
-4.345854999999999 -7.388066e-05 -1.1202683748987468 -0.9712415009363446
-4.370831 -7.428938e-05 -1.126465884371302 -0.9766145691555879
-4.3956729999999995 -7.379908e-05 -1.1190313597715913 -0.9701690432505797
-4.4210709999999995 -7.460771e-05 -1.1312927907874264 -0.9807993626724982
-4.446181999999999 -7.410968e-05 -1.1237410545312692 -0.9742522175236686
-4.470951 -7.530434e-05 -1.1418559416581107 -0.9899573204763037
-4.4956760000000004 -7.511131e-05 -1.1389289861543739 -0.9874197315196572
-4.52059 -7.25478e-05 -1.1000579313785137 -0.9537196089156451
-4.545729000000001 -7.524537e-05 -1.1409617668352574 -0.9891820957921953
-4.570581 -7.6592e-05 -1.1613810078340507 -1.0068850094154076
-4.595701 -7.462225e-05 -1.1315132639419845 -0.9809905067611354
-4.620636 -7.641914e-05 -1.1587598943885968 -1.0046125770108802
-4.645988 -7.591291e-05 -1.1510838197646696 -0.9979576339578674
-4.6710910000000005 -7.448458e-05 -1.129425744052851 -0.9791806851185851
-4.696146 -7.478487e-05 -1.1339791060598816 -0.9831283232462924
-4.720752 -7.534417e-05 -1.14245989253473 -0.9904809290767451
-4.745729 -7.457495e-05 -1.1307960438449698 -0.9803686968992003
-4.770905 -7.420086e-05 -1.125123636528009 -0.9754508776338432
-4.7957849999999995 -7.463974e-05 -1.1317784685825085 -0.9812204318031069
-4.82097 -7.605148e-05 -1.1531849865478265 -0.9997792870777061
-4.8460339999999995 -7.449556e-05 -1.1295922361599382 -0.9793250291415038
-4.871157 -7.448068e-05 -1.1293666075120823 -0.9791294153836686
-4.895831 -7.473749e-05 -1.1332606729056203 -0.982505461697487
-4.920896 -7.519581e-05 -1.1402102778710281 -0.9885305757761803
-4.9458649999999995 -7.511079e-05 -1.1389211012822713 -0.9874128955550018
-4.970849 -7.478085e-05 -1.1339181499332434 -0.9830754759810709
-4.995655 -7.486164e-05 -1.1351431861200891 -0.9841375482589937
-5.020516 -7.519912e-05 -1.1402604681146036 -0.9885740893204298
-5.04571 -7.336495e-05 -1.112448552991105 -0.9644619329892272
-5.070729 -7.506722e-05 -1.1382604399793765 -0.9868401205933841
-5.095327 -7.59257e-05 -1.1512777572919597 -0.9981257723962216
-5.120247999999999 -7.605331e-05 -1.1532127352323414 -0.9998033444148594
-5.14534 -7.530502e-05 -1.141866252644706 -0.9899662598146992
-5.170349 -7.472205e-05 -1.133026552857039 -0.9823024861315613
-5.195608 -7.566124e-05 -1.1472676932992216 -0.9946491585254518
-5.220451 -7.522412e-05 -1.140639548504146 -0.98890274146733
-5.245618 -7.633213e-05 -1.1574405430008323 -1.0034687360788084
-5.270384 -7.663732e-05 -1.1620682047642135 -1.0074807900273082
-5.295343 -7.687393e-05 -1.165655973203001 -1.0105912854064312
-5.320609999999999 -7.55858e-05 -1.1461237803157376 -0.9936574178069656
-5.345386 -7.523169e-05 -1.1407543340460997 -0.9890022573374114
-5.37057 -7.512952e-05 -1.1392051083101167 -0.9876591217434594
-5.395469 -7.563799e-05 -1.1469151485369469 -0.9943435120288345
-5.42034 -7.521439e-05 -1.1404920104165361 -0.9887748300517565
-5.445405 -7.64389e-05 -1.1590595195284912 -1.0048723436677902
-5.470664 -7.635373e-05 -1.1577680684573974 -1.0037526915337305
-5.495544 -7.545496e-05 -1.1441398251890271 -0.9919373839309482
-5.520516 -7.333218e-05 -1.1119516544164925 -0.9640311357550704
-5.545404 -7.683614e-05 -1.1650829552861683 -1.0100944948211767
-5.570423 -7.393567e-05 -1.1211025033878965 -0.9719646671203841
-5.595627 -7.702872e-05 -1.1680030873428933 -1.0126261680391788
-5.620377 -7.582222e-05 -1.1497086677435646 -0.9967654154297719
-5.645479 -7.546184e-05 -1.1442441481122294 -0.9920278290017754
-5.670266 -7.605634e-05 -1.1532586797755537 -0.9998431770550635
-5.695396 -7.588668e-05 -1.1506860886199615 -0.9976128121253396
-5.720173 -7.602198e-05 -1.152737671688166 -0.9993914775443637
-5.745313 -7.720947e-05 -1.170743838559287 -1.015002323061268
-5.770173 -7.642813e-05 -1.1588962116966763 -1.0047307603229056
-5.795442 -7.585936e-05 -1.1502718295702694 -0.9972536610592072
-5.8203119999999995 -7.674679e-05 -1.163728121973943 -1.0089198920481552
-5.845534 -7.559637e-05 -1.1462840555044365 -0.9937963719346751
-5.870349 -7.397135e-05 -1.121643526919852 -0.9724337194644401
-5.895701 -7.580408e-05 -1.1494336070129125 -0.9965269454319813
-5.920261 -7.491216e-05 -1.1359092317712771 -0.9848016885174498
-5.945275 -7.531544e-05 -1.1420242533510674 -0.9901032420295273
-5.970471 -7.491987e-05 -1.136026140163412 -0.9849030448395538
-5.995618 -7.537379e-05 -1.1429090269802602 -0.9908703161403926
-6.020479 -7.695665e-05 -1.1669102743959199 -1.0116787296300949
-6.045395999999999 -7.596112e-05 -1.1518148383878637 -0.9985914067579499
-6.070327 -7.51822e-05 -1.140003906506961 -0.9883516575474076
-6.095173 -7.613521e-05 -1.154454602588483 -1.0008800088481047
-6.120377 -7.486495e-05 -1.1351933763636648 -0.9841810618032434
-6.145441 -7.542548e-05 -1.1436928135936786 -0.9915498373193236
-6.1703220000000005 -7.647042e-05 -1.1595374640836265 -1.005286708294602
-6.195192 -7.601028e-05 -1.1525602620658606 -0.9992376683396147
-6.220146 -7.527431e-05 -1.1414005902941922 -0.9895625435174471
-6.2454600000000005 -7.591285e-05 -1.1510829099717348 -0.997956845192715
-6.270173 -7.632974e-05 -1.1574043029155925 -1.003437316933565
-6.29521 -7.387914e-05 -1.1202453268110628 -0.9712215188858133
-6.320053 -7.581068e-05 -1.1495336842357518 -0.9966137095987628
-6.345072 -7.585245e-05 -1.1501670517505995 -0.9971628216058037
-6.3695900000000005 -7.460288e-05 -1.1312195524561668 -0.9807358670777171
-6.394905 -7.798531e-05 -1.1825080677361977 -1.0252015823273117
-6.419969 -7.364677e-05 -1.1167218504063416 -0.9681667629108046
-6.444673 -7.489467e-05 -1.135644027130753 -0.9845717634754784
-6.470034 -7.559206e-05 -1.1462187020452792 -0.9937397123045494
-6.494988 -7.488336e-05 -1.1354725311625238 -0.9844230812442206
-6.519729 -7.606122e-05 -1.1533326762675926 -0.9999073299541387
-6.544849 -7.672721e-05 -1.163431226212853 -1.0086624916867029
-6.570053 -7.689278e-05 -1.165941799816716 -1.010839089125194
-6.59496 -7.606833e-05 -1.1534404867303785 -1.000000798624717
-6.619896 -7.537383e-05 -1.1429096335088835 -0.9908708419838277
-6.644858 -7.566256e-05 -1.1472877087437894 -0.994666511358808
-6.670154999999999 -7.703361e-05 -1.1680772354670879 -1.0126904523991125
-6.69496 -7.584556e-05 -1.1500625771952417 -0.9970722450741181
-6.7199979999999995 -7.708446e-05 -1.1688482849794177 -1.0133589308659077
-6.74509 -7.42447e-05 -1.1257883918991112 -0.9760272020386476
-6.770063 -7.470971e-05 -1.1328394387767604 -0.9821402634318513
-6.795025 -7.591191e-05 -1.1510686565490877 -0.9979444878719913
-6.819705 -7.682142e-05 -1.1648597527528057 -1.0099009844370819
-6.844664 -7.574269e-05 -1.1485027372083516 -0.9957199072200529
-6.86984 -7.627976e-05 -1.1566464454008187 -1.002780275561482
-6.895072 -7.445768e-05 -1.1290178535537032 -0.9788270554085204
-6.920192 -7.582628e-05 -1.1497702303988262 -0.9968187885384285
-6.945192 -7.606025e-05 -1.1533179679484782 -0.9998945782508388
-6.969648 -7.639764e-05 -1.1584338852535903 -1.0043299361645461
-6.994655 -7.590641e-05 -1.1509852588633884 -0.9978721843996733
-7.019553 -7.582847e-05 -1.1498034378409503 -0.9968475784664971
-7.044821 -7.604222e-05 -1.1530445751715401 -0.9996575543224944
-7.0698490000000005 -7.530962e-05 -1.141936003436382 -0.9900267318097289
-7.0948590000000005 -7.364854e-05 -1.1167486892979213 -0.9681900314828051
-7.119793 -7.523834e-05 -1.140855169429718 -0.9890896788084869
-7.14471 -7.463644e-05 -1.131728429971089 -0.9811770497197161
-7.169729 -7.486605e-05 -1.1352100559008045 -0.9841955224977069
-7.195062 -7.534279e-05 -1.1424389672972273 -0.9904627874782362
-7.21997 -7.585343e-05 -1.1501819117018697 -0.9971757047699622
-7.244933 -7.567988e-05 -1.1475503356376644 -0.9948942015661806
-7.2696760000000005 -7.556748e-05 -1.1458459902062808 -0.993416581513717
-7.2946729999999995 -7.442271e-05 -1.1284875959048108 -0.9783673367854363
-7.319581 -7.422301e-05 -1.125459501753144 -0.9757420634359969
-7.3445990000000005 -7.638071e-05 -1.158177172013792 -1.0041073729306653
-7.369868 -7.6937e-05 -1.1666123172097391 -1.011420409042631
-7.394724 -7.550902e-05 -1.1449595486233741 -0.9926480613334054
-7.419765999999999 -7.508681e-05 -1.1385574873726219 -0.9870976524156949
-7.444478 -7.554187e-05 -1.145457660255233 -0.9930799102544323
-7.469423 -7.36738e-05 -1.1171317121235151 -0.9685221016120332
-7.4945900000000005 -7.604502e-05 -1.1530870321751687 -0.999694363362947
-7.519405 -7.492802e-05 -1.136149720370403 -0.9850101854394433
-7.544091000000001 -7.652318e-05 -1.1603374753377176 -1.0059802957854205
-7.569071 -7.515141e-05 -1.1395370310992003 -0.9879468895632854
-7.594099 -7.485344e-05 -1.1350188477523193 -0.9840297503548104
-7.619081 -7.601243e-05 -1.1525928629793611 -0.9992659324242481
-7.644081 -7.689939e-05 -1.166042028671711 -1.0109259847528342
-7.669006 -7.534341e-05 -1.142448368490888 -0.9904709380514795
-7.693886 -7.393017e-05 -1.1210191057021972 -0.9718923636480661
-7.718914 -7.756681e-05 -1.1761622620152534 -1.0196999453882012
-7.743951 -7.61979e-05 -1.1554051845733002 -1.0017041369716717
-7.768979 -7.431886e-05 -1.1269128959666506 -0.9770021157672126
-7.7941080000000005 -7.593141e-05 -1.1513643392529311 -0.9982008365465735
-7.819167 -7.598448e-05 -1.1521690511038523 -0.9988984993240134
-7.8440900000000005 -7.580478e-05 -1.1494442212638196 -0.9965361476920943
-7.869127000000001 -7.670918e-05 -1.163157833435915 -1.0084254677583584
-7.894266 -7.480132e-05 -1.1342285409562005 -0.9833445763589527
-7.919054 -7.64403e-05 -1.1590807480303058 -1.0048907481880167
-7.943912 -7.529384e-05 -1.1416967278945027 -0.9898192865746055
-7.968766 -7.578212e-05 -1.149100622798738 -0.9962382573861438
-7.993887 -7.771311e-05 -1.1783806404548574 -1.0216232177518618
-8.019035 -7.619656e-05 -1.1553848658644206 -1.0016865212165977
-8.04384 -7.639263e-05 -1.1583579175435257 -1.0042640742743072
-8.068751 -7.664749e-05 -1.1622224146666793 -1.0076144857206673
-8.093618000000001 -7.561366e-05 -1.146546227501844 -0.9940236677594713
-8.118581 -7.506728e-05 -1.1382613497723113 -0.9868409093585365
-8.143905 -7.780596e-05 -1.1797885450216188 -1.0228438318254494
-8.168811999999999 -7.659915e-05 -1.1614894248254597 -1.0069790039294209
-8.193950000000001 -7.451869e-05 -1.129942961336343 -0.9796290981078158
-8.218629 -7.612527e-05 -1.1543038802256007 -1.000749336754497
-8.243376 -7.612458e-05 -1.1542934176068496 -1.0007402659552427
-8.268386 -7.491714e-05 -1.1359847445848739 -0.9848671560251122
-8.293700999999999 -7.563501e-05 -1.1468699621545135 -0.9943043366929242
-8.318774 -7.565072e-05 -1.1471081762713022 -0.9945108617020363
-8.343563 -7.551406e-05 -1.145035971229906 -0.9927143176062205
-8.368274 -7.745963e-05 -1.1745370685692063 -1.0182909479040105
-8.393265999999999 -7.540272e-05 -1.143347698807039 -0.9912506324047856
-8.418367 -7.742332e-05 -1.1739864922114347 -1.0178136135258526
-8.443506 -7.454875e-05 -1.1303987675967293 -0.9800242694492488
-8.468497 -7.603008e-05 -1.152860493734378 -0.9994979608399595
-8.493154 -7.629728e-05 -1.15691210493781 -1.0030105949860295
-8.518032999999999 -7.619606e-05 -1.1553772842566297 -1.0016799481736598
-8.543023999999999 -7.606961e-05 -1.153459895646323 -1.0000176256146383
-8.568118 -7.635341e-05 -1.157763216228411 -1.00374848478625
-8.593283999999999 -7.66275e-05 -1.1619193019872014 -1.007351695464006
-8.618274999999999 -7.693124e-05 -1.1665249770879889 -1.0113446875879855
-8.643163000000001 -7.625907e-05 -1.156332718470433 -1.0025082830447072
-8.668191 -7.589486e-05 -1.1508101237234198 -0.9977203471078054
-8.692979 -7.653794e-05 -1.1605612843997035 -1.0061743320129504
-8.718053 -7.617368e-05 -1.155037931491911 -1.0013857387717546
-8.743191000000001 -7.595743e-05 -1.151758886122367 -0.9985428977010674
-8.768063 -7.741736e-05 -1.1738961194465678 -1.0177352628540317
-8.792950999999999 -7.642851e-05 -1.1589019737185975 -1.0047357558355385
-8.817886 -7.666152e-05 -1.1624351545812908 -1.0077989253055077
-8.842683000000001 -7.634654e-05 -1.157659044937365 -1.003658171176282
-8.867637 -7.792546e-05 -1.1816005492836328 -1.0244147890876327
-8.892374 -7.681573e-05 -1.1647734740561457 -1.0098261832084474
-8.917497 -7.696929e-05 -1.1671019374408724 -1.0118448961555675
-8.942423000000002 -7.634428e-05 -1.1576247760701504 -1.0036284610222022
-8.967346 -7.586904e-05 -1.1504186094971003 -0.9973809151704869
-8.991941 -7.58176e-05 -1.1496386136875771 -0.9967046805130247
-9.016979 -7.654909e-05 -1.1607303542534393 -1.0063209108704676
-9.041979 -7.699666e-05 -1.1675169546513438 -1.0122047045259939
-9.067173 -7.685766e-05 -1.1654092676854868 -1.0103773985892286
-9.092091 -7.537758e-05 -1.1429664955673147 -0.9909201398058626
-9.116821 -7.648381e-05 -1.1597404995402658 -1.005462734384482
-9.141729 -7.676064e-05 -1.1639381325097495 -1.009101965337538
-9.166729 -7.611167e-05 -1.1540976604936897 -1.0005705499865833
-9.191813 -7.585204e-05 -1.150160834832211 -0.9971574317105945
-9.216858 -7.624194e-05 -1.1560729725875185 -1.0022830905936513
-9.241817 -7.631713e-05 -1.1572130947671069 -1.0032715447906684
-9.266506999999999 -7.692393e-05 -1.1664141339820866 -1.011248589700232
-9.291673000000001 -7.576012e-05 -1.1487670320559409 -0.9959490434968719
-9.316275 -7.73282e-05 -1.172544167145303 -1.0165631578373266
-9.3411 -7.519283e-05 -1.1401650914885944 -0.9884914004402695
-9.366182 -7.676176e-05 -1.163955115311201 -1.009116688953719
-9.391354999999999 -7.518101e-05 -1.1399858622804186 -0.9883360137052152
-9.416071 -7.745695e-05 -1.1744964311514474 -1.0182557163938628
-9.440914000000001 -7.628811e-05 -1.1567730582509257 -1.0028900453785465
-9.465896 -7.666161e-05 -1.1624365192706931 -1.0078001084532366
-9.490849 -7.754831e-05 -1.1758817425269923 -1.0194567427994954
-9.515701 -7.548351e-05 -1.1445727349938848 -0.9923127046827084
-9.541109 -7.724582e-05 -1.1712950214456819 -1.0154801832828608
-9.565674000000001 -7.616549e-05 -1.1549137447562967 -1.00127807232843
-9.590636 -7.710245e-05 -1.1691210712277325 -1.0135954289508171
-9.615704 -7.693454e-05 -1.1665750156994084 -1.0113880696713762
-9.64022 -7.644958e-05 -1.1592214626709036 -1.0050127438649459
-9.665368 -7.596512e-05 -1.1518754912501905 -0.998643991101454
-9.690562 -7.610596e-05 -1.1540110785327178 -1.0004954858362312
-9.715571 -7.634266e-05 -1.157600211660908 -1.003607164363083
-9.740737 -7.642067e-05 -1.1587830941084367 -1.0046326905222704
-9.765775 -7.636786e-05 -1.157982324693567 -1.0039384457271585
-9.790676 -7.563946e-05 -1.146937438463852 -0.9943628367750723
-9.815553 -7.540351e-05 -1.1433596777473485 -0.9912610178126277
-9.840849 -7.677427e-05 -1.1641448071381282 -1.009281146488028
-9.865694 -7.531839e-05 -1.1420689848370336 -0.9901420229828616
-9.890524 -7.467004e-05 -1.1322379140146344 -0.9816187582051501
-9.91547 -7.67697e-05 -1.1640755112429197 -1.0092210688755745
-9.940414 -7.637413e-05 -1.1580773980552643 -1.0040208716856012
-9.965404000000001 -7.507628e-05 -1.1383978187125467 -0.9869592241314207
-9.992209 -7.553201e-05 -1.1453081509495977 -0.992950289847695
-9.993964 -7.585927e-05 -1.1502704648808668 -0.9972524779114781
-9.969858 -7.644461e-05 -1.159146101489463 -1.0049474078181424
-9.945251 -7.612853e-05 -1.154353312308397 -1.0007921929944528
-9.920896 -7.612453e-05 -1.1542926594460703 -1.0007396086509488
-9.896307 -7.638296e-05 -1.1582112892488508 -1.0041369516238863
-9.871566000000001 -7.730133e-05 -1.172136731542622 -1.016209922509838
-9.846445 -7.579487e-05 -1.1492939537974052 -0.9964058699810632
-9.82165 -7.607965e-05 -1.1536121343307635 -1.0001496123168336
-9.796843999999998 -7.625336e-05 -1.1562461365094614 -1.0024332188943552
-9.772048 -7.608736e-05 -1.1537290427228983 -1.0002509686389376
-9.747278 -7.697259e-05 -1.167151976052292 -1.0118882782389582
-9.722121999999999 -7.484414e-05 -1.1348778298474091 -0.9839074917561634
-9.697325000000001 -7.64244e-05 -1.1588396529025566 -1.0046817254225882
-9.672203999999999 -7.663005e-05 -1.1619579681869348 -1.0073852179829899
-9.647159 -7.553934e-05 -1.1454192973198116 -0.9930466506571661
-9.622195 -7.63736e-05 -1.1580693615510058 -1.0040139042600866
-9.597187 -7.558195e-05 -1.1460654019357481 -0.9936068053763429
-9.572499 -7.59469e-05 -1.1515992174622918 -0.9984044694167931
-9.547362 -7.646197e-05 -1.1594093349119612 -1.0051756238689498
-9.522288 -7.681522e-05 -1.164765740816199 -1.0098194787046506
-9.497187 -7.57649e-05 -1.1488395122264212 -0.996011881787359
-9.472354 -7.603838e-05 -1.1529863484237064 -0.9996070733527305
-9.447612 -7.663827e-05 -1.1620826098190162 -1.0074932788088906
-9.422928 -7.584335e-05 -1.150029066488806 -0.997043192224332
-9.397816 -7.597479e-05 -1.1520221195448654 -0.9987711137518749
-9.372926999999999 -7.622419e-05 -1.155803825510943 -1.002049747569352
-9.347871 -7.549082e-05 -1.1446835780997873 -0.9924088025704622
-9.322946 -7.695214e-05 -1.1668418882936464 -1.011619440782794
-9.298131 -7.598983e-05 -1.1522501743072142 -0.99896883088345
-9.273011 -7.577006e-05 -1.1489177544188227 -0.9960797155904793
-9.248318999999999 -7.769523e-05 -1.1781095221602562 -1.0213881657363986
-9.223612 -7.708557e-05 -1.1688651161487131 -1.01337352302123
-9.198630999999999 -7.703352e-05 -1.1680758707776855 -1.0126892692513836
-9.173316000000002 -7.680288e-05 -1.1645786267359208 -1.0096572560049406
-9.148399 -7.689943e-05 -1.1660426352003346 -1.0109265105962695
-9.123546000000001 -7.615034e-05 -1.1546840220402341 -1.0010789091274086
-9.098927 -7.625791e-05 -1.1563151291403582 -1.002493033585091
-9.073815 -7.608127e-05 -1.1536366987400055 -1.0001709089759525
-9.048807 -7.623168e-05 -1.1559173979956503 -1.0021482117525635
-9.023648999999999 -7.572057e-05 -1.1481673268796841 -0.9954291158004754
-8.998557 -7.560581e-05 -1.1464271962595276 -0.9939204709853445
-8.973946 -7.550441e-05 -1.1448896461995426 -0.9925874578775171
-8.948989 -7.569451e-05 -1.1477721734816249 -0.9950865288025467
-8.924131 -7.702856e-05 -1.1680006612284002 -1.0126240646654385
-8.898954999999999 -7.634443e-05 -1.1576270505524875 -1.0036304329350836
-8.873928 -7.590711e-05 -1.1509958731142955 -0.9978813866597864
-8.849083 -7.65353e-05 -1.1605212535105678 -1.0061396263462377
-8.82426 -7.46454e-05 -1.1318642923827011 -0.9812948386491652
-8.799354 -7.499364e-05 -1.1371447305768743 -0.9858728315946269
-8.774251 -7.528703e-05 -1.1415934663963911 -0.9897297617297898
-8.749254 -7.740195e-05 -1.1736624542944536 -1.0175326816706822
-8.724538 -7.702327e-05 -1.167920447817973 -1.0125545218711545
-8.699529 -7.595474e-05 -1.1517180970724523 -0.9985075347300608
-8.674556 -7.678218e-05 -1.1642647481733792 -1.009385132027307
-8.649798 -7.532339e-05 -1.142144800914942 -0.9902077534122415
-8.624557000000001 -7.601472e-05 -1.152627586743043 -0.9992960369609041
-8.599630999999999 -7.636641e-05 -1.1579603380309733 -1.0039193839026381
-8.574455 -7.651265e-05 -1.160177806677642 -1.005841867501146
-8.549725 -7.659212e-05 -1.1613828274199205 -1.0068865869457126
-8.524741 -7.661312e-05 -1.1617012549471362 -1.0071626547491088
-8.499955 -7.702679e-05 -1.1679738223368208 -1.0126007960934382
-8.474844 -7.59476e-05 -1.151609831713199 -0.9984136716769062
-8.449961 -7.583851e-05 -1.1499556765253907 -0.9969795651686921
-8.424899 -7.744578e-05 -1.1743270580333998 -1.0181088746146278
-8.400038 -7.738429e-05 -1.1733946719072808 -1.017300521794112
-8.375020000000001 -7.599872e-05 -1.1523849752937356 -0.9990856995868878
-8.350075 -7.702203e-05 -1.1679016454306517 -1.0125382207246683
-8.325104 -7.604194e-05 -1.153040329471177 -0.9996538734184489
-8.300158999999999 -7.578985e-05 -1.1492178344551847 -0.9963398766299655
-8.274964 -7.703876e-05 -1.1681553260273336 -1.012758154741374
-8.249807 -7.59715e-05 -1.1519722325656017 -0.9987278631293428
-8.224917999999999 -7.658632e-05 -1.1612948807695462 -1.0068103396476316
-8.199907999999999 -7.568207e-05 -1.1475835430797887 -0.9949229914942492
-8.175291 -7.648206e-05 -1.1597139639129976 -1.0054397287341987
-8.150205 -7.521666e-05 -1.1405264309159064 -0.988804671666695
-8.12525 -7.734983e-05 -1.172872147498335 -1.0168475076748247
-8.10029 -7.641214e-05 -1.1586537518795246 -1.004520554409748
-8.07526 -7.56936e-05 -1.1477583749554456 -0.9950745658643995
-8.050343 -7.60198e-05 -1.1527046158781982 -0.9993628190771541
-8.025375 -7.697864e-05 -1.1672437135065616 -1.0119678120585083
-8.000705 -7.574695e-05 -1.1485673325067296 -0.9957759095458847
-7.975278 -7.630952e-05 -1.1570977026965301 -1.003171503077152
-7.950347 -7.565483e-05 -1.1471704970873426 -0.9945648921149864
-7.9253800000000005 -7.664754e-05 -1.1622231728274584 -1.007615143024961
-7.90064 -7.515921e-05 -1.1396553041807376 -0.9880494290331182
-7.875612 -7.673345e-05 -1.1635258446780832 -1.0087445232625694
-7.8505 -7.620595e-05 -1.155527248458733 -1.0018099629629735
-7.825611 -7.742683e-05 -1.1740397150981265 -1.0178597562872775
-7.800445 -7.586189e-05 -1.150310192505691 -0.9972869206564734
-7.775390000000001 -7.630379e-05 -1.157010817471247 -1.0030961760050825
-7.750343 -7.571782e-05 -1.1481256280368346 -0.9953929640643165
-7.725343 -7.623667e-05 -1.1559930624414028 -1.0022138107210845
-7.700723 -7.586247e-05 -1.1503189871707282 -0.9972945453862814
-7.675676999999999 -7.546778e-05 -1.1443342176127849 -0.9921059167518789
-7.650510000000001 -7.692842e-05 -1.1664822168200482 -1.011307615625815
-7.625528 -7.548631e-05 -1.1446151919975136 -0.9923495137231612
-7.600593 -7.736676e-05 -1.1731288607381334 -1.0170700709087055
-7.575723 -7.509757e-05 -1.1387206435722812 -0.9872391042997208
-7.550778 -7.733061e-05 -1.1725807104948547 -1.0165948399042877
-7.525713 -7.612571e-05 -1.1543105520404566 -1.0007551210322825
-7.500741 -7.622879e-05 -1.1558735763026193 -1.0021102195643818
-7.475696 -7.659815e-05 -1.161474261609878 -1.006965857843545
-7.450867000000001 -7.727364e-05 -1.1717168621031646 -1.0158459073919313
-7.425899 -7.567363e-05 -1.147455565540279 -0.9948120385294555
-7.4009979999999995 -7.659558e-05 -1.1614352921458329 -1.0069320724028434
-7.3762229999999995 -7.71002e-05 -1.1690869539926738 -1.0135658502575962
-7.350912 -7.616947e-05 -1.154974094354312 -1.0013303937502167
-7.325705 -7.599752e-05 -1.1523667794350376 -0.9990699242838365
-7.30088 -7.610558e-05 -1.154005316510797 -1.0004904903235985
-7.276111 -7.654264e-05 -1.1606325515129374 -1.0062361186165676
-7.251176 -7.597801e-05 -1.1520709450990387 -0.9988134441483957
-7.225834 -7.648124e-05 -1.1597015300762208 -1.0054289489437807
-7.200973 -7.607217e-05 -1.1534987134782122 -1.000051279594481
-7.175871 -7.697756e-05 -1.1672273372337332 -1.0119536142857621
-7.150895 -7.52414e-05 -1.140901568869398 -0.9891299058312675
-7.125954 -7.64064e-05 -1.1585667150220857 -1.0044450958768198
-7.101112 -7.700573e-05 -1.16765448501667 -1.0123239395248893
-7.0758980000000005 -7.539449e-05 -1.1432229055428014 -0.9911424401180259
-7.0512250000000005 -7.465025e-05 -1.1319378339782722 -0.9813585971656638
-7.026065 -7.699549e-05 -1.1674992136891131 -1.0121893236055188
-7.001019 -7.569117e-05 -1.147721528341582 -0.9950426208757208
-6.976075 -7.677032e-05 -1.1640849124365804 -1.0092292194488177
-6.951214 -7.612209e-05 -1.1542556612000507 -1.0007075322014112
-6.9261859999999995 -7.478252e-05 -1.1339434725032644 -0.9830974299444837
-6.9011949999999995 -7.54663e-05 -1.144311776053724 -0.9920864605447824
-6.875843 -7.594727e-05 -1.1516048278520572 -0.9984093334685672
-6.851026 -7.615446e-05 -1.154746494488431 -1.0011330710012178
-6.826371 -7.558057e-05 -1.1460444766982454 -0.9935886637778341
-6.80138 -7.451719e-05 -1.1299202165129705 -0.9796093789790018
-6.776398 -7.605989e-05 -1.153312509190869 -0.9998898456599236
-6.75126 -7.659432e-05 -1.1614161864942 -1.0069155083346397
-6.726399000000001 -7.649956e-05 -1.1599793201856776 -1.005669785237029
-6.701204 -7.574106e-05 -1.1484780211669534 -0.9956984791000749
-6.67601 -7.643204e-05 -1.1589554998696008 -1.0047821615186807
-6.651176 -7.581545e-05 -1.1496060127740764 -0.9966764164283913
-6.626195 -7.568467e-05 -1.1476229674403007 -0.9949571713175266
-6.601083 -7.489989e-05 -1.1357231791160893 -0.984640386043751
-6.5760749999999994 -7.746353e-05 -1.174596205109975 -1.018342217638927
-6.5511490000000006 -7.615909e-05 -1.1548167001765741 -1.0011939373788237
-6.526019 -7.562454e-05 -1.146711203287373 -0.9941666971738022
-6.501047 -7.573565e-05 -1.1483959881706562 -0.9956273587754857
-6.476158000000001 -7.701624e-05 -1.1678138504124336 -1.0124621048874463
-6.451194999999999 -7.465742e-05 -1.1320465542339933 -0.9814528546013949
-6.42647 -7.56587e-05 -1.147229178731644 -0.9946157674673266
-6.401547 -7.704314e-05 -1.1682217409115814 -1.0128157345975108
-6.376362 -7.544037e-05 -1.1439185938736902 -0.9917455825380174
-6.351325 -7.666401e-05 -1.1624729109880894 -1.007831659059339
-6.326506999999999 -7.525967e-05 -1.1411786008180758 -0.9893700848202223
-6.301463 -7.702244e-05 -1.1679078623490402 -1.0125436106198775
-6.27613 -7.534875e-05 -1.1425293400620942 -0.9905411381500572
-6.251315 -7.670015e-05 -1.1630209095992121 -1.008306758602898
-6.226287999999999 -7.590721e-05 -1.1509973894358538 -0.9978827012683742
-6.201403 -7.468399e-05 -1.1324494408719992 -0.9818021461031204
-6.17676 -7.696295e-05 -1.1670058026540846 -1.0117615499711137
-6.151788 -7.566854e-05 -1.1473783847729682 -0.9947451249523468
-6.126695 -7.710339e-05 -1.1691353246503793 -1.0136077862715405
-6.101343 -7.612716e-05 -1.15433253870305 -1.0007741828568026
-6.076422 -7.749066e-05 -1.1750075831487068 -1.0186988709487432
-6.051621 -7.726144e-05 -1.171531870873068 -1.015685525144244
-6.026584 -7.716512e-05 -1.170071349948238 -1.0144192941526666
-6.001603 -7.608545e-05 -1.1537000809811373 -1.0002258596149143
-5.976704 -7.629292e-05 -1.156845993317874 -1.0029532780516104
-5.951519 -7.625372e-05 -1.1562515952670709 -1.0024379514852706
-5.92631 -7.562578e-05 -1.1467300056746943 -0.9941829983202884
-5.901528 -7.759123e-05 -1.176532547739759 -1.0200209728052936
-5.8765 -7.455113e-05 -1.1304348560498134 -0.9800555571336335
-5.851545 -7.644526e-05 -1.159155957579591 -1.0049559527739615
-5.8268059999999995 -7.571795e-05 -1.14812759925486 -0.9953946730554804
-5.801704 -7.699203e-05 -1.1674467489632006 -1.012143838148388
-5.776806 -7.731091e-05 -1.1722819951478949 -1.0163358620125302
-5.751612 -7.540952e-05 -1.1434508086729946 -0.9913400257887426
-5.7267969999999995 -7.509843e-05 -1.1387336839376814 -0.9872504099335742
-5.701797 -7.602281e-05 -1.1527502571570991 -0.9994023887956409
-5.676963 -7.601346e-05 -1.1526084810914101 -0.9992794728927001
-5.651769 -7.597034e-05 -1.151954643235527 -0.9987126136697267
-5.626621 -7.504929e-05 -1.1379885635239964 -0.986604411273627
-5.601713 -7.476325e-05 -1.1336512773390053 -0.9828441048696531
-5.576491 -7.6654e-05 -1.1623211272001162 -1.00770006673972
-5.551288 -7.530813e-05 -1.1419134102451651 -0.9900071441417736
-5.526639 -7.463692e-05 -1.131735708314568 -0.9811833598409365
-5.501926 -7.69732e-05 -1.167161225613797 -1.0118962973513428
-5.476704 -7.426626e-05 -1.1261153108270527 -0.9763106316501344
-5.4517690000000005 -7.685526e-05 -1.1653728759680906 -1.010345847983126
-5.426498 -7.679495e-05 -1.1644583824363577 -1.0095530075439436
-5.401889 -7.723112e-05 -1.1710721221766307 -1.0152869358204835
-5.376621 -7.658243e-05 -1.1612358958609335 -1.006759201373574
-5.351741 -7.443619e-05 -1.1286919960508524 -0.9785445460230451
-5.32651 -7.716171e-05 -1.1700196433831045 -1.0143744659998295
-5.301451 -7.687128e-05 -1.1656157906817093 -1.0105564482788596
-5.276491 -7.46322e-05 -1.1316641379370225 -0.9811213103156018
-5.251417 -7.494268e-05 -1.1363720131108306 -0.9852029070583855
-5.2265559999999995 -7.550507e-05 -1.1448996539218264 -0.992596134294195
-5.2015649999999996 -7.528868e-05 -1.141618485702101 -0.9897514527714852
-5.1766760000000005 -7.340531e-05 -1.1130605403719829 -0.9649925090151831
-5.151426000000001 -7.60725e-05 -1.153503717339354 -1.00005561780282
-5.126479000000001 -7.536859e-05 -1.1428301782592352 -0.9908019564938373
-5.101546999999999 -7.625169e-05 -1.15622081393944 -1.0024112649309422
-5.076473 -7.504049e-05 -1.1378551272268773 -0.9864887257179181
-5.051715 -7.577186e-05 -1.14894504820687 -0.996103378545056
-5.026687 -7.558192e-05 -1.1460649470392807 -0.9936064109937667
-5.002102 -7.568576e-05 -1.147639495345285 -0.9949715005511317
-4.977139 -7.52987e-05 -1.14177042112223 -0.989883176551963
-4.95213 -7.467966e-05 -1.1323837841485302 -0.9817452235512772
-4.927093 -7.58311e-05 -1.1498433170979303 -0.996882152672351
-4.9021300000000005 -7.47349e-05 -1.1332214001772636 -0.982471413335068
-4.876853 -7.442098e-05 -1.1284613635418543 -0.9783445940568708
-4.85188 -7.513219e-05 -1.1392455940957198 -0.9876942217927484
-4.826788 -7.487544e-05 -1.1353524384951168 -0.9843189642440826
-4.801904 -7.533523e-05 -1.1423243333874293 -0.9903634030690135
-4.777111 -7.56208e-05 -1.1466544928610973 -0.9941175308126259
-4.752408 -7.449096e-05 -1.1295224853682622 -0.979264557146474
-4.7272039999999995 -7.562901e-05 -1.1467789828610233 -0.9942254601776681
-4.702093 -7.525956e-05 -1.1411769328643617 -0.9893686387507759
-4.676787 -7.476812e-05 -1.133725122198888 -0.9829081263078691
-4.652006999999999 -7.443228e-05 -1.128632707877928 -0.9784931448272698
-4.626834 -7.506603e-05 -1.138242395752834 -0.9868244767511914
-4.602139 -7.644318e-05 -1.159124418091181 -1.0049286089153395
-4.57738 -7.382154e-05 -1.1193719255935564 -0.9704643043393549
-4.552176 -7.657128e-05 -1.1610668260071977 -1.0066126225160565
-4.527037999999999 -7.466634e-05 -1.132181810116982 -0.9815701176874089
-4.501991 -7.538159e-05 -1.1430273000617974 -0.9909728556102254
-4.4768609999999995 -7.373487e-05 -1.11805772969909 -0.9693249330764812
-4.451797 -7.400173e-05 -1.1221041854092242 -0.9728330975533533
-4.426769 -7.490486e-05 -1.1357985402975308 -0.9847057220905551
-4.402036 -7.493552e-05 -1.1362634444872657 -0.9851087810835133
-4.377223 -7.334703e-05 -1.112176828167881 -0.9642263551303293
-4.352019 -7.482167e-05 -1.1345371123932884 -0.9836120992065296
-4.3270100000000005 -7.496287e-05 -1.1366781584334253 -0.9854683265322223
-4.301871 -7.454069e-05 -1.1302765520791407 -0.9799183119970881
-4.2769449999999996 -7.415739e-05 -1.1244644915466726 -0.9748794172808133
-4.251936 -7.58684e-05 -1.1504089050391277 -0.9973725016755262
-4.227092 -7.644719e-05 -1.1591852225856636 -1.0049813247197024
-4.2020100000000005 -7.544691e-05 -1.1440177613035944 -0.9918315579396465
-4.176927 -7.444453e-05 -1.1288184572688036 -0.9786541843792509
-4.152026 -7.49924e-05 -1.1371259281895532 -0.9858565304481409
-4.127075 -7.469546e-05 -1.132623362954721 -0.981952931708118
-4.101963 -7.511774e-05 -1.139026485630564 -0.98750426085184
-4.076889 -7.425593e-05 -1.1259586748100938 -0.9761748325830352
-4.051426 -7.406963e-05 -1.123133767747222 -0.9737257167843345
-4.026426 -7.375574e-05 -1.11837418600828 -0.9695992918887135
-4.001621 -7.368589e-05 -1.1173150353998982 -0.9686810377902743
-3.976648 -7.491974e-05 -1.1360241689453865 -0.98490133584839
-3.95163 -7.454069e-05 -1.1302765520791407 -0.9799183119970881
-3.926649 -7.543712e-05 -1.1438693134230495 -0.9917028577589202
-3.9014450000000003 -7.435783e-05 -1.1275038064778697 -0.9775144187338007
-3.876423 -7.447605e-05 -1.129296401823939 -0.9790685490060628
-3.8515189999999997 -7.449577e-05 -1.1295954204352103 -0.9793277898195377
-3.826556 -7.336242e-05 -1.1124101900556835 -0.964428673391961
-3.801695 -7.277569e-05 -1.1035134765774288 -0.9567154704259292
-3.776519 -7.358323e-05 -1.1157583796882802 -0.967331460614243
-3.75163 -7.560119e-05 -1.1463571422035401 -0.9938597360685973
-3.7267620000000004 -7.543867e-05 -1.1438928164072013 -0.9917232341920281
-3.701834 -7.485363e-05 -1.1350217287632798 -0.9840322481111269
-3.676667 -7.455338e-05 -1.1304689732848725 -0.9800851358268546
-3.6518710000000003 -7.32641e-05 -1.1109193426996902 -0.9631361502286317
-3.626815 -7.489137e-05 -1.1355939885193334 -0.9845283813920874
-3.601676 -7.321755e-05 -1.1102134950143616 -0.9625241999311034
-3.576736 -7.506135e-05 -1.1381714319039118 -0.9867629530692917
-3.551932 -7.416257e-05 -1.1245430370033855 -0.9749475140056508
-3.526686 -7.370791e-05 -1.117648929407007 -0.9689705146012639
-3.501498 -7.479978e-05 -1.1342051896042047 -0.9833243313867036
-3.4765729999999997 -7.57579e-05 -1.1487333697173492 -0.9959198591862269
-3.45163 -7.367147e-05 -1.1170963818312096 -0.968491471231942
-3.4267339999999997 -7.315655e-05 -1.1092885388638776 -0.9617222886926667
-3.4016669999999998 -7.325513e-05 -1.110783328655922 -0.9630182298383237
-3.3769319999999996 -7.578198e-05 -1.1490984999485567 -0.9962364169341213
-3.351861 -7.366497e-05 -1.1169978209299287 -0.9684060216737481
-3.3269140000000004 -7.428908e-05 -1.1264613354066273 -0.976610625329825
-3.301723 -7.354921e-05 -1.1152425270941904 -0.9668842307727411
-3.276573 -7.32925e-05 -1.1113499780222102 -0.9635094990675102
-3.251639 -7.396644e-05 -1.1215690755313459 -0.9723691721827891
-3.226545 -7.343976e-05 -1.1135829131487724 -0.9654453916736115
-3.20188 -7.366352e-05 -1.1169758342673353 -0.9683869598492278
-3.1767779999999997 -7.253239e-05 -1.0998242662263997 -0.9535170277322959
-3.151755 -7.117124e-05 -1.0791848553373602 -0.935623232942164
-3.126649 -7.345202e-05 -1.1137688141718045 -0.9656065626864516
-3.10151 -7.293506e-05 -1.1059300382446855 -0.9588105621319891
-3.076489 -7.320942e-05 -1.1100902180716823 -0.9624173222529313
-3.0516579999999998 -7.19439e-05 -1.0909008654887213 -0.9457806876551222
-3.026592 -7.414804e-05 -1.1243227154809834 -0.9747565013778724
-3.0014600000000002 -7.334336e-05 -1.112121179166696 -0.9641781089951642
-2.976417 -7.34186e-05 -1.1132620595070637 -0.9651672204964752
-2.951564 -7.234597e-05 -1.0969975395776579 -0.9510663344032899
-2.926612 -7.037065e-05 -1.0670453365748018 -0.9250986080506886
-2.901564 -7.283361e-05 -1.1043917300239214 -0.9574768917198678
-2.876713 -7.201853e-05 -1.092032496267584 -0.946761780044049
-2.85163 -7.385152e-05 -1.119826518796696 -0.9708584239939178
-2.826741 -7.323492e-05 -1.1104768800690157 -0.9627525474427695
-2.801319 -7.247752e-05 -1.0989922605874316 -0.9527957020002792
-2.7765 -7.21715e-05 -1.094352013355118 -0.9487727368005024
-2.751528 -7.09068e-05 -1.0751750946089338 -0.9321468819931117
-2.7267240000000004 -7.29695e-05 -1.1064522593893193 -0.9592633133295589
-2.701565 -7.284903e-05 -1.1046255468081911 -0.9576796043640757
-2.676519 -7.194993e-05 -1.090992299678679 -0.9458599585529546
-2.651583 -7.175948e-05 -1.088104465271143 -0.9433562864978684
-2.626545 -7.227446e-05 -1.0959132180314102 -0.9501262578022964
-2.601482 -7.158591e-05 -1.0854725859426264 -0.9410745203723694
-2.576413 -7.050724e-05 -1.0691164801911073 -0.9268942319204929
-2.551667 -7.285388e-05 -1.1046990884037624 -0.9577433628805745
-2.52651 -7.075404e-05 -1.0728587617966723 -0.9301386859146923
-2.501734 -7.188958e-05 -1.0900771996183232 -0.9450665922703375
-2.4765740000000003 -7.060345e-05 -1.0705753331622232 -0.9281590168426239
-2.451715 -7.015748e-05 -1.0638129939092498 -0.9222962569244996
-2.426753 -7.152191e-05 -1.0845021401453971 -0.9402331708763046
-2.401537 -7.059118e-05 -1.0703892805070356 -0.9279977143689252
-2.376592 -7.152437e-05 -1.0845394416557281 -0.9402655102475597
-2.351593 -6.941203e-05 -1.0525095748538666 -0.9124965072082273
-2.326422 -7.11251e-05 -1.0784852245704202 -0.9350166725398449
-2.3017600000000003 -7.00267e-05 -1.061829948575474 -0.9205770118136348
-2.276472 -6.975105e-05 -1.0576502082003765 -0.9169532932419123
-2.251554 -7.104864e-05 -1.077325845107043 -0.9340115228137652
-2.226639 -6.877512e-05 -1.042851971217722 -0.9041236336529374
-2.2016109999999998 -6.942988e-05 -1.052780238252 -0.912731164841114
-2.176507 -7.017665e-05 -1.0641036727519508 -0.9225482673907426
-2.151686 -6.988035e-05 -1.0596108119750913 -0.9186530821456805
-2.126463 -7.041937e-05 -1.0677840884379426 -0.9257390853545678
-2.1015639999999998 -6.963999e-05 -1.0559661814778725 -0.9154932889445228
-2.076526 -7.068134e-05 -1.0717563960238823 -0.9291829654715064
-2.0516300000000003 -6.800658e-05 -1.0311984335145574 -0.8940203408137881
-2.026186 -6.896386e-05 -1.0457138765266134 -0.9066048259011757
-2.001139 -6.867677e-05 -1.0413606689652612 -0.9028307161070318
-1.976232 -6.7853e-05 -1.028869666865519 -0.8920013649449504
-1.9512239999999998 -6.675349e-05 -1.012197559701277 -0.8775471120634178
-1.9264670000000002 -6.85125e-05 -1.0388698075416543 -0.9006712085801795
-1.9013250000000002 -6.743176e-05 -1.022482313933881 -0.8864637077305397
-1.876366 -6.675549e-05 -1.0122278861324405 -0.8775734042351699
-1.851064 -6.762377e-05 -1.0253938029577245 -0.8889878876795925
-1.82596 -6.526947e-05 -0.9896950445137132 -0.8580380577017005
-1.8012059999999999 -6.699313e-05 -1.0158312726832772 -0.8806974400827451
-1.776262 -6.645435e-05 -1.0076616353921652 -0.873614591934468
-1.751371 -6.75175e-05 -1.0237824080378564 -0.8875908531335488
-1.726262 -6.440756e-05 -0.9766257173716846 -0.8467073148243082
-1.701187 -6.613188e-05 -1.0027719532635326 -0.869375373622031
-1.676204 -6.401168e-05 -0.9706229035871989 -0.8415030423477132
-1.651338 -6.469736e-05 -0.9810200172472634 -0.8505170505111763
-1.626306 -6.409777e-05 -0.9719283048166282 -0.8426347888807791
-1.601365 -6.251613e-05 -0.947945556523978 -0.8218424136158455
-1.5762180000000001 -6.35012e-05 -0.9628823852970494 -0.8347922284297272
-1.550934 -6.290169e-05 -0.9537918859236607 -0.8269110184862002
-1.526121 -6.291756e-05 -0.9540325261549425 -0.8271196468690526
-1.501257 -6.28963e-05 -0.9537101561916753 -0.8268401610833285
-1.476026 -6.170296e-05 -0.935615284509402 -0.81115241096405
-1.45114 -6.182253e-05 -0.9374283501965065 -0.8127242884522445
-1.4261400000000002 -6.184312e-05 -0.937740560805334 -0.8129949663604317
-1.400954 -6.2341e-05 -0.9452900225791538 -0.8195401395963798
-1.376055 -6.201278e-05 -0.9403131519609261 -0.8152253312901555
-1.3510170000000001 -6.072916e-05 -0.9208493451759363 -0.7983507525379908
-1.3260260000000001 -5.979117e-05 -0.9066264005924516 -0.7860198554471516
-1.301215 -5.873128e-05 -0.890555060029557 -0.7720864504880267
-1.276158 -5.953594e-05 -0.9027562930795328 -0.7826645799490174
-1.251232 -5.870851e-05 -0.8902097936107614 -0.7717871141126298
-1.226426 -5.778459e-05 -0.8762001954705113 -0.7596411824500661
-1.201417 -5.891419e-05 -0.8933285637916066 -0.7744910010556076
-1.1764539999999999 -5.767836e-05 -0.8745894070792665 -0.7582446737474573
-1.1514790000000001 -5.822331e-05 -0.8828526014105175 -0.7654086332455895
-1.126324 -5.467646e-05 -0.8290709502245424 -0.7187814385562611
-1.101404 -5.678361e-05 -0.8610221199375347 -0.7464822134098968
-1.076306 -5.728772e-05 -0.8686660485444289 -0.7531092867608526
-1.051253 -5.589014e-05 -0.8474742417117477 -0.7347365800622576
-1.0260070000000001 -5.486692e-05 -0.8319589362642342 -0.7212852420722061
-1.001102 -5.273801e-05 -0.7996778149801839 -0.6932984083899083
-0.9761583 -5.349323e-05 -0.8111293786518 -0.7032265953651891
-0.9512133 -5.354164e-05 -0.8118634299181103 -0.7038629973824466
-0.9261488000000001 -5.355705e-05 -0.8120970950702245 -0.704065578565796
-0.9009633 -5.153493e-05 -0.7814352535781446 -0.6774826153941974
-0.8759979 -5.053931e-05 -0.766338452880686 -0.6643941093743236
-0.8511392 -4.950974e-05 -0.7507268610142287 -0.6508592937389593
-0.8260374 -5.027253e-05 -0.7622932102277984 -0.6608869965843215
-0.8013658 -4.767545e-05 -0.7229131263048606 -0.6267455598774517
-0.7760837 -4.879476e-05 -0.7398854651376203 -0.6414601052593293
-0.7511576999999999 -4.748189e-05 -0.7199781342968655 -0.6242010034952912
-0.7260466 -4.67592e-05 -0.7090198300281222 -0.614700458693557
-0.7011299 -4.576147e-05 -0.6938910349457863 -0.6015842144324849
-0.6760828 -4.369444e-05 -0.6625482134419319 -0.5744108605441947
-0.6508092000000001 -4.290897e-05 -0.6506379624989691 -0.5640850044711646
-0.6259979 -4.388043e-05 -0.6653684199079735 -0.5768559010562738
-0.6009317999999999 -4.300378e-05 -0.6520755869682706 -0.5653313848730691
-0.5762165 -4.339453e-05 -0.6580006134568224 -0.5704682179291203
-0.5509035 -4.044952e-05 -0.6133447919365416 -0.5317528635634102
-0.5261016 -4.180001e-05 -0.6338225629474801 -0.5495065210781038
-0.5011207 -4.0689e-05 -0.6169760788040486 -0.5349010882089973
-0.47592090000000004 -3.795224e-05 -0.575477996928658 -0.49892340622696635
-0.4507903 -3.760785e-05 -0.5702559371144741 -0.494396025712127
-0.4257337 -3.717863e-05 -0.563747581722494 -0.48875346273242565
-0.4008281 -3.619934e-05 -0.5488983963354849 -0.47587963229490726
-0.37610109999999997 -3.569666e-05 -0.5412761511268727 -0.46927135784675417
-0.3511205 -3.371253e-05 -0.5111903601947418 -0.4431878144775852
-0.3260651 -3.354088e-05 -0.5085875942401419 -0.44093128883696797
-0.3005356 -3.44833e-05 -0.5228777118686536 -0.453320423088238
-0.2755828 -3.199635e-05 -0.48516755287772906 -0.4206267648188933
-0.2505073 -3.215364e-05 -0.4875525750565756 -0.42269451266633096
-0.2256677 -3.003084e-05 -0.4553641010197295 -0.3947880015687356
-0.2006771 -2.715715e-05 -0.41178972003473585 -0.35701022604770255
-0.1758563 -2.620345e-05 -0.3973285613344625 -0.34447280394775115
-0.15054499999999998 -2.323719e-05 -0.3523505214830703 -0.30547809525717584
-0.1258895 -2.376242e-05 -0.3603146972030499 -0.3123828139418329
-0.1006484 -2.226959e-05 -0.33767859408621126 -0.2927579425635479
-0.07573569000000001 -1.941221e-05 -0.2943515251473553 -0.2551945797031527
-0.05091294 -1.948917e-05 -0.2955184862185234 -0.2562063024721704
-0.02591696 -1.551753e-05 -0.23529565268559527 -0.2039947819635715
-0.0008336224 -1.639005e-05 -0.24852586154494566 -0.21546500481210829
0.02426631 -1.303119e-05 -0.1975947432561756 -0.1713091428066112
0.048999720000000004 -1.134731e-05 -0.17206170780245195 -0.14917271172171437
0.07387971 -1.069062e-05 -0.16210417576210123 -0.14053980858779694
0.09923547 -9.362859e-06 -0.14197104947811925 -0.12308494845897916
0.1241437 -5.735509e-06 -0.08696875943781684 -0.07539949385663196
0.1489456 -2.934889e-06 -0.04450235461537848 -0.03858230283055901
0.1740871 -5.410403e-07 -0.00820391070729106 -0.007112562246182562
0.1992097 1.149251e-06 0.01742634067049157 0.015108152339091113
0.2241908 2.949249e-06 0.044720098391131786 0.038771080623738526
0.24916249999999998 4.506134e-06 0.06832748128205662 0.05923802453281135
0.2742127 8.2475e-06 0.1250586205101229 0.10842234326239782
0.29888889999999996 1.039923e-05 0.15768576637374787 0.13670917062438623
0.32418490000000005 1.213266e-05 0.18397013915954502 0.15949699026443934
0.3490588 1.384539e-05 0.2099406333828009 0.18201268592685907
0.3740368 1.52483e-05 0.23121326015453247 0.20045546126317312
0.39951010000000003 1.763021e-05 0.26733067498075463 0.2317682546721017
0.42432380000000003 1.921064e-05 0.29129507578255076 0.2525447231731252
0.4492946 2.174328e-05 0.3296980420934035 0.2858390261061448
0.4742497 2.325537e-05 0.3526261887423457 0.30571709109840167
0.4993229 2.66891e-05 0.4046925769817182 0.3508572005534358
0.5243418000000001 2.722496e-05 0.41281793768333136 0.35790166213095487
0.5492286000000001 2.902747e-05 0.4401497854015128 0.38159761338332276
0.5740682 3.014291e-05 0.4570634425899713 0.3962612834128601
0.5992003 3.185535e-05 0.4830295394807085 0.4187731667103758
0.6243608 3.318822e-05 0.5032401346330975 0.43629519019193413
0.6498146 3.519144e-05 0.533615391350683 0.4626296923404761
0.6745021 3.578593e-05 0.5426297713818516 0.4704449089329057
0.6992868 3.829223e-05 0.5806333385942822 0.5033929439639512
0.7245022 3.876713e-05 0.5878343496740347 0.5096360201464687
0.7494257 4.182863e-05 0.6342565341774284 0.5498827620558752
0.7743331 4.284847e-05 0.6497205879562759 0.5632896662756659
0.7995923 4.355355e-05 0.6604118679986253 0.5725587085051235
0.8245775999999999 4.601456e-05 0.6977286931773605 0.6049113573068445
0.8494388 4.594996e-05 0.6967491494507823 0.6040621201592542
0.8744567 4.698894e-05 0.7125034271758635 0.6177206404627118
0.8992664 4.692546e-05 0.7115408662507368 0.6168861269313026
0.924238 5.034178e-05 0.7633432629068316 0.6617973630312353
0.9497498000000001 4.936014e-05 0.7484584439632055 0.6488926392919082
0.9747663999999999 5.121067e-05 0.7765184292936205 0.6732198655880421
0.9996248000000001 5.291555e-05 0.80236989227456 0.6956323644763353
1.024483 5.116855e-05 0.775879754653319 0.6726661524509446
1.049629 5.418152e-05 0.8215660683045326 0.7122749148127884
1.074596 5.632278e-05 0.8540344553010172 0.740424102655655
1.099555 5.433621e-05 0.8239116661228667 0.7143084828369484
1.125037 5.461025e-05 0.8280669937208776 0.7179110362104104
1.1498320000000002 5.743223e-05 0.8708572848281412 0.7550090276307949
1.1746020000000001 5.6126e-05 0.851050637738849 0.7378372158769736
1.1993889999999998 5.717608e-05 0.8669732271568872 0.7516416577336549
1.224352 5.854798e-05 0.88777564261343 0.7696767729469538
1.2492590000000001 5.673779e-05 0.8603273413995811 0.7458798597550581
1.274761 5.995907e-05 0.90917230448862 0.7882270832657337
1.299852 5.851912e-05 0.887338032211742 0.7692973769085721
1.324759 5.844895e-05 0.8862740293743736 0.7683749160626524
1.3498130000000002 5.945014e-05 0.9014552891826223 0.7815366457808557
1.3747770000000001 6.211244e-05 0.941824318025799 0.8165354702085588
1.3997760000000001 5.997722e-05 0.909447516851428 0.7884656847243833
1.424556 6.344262e-05 0.9619941241282731 0.8340221307191106
1.449964 6.093142e-05 0.9239162571594922 0.8010096798672727
1.4748420000000002 6.197767e-05 0.9397807714618525 0.8147637722150488
1.499805 6.276045e-05 0.9516502333549006 0.8250542653170725
1.524436 6.326953e-05 0.9593695231432355 0.8317466747148319
1.5495 6.315986e-05 0.9577065732903898 0.8303049434768098
1.574787 6.269161e-05 0.9506063975942558 0.8241492887653679
1.5998050000000001 6.364135e-05 0.9650075099608254 0.83663465236525
1.6251849999999999 6.3643e-05 0.9650325292665354 0.8366563434069456
1.649927 6.470303e-05 0.9811059926796114 0.850591588818093
1.674722 6.297918e-05 0.9549668834990871 0.8279297086807322
1.699944 6.408928e-05 0.9717995691163394 0.8425231786116917
1.724972 6.540568e-05 0.9917604261080974 0.859828686058872
1.7498420000000001 6.545625e-05 0.9925272299200643 0.8604934836216218
1.7747680000000001 6.580297e-05 0.9977846200265537 0.8650514945165524
1.799722 6.56787e-05 0.9959002872262148 0.8634178304247404
1.8245740000000001 6.558536e-05 0.9944849526838185 0.8621907747690737
1.8496110000000001 6.68418e-05 1.0135366232692975 0.8787080429071283
1.8745370000000001 6.68065e-05 1.0130013617592635 0.8782439860757053
1.899981 6.731236e-05 1.020671825993425 0.8848940650769439
1.9248420000000002 6.862399e-05 1.040560354446859 0.9021368656944959
1.94987 6.900011e-05 1.0462635430914502 0.907081371514181
1.974759 6.7243e-05 1.0196201053606784 0.883982252560584
1.999824 6.689681e-05 1.014370751758447 0.8794312090911677
2.025046 6.826389e-05 1.0351000805158865 0.8974029601705446
2.050009 6.789962e-05 1.029576575975938 0.8926142354684901
2.0747310000000003 6.849926e-05 1.0386690465673525 0.900497154403181
2.0998330000000003 6.90888e-05 1.0476083686813917 0.9082472978705244
2.1249830000000003 6.831622e-05 1.035893571587277 0.898090894844436
2.1499650000000003 6.900655e-05 1.0463611941997963 0.9071660323072225
2.1749270000000003 7.025797e-05 1.0653367454430553 0.9236173070941798
2.199861 7.003997e-05 1.0620311644462432 0.9207514603732093
2.225002 6.902734e-05 1.0466764374517399 0.9074393394325847
2.25013 6.965081e-05 1.0561302474704666 0.9156355295937012
2.275018 6.912125e-05 1.048100415027018 0.9086738883572008
2.300093 7.052376e-05 1.069366976512517 0.9271114052591647
2.32504 7.044201e-05 1.0681273836387124 0.9260367127388007
2.350139 7.071536e-05 1.072272248617972 0.9296301953130084
2.374898 6.98649e-05 1.0593765402943538 0.9184499751188961
2.399899 6.968571e-05 1.056659443694268 0.9160943279907738
2.425293 7.014939e-05 1.0636903234951935 0.9221899050897625
2.450012 6.985159e-05 1.0591747178949615 0.9182750007158866
2.4750970000000003 7.002853e-05 1.0618576972599885 0.9206010691507878
2.499842 7.081987e-05 1.073856956278416 0.93100409274791
2.524842 7.09134e-05 1.075275171831773 0.9322336461598935
2.549804 7.138328e-05 1.082400063569305 0.9384107289913132
2.574889 7.101014e-05 1.0767420613071472 0.9335053985075386
2.599507 7.178081e-05 1.088427896659501 0.9436366925096038
2.624927 7.136275e-05 1.0820887627534128 0.9381408398482788
2.649409 7.027566e-05 1.0656049827266958 0.9238498613533265
2.675065 7.284031e-05 1.1044933235683188 0.957564970495237
2.700144 7.140056e-05 1.082662083934557 0.9386378933552508
2.725 7.186851e-05 1.0897577106660166 0.94478960424093
2.749963 7.326655e-05 1.1109564925778652 0.9631683581390278
2.775115 7.203635e-05 1.09230270476925 0.9469960432943595
2.800097 7.269945e-05 1.1023574330214796 0.9557132128387422
2.825092 7.200434e-05 1.0918173302384797 0.9465752370854684
2.8502310000000004 7.255239e-05 1.100127530538034 0.9537799494498161
2.8750590000000003 7.21562e-05 1.0941200161567177 0.9485716016865995
2.900074 7.168941e-05 1.087041978755333 0.9424351402605364
2.9252689999999997 7.062648e-05 1.07092454201707 0.9284617712003486
2.9502379999999997 7.21484e-05 1.0940017430751805 0.9484690622167666
2.9748609999999998 7.163646e-05 1.0862390864902813 0.9417390550134015
3.000076 7.312974e-05 1.108882013054132 0.9613698421303307
3.025097 7.222874e-05 1.0952199558150146 0.9495252187560452
3.050135 7.243235e-05 1.0983073381396058 0.9522018933012597
3.075031 7.370096e-05 1.1175435450587143 0.9688791493044258
3.100144 7.260584e-05 1.100938004410876 0.9544826077398889
3.125324 7.263845e-05 1.1014324768709955 0.9549113016003056
3.1504830000000004 7.202986e-05 1.0922042955001248 0.9469107251970242
3.1755120000000003 7.263177e-05 1.1013311865909097 0.9548234857466539
3.20013 7.232715e-05 1.0967121678604104 0.9508189250671034
3.225438 7.196987e-05 1.091294654197378 0.9461220915053222
3.250167 7.312471e-05 1.108805742079756 0.9613037173183745
3.275343 7.210921e-05 1.0934074966565333 0.9479538671112857
3.300163 7.43906e-05 1.1280007050524823 0.9779452159679577
3.325287 7.303939e-05 1.1075120165263248 0.9601820932714332
3.3504650000000002 7.443704e-05 1.1287048847840966 0.9785557201960395
3.3751149999999996 7.552451e-05 1.145194426832735 0.992851694203625
3.400257 7.338981e-05 1.1128255105304663 0.9647887446841049
3.425125 7.58669e-05 1.1503861602157552 0.9973527825467121
3.450446 7.403798e-05 1.122653851974061 0.9733096431663587
3.47538 7.512156e-05 1.1390844091140864 0.9875544788998863
3.500574 7.449722e-05 1.129617407097804 0.979346851644058
3.5255680000000003 7.351106e-05 1.1146640504197483 0.9663827075965713
3.550518 7.235941e-05 1.0972013331950763 0.9512430177974636
3.575159 7.502731e-05 1.1376552760455105 0.9863154603060724
3.600812 7.477061e-05 1.1337628786056866 0.9829408600617006
3.625587 7.399818e-05 1.122050355993909 0.9727864289484935
3.65071 7.445259e-05 1.1289406727863922 0.9787601418314115
3.675663 7.478196e-05 1.133934981102539 0.9830900681363932
3.700597 7.371097e-05 1.117695328846687 0.9690107416240444
3.7254929999999997 7.397708e-05 1.1217304121451352 0.9725090465365098
3.750565 7.215002e-05 1.0940263074844225 0.9484903588758856
3.775444 7.48622e-05 1.135151677520815 0.9841449100670843
3.800556 7.53698e-05 1.142848525750089 0.9908178632577473
3.825444 7.521635e-05 1.1405217303190762 0.9888005963800734
3.850241 7.321571e-05 1.1101855946976915 0.9625000111330916
3.875315 7.436213e-05 1.127569008304871 0.9775709469030676
3.9002950000000003 7.508413e-05 1.138516849954863 0.9870624209055473
3.925491 7.549205e-05 1.1447022288549527 0.9924249722560896
3.950657 7.522367e-05 1.1406327250571344 0.9888968257286859
3.9757 7.492773e-05 1.1361453230378842 0.9850063730745393
4.0003139999999995 7.479878e-05 1.134190026388623 0.9833111853008276
4.025543 7.479302e-05 1.1341026862668726 0.9832354638461819
4.05054 7.481364e-05 1.1344153517721673 0.9835065361369452
4.0758980000000005 7.365926e-05 1.116911238968957 0.9683309575233959
4.100972 7.492155e-05 1.1360516143655892 0.9849251302638254
4.126065 7.503006e-05 1.1376969748883603 0.9863516120422314
4.150981 7.46685e-05 1.1322145626626385 0.981598513232901
4.175954 7.367208e-05 1.1171056313927146 0.9684994903443264
4.200953999999999 7.341795e-05 1.1132522034169354 0.9651586755406558
4.226046 7.661466e-05 1.161724606299132 1.0071828997213579
4.251009 7.361078e-05 1.1161761262775558 0.9676936352801269
4.275926 7.308138e-05 1.1081487199486006 0.9607340974173669
4.3007610000000005 7.678203e-05 1.164262473691042 1.0093831601144256
4.325748 7.459561e-05 1.1311093158788879 0.9806402950333986
4.350658 7.483023e-05 1.1346669095186677 0.9837246297016281
4.375704 7.454187e-05 1.1302944446735268 0.9799338243784217
4.400769 7.516537e-05 1.1397487095887209 0.9881304089221143
4.425852 7.476492e-05 1.1336765999090266 0.982866058833066
4.450983 7.642272e-05 1.1588141787003792 1.0046596399983163
4.475823999999999 7.500187e-05 1.137269523841112 0.9859810238813866
4.501174 7.654841e-05 1.160720043266844 1.0063119715320723
4.525926999999999 7.486445e-05 1.1351857947558737 0.9841744887603052
4.550936 7.266342e-05 1.1018111023640706 0.9552395593646295
4.576213 7.456169e-05 1.1305949796063564 0.9801943798004843
4.601121 7.516948e-05 1.1398110304047617 0.988184439335065
4.626059000000001 7.476558e-05 1.1336866076313106 0.9828747352497441
4.6508140000000004 7.433599e-05 1.1271726418495653 0.9772273082182688
4.675778 7.551359e-05 1.1450288445185823 0.9927081389458586
4.701121 7.479549e-05 1.1341401394093593 0.9832679346782955
4.726157 7.474773e-05 1.133415944233177 0.9826400776168573
4.751167000000001 7.50777e-05 1.1384193504786726 0.9869778915733645
4.776361 7.45822e-05 1.130905977157937 0.9804640060218012
4.801194000000001 7.435537e-05 1.1274665049675388 0.9774820793625458
4.826041 7.61309e-05 1.1543892491293257 1.000823349217979
4.851027 7.442994e-05 1.1285972259534667 0.9784623829863199
4.876231 7.617778e-05 1.1551001006757962 1.0014396377238464
4.901222 7.413483e-05 1.1241224094031492 0.9745828415834503
4.9261289999999995 7.651503e-05 1.1602138951307266 1.0058731551855309
4.951125 7.57206e-05 1.1481677817761518 0.9954295101830518
4.975815 7.598927e-05 1.1522416829064888 0.9989614690753597
5.000834 7.479502e-05 1.134133012698036 0.9832617560179339
5.025926 7.573411e-05 1.1483726368186604 0.9956071138032366
5.051009 7.491536e-05 1.1359577540611383 0.9848437559922529
5.075823000000001 7.537235e-05 1.1428871919498225 0.990851385776731
5.100658 7.546545e-05 1.1442988873204794 0.9920752863717877
5.125712999999999 7.509664e-05 1.1387065417817903 0.9872268784398562
5.150698 7.517915e-05 1.1399576586994369 0.9883115619854859
5.176102 7.567275e-05 1.147442221910567 0.9948004699738847
5.201111 7.607701e-05 1.1535721034416275 1.0001149066501207
5.226185999999999 7.457254e-05 1.1307595004954178 0.980337014832239
5.251241 7.585433e-05 1.1501955585958934 0.9971875362472508
5.275991 7.522122e-05 1.1405955751789594 0.9888646178182897
5.301046 7.505294e-05 1.1380439092608696 0.9866523944870745
5.326276 7.574319e-05 1.1485103188161423 0.9957264802629908
5.351002 7.438261e-05 1.1278795509599842 0.9778401787418082
5.37587 7.519001e-05 1.140122331220654 0.9884543284780993
5.401052 7.472078e-05 1.13300729557325 0.9822857906024988
5.426056 7.488951e-05 1.1355657849383511 0.984503929672358
5.451105999999999 7.452331e-05 1.1300130153923305 0.979689833024563
5.476167 7.613701e-05 1.15448189637653 1.0009036718026814
5.501306 7.493771e-05 1.1362966519293896 0.9851375710115818
5.526267 7.494946e-05 1.1364748197124745 0.9852920375206249
5.550972 7.679833e-05 1.1645096341050238 1.0095974413142046
5.575842 7.486731e-05 1.1352291615524372 0.9842120865659105
5.600963 7.378021e-05 1.1187452298935645 0.9699209766100995
5.625935 7.561472e-05 1.1465623005103605 0.9940376026104997
5.651065 7.375732e-05 1.1183981438888995 0.9696200627043977
5.676361 7.466759e-05 1.1322007641364589 0.9815865502947537
5.701519 7.483944e-05 1.1348065627341752 0.9838457051525462
5.726351999999999 7.559893e-05 1.1463228733363253 0.9938300259145175
5.751342999999999 7.385099e-05 1.1198184822924377 0.9708514565684035
5.77604 7.41391e-05 1.124187156333683 0.9746389753701409
5.801046 7.458527e-05 1.130952528229773 0.9805043645054405
5.826102 7.662731e-05 1.1619164209762405 1.0073491977076894
5.851351999999999 7.588137e-05 1.1506055719452226 0.997543006409338
5.8762039999999995 7.373517e-05 1.1180622786637646 0.969328876902244
5.9012780000000005 7.564123e-05 1.1469642773554316 0.9943861053470728
5.926305 7.637298e-05 1.158059960357345 1.0040057536868434
5.951695 7.558858e-05 1.1461659340550547 0.9936939639257009
5.976565 7.875556e-05 1.194187534538007 1.035327354973309
6.001474 7.544184e-05 1.1439408838005953 0.9917649072842551
6.0259350000000005 7.761935e-05 1.1769589373619167 1.020390640740127
6.051324999999999 7.657162e-05 1.1610719815004955 1.0066170921852544
6.076509 7.454976e-05 1.1304140824444666 0.9800375469959836
6.101676 7.499914e-05 1.137228128262574 0.9859451350669453
6.126491 7.412693e-05 1.1240026200000537 0.9744789875050299
6.151463 7.620357e-05 1.1554911600056483 1.0017786752785887
6.176509 7.535253e-05 1.142586657016993 0.9905908303546686
6.201333 7.623823e-05 1.1560167170577105 1.0022343186150513
6.226512 7.594781e-05 1.151613015988471 0.99841643235494
6.251055999999999 7.626109e-05 1.1563633481659081 1.002534838138177
6.276222 7.744665e-05 1.1743402500309557 1.0181203117093398
6.301519 7.5433e-05 1.1438068409748527 0.9916486958851111
6.326389 7.496306e-05 1.1366810394443858 0.9854708242885387
6.35139 7.551398e-05 1.1450347581726594 0.9927132659193504
6.376153 7.592647e-05 1.1512894329679575 0.9981358948823461
6.401482 7.601573e-05 1.1526429015907804 0.9993093145076386
6.426502 7.378683e-05 1.1188456103807154 0.9700080036985987
6.451437 7.540254e-05 1.143344969428234 0.9912482661093278
6.4762759999999995 7.775326e-05 1.1789894435604629 1.0221510330997836
6.501304 7.575958e-05 1.1487588439195267 0.9959419446104987
6.5261629999999995 7.556599e-05 1.145823397015064 0.9933969938457617
6.551135 7.496378e-05 1.1366919569596046 0.9854802894703693
6.576286 7.631128e-05 1.157124389955954 1.0031946401882939
6.6013329999999995 7.623345e-05 1.1559442368872297 1.0021714803245638
6.626229 7.499184e-05 1.1371174367888275 0.9858491686400503
6.651453999999999 7.578307e-05 1.1491150278535407 0.996250746167726
6.676531 7.700306e-05 1.1676139992310666 1.0122888394756002
6.701231 7.637783e-05 1.1581335019529164 1.0040695122033423
6.726704 7.630691e-05 1.1570581267038618 1.0031371917930154
6.751602 7.604448e-05 1.1530788440387547 0.9996872644765741
6.776256999999999 7.775585e-05 1.1790287162888193 1.0221850814622024
6.801435000000001 7.632434e-05 1.157322421551451 1.0033663280698344
6.826537 7.654698e-05 1.160698359868562 1.0062931726292694
6.853015 7.560498e-05 1.146414610790595 0.9939095597340676
6.876695 7.584704e-05 1.1500850187543026 0.9970917012812145
6.901503 7.578274e-05 1.1491100239923988 0.996246407959387
6.926639 7.781258e-05 1.1798889255087697 1.0229308589139485
6.951776 7.563228e-05 1.1468285665759754 0.9942684478784826
6.976681999999999 7.608216e-05 1.1536501940018733 1.0001826089923822
7.001341999999999 7.44606e-05 1.1290621301432018 0.9788654419792784
7.026408 7.54432e-05 1.1439615057737864 0.9917827859610465
7.051437 7.470085e-05 1.1327050926867066 0.98202378911099
7.076690999999999 7.434053e-05 1.1272414828483062 0.9772869914481458
7.101524 7.614292e-05 1.1545715109806178 1.0009813651702086
7.126371 7.506976e-05 1.1382989545469537 0.9868735116515089
7.151427 7.591124e-05 1.151058497194648 0.9979356799944544
7.176701 7.675332e-05 1.1638271377716913 1.0090057359889255
7.201889 7.536499e-05 1.142775590683141 0.9907546305846836
7.226935999999999 7.626801e-05 1.1564682776177335 1.0026258090524387
7.251982 7.710324e-05 1.1691330501680421 1.0136058143586593
7.276981 7.667619e-05 1.1626575989538743 1.0079917783853087
7.301991 7.497885e-05 1.136920466618421 0.9856784009845209
7.326573000000001 7.527103e-05 1.1413508549470839 0.9895194243557736
7.351672 7.651251e-05 1.1601756838274608 1.0058400270491235
7.376578 7.573922e-05 1.148450120850283 0.9956742903020631
7.401546000000001 7.545269e-05 1.1441054046896566 0.9919075423160097
7.426556 7.552153e-05 1.1451492404503012 0.9928125188677142
7.451695 7.442145e-05 1.1284684902531779 0.9783507727172326
7.4766390000000005 7.510757e-05 1.1388722757280982 0.987370565158481
7.501671999999999 7.627186e-05 1.156526655997723 1.0026764214830612
7.526531 7.578071e-05 1.149079242664768 0.9962197214050588
7.551474 7.625381e-05 1.1562529599564733 1.0024391346329995
7.576543 7.575723e-05 1.1487232103629097 0.9959110513086902
7.601248 7.438224e-05 1.127873940570219 0.977835314690034
7.626616 7.543429e-05 1.1438264015229533 0.9916656543358912
7.651691 7.550765e-05 1.1449387750180273 0.9926300511957553
7.676582000000001 7.652988e-05 1.160439068882115 1.0060683745607897
7.701644 7.465016e-05 1.1319364692888698 0.9813574140179349
7.726553 7.4591e-05 1.1310394134550563 0.9805796915775102
7.751352 7.706615e-05 1.1685706465021166 1.0131182260335179
7.776531 7.648929e-05 1.1598235939616532 1.0055347749350823
7.801456 7.625066e-05 1.156205195827391 1.00239772446249
7.826654 7.656957e-05 1.1610408969085528 1.0065901427092085
7.8518419999999995 7.539586e-05 1.1432436791481484 0.9911604502556761
7.876596999999999 7.646573e-05 1.1594663486025485 1.0052250531518436
7.901587 7.612394e-05 1.154283713148877 1.000731852460282
7.92675 7.720552e-05 1.1706839438577392 1.0149503960220576
7.951719 7.682327e-05 1.1648878047016318 1.0099253046959524
