Keff(MJ/m3):0.00589443497662628 Ms(MA/m):1.1196901546663542
H(kOe) moment(emu) M(MA/m) M_norm()
9.967786 6.934803e-05 1.1285571308610152 1.0079191338404714
9.9395 6.968023e-05 1.133963292778982 1.0127473998526682
9.910853 6.983047e-05 1.1364082710046153 1.0149310202189308
9.882425999999999 6.997889e-05 1.1388236308837985 1.0170881883150482
9.853231 6.893434e-05 1.1218248156176565 1.0019064746996353
9.824202999999999 6.94646e-05 1.1304541696773227 1.0096133872090498
9.794906999999998 7.008929e-05 1.1406202602508773 1.0186927655809923
9.765991 7.018894e-05 1.1422419460881 1.0201411000425076
9.736973 6.919084e-05 1.1259990496091028 1.0056345006843688
9.707084 7.016091e-05 1.1417857910051359 1.0197337060138445
9.677389 6.902403e-05 1.1232844142402405 1.003210048386071
9.647887 6.936338e-05 1.1288069339478326 1.008142234030981
9.618454 6.908171e-05 1.124223087989272 1.0040483818706691
9.58851 6.999342e-05 1.1390600894408964 1.017299370449778
9.558723 6.896751e-05 1.1223646181186167 1.0023885745901369
9.528787 6.977905e-05 1.1355714713483183 1.0141836709162602
9.498944 6.971908e-05 1.134595530558973 1.0133120540807652
9.469037 7.048392e-05 1.147042396547347 1.024428402596023
9.439352000000001 6.875485e-05 1.1189038282526478 0.999297728563184
9.409379999999999 6.933055e-05 1.1282726645445609 1.0076650757733636
9.379046 6.923241e-05 1.1266755521706018 1.00623868797554
9.348870000000002 6.985166e-05 1.1367531131811404 1.015239000221334
9.319282999999999 6.924896e-05 1.126944883837496 1.0064792292232878
9.289768 6.911821e-05 1.124817082299946 1.0045788806950076
9.259574 6.898672e-05 1.122677238138015 1.0026677768480967
9.229398 6.969715e-05 1.1342386457580669 1.0129933187597313
9.199110000000001 6.908196e-05 1.124227156443455 1.0040520154242607
9.169194 6.954969e-05 1.1318389087429452 1.0108501035094046
9.139538 6.917294e-05 1.1257077482896218 1.0053743382472278
9.109722 6.953836e-05 1.1316545263993854 1.010685430860644
9.079685 6.926792e-05 1.1272534354027117 1.0067547979276565
9.049453 6.9819e-05 1.136221610326713 1.0147643127801593
9.019352000000001 6.944408e-05 1.130120230958007 1.009315145130271
8.989352 6.926243e-05 1.12716409214886 1.0066750050907904
8.959520000000001 6.941782e-05 1.1296928805306565 1.008933476661035
8.929639 6.91264e-05 1.1249503648589712 1.0046979159106606
8.899379999999999 6.930064e-05 1.127785914686143 1.0072303574216934
8.869277 6.930027e-05 1.1277798933739527 1.0072249797623782
8.839129000000002 6.96071e-05 1.1327731885614596 1.011684512756124
8.809241 6.948842e-05 1.13084181199185 1.0099595921952345
8.779056 6.942739e-05 1.1298486209567702 1.0090725690925122
8.749083 6.90223e-05 1.1232562605372962 1.0031849041952188
8.719166999999999 6.93874e-05 1.129197831025706 1.0084913458600384
8.689557 6.980071e-05 1.135923962218707 1.0144984819994154
8.659527 6.868135e-05 1.117707702722935 0.9982294638073246
8.629222 6.891863e-05 1.1215691539568156 1.0016781421919543
8.599350000000001 6.959785e-05 1.1326226557566996 1.0115500712732437
8.569462999999999 6.970645e-05 1.134389992253663 1.0131284869533297
8.539519 6.926237e-05 1.127163115719856 1.0066741330379283
8.509352000000002 6.896001e-05 1.1222425644931358 1.0022795679823961
8.479604 6.952609e-05 1.1314548466680987 1.0105070960503804
8.44937 6.962993e-05 1.1331447197974234 1.012016328870087
8.419361 6.924579e-05 1.1268932958384597 1.0064331557637496
8.389175999999999 6.913961e-05 1.1251653419779848 1.0048899128824278
8.35914 6.918209e-05 1.1258566537127084 1.0055073263086711
8.329306 6.971581e-05 1.1345423151782632 1.01326452719979
8.299138999999998 6.933399e-05 1.1283286464741147 1.0077150734707805
8.269198000000001 6.922535e-05 1.1265606590244823 1.0061360764221199
8.239186 6.947081e-05 1.1305552300792208 1.0097036446802592
8.209230999999999 6.952314e-05 1.1314068389087428 1.0104642201180023
8.179064 6.904419e-05 1.1236124943855332 1.0035030581476783
8.149167 6.886246e-05 1.1206550536710473 1.000861755371048
8.119027 6.941769e-05 1.1296907649344814 1.0089315872131672
8.089064 6.916474e-05 1.1255743029924294 1.0052551576894313
8.059 6.9102e-05 1.12455328373074 1.0043432810801438
8.029009 6.925875e-05 1.1271042045032904 1.0066215191819254
7.998879 6.875157e-05 1.1188504501337708 0.9992500563400654
7.9689250000000005 6.87644e-05 1.1190592432024267 0.9994365303103736
7.938916 6.983793e-05 1.1365296736774269 1.0150394454580969
7.908888 6.885779e-05 1.1205790549469148 1.0007938805899614
7.878925000000001 6.899738e-05 1.1228507170243651 1.0028227115732324
7.848979999999999 6.891954e-05 1.1215839631300408 1.001691368327027
7.818694000000001 6.941776e-05 1.1296919041016527 1.0089326046081728
7.788823000000001 6.908075e-05 1.1242074651252105 1.0040344290248784
7.758722 6.918004e-05 1.1258232923884104 1.0054775311692223
7.7286850000000005 6.923216e-05 1.126671483716419 1.0062350544219485
7.698934 6.940262e-05 1.1294455185163486 1.0087125566026802
7.668906 6.859381e-05 1.1162830928063219 0.9969571386817745
7.638629 6.928485e-05 1.127528951119964 1.0070008621768631
7.608638 6.969362e-05 1.1341811991850073 1.0129420129830213
7.578685 6.911714e-05 1.124799669316044 1.0045633290856364
7.548462000000001 6.858177e-05 1.1160871560528833 0.9967821467408147
7.51899 6.898586e-05 1.1226632426556264 1.0026552774237425
7.488879 6.933384e-05 1.1283262054016052 1.007712893338626
7.458712 6.946053e-05 1.1303879352432284 1.0095542329565825
7.428833 6.869988e-05 1.1180092565469564 0.9984987827995159
7.398694000000001 6.967556e-05 1.1338872940548492 1.0126795250715817
7.368805 6.910107e-05 1.1245381490811803 1.004329764260784
7.3386379999999996 6.893193e-05 1.1217855957193352 1.0018714472430148
7.308444000000001 6.889622e-05 1.1212044577238789 1.0013524304480252
7.2787120000000005 6.950204e-05 1.1310634613757233 1.0101575481948917
7.24883 6.889182e-05 1.1211328529302633 1.0012884799048172
7.219138 6.881032e-05 1.1198065368667043 1.0001039414340345
7.188629 6.94862e-05 1.130805684118708 1.0099273262393433
7.158651 6.95597e-05 1.1320018096484203 1.0109955909952024
7.128731 6.873341e-05 1.1185549176219394 0.9989861150071888
7.098657 6.897356e-05 1.1224630747098379 1.0024765065870478
7.068833 6.927255e-05 1.1273287831741752 1.0068220913401684
7.038462000000001 6.92925e-05 1.1276534458179543 1.0071120489167587
7.008528 6.854792e-05 1.1155362873565464 0.9962901635845449
6.978916 6.921674e-05 1.12642054146243 1.0060109368364334
6.948842 6.94104e-05 1.1295721288105143 1.0088256327904435
6.918574 6.926882e-05 1.1272680818377696 1.0067678787205854
6.888406 6.89447e-05 1.1219934123589874 1.0020570491604612
6.858245 6.847687e-05 1.114380032677824 0.9952575076538808
6.828129 6.924241e-05 1.1268382903379095 1.0063840301191944
6.798632 6.942118e-05 1.1297475605548721 1.0089823116213028
6.768703 6.9122e-05 1.1248787600653556 1.0046339653674525
6.738925 6.959706e-05 1.1326097994414825 1.011538589243895
6.708639 6.917093e-05 1.125675037917993 1.0053451244763532
6.678666 6.93942e-05 1.1293084929794752 1.0085901785177231
6.64849 6.869389e-05 1.1179117763847388 0.998411722855467
6.618305 6.901945e-05 1.1232098801596135 1.0031434816842772
6.588471999999999 6.893907e-05 1.121901790770793 1.001975221533584
6.55824 6.944426e-05 1.1301231602450184 1.0093177612888569
6.528139 6.861206e-05 1.116580089961659 0.9972223880939437
6.49812 6.961438e-05 1.1328916619472598 1.0117903218367044
6.468305 6.90433e-05 1.1235980106886427 1.0034901226968929
6.438157 6.910376e-05 1.1245819256481862 1.004368861297427
6.4079440000000005 6.884276e-05 1.120334459481451 1.000575431348049
6.378349 6.946682e-05 1.1304902975504652 1.0096456531649411
6.348416 6.873254e-05 1.1185407594013839 0.998973470240691
6.318351 6.942499e-05 1.1298095637966163 1.009037686978035
6.288333 6.887874e-05 1.1209199914074248 1.0010983723809173
6.258361 6.875331e-05 1.1188787665748823 0.9992753458730611
6.228314 6.863263e-05 1.1169148423718112 0.9975213568834407
6.198397 6.952437e-05 1.1314268557033218 1.0104820972016717
6.1685 6.89957e-05 1.122823377012257 1.0027982940930982
6.138546 6.896116e-05 1.1222612793823763 1.0022962823289163
6.108359999999999 6.861899e-05 1.1166928675116032 0.9973231101994962
6.078234999999999 6.920473e-05 1.1262250929234934 1.0058363809219046
6.048564000000001 6.881483e-05 1.1198799317801602 1.0001694907408225
6.018305000000001 6.872544e-05 1.1184252153025953 0.9988702773186964
5.9882219999999995 6.867071e-05 1.1175345493129194 0.9980748197664763
5.958311 6.985789e-05 1.1368544990593732 1.0153295483768308
5.928064 6.862266e-05 1.1167525924190052 0.9973764507662173
5.898147 6.909484e-05 1.1244367632029475 1.0042392161052873
5.868221999999999 6.882467e-05 1.120040066136791 1.0003125074101782
5.838292 6.900197e-05 1.1229254138431592 1.0028894236171695
5.8086199999999995 6.780897e-05 1.1035107504833321 0.9855501058792081
5.778231 6.944832e-05 1.1301892319409454 1.0093767701991807
5.74811 6.931133e-05 1.1279598817869951 1.0073857281732599
5.7180919999999995 6.876834e-05 1.119123362040346 0.9994937951149735
5.688185000000001 6.884956e-05 1.1204451214352205 1.000674264005734
5.658305 6.977515e-05 1.135508003463068 1.014126987480235
5.62799 6.868775e-05 1.117811855150012 0.9983224827792633
5.597805 6.841212e-05 1.1133263030445057 0.9943164172737191
5.567849 6.898235e-05 1.1226061215589014 1.0026042623313198
5.538258 6.940315e-05 1.1294541436392158 1.0087202597362939
5.508203000000001 6.915096e-05 1.1253500497978792 1.0050548762154754
5.477888 6.8536e-05 1.1153423034611154 0.9961169157493088
5.447694 6.920619e-05 1.1262488526959205 1.0058576008748783
5.417416 6.909171e-05 1.1243858261565802 1.0041937240143237
5.388 6.898858e-05 1.1227075074371342 1.0026948104868165
5.358194 6.888856e-05 1.121079800287721 1.0012410983659858
5.328018 6.926691e-05 1.1272369988478137 1.0067401183711475
5.297795 6.907385e-05 1.1240951757897684 1.003934142945757
5.267888 6.895784e-05 1.1222072503108298 1.002248028737223
5.23775 6.857476e-05 1.1159730765976006 0.996680261898113
5.207802 6.963757e-05 1.1332690517572466 1.0121273702678388
5.178138 6.885047e-05 1.1204599306084453 1.0006874901408065
5.147694 6.869725e-05 1.1179664564089544 0.9984605578157348
5.117703000000001 6.880825e-05 1.1197728500660717 1.000073855610298
5.087508 6.929681e-05 1.127723585968064 1.0071746913806738
5.057555000000001 6.898365e-05 1.1226272775206514 1.0026231568099948
5.0275360000000004 6.892393e-05 1.121655405185489 1.0017551735280912
4.997731 6.93055e-05 1.1278650054354546 1.0073009937035093
4.967962000000001 6.908409e-05 1.1242618196730914 1.004082973300859
4.938073 6.927193e-05 1.1273186934078023 1.006813080127262
4.9078230000000005 6.884996e-05 1.1204516309619128 1.0006800776914802
4.87799 6.894007e-05 1.1219180645875237 1.0019897557479494
4.847555000000001 6.916519e-05 1.1255816262099583 1.0052616980858957
4.818084 6.893602e-05 1.121852155629764 1.0019308921797692
4.788 6.845892e-05 1.1140879176675063 0.9949966185060212
4.7579899999999995 6.882373e-05 1.120024768749064 1.0002988452486747
4.728166 6.942184e-05 1.1297583012739145 1.008991904202784
4.697712 6.928622e-05 1.1275512462488853 1.007020774050544
4.66773 6.873834e-05 1.1186351475384224 0.9990577686840105
4.637379 6.931937e-05 1.1280907232735107 1.0075025832567581
4.607768 6.893123e-05 1.1217742040476235 1.0018612732929588
4.57761 6.883284e-05 1.1201730232194815 1.000431251941544
4.547573000000001 6.941472e-05 1.1296424316987912 1.008888420596502
4.517688 6.828825e-05 1.1113104653660633 0.9925160641402729
4.487647 6.862949e-05 1.1168637425872765 0.9974757194503332
4.457583 6.947535e-05 1.1306291132071788 1.0097696300134784
4.427754 6.909865e-05 1.1244987664446917 1.0042945914620196
4.397823000000001 6.852391e-05 1.11514555301684 0.9959411970976307
4.367629 6.892944e-05 1.1217450739156754 1.0018352570492446
4.337564 6.927644e-05 1.1273920883212578 1.0068786294340497
4.307527 6.887144e-05 1.1208011925452899 1.0009922726160496
4.277444 6.933681e-05 1.1283745386372956 1.0077560599552913
4.247583 6.888343e-05 1.120996315607892 1.001166537846291
4.217462 6.879321e-05 1.1195280918624408 0.999855261026242
4.187305 6.937815e-05 1.1290472982209463 1.008356904377158
4.1574160000000004 6.912876e-05 1.1249887710664557 1.0047322166565629
4.127575 6.898645e-05 1.1226728442074976 1.002663852610218
4.09762 6.912826e-05 1.1249806341580901 1.00472494954938
4.067564 6.873009e-05 1.1185008885503933 0.9989378614154956
4.037147 6.862061e-05 1.1167192310947072 0.9973466556267682
4.007138 6.884716e-05 1.1204060642750664 1.000639381891257
3.9772950000000002 6.912344e-05 1.124902194361448 1.0046548946361389
3.9470639999999997 6.837397e-05 1.1127054569362262 0.9937619369956778
3.917064 6.899713e-05 1.1228466485701825 1.0028190780196409
3.887194 6.884502e-05 1.1203712383072626 1.0006082786725148
3.856953 6.879826e-05 1.1196102746369312 0.9999286588087872
3.827339 6.881402e-05 1.1198667499886084 1.0001577180271866
3.797323 6.919932e-05 1.1261370515749798 1.0057577508221875
3.767407 6.913165e-05 1.1250358023968077 1.004774220536079
3.7374899999999998 6.847541e-05 1.114356272905397 0.9952362877009072
3.707268 6.920999e-05 1.1263106931994973 1.005912830889467
3.677295 6.874163e-05 1.1186886883954668 0.9991055862492728
3.64749 6.826211e-05 1.1108850677967206 0.9921361397767604
3.6174340000000003 6.912854e-05 1.124985190826775 1.0047290191294025
3.587009 6.94828e-05 1.1307503531418228 1.0098779099105006
3.557194 6.822127e-05 1.1102204451214353 0.9915425624620762
3.527 6.915435e-05 1.1254052180365965 1.0051041472021744
3.497351 6.914031e-05 1.1251767336496963 1.0049000868324836
3.467203 6.90126e-05 1.1230984045150076 1.003043922315874
3.4370079999999996 6.819733e-05 1.1098308499489 0.9911946133701677
3.406879 6.993111e-05 1.1380460679204014 1.0163937435526678
3.377047 6.854097e-05 1.1154231843302673 0.996189150794705
3.347286 6.836746e-05 1.1125995143893086 0.9936673192601586
3.317185 6.850358e-05 1.1148147063227034 0.9956457165195817
3.286944 6.959146e-05 1.13251866606779 1.0114571976434485
3.256971 6.879165e-05 1.1195027047083406 0.9998325876518318
3.227018 6.902114e-05 1.1232373829098885 1.003168044506555
3.1971570000000002 6.886866e-05 1.1207559513347782 1.0009518675001137
3.16687 6.92745e-05 1.1273605171168004 1.006850433058181
3.136877 6.871017e-05 1.1181767141211163 0.9986483398653363
3.1067310000000004 6.86413e-05 1.117055936362867 0.9976473685219889
3.0768139999999997 6.864358e-05 1.1170930406650132 0.9976805065307421
3.0468580000000003 6.902539e-05 1.1233065466309942 1.003229814917608
3.017055 6.802659e-05 1.107052258480286 0.9887130416094138
2.986879 6.88643e-05 1.1206849974938322 1.0008884983254807
2.95683 6.90774e-05 1.1241529478391625 1.0039857394067542
2.9269160000000003 6.80963e-05 1.108186706244589 0.9897262216928281
2.896823 6.873789e-05 1.1186278243208936 0.999051228287546
2.866601 6.901295e-05 1.1231041003508633 1.003049009290902
2.836773 6.881979e-05 1.1199606499111447 1.000241580444075
2.806657 6.863183e-05 1.1169018233184265 0.9975097295119484
2.7765549999999997 6.848087e-05 1.1144451279447471 0.9953156445113426
2.7466500000000003 6.872685e-05 1.1184481613841857 0.9988907705609517
2.7169899999999996 6.889685e-05 1.1212147102284193 1.0013615870030754
2.686768 6.867483e-05 1.1176015974378504 0.998134700729662
2.656601 6.878772e-05 1.1194387486085886 0.9997754681893757
2.626594 6.908177e-05 1.124224064418276 1.004049253923531
2.596749 6.879451e-05 1.1195492478241906 0.9998741555049169
2.5665549999999997 6.873965e-05 1.1186564662383398 0.9990768085048293
2.536745 6.804116e-05 1.1072893679900535 0.9889248051127182
2.5066100000000002 6.830847e-05 1.1116395219403596 0.9928099459547418
2.4764250000000003 6.858072e-05 1.116070068545316 0.9967668858157309
2.446509 6.868101e-05 1.1177021696252465 0.9982245221744404
2.416556 6.916162e-05 1.1255235286842293 1.0052098109406111
2.386924 6.883138e-05 1.120149263447055 1.0004100319885705
2.356814 6.828299e-05 1.1112248650900591 0.9924396141727106
2.326601 6.823169e-05 1.1103900182917699 0.9916940089757639
2.2964810000000004 6.839231e-05 1.1130039187350687 0.9940284944871398
2.266782 6.916793e-05 1.1256262164678006 1.0053015218332568
2.236814 6.871437e-05 1.1182450641513855 0.9987093835656712
2.206601 6.86705e-05 1.1175311318114058 0.9980717675814595
2.176249 6.870604e-05 1.1181095032580182 0.9985883135600071
2.146537 6.818691e-05 1.1096612767785652 0.9910431668564798
2.116749 6.855535e-05 1.1156572018148558 0.9963981527972798
2.086666 6.863963e-05 1.1170287590889265 0.9976230963839986
2.056749 6.860745e-05 1.11650506766653 0.9971553853657191
2.026754 6.819415e-05 1.1097790992116963 0.9911483945684857
1.996638 6.901556e-05 1.1231465750125307 1.0030869435903957
1.9665730000000001 6.866098e-05 1.117376205076129 0.9979334018607007
1.936481 6.865594e-05 1.1172941850398055 0.9978601494202988
1.906768 6.761769e-05 1.1003978948190674 0.982770001355388
1.87661 6.907485e-05 1.124111449606499 1.0039486771601223
1.846462 6.880411e-05 1.119705476464806 1.0000136839628249
1.816166 6.85683e-05 1.1158679477415197 0.9965863708733123
1.786575 6.840065e-05 1.1131396423666036 0.9941497098349475
1.756453 6.872114e-05 1.118355237890653 0.9988077801969251
1.726286 6.810302e-05 1.1082960662930197 0.9898238916133637
1.69624 6.898468e-05 1.1226440395518842 1.0026381270507914
1.6665 6.869278e-05 1.1178937124481678 0.9983955898775214
1.6363789999999998 6.830673e-05 1.1116112054992482 0.9927846564217461
1.60636 6.793113e-05 1.1054987599351653 0.9873256055060896
1.5763699999999998 6.839397e-05 1.1130309332708417 0.9940526212829862
1.546259 6.871016e-05 1.118176551382949 0.9986481945231926
1.516157 6.813519e-05 1.1088195949772492 0.9902914572894997
1.48649 6.748282e-05 1.0982030451565867 0.9808097718639224
1.456777 6.886302e-05 1.1206641670084165 1.0008698945310925
1.42637 6.884821e-05 1.1204231517826337 1.0006546428163405
1.3963230000000002 6.841789e-05 1.1134202029670424 0.9944002796906076
1.36632 6.784396e-05 1.1040801713307424 0.9860586580398546
1.3363230000000001 6.790979e-05 1.1051514766861301 0.9870154453715311
1.3064339999999999 6.787947e-05 1.1046580545628526 0.9865747679919711
1.276342 6.835575e-05 1.1124089479953911 0.9934971236099395
1.246157 6.783166e-05 1.1038800033849538 0.9858798872031599
1.216277 6.781789e-05 1.1036559129285708 0.9856797510713478
1.1863050000000002 6.808052e-05 1.107929905416577 0.9894968717901413
1.156175 6.828013e-05 1.1111783219742093 0.9923980463196256
1.1265 6.777109e-05 1.10289429830557 0.9849995498390456
1.096407 6.771045e-05 1.1019074540590155 0.9841181950799258
1.066472 6.762867e-05 1.1005765813267716 0.9829295870291206
1.036546 6.845632e-05 1.1140456057440065 0.9949588295486713
1.00662 6.777981e-05 1.1030362059874625 0.9851262881883122
0.9763324999999999 6.786204e-05 1.104374401937235 0.9863214366355816
0.9463232 6.736072e-05 1.0962160121337576 0.9790351442899028
0.9162769 6.877019e-05 1.1191534686012978 0.9995206834115495
0.8861935999999999 6.788556e-05 1.1047571621067431 0.9866632813574567
0.8562955 6.734086e-05 1.0958928141334843 0.9787464947926053
0.826425 6.746691e-05 1.0979441287323999 0.9805785325133682
0.7962121 6.8018e-05 1.1069124663945684 0.9885881927080146
0.7659621 6.695681e-05 1.0896428548180261 0.9731646297655608
0.7358047 6.683808e-05 1.08771066455758 0.9714389824939531
0.7061472999999999 6.638171e-05 1.0802837828161511 0.9648060030840002
0.6760547 6.666225e-05 1.0848492393618059 0.968883431582079
0.6462491 6.45507e-05 1.050486261643916 0.9381937112387492
0.6160084 6.055953e-05 0.9855346925225066 0.8801851908898642
0.5857584 5.512443e-05 0.8970848712090143 0.8011902823923
0.555925 4.893458e-05 0.7963523867179617 0.7112256756024252
0.5259991 4.225124e-05 0.6875889364084337 0.6140885793653529
0.495888 3.682688e-05 0.59931389588663 0.5352497683300733
0.4656936 3.275187e-05 0.5329979299705118 0.4760226994487906
0.43562880000000004 2.977555e-05 0.48456184375834027 0.43276422654866536
0.4057636 2.627521e-05 0.4275979521029026 0.38188953463676606
0.3759251 2.38986e-05 0.3889214365223504 0.34734737543373456
0.3458325 2.18981e-05 0.356365666152414 0.31827167959568603
0.3157769 2.072943e-05 0.33734694475364696 0.3012859792932356
0.2857213 1.795992e-05 0.29227644657956914 0.2610333272660255
0.2557584 1.547926e-05 0.25190664036817884 0.22497888305827077
0.22583250000000002 1.384453e-05 0.2253033439438618 0.20121936680866667
0.1958047 1.274261e-05 0.20737089981187468 0.18520382531510884
0.1658203 1.009835e-05 0.16433869718332778 0.14677158363716927
0.1358047 8.695703e-06 0.1415122769673417 0.12638521146013793
0.1056195 6.88131e-06 0.1119851778077216 0.10001443465499703
0.07594288 5.503075e-06 0.08955603400576743 0.07998287171905462
0.045878770000000006 3.806839e-06 0.06195180020960676 0.0553294140806902
0.01561024 2.275304e-06 0.03702788030282318 0.03306975608252693
-0.0143805 1.862049e-07 0.0030302644169742416 0.0027063419324939953
-0.04450087 -6.176275e-07 -0.010051156742893225 -0.008976730482986407
-0.07435902 -2.718259e-06 -0.04423644879280827 -0.03950775900676725
-0.1041212 -3.691744e-06 -0.060078765272977 -0.0536565986783007
-0.1341583 -5.785367e-06 -0.09415000227833434 -0.08408576416070142
-0.1642323 -6.931458e-06 -0.11280127716913703 -0.10074329643699476
-0.1945564 -8.653234e-06 -0.140821144244602 -0.12576795791025236
-0.22426939999999998 -1.004881e-05 -0.16353249230248468 -0.14605155865750571
-0.25431180000000003 -1.191883e-05 -0.1939648550653882 -0.17323083020515254
-0.2840657 -1.304679e-05 -0.21232106938504497 -0.18962484264078622
-0.3142416 -1.451373e-05 -0.23619378210010347 -0.21094566306201434
-0.34438979999999997 -1.586773e-05 -0.258228529953587 -0.23062498931281047
-0.3745102 -1.869508e-05 -0.3042403056873734 -0.2717183002989172
-0.40434960000000003 -1.934171e-05 -0.31476344380000126 -0.28111655933403706
-0.4341583 -2.082278e-05 -0.33886610554546576 -0.30264274820424875
-0.4643157 -2.322582e-05 -0.37797273810221255 -0.3375690466929586
-0.49423239999999996 -2.550889e-05 -0.41512700086576704 -0.37075167548424753
-0.5242416 -2.653209e-05 -0.43177837014470677 -0.38562308362295844
-0.5545557999999999 -2.856261e-05 -0.4648226804929013 -0.41513509657625725
-0.5849175 -3.075438e-05 -0.500491143788935 -0.446990751595982
-0.6148250000000001 -3.321633e-05 -0.5405564668892925 -0.4827732606529596
-0.6445949000000001 -3.521393e-05 -0.5730650431907096 -0.5118068072693484
-0.6742695 -3.796149e-05 -0.6177783310875465 -0.5517404332912371
-0.7042415999999999 -4.106035e-05 -0.6682086108019085 -0.5967799288197025
-0.7343898 -4.491757e-05 -0.730980302172229 -0.6528415911543376
-0.7642231 -4.711637e-05 -0.7667631703998802 -0.6847994217010515
-0.7947047 -5.05736e-05 -0.8230254978160537 -0.735047543631657
-0.8244916 -5.387416e-05 -0.8767382063650151 -0.7830185901976302
-0.8546028 -5.736189e-05 -0.9334968851914778 -0.8337100056663815
-0.8845657 -5.871057e-05 -0.9554450563399535 -0.8533120098967535
-0.914575 -6.089397e-05 -0.9909773077899506 -0.8850460135422398
-0.9448778999999999 -6.154295e-05 -1.0015386893718956 -0.8944784279811183
-0.9745565 -6.279974e-05 -1.0219914595009796 -0.9127448832534508
-1.004788 -6.243103e-05 -1.0159911405341717 -0.907385973074772
-1.034788 -6.4215e-05 -1.045023141367391 -0.9333145754762732
-1.06501 -6.391409e-05 -1.0401261871749305 -0.9289410850315709
-1.094878 -6.452951e-05 -1.0501414194673906 -0.9378857312363457
-1.124742 -6.442364e-05 -1.048418510490102 -0.9363469939614771
-1.1546679999999998 -6.484248e-05 -1.0552346358896245 -0.9424345043062953
-1.184779 -6.530881e-05 -1.0628236048456916 -0.9492122444913274
-1.2149269999999999 -6.606028e-05 -1.075052889904375 -0.9601342705605193
-1.2448119999999998 -6.624327e-05 -1.0780308356279416 -0.96279388644725
-1.274723 -6.582079e-05 -1.071155473535519 -0.9566534715621418
-1.304779 -6.549732e-05 -1.065891382037612 -0.9519520892413552
-1.334705 -6.643344e-05 -1.0811256273556349 -0.9655578579931242
-1.36467 -6.707054e-05 -1.0914936759948184 -0.9748176059653416
-1.394399 -6.722561e-05 -1.094017256755261 -0.9770714265869891
-1.424769 -6.6562e-05 -1.083217789234545 -0.9674263765919444
-1.454667 -6.740834e-05 -1.0969909712864776 -0.9797272635779847
-1.484779 -6.797998e-05 -1.1062937358824638 -0.9880356018778408
-1.514668 -6.835871e-05 -1.1124571184929142 -0.9935401448844611
-1.5446300000000002 -6.807076e-05 -1.1077710729652848 -0.9893550178579349
-1.5748440000000001 -6.78433e-05 -1.1040694306117003 -0.9860490654583736
-1.604779 -6.795151e-05 -1.1058304203201383 -0.9876218127948568
-1.6346489999999998 -6.815204e-05 -1.1090938087891626 -0.9905363588015571
-1.664612 -6.826507e-05 -1.1109332382942436 -0.9921791610512822
-1.694677 -6.867891e-05 -1.117667994610112 -0.998194000324273
-1.7245840000000001 -6.823859e-05 -1.1105023076272122 -0.9917942950548854
-1.754797 -6.794741e-05 -1.1057636976715421 -0.9875622225159586
-1.784853 -6.83487e-05 -1.112294217587439 -0.9933946573986632
-1.8147419999999999 -6.894071e-05 -1.1219284798302316 -1.0019990576451432
-1.844658 -6.784061e-05 -1.1040256540446944 -0.9860099684217305
-1.8748989999999999 -6.84241e-05 -1.1135212633689404 -0.994490537161817
-1.9048900000000002 -6.928261e-05 -1.127492497770487 -1.0069683055366847
-1.934658 -6.841272e-05 -1.1133360673345443 -0.9943251378023383
-1.964705 -6.829265e-05 -1.1113820701596786 -0.9925800146834807
-1.9948620000000001 -6.854847e-05 -1.1155452379557482 -0.9962981574024459
-2.0248530000000002 -6.84933e-05 -1.1146474114867109 -0.9954963047959049
-2.055232 -6.837631e-05 -1.1127435376673762 -0.9937959470572929
-2.085152 -6.846657e-05 -1.1142124123654968 -0.9951078052459169
-2.114844 -6.882802e-05 -1.120094583422839 -1.0003611970283024
-2.144853 -6.847583e-05 -1.114363107908424 -0.9952423920709408
-2.175038 -6.882156e-05 -1.1199894545667581 -1.0002673060035017
-2.205408 -6.824661e-05 -1.1106328236373932 -0.9919108594540961
-2.235418 -6.875923e-05 -1.1189751075699286 -0.9993613884221044
-2.265067 -6.839308e-05 -1.1130164495739514 -0.9940396858322011
-2.294797 -6.845585e-05 -1.1140379570501426 -0.9949519984679193
-2.3248339999999996 -6.860912e-05 -1.1165322449404702 -0.9971796575037093
-2.3551770000000003 -6.881783e-05 -1.1199287532303526 -1.0002130933839188
-2.385112 -6.859812e-05 -1.1163532329564319 -0.9970197811456897
-2.415279 -6.816994e-05 -1.1093851101086438 -0.9907965212386984
-2.445103 -6.825411e-05 -1.1107548772628741 -0.9920198660618369
-2.475133 -6.871035e-05 -1.1181796434081277 -0.9986509560239221
-2.5050839999999996 -6.897503e-05 -1.1224869972204319 -1.0024978718821647
-2.535307 -6.903768e-05 -1.1235065518386158 -1.0034084404121593
-2.564954 -6.884556e-05 -1.120380026168297 -1.000616127148272
-2.594927 -6.885739e-05 -1.1205725454202222 -1.000788066904215
-2.624779 -6.853946e-05 -1.1153986108670038 -0.9961672041310132
-2.6549549999999997 -6.867793e-05 -1.1176520462697157 -0.9981797567941949
-2.685112 -6.919676e-05 -1.126095390604149 -1.0057205432334122
-2.715186 -6.898231e-05 -1.1226054706062323 -1.0026036809627454
-2.745189 -6.859346e-05 -1.1162773969704662 -0.9969520517067466
-2.774927 -6.884945e-05 -1.1204433313153799 -1.0006726652421538
-2.804853 -6.860264e-05 -1.1164267906080547 -0.9970854757946211
-2.835186 -6.872528e-05 -1.1184226114919185 -0.998867951844398
-2.865279 -6.876983e-05 -1.1191476100272748 -0.999515451094378
-2.895233 -6.839314e-05 -1.1130174260029553 -0.9940405578850631
-2.924853 -6.833179e-05 -1.1120190273465214 -0.9931488838337437
-2.95501 -6.881156e-05 -1.1198267163994506 -1.0001219638598475
-2.985297 -6.908175e-05 -1.1242237389419414 -1.0040489632392438
-3.015214 -6.863111e-05 -1.1168901061703802 -0.9974992648776051
-3.045196 -6.853504e-05 -1.1153266805970536 -0.996102962903518
-3.0755839999999997 -6.872732e-05 -1.118455810078049 -0.9988976016417034
-3.10527 -6.900317e-05 -1.1229449424232365 -1.0029068646744081
-3.1351709999999997 -6.863373e-05 -1.116932743570215 -0.9975373445192427
-3.165094 -6.861181e-05 -1.116576021507476 -0.9972187545403522
-3.195094 -6.82089e-05 -1.1100191380084754 -0.9913627742303759
-3.2253719999999997 -6.886086e-05 -1.1206290155642782 -1.0008385006280633
-3.254906 -6.906448e-05 -1.1239426901270009 -1.0037979573571527
-3.2849920000000004 -6.862933e-05 -1.1168611387765996 -0.9974733939760347
-3.315057 -6.81148e-05 -1.1084877718541084 -0.9899951046585884
-3.3455100000000004 -6.835898e-05 -1.1124615124234316 -0.99354406912234
-3.375223 -6.893891e-05 -1.121899186960116 -1.0019728960592855
-3.4050949999999998 -6.891634e-05 -1.121531886916502 -1.0016448588410576
-3.435242 -6.759294e-05 -1.0999951178549807 -0.9824102795498436
-3.46551 -6.872779e-05 -1.1184634587719127 -0.9989044327224552
-3.495237 -6.940058e-05 -1.129412319930218 -1.008682906805375
-3.525265 -6.850644e-05 -1.1148612494385535 -0.9956872843726667
-3.5551329999999997 -6.762107e-05 -1.1004529003196175 -0.9828191269999432
-3.585038 -6.899263e-05 -1.1227734163948937 -1.0027536740549963
-3.615196 -6.911864e-05 -1.1248240800411402 -1.0045851304071847
-3.645251 -6.882028e-05 -1.1199686240813431 -1.0002487022091142
-3.675566 -6.883837e-05 -1.120263017426003 -1.0005116261469849
-3.705399 -6.910454e-05 -1.124594619225236 -1.004380197984632
-3.735473 -6.820647e-05 -1.1099795926338194 -0.9913274560894677
-3.7653220000000003 -6.811998e-05 -1.108572070224774 -0.9900703918890016
-3.795057 -6.926643e-05 -1.127229187415783 -1.006733141948252
-3.824983 -6.89666e-05 -1.1223498089453914 -1.0023753484550642
-3.854908 -6.86295e-05 -1.1168639053254437 -0.9974758647924769
-3.884871 -6.844431e-05 -1.1138501572050696 -0.9947842736341422
-3.915094 -6.857885e-05 -1.1160396365080294 -0.9967397068348676
-3.9450749999999997 -6.888377e-05 -1.1210018487055804 -1.0011714794791753
-3.975094 -6.910625e-05 -1.1246224474518458 -1.004405051491197
-4.00514 -6.887688e-05 -1.1208897221083054 -1.0010713387421977
-4.034992 -6.88634e-05 -1.1206703510587743 -1.0008754175325514
-4.065316 -6.899502e-05 -1.1228123108168804 -1.00278841082733
-4.095566 -6.851165e-05 -1.1149460360237207 -0.9957630076295105
-4.125649 -6.940697e-05 -1.1295163096191276 -1.00877578043517
-4.155825 -6.880674e-05 -1.1197482766028082 -1.0000519089466062
-4.1854629999999995 -6.798562e-05 -1.1063855202088255 -0.9881175748468618
-4.215177 -6.877477e-05 -1.1192280026819248 -0.9995872501133432
-4.245233 -6.962934e-05 -1.1331351182455522 -1.0120077536836112
-4.275251 -6.834573e-05 -1.1122458843517486 -0.9933514907819978
-4.305205 -6.850815e-05 -1.1148890776651628 -0.9957121378792315
-4.3350290000000005 -6.892381e-05 -1.1216534523274813 -1.0017534294223676
-4.365455 -6.950594e-05 -1.1311269292609734 -1.0102142316309168
-4.395547 -6.770029e-05 -1.1017421120810305 -0.9839705274619728
-4.425511 -6.902715e-05 -1.1233351885484406 -1.0032553951348913
-4.45539 -6.862878e-05 -1.1168521881773974 -0.9974654001581337
-4.485279 -6.894648e-05 -1.1220223797527682 -1.0020829200620318
-4.5152600000000005 -6.856838e-05 -1.115869249646858 -0.9965875336104616
-4.545603 -6.863436e-05 -1.1169429960747554 -0.9975465010742929
-4.575482 -6.903501e-05 -1.1234631007479448 -1.0033696340598037
-4.605446 -6.937008e-05 -1.1289159685199288 -1.008239613267229
-4.635594 -6.888323e-05 -1.120993060844546 -1.001163631003418
-4.665501 -6.968821e-05 -1.1340931578364937 -1.0128633828833042
-4.695723 -6.879591e-05 -1.1195720311676138 -0.9998945034050286
-4.725770000000001 -6.868431e-05 -1.1177558732204582 -0.9982724850818463
-4.755825 -6.909763e-05 -1.1244821671516263 -1.004279766563367
-4.785643 -6.910502e-05 -1.1246024306572666 -1.0043871744075274
-4.815288 -6.842184e-05 -1.1134844845431289 -0.9944576898373512
-4.845702 -6.901587e-05 -1.1231516198957172 -1.003091449196849
-4.875955 -6.869756e-05 -1.1179715012921407 -0.998465063422188
-4.905844 -6.916838e-05 -1.1256335396853294 -1.0053080622297212
-4.935718 -6.858222e-05 -1.1160944792704122 -0.9967886871372792
-4.965658 -6.883324e-05 -1.1201795327461739 -1.00043706562729
-4.995705 -6.870738e-05 -1.1181313101724375 -0.9986077894072569
-5.025557 -6.920137e-05 -1.126170412899278 -1.005787545961637
-5.05539 -6.880695e-05 -1.1197516941043215 -1.000054961131623
-5.085344 -6.842328e-05 -1.113507918839221 -0.9944786191060372
-5.1150839999999995 -6.80767e-05 -1.1078677394366654 -0.9894413510912655
-5.1451769999999994 -6.898264e-05 -1.1226108409657534 -1.0026084772534858
-5.175260000000001 -6.895286e-05 -1.1221262067035107 -1.0021756483496833
-5.205464 -6.861987e-05 -1.1167071884703261 -0.9973359003081376
-5.235455 -6.89057e-05 -1.1213587335064867 -1.0014902148002094
-5.2654819999999996 -6.891826e-05 -1.1215631326446254 -1.001672764532639
-5.295388 -6.854034e-05 -1.1154129318257269 -0.9961799942396549
-5.325335 -6.900697e-05 -1.1230067829268133 -1.0029620946889968
-5.355344 -6.867469e-05 -1.1175993191035078 -0.9981326659396508
-5.385242 -6.869735e-05 -1.1179680837906274 -0.9984620112371713
-5.415316 -6.87933e-05 -1.1195295565059464 -0.9998565691055348
-5.445187 -6.904521e-05 -1.1236290936785986 -1.003517883046331
-5.4754179999999995 -6.815759e-05 -1.1091841284720187 -0.9906170236912853
-5.5056400000000005 -6.850599e-05 -1.1148539262210242 -0.9956807439762021
-5.535274 -6.888187e-05 -1.120970928453792 -1.001143864471881
-5.565122000000001 -6.899663e-05 -1.1228385116618171 -1.0028118109124584
-5.594992 -6.807363e-05 -1.107817778819302 -0.9893967310531636
-5.625011000000001 -6.884518e-05 -1.1203738421179394 -1.0006106041468132
-5.655187 -6.862634e-05 -1.1168124800645745 -0.9974299366750821
-5.685279 -6.924134e-05 -1.1268208773540076 -1.0063684785098232
-5.715214 -6.844509e-05 -1.1138628507821198 -0.9947956103213474
-5.745177 -6.927946e-05 -1.127441235247785 -1.0069225227614336
-5.775104000000001 -6.843548e-05 -1.1137064594033366 -0.9946559365212954
-5.805187 -6.90859e-05 -1.1242912752813743 -1.0041092802288605
-5.835196 -6.873e-05 -1.1184994239068877 -0.9989365533362028
-5.865224 -6.838196e-05 -1.1128354847319049 -0.9938780653684574
-5.895279 -6.901212e-05 -1.1230905930829769 -1.0030369458929789
-5.9252139999999995 -6.889652e-05 -1.121209339868898 -1.0013567907123346
-5.9554920000000005 -6.795386e-05 -1.1058686637894557 -0.9876559681986157
-5.985132999999999 -6.902515e-05 -1.123302640914979 -1.0032263267061603
-6.0148530000000004 -6.953233e-05 -1.1315563952844987 -1.0105977895480205
-6.045046999999999 -6.862124e-05 -1.1167294835992472 -0.9973558121818182
-6.075048 -6.820883e-05 -1.1100179988413041 -0.9913617568353702
-6.105446 -6.921267e-05 -1.1263543070283357 -1.0059517825839663
-6.135039 -6.903744e-05 -1.1235026461226003 -1.0034049522007114
-6.164955 -6.786625e-05 -1.1044429147056716 -0.9863826256780601
-6.195112 -6.840676e-05 -1.1132390753868284 -0.9942385138847203
-6.22501 -6.923254e-05 -1.1266776677667767 -1.0062405774234076
-6.25476 -6.873877e-05 -1.1186421452796167 -0.9990640183961876
-6.284796999999999 -6.802189e-05 -1.106975771541651 -0.9886447308018961
-6.314742 -6.910548e-05 -1.124609916612963 -1.0043938601461357
-6.344797 -6.819405e-05 -1.109777471830023 -0.991146941147049
-6.374695 -6.839717e-05 -1.1130830094843802 -0.9940991307689557
-6.404831 -6.910323e-05 -1.1245733005253187 -1.0043611581638132
-6.434667999999999 -6.84399e-05 -1.1137783896732867 -0.9947201777487906
-6.464658999999999 -6.857083e-05 -1.1159091204978486 -0.9966231424356569
-6.494724 -6.881952e-05 -1.1199562559806278 -1.0002376562061965
-6.524584 -6.882007e-05 -1.1199652065798296 -1.0002456500240975
-6.554751 -6.878055e-05 -1.1193220653426288 -0.9996712578723753
-6.584835 -6.865351e-05 -1.11725463966515 -0.9978248312793908
-6.614807 -6.891542e-05 -1.1215169150051099 -1.0016314873638414
-6.644612 -6.891821e-05 -1.1215623189537887 -1.0016720378219208
-6.6748069999999995 -6.874792e-05 -1.1187910507027032 -0.9991970064576312
-6.704668 -6.860679e-05 -1.1164943269474876 -0.997145792784238
-6.73489 -6.886118e-05 -1.120634223185632 -1.0008431515766605
-6.764614 -6.871149e-05 -1.1181981955592006 -0.9986675250282986
-6.794613 -6.88158e-05 -1.119895717382389 -1.000183588928757
-6.824676999999999 -6.819746e-05 -1.1098329655450752 -0.9911965028180353
-6.85489 -6.874242e-05 -1.1187015447106838 -0.9991170682786215
-6.884727 -6.869277e-05 -1.1178935497100007 -0.9983954445353778
-6.914649000000001 -6.885549e-05 -1.120541625168434 -1.000760451896921
-6.944612 -6.848957e-05 -1.1145867101503049 -0.9954420921763218
-6.974455 -6.850721e-05 -1.114873780277436 -0.9956984757177281
-7.00464 -6.890106e-05 -1.1212832229968557 -1.0014227760455536
-7.0345569999999995 -6.907892e-05 -1.1241776840405935 -1.0040078314125898
-7.064667999999999 -6.832476e-05 -1.1119046224149043 -0.9930467083067549
-7.094742 -6.915184e-05 -1.1253643707566021 -1.005067666324117
-7.124807 -6.903266e-05 -1.1234248572786274 -1.0033354786560449
-7.154604 -6.90322e-05 -1.1234173713229312 -1.0033287929174366
-7.1844920000000005 -6.811431e-05 -1.1084797976839105 -0.9899879828935495
-7.214501 -6.861683e-05 -1.1166577160674647 -0.9972917162964667
-7.2445010000000005 -6.851317e-05 -1.1149707722251514 -0.995785099635346
-7.274297 -6.871594e-05 -1.118270614043653 -0.9987322022822248
-7.304344 -6.836894e-05 -1.1126235996380704 -0.9936888298974197
-7.3341400000000005 -6.891106e-05 -1.1214459611641636 -1.0015681181892082
-7.3645760000000005 -6.870896e-05 -1.118157022802872 -0.9986307534659542
-7.394464 -6.86224e-05 -1.116748361226655 -0.9973726718704822
-7.424390000000001 -6.917074e-05 -1.1256719458928142 -1.0053423629756237
-7.45439 -6.931942e-05 -1.1280915369643472 -1.0075033099674762
-7.484251 -6.79872e-05 -1.1064112328392604 -0.9881405389055593
-7.514418 -6.845516e-05 -1.1140267281165985 -0.9949419698600073
-7.54427 -6.904568e-05 -1.1236367423724618 -1.0035247141270824
-7.574251 -6.890372e-05 -1.1213265113493596 -1.0014614370557657
-7.603954 -6.844047e-05 -1.1137876657488233 -0.9947284622509789
-7.633853 -6.844333e-05 -1.1138342088646733 -0.9947700301040642
-7.663825 -6.883209e-05 -1.1201608178569336 -1.00042035128077
-7.694094 -6.859421e-05 -1.1162896023330142 -0.9969629523675206
-7.723844 -6.858022e-05 -1.1160619316369507 -0.9967596187085483
-7.753964 -6.832752e-05 -1.111949538149081 -0.9930868227384033
-7.784076 -6.847381e-05 -1.1143302347986275 -0.9952130329579224
-7.813881 -6.872002e-05 -1.1183370112159143 -0.9987915018768357
-7.84402 -6.890824e-05 -1.1214000690009829 -1.0015271317046976
-7.8739740000000005 -6.849636e-05 -1.1146972093659069 -0.995540779491863
-7.903918 -6.868262e-05 -1.1177283704701828 -0.9982479222595685
-7.933680000000001 -6.836414e-05 -1.1125454853177623 -0.9936190656684654
-7.963566 -6.879764e-05 -1.119600184870558 -0.9999196475958807
-7.993992 -6.825208e-05 -1.1107218414149107 -0.9919903616066751
-8.0239 -6.873941e-05 -1.118652560522324 -0.9990733202933814
-8.053908999999999 -6.84683e-05 -1.1142405660684411 -0.9951329494367691
-8.083613999999999 -6.848075e-05 -1.1144431750867396 -0.9953139004056188
-8.113408999999999 -6.805731e-05 -1.1075521901302554 -0.9891595326747197
-8.143391 -6.914713e-05 -1.1252877210798002 -1.004999210174456
-8.173437 -6.854512e-05 -1.1154907206697 -0.9962494677843217
-8.203437 -6.846672e-05 -1.1142148534380065 -0.9951099853780716
-8.233371 -6.848627e-05 -1.1145330065550934 -0.9953941292689159
-8.26318 -6.907105e-05 -1.1240496091029222 -1.0038934471455339
-8.293464 -6.809019e-05 -1.1080872732243636 -0.989637417643055
-8.323630999999999 -6.877899e-05 -1.119296678188529 -0.9996485844979653
-8.353283 -6.882656e-05 -1.1200708236504124 -1.0003399770753292
-8.383167 -6.853165e-05 -1.1152715123583363 -0.9960536919168193
-8.413158 -6.863689e-05 -1.1169841688310844 -0.9975832726366375
-8.443334 -6.898848e-05 -1.1227058800554612 -1.00269335706538
-8.473417 -6.866494e-05 -1.1174406493903828 -0.9979909573495878
-8.503416999999999 -6.861892e-05 -1.116691728344432 -0.9973220928044906
-8.533408 -6.902089e-05 -1.1232333144557058 -1.0031644109529636
-8.563011000000001 -6.826974e-05 -1.1110092370183764 -0.9922470358323687
-8.593288000000001 -6.885452e-05 -1.120525839566205 -1.0007463537089865
-8.623251 -6.843127e-05 -1.1136379466349 -0.994594747478817
-8.653171 -6.88826e-05 -1.1209828083400055 -1.0011544744483678
-8.682694999999999 -6.845187e-05 -1.1139731872595544 -0.9948941522947451
-8.71289 -6.829183e-05 -1.1113687256299596 -0.9925680966277012
-8.742677 -6.8222e-05 -1.1102323250076487 -0.9915531724385629
-8.772815000000001 -6.876459e-05 -1.1190623352276055 -0.999439291811103
-8.802586 -6.864967e-05 -1.1171921482089038 -0.9977690198962277
-8.832445 -6.841848e-05 -1.1134298045189135 -0.9944088548770832
-8.862473 -6.876756e-05 -1.1191106684632959 -0.9994824584277685
-8.892584000000001 -6.873489e-05 -1.1185790028707012 -0.9990076256444499
-8.922463 -6.830453e-05 -1.1115754031024403 -0.992752681150142
-8.952121 -6.841805e-05 -1.1134228067777192 -0.9944026051649061
-8.982297 -6.863762e-05 -1.1169960487172979 -0.9975938826131242
-9.012316 -6.847872e-05 -1.114410139238776 -0.9952843959504568
-9.041981 -6.791252e-05 -1.1051959042058053 -0.9870551237767488
-9.072038000000001 -6.831364e-05 -1.1117236575728577 -0.9928850878430111
-9.102159 -6.857658e-05 -1.1160026949440505 -0.9967067141682581
-9.132057000000001 -6.850123e-05 -1.114776462853386 -0.9956115611158228
-9.161718 -6.840623e-05 -1.1132304502639614 -0.9942308107511066
-9.191646 -6.804625e-05 -1.1073722017172132 -0.9889987842638381
-9.221879999999999 -6.818859e-05 -1.1096886167906732 -0.9910675843366139
-9.251751 -6.855813e-05 -1.1157024430253675 -0.9964385579132159
-9.281688 -6.833874e-05 -1.1121321303728007 -0.9932498966235837
-9.311307000000001 -6.901713e-05 -1.1231721249047983 -1.0031097623069496
-9.341361999999998 -6.858273e-05 -1.1161027789169449 -0.9967960995866054
-9.371251 -6.856227e-05 -1.115769816626633 -0.9964987295606887
-9.401093999999999 -6.843406e-05 -1.113683350583579 -0.9946352979368968
-9.430898 -6.834817e-05 -1.1122855924645718 -0.9933869542650496
-9.46089 -6.866386e-05 -1.1174230736683135 -0.997975260398073
-9.490834000000001 -6.894339e-05 -1.12197209365907 -1.0020380093396426
-9.520824000000001 -6.807376e-05 -1.107819894415477 -0.9893986205010311
-9.550821 -6.830446e-05 -1.111574263935269 -0.9927516637551363
-9.580418 -6.859039e-05 -1.1162274363531028 -0.9969074316686448
-9.610408 -6.885824e-05 -1.1205863781644436 -1.000800420986426
-9.640409 -6.806757e-05 -1.1077191594899134 -0.9893086537141091
-9.670251 -6.876451e-05 -1.119061033322267 -0.9994381290739539
-9.700649 -6.819676e-05 -1.1098215738733637 -0.9911863288679794
-9.730557000000001 -6.788224e-05 -1.104703133035197 -0.9866150277657635
-9.760853 -6.86879e-05 -1.1178142962225215 -0.9983246629114181
-9.790704999999999 -6.884002e-05 -1.1202898692236087 -1.000535607600688
-9.820807 -6.809722e-05 -1.1082016781559811 -0.9897395931700442
-9.851028 -6.855806e-05 -1.1157013038581962 -0.9964375405182102
-9.880647999999999 -6.826931e-05 -1.1110022392771821 -0.9922407861201915
-9.910686 -6.831001e-05 -1.1116645836181251 -0.9928323286448647
-9.940695 -6.847762e-05 -1.1143922380403721 -0.995268408314655
-9.970687 -6.828301e-05 -1.111225190566394 -0.992439904856998
-9.992888 -6.811896e-05 -1.1085554709317085 -0.9900555669903487
-9.994315 -6.840273e-05 -1.1131734919054033 -0.9941799410008275
-9.965938 -6.847209e-05 -1.1143022438338508 -0.995188034109214
-9.936418999999999 -6.795764e-05 -1.1059301788166984 -0.9877109075289172
-9.907183999999999 -6.868896e-05 -1.1178315464682562 -0.9983400691786454
-9.87729 -6.830182e-05 -1.1115313010591 -0.9927132934292117
-9.847707 -6.819311e-05 -1.109762174442296 -0.9911332789855455
-9.817753 -6.864584e-05 -1.1171298194908248 -0.997713353855208
-9.787780000000001 -6.89052e-05 -1.1213505965981214 -1.001482947693027
-9.758271 -6.782237e-05 -1.103728819627525 -0.985744864351705
-9.728347 -6.814564e-05 -1.1089896563620858 -0.9904433398296183
-9.698142 -6.863206e-05 -1.1169055662962744 -0.9975130723812522
-9.668327 -6.888703e-05 -1.121054901348123 -1.0012188610180068
-9.638114 -6.845153e-05 -1.1139676541618657 -0.9948892106618606
-9.608252 -6.816151e-05 -1.1092479218336033 -0.9906739978115979
-9.578475000000001 -6.824791e-05 -1.1106539795991432 -0.9919297539327712
-9.548429 -6.824248e-05 -1.110565612774295 -0.9918508331487669
-9.518188 -6.864587e-05 -1.1171303077053267 -0.997713789881639
-9.488447 -6.814815e-05 -1.10903050364208 -0.9904798207076756
-9.458688 -6.889587e-05 -1.121198761888023 -1.0013473434729971
-9.428808 -6.850487e-05 -1.114835699546286 -0.9956644656561129
-9.3989 -6.795386e-05 -1.1058686637894557 -0.9876559681986157
-9.368947 -6.826327e-05 -1.110903945424128 -0.9921529994654242
-9.339262000000002 -6.851822e-05 -1.115052954999642 -0.9958584974178916
-9.30929 -6.847046e-05 -1.1142757175125797 -0.9951643433397984
-9.279484 -6.857148e-05 -1.1159196984787236 -0.9966325896749945
-9.249585999999999 -6.712172e-05 -1.0923265699351 -0.9755614670565644
-9.219401 -6.855343e-05 -1.1156259560867328 -0.9963702471056982
-9.18924 -6.890023e-05 -1.1212697157289693 -1.0014107126476304
-9.159854 -6.857776e-05 -1.116021898047793 -0.9967238645412094
-9.129947 -6.780323e-05 -1.1034173387752977 -0.9854666794887506
-9.099956 -6.864359e-05 -1.1170932034031804 -0.9976806518728858
-9.069929 -6.840009e-05 -1.1131305290292342 -0.9941415706749028
-9.039669 -6.887224e-05 -1.1208142115986746 -1.001003899987542
-9.009977000000001 -6.742044e-05 -1.0971878844689202 -0.9799031275718065
-8.980216 -6.853033e-05 -1.115250030920252 -0.996034506753857
-8.950252 -6.821902e-05 -1.1101838290337909 -0.991509860479754
-8.920179000000001 -6.914843e-05 -1.1253088770415502 -1.0050181046531308
-8.890075999999999 -6.760543e-05 -1.1001983778259483 -0.982591811887268
-8.860012000000001 -6.839739e-05 -1.1130865897240612 -0.9941023282961163
-8.830504000000001 -6.866106e-05 -1.1173775069814673 -0.9979345645978499
-8.800512000000001 -6.835393e-05 -1.1123793296489413 -0.9934706713397945
-8.770575999999998 -6.779467e-05 -1.103278034904082 -0.9853422666137824
-8.740599 -6.917615e-05 -1.1257599872413275 -1.0054209930753406
-8.710909 -6.843574e-05 -1.1137106905956868 -0.9946597154170307
-8.680619 -6.900355e-05 -1.122951126473594 -1.002912387675867
-8.650604 -6.856e-05 -1.115732875062654 -0.9964657368940792
-8.620576999999999 -6.900412e-05 -1.1229604025491307 -1.0029206721780553
-8.590577 -6.835213e-05 -1.1123500367788255 -0.9934445097539366
-8.560733 -6.822607e-05 -1.110298559441743 -0.9916123266910303
-8.530929 -6.805368e-05 -1.1074931161755228 -0.9891067734765733
-8.501196 -6.834316e-05 -1.1122040606427506 -0.9933141378510788
-8.471095 -6.796631e-05 -1.106071272807754 -0.9878369191674653
-8.441012 -6.856208e-05 -1.1157667246014542 -0.9964959680599593
-8.410983 -6.807991e-05 -1.1079199783883715 -0.9894880059193787
-8.380882 -6.880845e-05 -1.119776104829418 -1.000076762453171
-8.351094999999999 -6.83916e-05 -1.11299236432519 -0.9940181751949405
-8.32103 -6.837623e-05 -1.1127422357620376 -0.9937947843201436
-8.291202 -6.802192e-05 -1.106976259756153 -0.988645166828327
-8.261271 -6.923385e-05 -1.1266989864666939 -1.0062596172442262
-8.231076999999999 -6.858196e-05 -1.1160902480780621 -0.9967849082415441
-8.201373 -6.857389e-05 -1.1159589183770446 -0.9966676171316151
-8.171456000000001 -6.873165e-05 -1.1185262757044934 -0.9989605347899058
-8.141114 -6.918058e-05 -1.125832080249445 -1.0054853796449796
-8.111308 -6.792937e-05 -1.1054701180177189 -0.9873000252888063
-8.081252000000001 -6.836808e-05 -1.1126096041556819 -0.9936763304730654
-8.051113 -6.890445e-05 -1.121338391235573 -1.0014720470322525
-8.021428 -6.877325e-05 -1.1192032664804943 -0.9995651581075079
-7.991589 -6.818337e-05 -1.1096036674673384 -0.9909917157376263
-7.961640999999999 -6.829758e-05 -1.1114623000761614 -0.9926516683603024
-7.931446 -6.897415e-05 -1.122472676261709 -1.0024850817735234
-7.901335 -6.847129e-05 -1.114289224780466 -0.9951764067377217
-7.871428 -6.772838e-05 -1.1021992435929984 -0.9843787935434979
-7.841372000000001 -6.797833e-05 -1.1062668840848582 -0.988011620424138
-7.811542 -6.92188e-05 -1.1264540655248956 -1.0060408773180265
-7.7815389999999995 -6.917576e-05 -1.1257536404528026 -1.0054153247317381
-7.7516229999999995 -6.834442e-05 -1.1122245656518315 -0.9933324509611793
-7.721437 -6.868364e-05 -1.1177449697632484 -0.9982627471582214
-7.691558 -6.917617e-05 -1.125760312717662 -1.005421283759628
-7.66153 -6.880658e-05 -1.1197456727921313 -1.0000495834723078
-7.631696 -6.852436e-05 -1.115152876234369 -0.9959477374940952
-7.601743000000001 -6.861635e-05 -1.1166499046354341 -0.9972847398735715
-7.571835 -6.837514e-05 -1.1127244973018011 -0.9937789420264854
-7.5419 -6.834994e-05 -1.1123143971201852 -0.9934126798244763
-7.511974 -6.874764e-05 -1.1187864940340186 -0.999192936877609
-7.481715 -6.932821e-05 -1.128234583813411 -1.0076310657117484
-7.451956 -6.843648e-05 -1.1137227332200674 -0.994670470735661
-7.421983 -6.836198e-05 -1.1125103338736242 -0.9935876717654364
-7.392067 -6.886015e-05 -1.1206174611543993 -1.0008281813358637
-7.361983 -6.907943e-05 -1.124185983687126 -1.004015243861916
-7.33191 -6.835527e-05 -1.1124011365633604 -0.9934901471870441
-7.301558 -6.902408e-05 -1.123285227931077 -1.0032107750967894
-7.272268 -6.838455e-05 -1.1128776339172377 -0.993915708983664
-7.24228 -6.81489e-05 -1.109042709004628 -0.9904907213684496
-7.212446 -6.910084e-05 -1.1245344061033322 -1.00432642139148
-7.182233 -6.884371e-05 -1.1203499196073454 -1.0005892388516961
-7.152132 -6.760413e-05 -1.100177221864198 -0.9825729174085929
-7.1223540000000005 -6.855741e-05 -1.1156907258773214 -0.9964280932788728
-7.092243000000001 -6.919647e-05 -1.126090671197297 -1.0057163283112462
-7.062354 -6.825307e-05 -1.1107379524934742 -0.992004750478897
-7.032465 -6.883685e-05 -1.120238281224572 -1.000489534141149
-7.002252 -6.826383e-05 -1.1109130587614973 -0.9921611386254688
-6.9725209999999995 -6.878914e-05 -1.1194618574283464 -0.9997961067737745
-6.942317 -6.882362e-05 -1.120022978629224 -1.0002972464850948
-6.912169 -6.906126e-05 -1.1238902884371278 -1.0037511571868962
-6.881919 -6.816596e-05 -1.1093203403180554 -0.9907386750655239
-6.851649999999999 -6.877155e-05 -1.1191756009920517 -0.9995404499430864
-6.821956 -6.865038e-05 -1.1172037026187824 -0.997779339188427
-6.792314999999999 -6.893104e-05 -1.1217711120224447 -1.0018585117922294
-6.762391 -6.857893e-05 -1.116040938413368 -0.9967408695720169
-6.732474 -6.90716e-05 -1.124058559702124 -1.0039014409634348
-6.7022889999999995 -6.863127e-05 -1.1168927099810573 -0.9975015903519038
-6.671938 -6.862151e-05 -1.1167338775297648 -0.9973597364196971
-6.641928 -6.857717e-05 -1.1160122964959216 -0.9967152893547336
-6.612211 -6.894358e-05 -1.1219751856842488 -1.002040770840372
-6.582132 -6.845786e-05 -1.1140706674217717 -0.994981212238794
-6.551919 -6.839008e-05 -1.112967628123759 -0.9939960831891049
-6.522057 -6.886105e-05 -1.120632107589457 -1.0008412621287928
-6.492011000000001 -6.876593e-05 -1.1190841421420246 -0.9994587676583526
-6.4622150000000005 -6.861411e-05 -1.116613451285957 -0.9972521832333928
-6.432039 -6.858152e-05 -1.1160830875987005 -0.9967785131872233
-6.401956 -6.900159e-05 -1.1229192297928017 -1.0028839006157106
-6.371974 -6.980089e-05 -1.1359268915057184 -1.0145010981580012
-6.342289 -6.809944e-05 -1.1082378060291238 -0.9897718591259356
-6.312206 -6.832496e-05 -1.1119078771782505 -0.993049615149628
-6.28241 -6.908151e-05 -1.1242198332259261 -1.004045475027796
-6.252668 -6.967725e-05 -1.133914796805124 -1.012704087893859
-6.222465000000001 -6.855954e-05 -1.115725389106958 -0.9964590511554713
-6.192576 -6.867594e-05 -1.1176196613744214 -0.9981508337076075
-6.1622889999999995 -6.828991e-05 -1.1113374799018363 -0.9925401909361196
-6.132702 -6.951399e-05 -1.131257933485656 -1.0103312320565585
-6.10266 -6.892578e-05 -1.1216855117464408 -1.0017820618246673
-6.072585 -6.879181e-05 -1.1195053085190174 -0.9998349131261302
-6.04253 -6.826948e-05 -1.1110050058260263 -0.9922432569366336
-6.012538999999999 -6.90387e-05 -1.123523151131681 -1.003423265310812
-5.982706 -6.896901e-05 -1.1223890288437126 -1.002410375911685
-5.952613 -6.869708e-05 -1.1179636898601102 -0.9984580869992927
-5.922428 -6.89616e-05 -1.1222684398617375 -1.002302677383237
-5.892308 -6.937217e-05 -1.1289499807968961 -1.008269989775253
-5.8624 -6.857151e-05 -1.1159201866932256 -0.9966330257014254
-5.832626 -6.850348e-05 -1.1148130789410302 -0.995644263098145
-5.802743 -6.928928e-05 -1.1276010441280815 -1.0070652487465022
-5.772502 -6.875079e-05 -1.1188377565567207 -0.9992387196528602
-5.742697 -6.814161e-05 -1.1089240728806609 -0.9903847669457257
-5.712585 -6.92433e-05 -1.1268527740347998 -1.0063969655699794
-5.682558 -6.865851e-05 -1.1173360087488038 -0.997897502351218
-5.65278 -6.877253e-05 -1.119191549332448 -0.9995546934731646
-5.622456000000001 -6.844561e-05 -1.1138713131668196 -0.9948031681128174
-5.5924 -6.861372e-05 -1.116607104497432 -0.9972465148897903
-5.562585 -6.901467e-05 -1.1231320913156406 -1.0030740081396108
-5.532814999999999 -6.873827e-05 -1.1186340083712512 -0.9990567512890048
-5.5028630000000005 -6.934089e-05 -1.1284409358095573 -1.0078153595499022
-5.472761 -6.900028e-05 -1.1228979110928845 -1.002864860794892
-5.442585 -6.884279e-05 -1.120334947695953 -1.00057586737448
-5.412761000000001 -6.897471e-05 -1.1224817895990782 -1.002493220933568
-5.382641 -6.895429e-05 -1.1221494782614354 -1.0021964322762256
-5.352604 -6.899008e-05 -1.1227319181622302 -1.0027166118083644
-5.32278 -6.882185e-05 -1.1199941739736103 -1.0002715209256678
-5.292623 -6.908406e-05 -1.1242613314585894 -1.0040825372744278
-5.2624830000000005 -6.90332e-05 -1.1234336451396618 -1.0033433271318022
-5.232565999999999 -6.925171e-05 -1.1269896368335057 -1.0065191983127928
-5.202521 -6.848961e-05 -1.1145873611029742 -0.9954426735448965
-5.172585 -6.895748e-05 -1.1222013917368068 -1.0022427964200515
-5.142548 -6.922836e-05 -1.1266096432128418 -1.0061798244073599
-5.112539 -6.850917e-05 -1.1149056769582282 -0.9957269627778842
-5.082419 -6.846336e-05 -1.114160173413791 -0.9950611504178037
-5.0525020000000005 -6.906816e-05 -1.12400257777257 -1.0038514432660175
-5.022777 -6.958103e-05 -1.1323489301592882 -1.0113056057876173
-4.992983000000001 -6.854277e-05 -1.1154524772003827 -0.9962153123805628
-4.962993 -6.826274e-05 -1.1108953203012608 -0.9921452963318107
-4.932881999999999 -6.932492e-05 -1.1281810429563666 -1.0075832481464861
-4.9027330000000005 -6.874156e-05 -1.1186875492282955 -0.9991045688542671
-4.873079 -6.885934e-05 -1.1206042793628475 -1.0008164086222278
-4.84316 -6.852063e-05 -1.1150921748979632 -0.9958935248745121
-4.813196 -6.930106e-05 -1.12779274968917 -1.0072364617917269
-4.782946 -6.917284e-05 -1.1257061209079486 -1.005372884825791
-4.7530209999999995 -6.856287e-05 -1.1157795809166717 -0.9965074500893082
-4.722733 -6.842618e-05 -1.1135551129077403 -0.9945207683276969
-4.692787 -6.961382e-05 -1.1328825486098906 -1.0117821826766598
-4.662882 -6.894179e-05 -1.1219460555523009 -1.002014754596658
-4.632965 -6.838297e-05 -1.112851921286803 -0.9938927449249667
-4.602835 -6.888793e-05 -1.1210695477831807 -1.0012319418109357
-4.572604 -6.905021e-05 -1.1237104627622525 -1.003590554118158
-4.542974 -6.854697e-05 -1.115520827230652 -0.9962763560808976
-4.512428 -6.893741e-05 -1.1218747762350199 -1.0019510947377372
-4.482749 -6.869483e-05 -1.1179270737724658 -0.9984253850169704
-4.453076 -6.880303e-05 -1.119687900742737 -0.9999979870113104
-4.422937 -6.960658e-05 -1.1327647261767595 -1.0116769549646538
-4.392956 -6.933894e-05 -1.1284092018669323 -1.0077870178318897
-4.362547999999999 -6.819824e-05 -1.1098456591221253 -0.9912078395052403
-4.332613 -6.953418e-05 -1.1315865018454507 -1.0106246778445966
-4.302711 -6.943406e-05 -1.1299571673143647 -1.0091695123023297
-4.2729 -6.853677e-05 -1.115354834299998 -0.9961281070943702
-4.2427790000000005 -6.837318e-05 -1.1126926006210087 -0.9937504549663291
-4.212706 -6.933734e-05 -1.128383163760163 -1.007763763088905
-4.18252 -6.851146e-05 -1.1149429439985417 -0.9957602461287811
-4.152465 -6.87932e-05 -1.1195279291242735 -0.9998551156840984
-4.122687 -6.899929e-05 -1.122881800014321 -1.0028504719226703
-4.092465 -6.895312e-05 -1.1221304378958605 -1.002179427245418
-4.062296 -6.851321e-05 -1.1149714231778207 -0.9957856810039206
-4.032567 -6.889761e-05 -1.1212270783291347 -1.001372633005993
-4.002391 -6.945358e-05 -1.1302748322169494 -1.0094532201667428
-3.9723629999999996 -6.923207e-05 -1.1266700190729129 -1.0062337463426556
-3.9422979999999996 -6.930195e-05 -1.1278072333860605 -1.0072493972425123
-3.912159 -6.881074e-05 -1.1198133718697314 -1.000110045804068
-3.8823429999999997 -6.899663e-05 -1.1228385116618171 -1.0028118109124584
-3.852409 -6.928363e-05 -1.1275090970635524 -1.0069831304353374
-3.822493 -6.916858e-05 -1.1256367944486756 -1.0053109690725943
-3.7924279999999997 -6.904449e-05 -1.1236173765305526 -1.0035074184119879
-3.7623629999999997 -6.908109e-05 -1.1242129982228992 -1.0040393706577626
-3.732428 -6.894916e-05 -1.1220659935816069 -1.0021218717565312
-3.702687 -6.938718e-05 -1.1291942507860253 -1.008488148332878
-3.672521 -6.904413e-05 -1.1236115179565294 -1.0035021860948161
-3.6426550000000004 -6.917401e-05 -1.1257251612735237 -1.0053898898565987
-3.612733 -6.898221e-05 -1.122603843224559 -1.0026022275413087
-3.582502 -6.900384e-05 -1.1229558458804458 -1.002916602598033
-3.552344 -6.867749e-05 -1.117644885790354 -0.9981733617398738
-3.522354 -6.991928e-05 -1.1378535486684762 -1.0162218037967248
-3.492474 -6.863616e-05 -1.1169722889448706 -0.9975726626601504
-3.462483 -6.861632e-05 -1.1166494164209322 -0.9972843038471405
-3.432317 -6.887104e-05 -1.1207946830185977 -1.0009864589303035
-3.402419 -6.991483e-05 -1.1377811301840244 -1.0161571265427987
-3.372798 -6.874798e-05 -1.1187920271317071 -0.9991978785104932
-3.342641 -6.943583e-05 -1.129985971969978 -1.0091952378617564
-3.31253 -6.863222e-05 -1.1169081701069514 -0.9975153978555509
-3.2822150000000003 -6.901602e-05 -1.123154060968227 -1.003093629329004
-3.252447 -6.896492e-05 -1.1223224689332838 -1.0023509309749303
-3.2224 -6.913269e-05 -1.1250527271662076 -1.004789336119019
-3.192446 -6.917182e-05 -1.1256895216148832 -1.0053580599271383
-3.1626350000000003 -6.930083e-05 -1.1277890067113219 -1.0072331189224228
-3.132761 -6.894258e-05 -1.121958911867518 -1.0020262366260066
-3.1024279999999997 -6.919301e-05 -1.1260343637914085 -1.0056660399295418
-3.0722150000000004 -6.900523e-05 -1.1229784664857019 -1.002936805156001
-3.042249 -6.903957e-05 -1.123537309352237 -1.0034359100773098
-3.012317 -6.875695e-05 -1.1189380032677823 -0.9993282504133512
-2.982277 -6.910815e-05 -1.124653367703634 -1.0044326664984913
-2.95265 -6.862678e-05 -1.116819640543936 -0.9974363317294028
-2.922483 -6.912535e-05 -1.1249332773514036 -1.0046826549855765
-2.892465 -6.921386e-05 -1.1263736728702454 -1.0059690782990611
-2.862502 -6.901157e-05 -1.123081642483775 -1.003028952075078
-2.8321959999999997 -6.887326e-05 -1.12083081089174 -1.0010187248861946
-2.802192 -6.928381e-05 -1.127512026350564 -1.0069857465939231
-2.7724 -6.903583e-05 -1.1234764452776638 -1.003381552115583
-2.742391 -6.901079e-05 -1.123068948906725 -1.0030176153878727
-2.712252 -6.903434e-05 -1.1234521972907348 -1.0033598961361785
-2.68227 -6.941542e-05 -1.1296538233705027 -1.0088985945465578
-2.652104 -6.906062e-05 -1.1238798731944197 -1.0037418552897022
-2.622013 -6.886617e-05 -1.1207154295311186 -1.0009156773063437
-2.5923719999999997 -6.925459e-05 -1.1270365054256903 -1.0065610568501653
-2.562224 -6.883133e-05 -1.1201484497562182 -1.0004093052778522
-2.532233 -6.864308e-05 -1.117084903756648 -0.9976732394235595
-2.502178 -6.874777e-05 -1.1187886096301936 -0.9991948263254764
-2.47239 -6.915996e-05 -1.1254965141484563 -1.0051856841447644
-2.4424740000000003 -6.873049e-05 -1.1185073980770857 -0.9989436751012417
-2.412594 -6.866978e-05 -1.1175194146633598 -0.9980613029471165
-2.3825390000000004 -6.940835e-05 -1.1295387674862158 -1.008795837650994
-2.352261 -6.894441e-05 -1.1219886929521354 -1.0020528342382953
-2.3219279999999998 -6.822267e-05 -1.1102432284648582 -0.9915629103621878
-2.292057 -6.941194e-05 -1.1295971904882796 -1.0088480154805661
-2.2620479999999996 -6.911097e-05 -1.1246992598668148 -1.0044736529830016
-2.232607 -6.855338e-05 -1.1156251423958963 -0.9963695203949801
-2.202613 -6.891861e-05 -1.121568828480481 -1.001677851507667
-2.172335 -6.922161e-05 -1.1264997949499092 -1.0060817184603932
-2.1424279999999998 -6.89146e-05 -1.1215035704753906 -1.0016195693080618
-2.112474 -6.941619e-05 -1.1296663542093854 -1.0089097858916192
-2.082261 -6.922425e-05 -1.1265427578260785 -1.0061200887863182
-2.052187 -6.870875e-05 -1.1181536053013585 -0.9986277012809375
-2.021937 -6.880955e-05 -1.1197940060278215 -1.000092750088973
-1.9919090000000002 -6.834922e-05 -1.112302679972139 -0.9934022151901332
-1.962032 -6.867314e-05 -1.1175740946875752 -0.9981101379073842
-1.932372 -6.941576e-05 -1.1296593564681912 -1.008903536179442
-1.902428 -6.867836e-05 -1.1176590440109098 -0.9981860065063718
-1.8722429999999999 -6.881783e-05 -1.1199287532303526 -1.0002130933839188
-1.842178 -6.889201e-05 -1.1211359449554423 -1.0012912414055466
-1.812057 -6.924556e-05 -1.1268895528606115 -1.0064298128944456
-1.781965 -6.864185e-05 -1.1170648869620687 -0.9976553623398898
-1.751817 -6.913566e-05 -1.125101060401898 -1.0048325027356844
-1.721641 -6.886457e-05 -1.1206893914243494 -1.000892422563359
-1.69207 -6.873222e-05 -1.11853555178003 -0.998968819292094
-1.66215 -6.765771e-05 -1.1010491729646337 -0.9833516606142928
-1.6322699999999999 -6.947097e-05 -1.1305578338898976 -1.0097059701545574
-1.6022429999999999 -6.872624e-05 -1.1184382343559798 -0.9988819046901887
-1.5724090000000002 -6.889669e-05 -1.1212121064177425 -1.001359261528777
-1.541727 -6.82664e-05 -1.1109548824704956 -0.9921984915563881
-1.5117770000000001 -6.937094e-05 -1.1289299640023174 -1.0082521126915833
-1.48215 -6.818501e-05 -1.1096303565267769 -0.9910155518491857
-1.452289 -6.882797e-05 -1.1200937697320026 -1.0003604703175841
-1.4221869999999999 -6.884409e-05 -1.120356103657703 -1.000594761853155
-1.392169 -6.858537e-05 -1.116145741793114 -0.9968344699125301
-1.3621869999999998 -6.809198e-05 -1.1081164033563118 -0.9896634338867693
-1.332085 -6.912335e-05 -1.1249007297179423 -1.004653586556846
-1.302206 -6.850691e-05 -1.1148688981324166 -0.9956941154534183
-1.272141 -6.86093e-05 -1.1165351742274818 -0.997182273662295
-1.2421410000000002 -6.824425e-05 -1.1105944174299087 -0.9918765587081938
-1.2119369999999998 -6.900362e-05 -1.1229522656407653 -1.0029134050708726
-1.1819849999999998 -6.933039e-05 -1.128270060733884 -1.0076627502990652
-1.1523720000000002 -6.778682e-05 -1.1031502854427453 -0.9852281730310138
-1.122335 -6.840078e-05 -1.1131417579627785 -0.994151599282815
-1.09203 -6.85644e-05 -1.1158044798562696 -0.9965296874372872
-1.061826 -6.834461e-05 -1.1122276576770103 -0.9933352124619087
-1.031974 -6.805023e-05 -1.1074369715078016 -0.9890566304370125
-1.001817 -6.848085e-05 -1.1144448024684126 -0.9953153538270553
-0.9719741000000001 -6.85195e-05 -1.1150737854850572 -0.9958771012122791
-0.941687 -6.814906e-05 -1.109045312815305 -0.9904930468427482
-0.9116407000000001 -6.819042e-05 -1.1097183978752903 -0.9910941819489024
-0.8818537 -6.826843e-05 -1.110987918318459 -0.9922279960115499
-0.85215 -6.781673e-05 -1.1036370353011633 -0.9856628913826839
-0.8221036 -6.76867e-05 -1.1015209509116592 -0.9837730074887467
-0.7922055 -6.837081e-05 -1.1126540316753568 -0.993716008878283
-0.7621870000000001 -6.830991e-05 -1.111662956236452 -0.992830875223428
-0.7316638000000001 -6.715029e-05 -1.0927915128790986 -0.9759767095609848
-0.7016407 -6.729775e-05 -1.0951912498942202 -0.9781199248113116
-0.6718722 -6.766314e-05 -1.101137539789482 -0.9834305813982972
-0.6418907 -6.568134e-05 -1.068886089792411 -0.954626675368882
-0.6116733000000001 -6.309703e-05 -1.0268295024768748 -0.9170657598421502
-0.5818351 -5.884101e-05 -0.9575678129943171 -0.8552078528185806
-0.5515851 -5.240848e-05 -0.8528859986590374 -0.7617160828865024
-0.5215388000000001 -4.533864e-05 -0.737832718183061 -0.6589615127971905
-0.4915481 -3.92833e-05 -0.6392892247804661 -0.57095190318161
-0.4617677 -3.516582e-05 -0.5722821098677915 -0.5111075662162274
-0.4318166 -3.110192e-05 -0.5061469460555523 -0.45204197245654465
-0.4018629 -2.822361e-05 -0.4593058566211651 -0.41020799790637547
-0.3718814 -2.547978e-05 -0.4146532700607339 -0.37032858450406975
-0.3418536 -2.296192e-05 -0.3736780778669582 -0.33373346752192085
-0.3115573 -2.047002e-05 -0.3331253539555139 -0.29751565874469865
-0.2816499 -1.894786e-05 -0.30835400108058136 -0.2753922590062113
-0.2514555 -1.70079e-05 -0.2767834475755268 -0.24719646450584615
-0.2214184 -1.455071e-05 -0.23679558784280794 -0.2114831383092481
-0.1915203 -1.345903e-05 -0.21902978759414402 -0.19561642717079228
-0.16148330000000002 -1.195026e-05 -0.1944763411252368 -0.17368764056265812
-0.1314647 -9.646184e-06 -0.15698023056743543 -0.14019970606440893
-0.1013999 -7.697294e-06 -0.1252643518789749 -0.11187412102976042
-0.07160364 -5.833834e-06 -0.09493874535382531 -0.08479019392835084
-0.04154808 -4.626254e-06 -0.07528680974606336 -0.06723896734494139
-0.01127956 -3.316304e-06 -0.05396892351957089 -0.04819987323694257
0.01866489 -9.379646e-07 -0.015264264000364533 -0.013632578563587518
0.048776 9.07182e-07 0.014763313609467454 0.013185177656462144
0.078776 1.59066e-06 0.02588610932099127 0.02311899342251949
0.10860009999999999 3.504091e-06 0.0570249347419949 0.05092920974998411
0.138563 4.724456e-06 0.07688493109665996 0.06866625626405563
0.1688038 6.818792e-06 0.11096777133334633 0.09910578464129889
0.1987945 8.117049e-06 0.13209536782080572 0.1179749301807227
0.22862790000000002 9.752534e-06 0.15871095097675447 0.14174541976217273
0.25860930000000004 1.091988e-05 0.17770812584217 0.15871187676480336
0.2887668 1.29745e-05 0.21114463517357648 0.18857416428430906
0.31870190000000004 1.458954e-05 0.23742750014646433 0.21204750185305782
0.3489149 1.533633e-05 0.24958062374284765 0.22290150779901946
0.37881729999999997 1.746452e-05 0.28421439777113805 0.2538330774693901
0.4084612 1.902457e-05 0.30960236556199994 0.27650717859018364
0.4386371 2.017562e-05 0.3283343423099706 0.29323678603551523
0.4686649 2.255477e-05 0.367052193385019 0.32781586214303493
0.4989427 2.404702e-05 0.3913367964015336 0.3495045435298521
0.5288409000000001 2.570484e-05 0.4183158552541644 0.3735996547891541
0.5588502 2.777894e-05 0.4520693785354866 0.4037450688044984
0.5888409 2.951517e-05 0.48032446735797835 0.42897980781219397
0.6189798 3.269836e-05 0.5321271180372475 0.4752449736380964
0.6489334 3.478776e-05 0.5661296307145508 0.5056127611332318
0.6789335 3.763376e-05 0.6124449131303663 0.5469771352172539
0.7086649 4.020988e-05 0.6543682178868775 0.5844190155283329
0.7388594 4.33041e-05 0.7047229870916085 0.6293910723021425
0.7689242000000001 4.628101e-05 0.7531686748556512 0.6726581203887434
0.7989797999999999 4.929973e-05 0.802294770897208 0.716532843977963
0.8289426999999999 5.322381e-05 0.8661545296541487 0.7735662638850709
0.8588686 5.597389e-05 0.9109088275691475 0.8135365161271607
0.8889612 5.86629e-05 0.9546692834963968 0.8526191638979532
0.9188871000000001 6.105981e-05 0.993676157556584 0.8874563676526032
0.9489588 6.171194e-05 1.0042888016612312 0.896934564866733
0.9790445999999999 6.2713e-05 1.0205798686377512 0.9114841854993929
1.009082 6.324143e-05 1.0291794416128002 0.9191645003965188
1.038989 6.429502e-05 1.0463253721821884 0.9344776033097951
1.0690060000000001 6.410546e-05 1.043240507482701 0.9317224976346838
1.098933 6.480891e-05 1.054688323861972 0.9419465907300475
1.129128 6.497887e-05 1.057454221753536 0.9444168258035964
1.158943 6.566654e-05 1.0686452373047954 0.9544115689962738
1.189017 6.596105e-05 1.0734380390701792 0.9586920404690374
1.219174 6.681996e-05 1.0874157829984181 0.9711756225296514
1.2491189999999999 6.635885e-05 1.0799117633656856 0.9644737509436065
1.278933 6.663468e-05 1.0844005702345383 0.968482723292024
1.308943 6.739383e-05 1.096754838205714 0.9795163721275423
1.3388959999999999 6.796556e-05 1.106059067445206 0.9878260185066913
1.3690909999999998 6.719377e-05 1.0934990984305533 0.976608657201594
1.3992950000000002 6.769871e-05 1.1017163994505959 0.9839475634032755
1.429387 6.770584e-05 1.1018324317638863 0.9840511923517009
1.459211 6.923507e-05 1.1267188405231054 1.006277348985752
1.4889590000000001 6.782774e-05 1.1038162100233693 0.9858229130828474
1.518896 6.890691e-05 1.121378424824731 1.0015078011995915
1.549007 6.892844e-05 1.121728800098945 1.0018207228348794
1.579119 6.913309e-05 1.1250592366929 1.0047951498047651
1.6092950000000001 6.839073e-05 1.112978206104634 0.9940055304284423
1.639026 6.900823e-05 1.1230272879358942 1.0029804077990974
1.669202 6.899627e-05 1.122832653087794 1.0028065785952867
1.699258 6.962449e-05 1.1330561902344078 1.011937262743939
1.729498 6.854194e-05 1.1154389699324962 0.9962032489826397
1.759365 6.935237e-05 1.1286277592256264 1.007982212330817
1.789285 6.908118e-05 1.1242144628664048 1.0040406787370555
1.8193499999999998 6.958532e-05 1.1324187448330632 1.011367957567245
1.849374 6.9396e-05 1.1293377858495908 1.008616340103581
1.879156 6.944302e-05 1.1301029807122722 1.0092997388630438
1.9094149999999999 6.911121e-05 1.1247031655828303 1.0044771411944493
1.9395170000000002 6.918851e-05 1.1259611316161202 1.0056006359648975
1.9695909999999999 6.844935e-05 1.1139321772413928 0.9948575260745441
1.999489 6.910663e-05 1.1246286315022034 1.004410574492656
2.029412 6.972597e-05 1.1347076571562482 1.013412194817743
2.0591559999999998 6.916493e-05 1.1255773950176082 1.0052579191901607
2.089221 6.951624e-05 1.1312945495733007 1.010363934038881
2.119091 6.935334e-05 1.1286435448278556 1.0079963105187517
2.149165 6.956498e-05 1.1320877354007588 1.011072331647052
2.179221 6.917128e-05 1.1256807337538488 1.005350211451381
2.209378 6.913094e-05 1.1250242479869288 1.0047639012438794
2.23936 6.884403e-05 1.1203551272286991 1.000593889800293
2.2692669999999997 6.918385e-05 1.1258852956301546 1.0055329065259544
2.299267 6.908273e-05 1.1242396872823377 1.004063206769322
2.3292669999999998 6.942225e-05 1.129764973538774 1.0089978632306738
2.359526 7.001836e-05 1.1394659584301625 1.017661853756052
2.389211 6.98757e-05 1.1371443357353488 1.0155884027346793
2.4194340000000003 6.939181e-05 1.129269598557489 1.0085554417453901
2.449591 6.93601e-05 1.1287535558289556 1.008094561807862
2.479355 6.981121e-05 1.1360948372943804 1.0146510912502527
2.509174 6.976852e-05 1.1354001080581428 1.0140306256389922
2.539063 6.881583e-05 1.1198962055968908 1.0001840249551879
2.569082 6.979737e-05 1.1358696076708261 1.0144499377234348
2.599119 6.971005e-05 1.134448577993894 1.0131808101250452
2.6291840000000004 6.935815e-05 1.1287218218863306 1.0080662200898496
2.65923 6.934412e-05 1.1284935002375975 1.0078623050623023
2.689545 6.90729e-05 1.124079715663874 1.0039203354421096
2.7192950000000002 6.975574e-05 1.1351921286803235 1.0138448783794018
2.749184 6.916736e-05 1.1256169403922638 1.0052932373310683
2.7792199999999996 7.019746e-05 1.1423805990066462 1.020264931548901
2.809165 6.900937e-05 1.1230458400869672 1.0029969768034739
2.839443 6.923389e-05 1.1266996374193632 1.0062601986128008
2.8695999999999997 6.958148e-05 1.132356253376817 1.0113121461840817
2.899665 6.973111e-05 1.1347913045742444 1.0134869006795812
2.929536 6.958516e-05 1.1324161410223863 1.0113656320929465
2.959402 6.924671e-05 1.1269082677498519 1.0064465272409655
2.98948 6.951315e-05 1.1312442634796023 1.0103190233164916
3.0196840000000003 7.01969e-05 1.1423714856692768 1.0202567923888561
3.0496930000000004 6.930262e-05 1.12781813684327 1.0072591351661369
3.07961 6.884273e-05 1.120333971266949 1.0005749953216179
3.109582 6.919158e-05 1.1260110922334836 1.0056452560029994
3.139878 6.896922e-05 1.1223924463452262 1.0024134280967016
3.169714 6.895929e-05 1.1222308473450895 1.0022691033480529
3.19973 6.989021e-05 1.1373804688161122 1.0157992941851215
3.2300169999999997 6.966719e-05 1.1337510822088124 1.0125578736973428
3.25977 6.880037e-05 1.119644612390233 0.9999593260010984
3.289721 6.944434e-05 1.130124462150357 1.009318924026006
3.320174 6.981935e-05 1.1362273061625687 1.014769399755187
3.350017 6.952793e-05 1.1314847904908834 1.0105338390048126
3.37998 6.901052e-05 1.1230645549762075 1.003013691149994
3.409676 6.924512e-05 1.1268823923812499 1.0064234178401246
3.439591 6.923129e-05 1.126657325495863 1.0062224096554506
3.469971 6.960158e-05 1.1326833570931059 1.011604283892827
3.499915 6.945234e-05 1.1302546526842032 1.0094351977409295
3.529869 6.926827e-05 1.1272591312385676 1.0067598849026844
3.559999 6.951168e-05 1.131220340969008 1.0102976580213743
3.589906 6.953829e-05 1.1316533872322143 1.0106844134656385
3.620008 6.932866e-05 1.1282419070309397 1.0076376061082128
3.6501 6.876935e-05 1.1191397985952443 0.9995084746714827
3.680091 6.908652e-05 1.1243013650477474 1.004118291441767
3.70986 6.957303e-05 1.1322187396254417 1.0111893320726937
3.739832 6.99251e-05 1.1379482622818493 1.0163063929243317
3.770054 6.913602e-05 1.1251069189759213 1.004837735052856
3.800128 6.960488e-05 1.1327370606883174 1.0116522468002327
3.8302020000000003 6.944864e-05 1.1301944395622994 1.0093814211477774
3.859902 6.917386e-05 1.1257227202010143 1.005387709724444
3.889425 6.855249e-05 1.1156106586990058 0.9963565849441948
3.91985 6.964388e-05 1.133371739540818 1.0122190811604848
3.9499340000000003 6.972594e-05 1.1347071689417463 1.013411758791312
3.979971 6.938421e-05 1.1291459175503349 1.0084449817162127
4.009804 6.918375e-05 1.1258836682484816 1.005531453104518
4.0398499999999995 6.968225e-05 1.1339961658887783 1.0127767589656864
4.069869 6.893805e-05 1.1218851914777277 1.001960396634931
4.100035 6.897234e-05 1.122443220653426 1.0024587748455218
4.1302389999999995 6.925852e-05 1.1271004615254423 1.0066181763126214
4.160211 7.018817e-05 1.142229415249217 1.020129908697446
4.190073 6.945653e-05 1.1303228399763052 1.0094960960991208
4.220128 6.933402e-05 1.1283291346886166 1.0077155094972117
4.250323000000001 6.962012e-05 1.1329850736552944 1.0118737482271618
4.280137 6.94648e-05 1.1304574244406689 1.0096162940519229
4.310036 6.923635e-05 1.126739671008521 1.0062959527801398
4.340008 7.002074e-05 1.1395046901139818 1.0176964451862416
4.369943 6.89995e-05 1.1228852175158346 1.002853524107687
4.400193 6.939845e-05 1.1293776567005813 1.0086519489287766
4.430091 6.888084e-05 1.120954166422559 1.0011288942310845
4.460406 6.994863e-05 1.1383311851895248 1.0166483829883504
4.490258 6.900573e-05 1.1229866033940672 1.0029440722631837
4.520202 6.944506e-05 1.1301361792984033 1.0093293886603494
4.550286 6.861747e-05 1.1166681313101723 0.9973010181936607
4.5804 6.988746e-05 1.1373357158201027 1.0157593250956167
4.610739 6.871864e-05 1.118314553348826 0.9987714446610115
4.640638 6.937206e-05 1.128948190677056 1.0082683910116728
4.670461 6.920911e-05 1.1262963722407744 1.0059000407808254
4.700729999999999 6.958668e-05 1.132440877223817 1.0113877240987819
4.730767 6.880936e-05 1.1197909140026427 1.0000899885882435
4.760702 6.887836e-05 1.120913807357067 1.0010928493794584
4.790915 6.972198e-05 1.1346427246274922 1.013354203302425
4.820771 6.914087e-05 1.1251858469870657 1.0049082259925284
4.850508 6.890479e-05 1.1213439243332617 1.0014769886651367
4.8807 6.94905e-05 1.13087566153065 1.0099898233611144
4.910732 6.931124e-05 1.1279584171434895 1.007384420093967
4.940754 6.925238e-05 1.1270005402907155 1.0065289362364176
4.970906 6.85802e-05 1.1160616061606161 0.996759328024261
5.000516999999999 6.905492e-05 1.1237871124390544 1.0036590102678193
5.0304530000000005 6.931715e-05 1.1280545954003682 1.0074703173008666
5.060619 6.923545e-05 1.1267250245734632 1.006282871987211
5.090415 6.934985e-05 1.1285867492074648 1.0079455861106164
5.120203999999999 6.961975e-05 1.132979052343104 1.0118683705678466
5.150313 6.907729e-05 1.1241511577193222 1.003984140643174
5.180479999999999 6.960852e-05 1.1327962973812173 1.0117051513405229
5.21073 6.885545e-05 1.1205409742157646 1.0007598705283463
5.240298 6.903602e-05 1.1234795373028426 1.0033843136163125
5.270443 6.950118e-05 1.1310494658933348 1.0101450487705375
5.3005450000000005 6.883516e-05 1.120210778474297 1.0004649713188718
5.330804 6.891756e-05 1.1215517409729139 1.0016625905825836
5.360786 6.884436e-05 1.1203604975882204 1.0005986860910339
5.390645999999999 6.858323e-05 1.1161109158253104 0.9968033666937884
5.420795 6.922763e-05 1.1265977633266284 1.0061692144308731
5.4505159999999995 6.926249e-05 1.1271650685778636 1.0066758771436521
5.480619 6.915053e-05 1.125343052056685 1.0050486265032983
5.510675 6.911757e-05 1.1248066670572383 1.0045695787978137
5.540693 6.877672e-05 1.11925973662455 0.9996155918313558
5.570767 6.892881e-05 1.1217348214111353 1.0018261004941946
5.600638 6.93781e-05 1.1290464845301098 1.00835617766644
5.630667000000001 6.898158e-05 1.1225935907200186 1.0025930709862585
5.660628 6.890859e-05 1.1214057648368387 1.0015322186797255
5.690729999999999 6.92648e-05 1.1272026610945118 1.0067094511788364
5.72085 6.893027e-05 1.121758581183562 1.001847320447168
5.750877999999999 6.910203e-05 1.1245537719452419 1.0043437171065748
5.780952 6.925025e-05 1.126965877061079 1.0064979783598194
5.811033999999999 6.897414e-05 1.1224725135235416 1.0024849364313797
5.840832000000001 6.889809e-05 1.1212348897611653 1.0013796094288883
5.870934 6.912376e-05 1.1249074019828018 1.0046595455847356
5.9009160000000005 6.927244e-05 1.127326993054335 1.0068204925765882
5.931017 6.90594e-05 1.1238600191380086 1.0037241235481764
5.961016 6.853262e-05 1.1152872979605652 0.9960677901047537
5.990767 6.820275e-05 1.109919054035581 0.9912733888120283
6.020841000000001 6.879977e-05 1.1196348481001945 0.9999506054724792
6.050906 6.932663e-05 1.128208871182976 1.007608101653051
6.081128 6.866662e-05 1.1174679894024906 0.9980153748297217
6.111267 6.885812e-05 1.120584425306436 1.0007986768807022
6.141091 6.94257e-05 1.1298211182064952 1.0090480062702345
6.171072000000001 6.922766e-05 1.1265982515411304 1.006169650457304
6.200711 6.902665e-05 1.1233270516400753 1.0032481280277086
6.230748999999999 6.902354e-05 1.1232764400700426 1.003202926621032
6.260795 6.933208e-05 1.128297563484159 1.0076873131213426
6.290841 6.919672e-05 1.1260947396514798 1.0057199618648376
6.320934 6.843617e-05 1.1137176883368811 0.9946659651292078
6.350896 6.839312e-05 1.1130171005266207 0.9940402672007758
6.380767 6.884092e-05 1.1203045156586664 1.0005486883936165
6.410827 6.965001e-05 1.1334714980373777 1.0123081758945447
6.440748999999999 6.857793e-05 1.1160246645966372 0.9967263353576515
6.470971 6.856692e-05 1.1158454898744312 0.996566313657488
6.500757999999999 6.880362e-05 1.119697502294608 1.000006562197786
6.530638 6.906942e-05 1.1240230827816509 1.003869756376118
6.5607489999999995 6.83512e-05 1.1123349021292661 0.9934309929345768
6.590869 6.893181e-05 1.1217836428613275 1.001869703137291
6.621184 6.822856e-05 1.1103390812454024 0.9916485168848
6.651249 6.84281e-05 1.1135863586358634 0.9945486740192786
6.681295 6.837783e-05 1.112768273868807 0.9938180390631284
6.711295 6.940022e-05 1.1294064613561945 1.0086776744882031
6.7415259999999995 6.866601e-05 1.1174580623742847 0.9980065089589588
6.771416 6.871357e-05 1.118232045098001 0.9986977561941789
6.801239 6.83715e-05 1.112665260608901 0.993726037486195
6.831036 6.872234e-05 1.1183747664707298 0.9988252212541636
6.861044 6.910142e-05 1.124543844917036 1.004334851235812
6.890999 6.871524e-05 1.1182592223719412 0.9987220283321689
6.921266999999999 6.889499e-05 1.1211844409293 1.0013345533643554
6.951073 6.877941e-05 1.1193035131915559 0.9996546888679989
6.981147 6.840025e-05 1.1131331328399112 0.9941438961492014
7.011341000000001 6.830451e-05 1.1115750776261057 0.9927523904658547
7.041249 6.867509e-05 1.1176058286302002 0.9981384796253969
7.071377999999999 6.84737e-05 1.1143284446787873 0.9952114341943423
7.101499 6.858441e-05 1.1161301189290525 0.9968205170667394
7.13136 6.880892e-05 1.1197837535232813 1.000083593533923
7.161082 6.866239e-05 1.1173991511577193 0.9979538951029558
7.191674 6.822286e-05 1.110246320490037 0.9915656718629171
7.221675 6.864124e-05 1.117054959933863 0.997646496469127
7.2514970000000005 6.815109e-05 1.1090783486632685 0.99052255129791
7.281517 6.885433e-05 1.120522747541026 1.000743592208257
7.311332 6.881991e-05 1.1199626027691527 1.000243324549799
7.341609999999999 6.897271e-05 1.1224492419656167 1.002464152504837
7.371499 6.838789e-05 1.1129319884651185 0.9939642532596445
7.4015450000000005 6.815688e-05 1.1091725740621399 0.9906067043990858
7.431506000000001 6.907264e-05 1.124075484471524 1.0039165565463746
7.461443 6.904051e-05 1.123552606739964 1.0034495722388135
7.491286 6.831928e-05 1.1118154418992194 0.9929670608120322
7.5213410000000005 6.92172e-05 1.1264280274181262 1.0060176225750417
7.551393 6.835776e-05 1.11244165836702 0.993526337380814
7.581036 6.883299e-05 1.1201754642919912 1.0004334320736987
7.611091 6.879275e-05 1.1195206059067446 0.9998485752876338
7.640962 6.904273e-05 1.1235887346131062 1.0034818381947046
7.671266999999999 6.80942e-05 1.1081525312294542 0.9896956998426607
7.7016 6.83263e-05 1.1119296840926696 0.9930690909968776
7.731459 6.892296e-05 1.12163961958326 1.0017410753401568
7.761045 6.895388e-05 1.122142805996576 1.0021904732483358
7.791416 6.823339e-05 1.1104176837802122 0.9917187171401851
7.821536 6.843663e-05 1.1137251742925771 0.9946726508678158
7.8515820000000005 6.887496e-05 1.1208584763801823 1.001043433050616
7.8814340000000005 6.897496e-05 1.1224858580532606 1.002496854487159
7.9115910000000005 6.753488e-05 1.0990502600555911 0.9815664230637866
7.941304 6.851119e-05 1.1149385500680244 0.9957563218909024
7.971313 6.900539e-05 1.1229810702963787 1.0029391306302993
8.001443 6.900464e-05 1.1229688649338305 1.0029282299695252
8.031461 6.793386e-05 1.1055431874548398 0.9873652839113068
8.061482 6.878436e-05 1.1193840685843732 0.9997266332291077
8.091318 6.856782e-05 1.1158601363094889 0.9965793944504169
8.121202 6.863195e-05 1.1169037761764342 0.9975114736176721
8.151388 6.786946e-05 1.1044951536573777 0.9864292805061733
8.181795 6.837407e-05 1.1127070843178992 0.9937633904171144
8.211751 6.879631e-05 1.1195785406943062 0.9999003170907748
8.241646000000001 6.867322e-05 1.1175753965929136 0.9981113006445336
8.271609 6.77713e-05 1.1028977158070836 0.9850026020240623
8.301878 6.915625e-05 1.125436138288385 1.0051317622094686
8.331987999999999 6.852491e-05 1.115161826833571 0.9959557313119963
8.361822 6.816554e-05 1.1093135053150285 0.9907325706954907
8.391723 6.821892e-05 1.1101822016521177 0.9915084070583173
8.421721 6.855388e-05 1.1156332793042618 0.9963767875021629
8.452055 6.8149e-05 1.1090443363863012 0.9904921747898863
8.481864 6.828871e-05 1.1113179513217595 0.992522749878881
8.511627 6.81804e-05 1.109555334231648 0.990948549120961
8.541526 6.850903e-05 1.114903398623886 0.9957249279878732
8.571601000000001 6.851616e-05 1.1150194309371766 0.9958285569362988
8.601887000000001 6.82664e-05 1.1109548824704956 0.9921984915563881
8.631656000000001 6.840673e-05 1.1132385871723267 0.9942380778582894
8.661665000000001 6.849547e-05 1.1146827256690166 0.995527844041078
8.691582 6.801958e-05 1.1069381790250032 0.9886111567667121
8.721692 6.789318e-05 1.1048811685902318 0.9867740320709213
8.751601 6.835272e-05 1.1123596383306966 0.9934530849404122
8.781692 6.86392e-05 1.1170217613477322 0.9976168466718215
8.811859 6.780751e-05 1.1034869907109055 0.9855288859262348
8.841906000000002 6.795224e-05 1.105842300206352 0.9876324227713439
8.872072 6.829322e-05 1.111391346235215 0.9925882991856689
8.901704 6.864965e-05 1.117191822732569 0.9977687292119404
8.93147 6.850473e-05 1.1148334212119437 0.9956624308661018
8.961674 6.864492e-05 1.1171148475794324 0.9976999823779916
8.991572 6.830195e-05 1.1115334166552748 0.9927151828770792
9.021896 6.828507e-05 1.1112587146288593 0.9924698453385907
9.051686 6.800824e-05 1.1067536339432762 0.9884463387758081
9.081638000000002 6.830028e-05 1.1115062393813346 0.9926909107390891
9.111869 6.860479e-05 1.116461779314026 0.9971167243555069
9.141646000000001 6.832086e-05 1.1118411545296543 0.9929900248707297
9.171813 6.808071e-05 1.1079329974417558 0.9894996332908708
9.201859 6.802777e-05 1.1070714615840282 0.9887301919823649
9.232006 6.848903e-05 1.1145779222892704 0.9954342437005645
9.261728999999999 6.799023e-05 1.1064605425039544 0.9881845775750865
9.291784999999999 6.75588e-05 1.0994395297517916 0.9819140814714077
9.321646000000001 6.853673e-05 1.1153541833473288 0.9961275257257958
9.351739 6.808495e-05 1.1080019984246947 0.9895612583597805
9.381758 6.791476e-05 1.105232357555282 0.9870876804169273
9.411804 6.767157e-05 1.1012747280645223 0.9835531048253977
9.442165000000001 6.784998e-05 1.1041781397074617 0.9861461540103345
9.471893 6.84503e-05 1.113947637367287 0.9948713335781912
9.501738 6.814471e-05 1.1089745217125262 0.9904298230102586
9.531933 6.791219e-05 1.105190533846284 0.9870503274860081
9.562341 6.841071e-05 1.1133033569629152 0.9942959240314637
9.592210999999999 6.820297e-05 1.1099226342752617 0.9912765863391887
9.621894000000001 6.793963e-05 1.1056370873773766 0.9874491463281956
9.651729 6.822252e-05 1.1102407873923485 0.9915607302300328
9.681951999999999 6.818998e-05 1.1097112373959288 0.9910877868945817
9.711986000000001 6.82407e-05 1.1105366453805143 0.9918249622471965
9.742008 6.779985e-05 1.1033623332747475 0.9854175538441954
9.772137 6.765132e-05 1.100945183275724 0.9832587869844978
9.802101 6.808634e-05 1.10802461902995 0.9895814609177481
9.832081 6.786353e-05 1.1043986499241638 0.9863430926149862
9.862035 6.781066e-05 1.1035382532336073 0.9855746687014857
9.892304 6.818586e-05 1.109644189270998 0.9910279059313962
9.922081 6.824738e-05 1.110645354476276 0.9919220507991576
9.952091000000001 6.730559e-05 1.0953188366173894 0.9782338730519365
9.982175999999999 6.840343e-05 1.1131848835771152 0.9941901149508836
10.00396 6.784505e-05 1.1040979097909789 0.986074500333513
