Keff(MJ/m3):-0.21391800975223732 Ms(MA/m):1.1586444791922164
H(kOe) moment(emu) M(MA/m) M_norm()
9.948184999999999 5.136566e-05 1.166563558898609 1.0068347796486405
9.900443 5.102058e-05 1.1587264600877552 1.00007075586775
9.852119 5.087802e-05 1.1554887853269016 0.9972763915748212
9.803582 5.126795e-05 1.1643444707891604 1.0049195345934916
9.754949 5.101012e-05 1.1584889034239045 0.9998657260522053
9.706214 5.075179e-05 1.152621980577585 0.9948021168505199
9.656949000000001 5.124962e-05 1.1639281788533689 1.0045602423832685
9.607888999999998 5.1012e-05 1.1585316000327037 0.999902576535305
9.558431 5.081762e-05 1.1541170432144185 0.9960924717986365
9.508954 5.124681e-05 1.1638643610497914 1.0045051626718269
9.459647 5.11404e-05 1.161447687569836 1.0024193861257373
9.410081 5.090292e-05 1.1560542882838685 0.9977644644626853
9.360111000000002 5.105922e-05 1.15960401166435 1.0008281509033752
9.310044 5.103015e-05 1.1589438039953124 1.0002583405077845
9.260487 5.087271e-05 1.155368190118006 0.9971723085613851
9.210979 5.099874e-05 1.158230452674897 0.9996426630215266
9.161363999999999 5.098555e-05 1.1579308950844394 0.9993841216002043
9.111296 5.107512e-05 1.1599651159621727 1.0011398119040598
9.061186 5.081585e-05 1.1540768448114533 0.9960577774608245
9.011036 5.102319e-05 1.158785735698907 1.000121915315032
8.96094 5.134926e-05 1.1661910991197229 1.0065133179875572
8.911327 5.079652e-05 1.1536378419135347 0.9956788839298037
8.861638000000001 5.088142e-05 1.155566002598134 0.9973430360655337
8.811269 5.124561e-05 1.1638371078952388 1.0044816410868695
8.76111 5.095086e-05 1.1571430518082466 0.9987041517817299
8.711204 5.08642e-05 1.1551749198303034 0.9970055013213961
8.661628 5.115954e-05 1.1618823753849505 1.0027945554058064
8.611657 5.091222e-05 1.1562655002316518 0.9979467567461046
8.561411 5.086884e-05 1.1552802986945738 0.9970964514498978
8.511638999999999 5.118572e-05 1.1624769483734407 1.0033077179842917
8.461544 5.117773e-05 1.1622954877860443 1.0031511034311176
8.411537000000001 5.084257e-05 1.154683681719492 0.9965815247525406
8.361486999999999 5.088725e-05 1.1556984075073355 0.9974573117657846
8.312166999999999 5.115175e-05 1.1617054569899796 1.0026418611167918
8.26174 5.095495e-05 1.157235939643347 0.9987843211837928
8.211534 5.100924e-05 1.1584689177772327 0.9998484768899033
8.161491 5.115826e-05 1.161853305353428 1.0027694657151853
8.111214 5.09351e-05 1.156785127045122 0.9983952349659573
8.061213 5.088442e-05 1.1556341354845157 0.9974018400279269
8.011327 5.12482e-05 1.1638959292871482 1.0045324085077358
7.9611670000000005 5.104839e-05 1.1593580519445124 1.0006158685991355
7.9113739999999995 5.083093e-05 1.1544193261203315 0.9963533653784546
7.861572 5.114818e-05 1.1616243788551857 1.0025718844015439
7.811389 5.100892e-05 1.1584616502693519 0.9998422044672478
7.760884 5.077825e-05 1.1532229126354707 0.9953207677988287
7.71112 5.117429e-05 1.162217362076327 1.0030836748875733
7.661016 5.111143e-05 1.160789750997011 1.0018515358622262
7.611233 5.070837e-05 1.1516358706020222 0.9939510275014813
7.561102 5.100478e-05 1.1583676268861451 0.9997610549991451
7.511251000000001 5.113021e-05 1.16121626286576 1.0022196486668082
7.46138 5.097399e-05 1.157668356362249 0.9991575303317822
7.411214 5.090363e-05 1.156070413066979 0.9977783814004517
7.361176 5.087386e-05 1.1553943077244524 0.9971948500803025
7.310818 5.113036e-05 1.161219669510079 1.0022225888649279
7.261082999999999 5.115625e-05 1.1618076563195523 1.0027300670603818
7.211091000000001 5.101641e-05 1.1586317553756846 0.9999890183600232
7.1607780000000005 5.106191e-05 1.1596651041524721 1.0008808784563212
7.110809000000001 5.09241e-05 1.156535306461723 0.998179620437182
7.06129 5.089512e-05 1.1558771427792767 0.997611574160463
7.011064 5.108532e-05 1.1601967677758698 1.0013397453761967
6.96094 5.106206e-05 1.1596685107967912 1.0008838186544409
6.911157 5.083534e-05 1.1545194814633126 0.9964398072031728
6.860889 5.109674e-05 1.1604561269633624 1.001563592459707
6.810535 5.109072e-05 1.1603194069713567 1.0014455925085046
6.761035 5.073098e-05 1.152149365455718 0.9943942133647186
6.710657 5.103655e-05 1.1590891541529265 1.0003837889608902
6.660695 5.098254e-05 1.1578625350884364 0.999325121624603
6.611091 5.074129e-05 1.1523835154752493 0.9945963029821435
6.560827000000001 5.099766e-05 1.1582059248357996 0.9996214935950651
6.510648 5.107774e-05 1.160024618682946 1.0011911673645497
6.460893 5.072621e-05 1.1520410341663714 0.9943007150645135
6.410648 5.079586e-05 1.1536228526785308 0.9956659470580773
6.360648 5.114964e-05 1.1616575368598911 1.0026005023299085
6.310768 5.081347e-05 1.1540227927215907 0.9960111263173259
6.260224 5.083076e-05 1.15441546525677 0.996350033153919
6.210384 5.105754e-05 1.1595658572479763 1.0007952206844348
6.160546 5.074773e-05 1.1525297740713485 0.9947225354880811
6.110430999999999 5.08551e-05 1.154968250074946 0.9968271293021366
6.060751 5.109414e-05 1.1603970784618318 1.0015126290256329
6.01094 5.085644e-05 1.1549986827641965 0.9968533950720055
5.960611 5.062036e-05 1.1496370788252073 0.9922259152580705
5.910375 5.089411e-05 1.155854204707528 0.997591776826457
5.860742 5.084741e-05 1.1547936027761878 0.9966763951452017
5.810787 5.062286e-05 1.1496938562305252 0.9922749185600649
5.76078 5.085841e-05 1.155043423359587 0.9968920096739771
5.710809 5.077952e-05 1.1532517555573722 0.9953456614762418
5.6606760000000005 5.066257e-05 1.1505957085365965 0.993053287008944
5.610251 5.083011e-05 1.1544007031313874 0.9963372922954007
5.560129 5.070061e-05 1.1514596335359149 0.9937989212520906
5.5102709999999995 5.079176e-05 1.1535297377338092 0.9955855816428065
5.460241 5.063531e-05 1.149976607709009 0.992518955003997
5.41012 5.056801e-05 1.1484481599578484 0.9911997861143079
5.360296 5.069246e-05 1.1512745391945782 0.9936391704875889
5.309817 5.050445e-05 1.1470046512050436 0.9899539261644021
5.260025 5.037964e-05 1.1441700960219479 0.9875074853156338
5.210435 5.055493e-05 1.1481511005732246 0.990943400838273
5.160354999999999 5.043098e-05 1.145336076817558 0.9885138171253907
5.1101019999999995 5.021196e-05 1.140361921892459 0.9842207358442655
5.059556 5.041159e-05 1.1448957112619118 0.9881337475151223
5.009931 5.021095e-05 1.1403389838207103 0.9842009385102597
4.960487 4.97674e-05 1.130265536569191 0.9755067726704135
4.910379 5.012313e-05 1.1383445071267 0.9824795505178007
4.860459 5.017557e-05 1.1395354699806501 0.983507443780435
4.810093 4.963031e-05 1.1271520907711734 0.9728196276022488
4.760345999999999 4.977623e-05 1.1304660743647743 0.9756798523330579
4.7105060000000005 4.978559e-05 1.130678648970285 0.9758633206957249
4.660046 4.936052e-05 1.121024900298876 0.967531387264221
4.61011 4.922774e-05 1.1180093387476266 0.9649287238886947
4.560055 4.927572e-05 1.1190990107104897 0.9658691952605712
4.509714 4.868932e-05 1.1057813025191 0.9543749807447651
4.460025 4.864945e-05 1.1048758164590884 0.9535934760845585
4.410241 4.885858e-05 1.1096253599687496 0.9576927003029938
4.359902 4.838714e-05 1.0989185039835028 0.9484518536260982
4.3097129999999995 4.801292e-05 1.090419607736262 0.9411166473571605
4.259978 4.810863e-05 1.0925932739214563 0.9429926897707142
4.209963 4.762847e-05 1.08168837834646 0.9335809195764618
4.159789 4.692082e-05 1.0656169659971475 0.9197100449139275
4.109987 4.692094e-05 1.0656196913126028 0.9197123970724234
4.059463 4.679685e-05 1.0628014880222385 0.9172800691746293
4.009431 4.625535e-05 1.05050350203036 0.9066659539626425
3.9597890000000002 4.600624e-05 1.0448459742548533 0.9017830689387126
3.909516 4.609313e-05 1.0468193297540855 0.90348622770283
3.8596019999999998 4.525212e-05 1.0277191834954895 0.8870013208987063
3.809355 4.477473e-05 1.0168771972855857 0.8776438463630639
3.7596950000000002 4.472002e-05 1.0156346805476066 0.8765714581022186
3.709555 4.422576e-05 1.004409560406617 0.866883309284718
3.659667 4.336976e-05 0.9849689768257343 0.8501045786818359
3.6100250000000003 4.341245e-05 0.9859385077989443 0.8509413590666922
3.559611 4.344699e-05 0.9867229444308178 0.8516183886870468
3.5094209999999997 4.266958e-05 0.9690672153635116 0.8363801258856606
3.4593649999999996 4.232056e-05 0.9611406353618763 0.8295388729008266
3.4094499999999996 4.217946e-05 0.9579361186057286 0.8267731265362628
3.359752 4.121601e-05 0.936055242144278 0.8078882340136614
3.309389 4.058288e-05 0.9216762506926842 0.795478049776976
3.259365 4.054647e-05 0.9208493445616329 0.7947643656867296
3.209497 3.990073e-05 0.906183967877615 0.7821070087947843
3.1594119999999997 3.943898e-05 0.8956971811153807 0.7730560989164189
3.1089209999999996 3.970628e-05 0.9017678212919812 0.77829553196566
3.059167 3.93213e-05 0.8930245550922519 0.7707494154849386
3.0091289999999997 3.822193e-05 0.8680568046584726 0.7492003114395058
2.959355 3.765377e-05 0.8551533444162828 0.7380636250150507
2.909296 3.745329e-05 0.8506002507290218 0.734133952221516
2.858978 3.635887e-05 0.8257449195577721 0.7126818747140321
2.809223 3.591696e-05 0.8157087182841413 0.7040198550402942
2.7588739999999996 3.606505e-05 0.8190719846655583 0.7069226146372344
2.709667 3.562618e-05 0.8091048247167941 0.6983201829787217
2.659148 3.489473e-05 0.792492891468854 0.6839827968812006
2.609082 3.502505e-05 0.7954525840532708 0.6865372410075646
2.5587590000000002 3.417821e-05 0.776220032885473 0.66993805850319
2.508884 3.279326e-05 0.744766485887408 0.6427912092643331
2.4587869999999996 3.262165e-05 0.7408690576767595 0.6394274266022296
2.408799 3.244543e-05 0.7368669319307043 0.6359732818512484
2.3591100000000003 3.144107e-05 0.71405695000863 0.6162864992948106
2.3089720000000002 3.142797e-05 0.7137594364047638 0.6160297219923601
2.258827 3.163183e-05 0.7183892931440147 0.6200256472501913
2.209044 3.045496e-05 0.6916614431453774 0.5969574408429321
2.158907 2.99026e-05 0.6791168161047975 0.5861304552870817
2.108884 2.944955e-05 0.6688276147130696 0.5772500768996567
2.059478 2.843482e-05 0.6457821201137364 0.5573600286465463
2.008972 2.761314e-05 0.6271209767530591 0.5412540153734434
1.958817 2.764277e-05 0.627793902560888 0.541834802508681
1.9090630000000002 2.73233e-05 0.6205384314901116 0.5355727685534207
1.858713 2.66675e-05 0.6056445825270941 0.52271822237425
1.8086 2.635877e-05 0.5986330271895638 0.5166667066043579
1.759044 2.602057e-05 0.590952179798145 0.5100375399105556
1.708883 2.484876e-05 0.5643392472678712 0.4870685161865331
1.659176 2.383185e-05 0.5412442427711007 0.46713573705408357
1.6090920000000002 2.368347e-05 0.5378743902106667 0.4642272930741119
1.5585 2.270771e-05 0.5157139418054306 0.4451011082924903
1.5086 2.214128e-05 0.5028497715277209 0.4339983321530153
1.459025 2.267221e-05 0.514907702649915 0.44440526140416975
1.4087129999999999 2.19139e-05 0.4976857529592383 0.4295413838300208
1.358751 2.08949e-05 0.4745432825516219 0.4095676379371039
1.309082 2.05907e-05 0.46763460787252786 0.4036049161504255
1.25899 1.951167e-05 0.44312879840841574 0.3824545029700191
1.2089590000000001 1.806269e-05 0.41022106850534606 0.35405258116048155
1.158888 1.803072e-05 0.40949499904613956 0.3534259269345773
1.108846 1.771606e-05 0.4023487677031949 0.3472581753323542
1.058935 1.693048e-05 0.3845074900753095 0.3318597697400504
1.0089489999999999 1.673234e-05 0.38000754003942616 0.3279759640371823
0.9588977999999999 1.628398e-05 0.369824853060075 0.3191875158442989
0.9087324999999999 1.502743e-05 0.3412873935991424 0.29455747619587425
0.8586663 1.3786e-05 0.31309332388557304 0.2702238085179118
0.8084023 1.299892e-05 0.2952179798144968 0.25479600094441124
0.7586099000000001 1.229957e-05 0.2793350684508398 0.24108781724449815
0.7086570000000001 1.144342e-05 0.2598910782256379 0.22430614644349642
0.6583885 1.080392e-05 0.2453674179452938 0.21177110179332925
0.6084023 1.033695e-05 0.2347620799607554 0.20261787302039952
0.5585273 9.389895e-06 0.21325354972338045 0.18405434415227745
0.5086381 8.717283e-06 0.19797788406508052 0.1708702605678549
0.4585736 7.914227e-06 0.17973970966306016 0.1551293022932894
0.4085155 6.721309e-06 0.15264739414420553 0.13174653388986776
0.3587702 6.173623e-06 0.1402089181406081 0.12101116490742608
0.30881729999999996 5.766075e-06 0.13095311094759216 0.11302268581894082
0.25864760000000003 5.094369e-06 0.11569802142097947 0.09985636103116101
0.208657 4.585441e-06 0.10413977688750804 0.08988070004019888
0.1584305 3.872305e-06 0.08794377219996546 0.0759022925317679
0.1084588 3.086732e-06 0.07010265354881494 0.060504024148709624
0.05845325 2.451648e-06 0.05567928487722453 0.04805553893118536
0.008260729 1.543753e-06 0.03506011591675069 0.03025959778550354
-0.04165437 7.120861e-07 0.016172160448405234 0.013957828081725413
-0.09153172999999999 6.594622e-08 0.0014977021048519698 0.0012926330136196203
-0.14140909999999998 -9.954902e-07 -0.02260854023019831 -0.019512922761225716
-0.1919264 -1.901733e-06 -0.043190186139045586 -0.03727647860468547
-0.24169210000000002 -2.742451e-06 -0.06228370079670055 -0.0537556618231362
-0.29174869999999997 -3.855568e-06 -0.08756365882684253 -0.0755742252255758
-0.3421023 -4.805918e-06 -0.10914702168442664 -0.0942023404457265
-0.3920034 -6.18973e-06 -0.1405747236075909 -0.1213268833815156
-0.4416921 -7.36691e-06 -0.16730961400448768 -0.14440116619822208
-0.4915412 -8.193258e-06 -0.18607677213637475 -0.16059867843680897
-0.5414846 -9.054405e-06 -0.20563424903932628 -0.17747829703783713
-0.5917412000000001 -1.010666e-05 -0.22953197249248264 -0.19810388485388353
-0.6419279999999999 -1.103534e-05 -0.25062318880077034 -0.21630723945234676
-0.6917770000000001 -1.247204e-05 -0.2832520280889179 -0.24446845704248776
-0.7417109000000001 -1.291397e-05 -0.2932886835817912 -0.2531308687426416
-0.7917865000000001 -1.315367e-05 -0.29873250120368094 -0.2578293053378645
-0.8419634 -1.436038e-05 -0.3261380463121939 -0.2814824151577288
-0.8917487 -1.464997e-05 -0.33271491383460966 -0.287158761647552
-0.9415506 -1.506635e-05 -0.342171304245133 -0.2953203596013231
-0.9916733000000001 -1.651508e-05 -0.3750733564076708 -0.3237173810806611
-1.041917 -1.723328e-05 -0.3913843694074255 -0.3377950496776119
-1.092173 -1.798874e-05 -0.4085415928560397 -0.3526030634874873
-1.14223 -1.91336e-05 -0.4345424649569854 -0.3750438316160102
-1.192251 -1.935734e-05 -0.4396238156233251 -0.37942943113130095
-1.2423620000000002 -1.945774e-05 -0.4419039962208959 -0.38139740373939596
-1.292154 -1.994408e-05 -0.4529492455418381 -0.3909303100961783
-1.342192 -2.090082e-05 -0.474677731447415 -0.40968367775622666
-1.391758 -2.133364e-05 -0.4845074900753095 -0.4181675214239129
-1.442056 -2.18201e-05 -0.495555464711707 -0.427702779939191
-1.492079 -2.339082e-05 -0.531228027144142 -0.4584909665426477
-1.5418530000000001 -2.366914e-05 -0.537548942123384 -0.46394640614708005
-1.592278 -2.375778e-05 -0.539562041806339 -0.4656838672225935
-1.642088 -2.471067e-05 -0.5612030905077262 -0.48436176979757045
-1.6920039999999998 -2.485388e-05 -0.5644555273939624 -0.4871688749490176
-1.7419280000000001 -2.493951e-05 -0.5664002670809145 -0.48884733604892977
-1.792117 -2.597186e-05 -0.589845928832929 -0.5090827595744967
-1.8418430000000001 -2.651059e-05 -0.6020810054597152 -0.5196425791278737
-1.891991 -2.714273e-05 -0.6164375130588031 -0.5320333580569693
-1.942202 -2.812951e-05 -0.6388482362666812 -0.5513755493937824
-1.992232 -2.872381e-05 -0.6523453610588759 -0.5630246143438908
-2.0424469999999997 -2.900101e-05 -0.6586408397605356 -0.5684581004690298
-2.0922199999999997 -2.89211e-05 -0.656826006776951 -0.5668917589240807
-2.141956 -2.960574e-05 -0.672374839887717 -0.5803116071950588
-2.1925100000000004 -3.029012e-05 -0.6879177681483297 -0.5937263591226294
-2.2428429999999997 -3.046736e-05 -0.6919430590757546 -0.5972004972208244
-2.2923620000000002 -3.163555e-05 -0.7184737779231279 -0.620098564163559
-2.342513 -3.255049e-05 -0.7392529456117878 -0.6380325966142609
-2.392277 -3.235873e-05 -0.734897891514276 -0.6342738473380826
-2.442371 -3.303533e-05 -0.7502641284895393 -0.6475361009898467
-2.492183 -3.383097e-05 -0.7683338783964243 -0.663131695869376
-2.541966 -3.380909e-05 -0.7678369625450812 -0.662702818970321
-2.592204 -3.402917e-05 -0.7728351910900352 -0.6670166776514919
-2.642013 -3.487657e-05 -0.7920804603966242 -0.6836268368955133
-2.6925100000000004 -3.529509e-05 -0.8015854522660997 -0.6918303816757915
-2.742343 -3.59415e-05 -0.8162660452947428 -0.7045008714526713
-2.7923620000000002 -3.685631e-05 -0.8370422605583262 -0.7224323557316695
-2.8428620000000002 -3.708264e-05 -0.8421824326165753 -0.7268687226678264
-2.8927959999999997 -3.712723e-05 -0.8431951144178271 -0.7277427455621985
-2.9423429999999997 -3.780841e-05 -0.858665367599633 -0.7410947732632164
-2.9922020000000003 -3.806308e-05 -0.8644491683245668 -0.7460866416307816
-3.0422779999999996 -3.824527e-05 -0.8685868785145213 -0.7496578062669256
-3.092381 -3.914621e-05 -0.8890480927334005 -0.767317420226459
-3.142513 -3.974779e-05 -0.9027105533298811 -0.779109182791975
-3.1925100000000004 -4.009239e-05 -0.9105367508789142 -0.785863797938883
-3.242588 -4.057039e-05 -0.9213925907757154 -0.7952332292802119
-3.292438 -4.111162e-05 -0.9336844448078198 -0.8058420521355834
-3.3424940000000003 -4.138739e-05 -0.9399474468336376 -0.8112475083719815
-3.392353 -4.145841e-05 -0.9415603793639112 -0.8126395941750383
-3.442249 -4.194872e-05 -0.9526957912044985 -0.8222503177753878
-3.492427 -4.254482e-05 -0.9662337957285222 -0.8339346651029322
-3.542447 -4.278473e-05 -0.9716823826524587 -0.8386372179755226
-3.5923339999999997 -4.335333e-05 -0.9845958357179841 -0.8497825289811286
-3.64257 -4.40233e-05 -0.9998114990143442 -0.8629148258760037
-3.692447 -4.404375e-05 -1.0002759381898454 -0.8633156728863177
-3.742107 -4.44004e-05 -1.0083758028325112 -0.8703064839488387
-3.792288 -4.49407e-05 -1.020646535669837 -0.8808970775758681
-3.8424 -4.505308e-05 -1.0231987935936917 -0.8830998740071203
-3.892277 -4.535422e-05 -1.0300379727286766 -0.8890026157521576
-3.9424639999999997 -4.60271e-05 -1.0453197249248265 -0.9021919524905538
-3.992617 -4.640948e-05 -1.0540039426230252 -0.9096871055372013
-4.0422579999999995 -4.658668e-05 -1.0580283251119649 -0.9131604595825642
-4.09238 -4.69614e-05 -1.066538576840269 -0.9205054665119006
-4.142399999999999 -4.741616e-05 -1.0768666139772345 -0.9294193631578898
-4.192556 -4.734413e-05 -1.0752307433752124 -0.9280074800208271
-4.242673 -4.749183e-05 -1.0785851524813994 -0.930902595102656
-4.292305000000001 -4.79681e-05 -1.0894017024137208 -0.940238116159005
-4.34238 -4.810601e-05 -1.0925337712006828 -0.9429413343102239
-4.393139 -4.840501e-05 -1.0993243488767157 -0.9488021292287541
-4.442994 -4.864504e-05 -1.1047756611161073 -0.9535070342598403
-4.4926639999999995 -4.870248e-05 -1.1060801787806938 -0.9546329341264637
-4.542654000000001 -4.909107e-05 -1.1149054315537021 -0.9622498113752649
-4.5924 -4.916731e-05 -1.1166369153062798 -0.9637442160728861
-4.642575 -4.925757e-05 -1.1186868067478808 -0.9655134312880918
-4.6930320000000005 -4.949994e-05 -1.12419126263865 -0.9702642034098448
-4.7430129999999995 -4.947601e-05 -1.1236477893149464 -0.9697951438031543
-4.792626 -4.973659e-05 -1.129565811826052 -0.9749028559766347
-4.842560000000001 -4.975683e-05 -1.1300254816995066 -0.9752995867095813
-4.892713 -4.98525e-05 -1.1321982394462156 -0.9771748450703028
-4.942957000000001 -5.021771e-05 -1.1404925099246903 -0.9843334434388525
-4.992787999999999 -5.021997e-05 -1.1405438366990979 -0.9843777424238557
-5.0424 -4.993482e-05 -1.134067805848527 -0.9787884257983744
-5.092136 -5.026756e-05 -1.1416246513867312 -0.9853105692806209
-5.142315 -5.013707e-05 -1.138661097938753 -0.9827527929297214
-5.192729999999999 -5.018127e-05 -1.1396649224647752 -0.9836191713089822
-5.242617 -5.040843e-05 -1.1448239446215898 -0.9880718073414013
-5.292314999999999 -5.032232e-05 -1.1428683036728167 -0.9863839376075062
-5.342117 -5.02619e-05 -1.1414961073410914 -0.9851996258049057
-5.392342999999999 -5.048071e-05 -1.1464654929641438 -0.9894885908086634
-5.44224 -5.066966e-05 -1.1507567292580783 -0.9931922603734
-5.492251 -5.046724e-05 -1.1461595763042904 -0.9892245610175174
-5.542362 -5.058007e-05 -1.1487220541611023 -0.9914361780431287
-5.592202 -5.04259e-05 -1.1452207051299519 -0.9884142424157382
-5.642037999999999 -5.053761e-05 -1.1477577467091815 -0.9906039059620558
-5.6921729999999995 -5.061971e-05 -1.1496223166998245 -0.9922131743995519
-5.741796 -5.059501e-05 -1.1490613559352827 -0.9917290217758473
-5.791973 -5.069554e-05 -1.15134448895793 -0.993699542555646
-5.842296 -5.078057e-05 -1.1532756020676058 -0.9953662428630795
-5.892214 -5.046359e-05 -1.1460766812925263 -0.9891530161966058
-5.942372000000001 -5.069856e-05 -1.1514130760635541 -0.9937587385444552
-5.992183 -5.071947e-05 -1.1518879622816338 -0.9941686021623364
-6.041955 -5.075053e-05 -1.1525933647653046 -0.9947774191863147
-6.091966 -5.086852e-05 -1.155273031186693 -0.9970901790272425
-6.142 -5.069478e-05 -1.1513272286267133 -0.9936846455518397
-6.192164 -5.056623e-05 -1.148407734445262 -0.9911648957632878
-6.242136 -5.084258e-05 -1.1546839088291134 -0.9965817207657486
-6.292 -5.084059e-05 -1.1546387140144805 -0.9965427141373612
-6.342004 -5.081782e-05 -1.154121585406844 -0.9960963920627961
-6.391617 -5.084246e-05 -1.1546811835136581 -0.9965793686072528
-6.441617 -5.070006e-05 -1.1514471425067452 -0.993788140525652
-6.491555999999999 -5.060256e-05 -1.149232823699343 -0.9918770117478704
-6.54157 -5.077162e-05 -1.1530723389565674 -0.9951908110419395
-6.5914470000000005 -5.09302e-05 -1.1566738433306987 -0.9982991884940482
-6.641640000000001 -5.075437e-05 -1.1526805748598734 -0.9948526882581783
-6.691806 -5.084219e-05 -1.1546750515538837 -0.9965740762506374
-6.742075 -5.078774e-05 -1.1534384396660577 -0.9955067843331994
-6.791947 -5.080315e-05 -1.153788415592438 -0.995808840686693
-6.841588 -5.082287e-05 -1.1542362757655864 -0.9961953787328248
-6.8914 -5.095431e-05 -1.1572214046275855 -0.9987717763384824
-6.941555999999999 -5.076379e-05 -1.1528945121231116 -0.9950373327000932
-6.991419 -5.074136e-05 -1.1523851052425984 -0.9945976750745995
-7.041277 -5.07651e-05 -1.1529242634834982 -0.9950630104303383
-7.091621 -5.094707e-05 -1.1570569772617847 -0.9986298627759065
-7.141523 -5.101521e-05 -1.158604502221132 -0.9999654967750657
-7.191249 -5.073375e-05 -1.1522122748208106 -0.9944485090233286
-7.241492 -5.07133e-05 -1.151747835645309 -0.9940476620130142
-7.291493999999999 -5.084974e-05 -1.1548465193179442 -0.9967220662226606
-7.341519 -5.081754e-05 -1.1541152263374486 -0.9960909036929728
-7.391427999999999 -5.095352e-05 -1.157203462967505 -0.998756291295052
-7.441362 -5.08829e-05 -1.1555996148220822 -0.9973720460203143
-7.491314999999999 -5.08423e-05 -1.154677549759718 -0.9965762323959253
-7.541145 -5.102689e-05 -1.1588697662587777 -1.0001944402019836
-7.591213 -5.090974e-05 -1.1562091770455762 -0.9978981454705262
-7.641211 -5.095666e-05 -1.1572747753885844 -0.998817839442357
-7.690881 -5.09298e-05 -1.1566647589458479 -0.9982913479657292
-7.740692 -5.071273e-05 -1.1517348903968967 -0.9940364892601595
-7.790551000000001 -5.079177e-05 -1.1535299648434305 -0.9955857776560144
-7.8405320000000005 -5.111551e-05 -1.16088241172249 -1.0019315092510812
-7.890277 -5.092999e-05 -1.156669074028652 -0.9982950722166807
-7.94064 -5.076785e-05 -1.1529867186293479 -0.9951169140625321
-7.99106 -5.113213e-05 -1.1612598679130441 -1.0022572832027399
-8.040777 -5.102852e-05 -1.158906785127045 -1.000226390354884
-8.090537999999999 -5.095556e-05 -1.1572497933302446 -0.9987962779894795
-8.140777 -5.112867e-05 -1.1611812879840842 -1.0021894626327796
-8.190704 -5.079584e-05 -1.1536223984592882 -0.9956655550316613
-8.240325 -5.081026e-05 -1.1539498905331624 -0.9959482060775651
-8.290457 -5.112468e-05 -1.1610906712451965 -1.0021112533627965
-8.34052 -5.08482e-05 -1.1548115444362683 -0.996691880188632
-8.390466 -5.082548e-05 -1.1542955513767383 -0.9962465381801069
-8.440495 -5.109612e-05 -1.1604420461668437 -1.0015514396408125
-8.490343999999999 -5.071535e-05 -1.15179439311767 -0.9940878447206496
-8.539825 -5.104516e-05 -1.1592846955368417 -1.0005525563329587
-8.58973 -5.104267e-05 -1.1592281452411448 -1.0005037490441722
-8.639982 -5.071182e-05 -1.1517142234213609 -0.9940186520582336
-8.690052 -5.106375e-05 -1.1597068923227862 -1.000916944886589
-8.739353999999999 -5.117343e-05 -1.1621978306488976 -1.0030668177516873
-8.789204999999999 -5.074077e-05 -1.1523717057749434 -0.9945861102953287
-8.839117 -5.091166e-05 -1.1562527820928603 -0.9979357800064578
-8.888636 -5.104604e-05 -1.1593046811835135 -1.0005698054952608
-8.939039000000001 -5.083197e-05 -1.154442945520944 -0.9963737507520845
-8.989004999999999 -5.096913e-05 -1.1575579810863108 -0.9990622679127051
-9.038938 -5.080915e-05 -1.153924681365201 -0.9959264486114795
-9.088880999999999 -5.085276e-05 -1.1549151064235685 -0.9967812622114698
-9.139099 -5.097349e-05 -1.1576570008811853 -0.9991477296713833
-9.188212 -5.103221e-05 -1.1589905885772944 -1.0002987192286277
-9.238501 -5.098959e-05 -1.158022647371433 -0.9994633109362272
-9.288315 -5.092072e-05 -1.156458543409733 -0.9981133679728856
-9.337834999999998 -5.0882e-05 -1.1555791749561677 -0.9973544048315962
-9.387965 -5.087662e-05 -1.1554569899799234 -0.9972489497257044
-9.438107 -5.092713e-05 -1.1566041206769682 -0.9982390124391992
-9.487532999999999 -5.091666e-05 -1.1563663369034964 -0.9980337866104466
-9.537192 -5.100324e-05 -1.1583326520044694 -0.9997308689651168
-9.587594 -5.104531e-05 -1.1592881021811607 -1.0005554965310783
-9.637637 -5.096814e-05 -1.1575354972338048 -0.9990428626051153
-9.687541999999999 -5.106845e-05 -1.159813633844784 -1.0010090710943385
-9.737589 -5.101536e-05 -1.158607908865451 -0.9999684369731855
-9.787155 -5.105287e-05 -1.1594597970548424 -1.0007036825163094
-9.837308 -5.092158e-05 -1.1564780748371621 -0.9981302251087716
-9.887278 -5.081256e-05 -1.154002125746055 -0.9959932891154
-9.937492 -5.098819e-05 -1.157990852024455 -0.9994358690871104
-9.990709 -5.095018e-05 -1.157127608354 -0.9986908228835875
-9.993501 -5.090098e-05 -1.156010229017342 -0.9977264379003378
-9.945713 -5.08871e-05 -1.1556950008630165 -0.9974543715676649
-9.896902 -5.093429e-05 -1.156766731165799 -0.9983793578961111
-9.847888999999999 -5.073693e-05 -1.1522844956803748 -0.9945108412234653
-9.798195 -5.091716e-05 -1.1563776923845601 -0.9980435872708455
-9.748611 -5.09278e-05 -1.1566193370215934 -0.9982521453241335
-9.698705 -5.079895e-05 -1.1536930295515038 -0.9957265151393423
-9.649035 -5.087345e-05 -1.1553849962299803 -0.9971868135387756
-9.599478999999999 -5.086421e-05 -1.1551751469399247 -0.9970056973346041
-9.54978 -5.090374e-05 -1.1560729112728132 -0.9977805375457397
-9.500185 -5.091673e-05 -1.1563679266708455 -0.9980351587029026
-9.450327 -5.09154e-05 -1.156337721091216 -0.9980090889462413
-9.400998 -5.087398e-05 -1.1553970330399075 -0.9971972022387982
-9.351195 -5.074321e-05 -1.1524271205225336 -0.9946339375180752
-9.301193999999999 -5.095089e-05 -1.1571437331371106 -0.998704739821354
-9.251232 -5.089529e-05 -1.1558810036428382 -0.9976149063849984
-9.201342 -5.101849e-05 -1.1586789941769091 -1.0000297891072825
-9.151394 -5.09952e-05 -1.1581500558689668 -0.9995732743459027
-9.101796 -5.105611e-05 -1.1595333805721346 -1.0007671907956943
-9.051817999999999 -5.085526e-05 -1.1549718838288863 -0.9968302655134641
-9.002243 -5.102725e-05 -1.1588779422051434 -1.0002014966774708
-8.952337 -5.10194e-05 -1.1586996611524452 -1.0000476263092086
-8.902147000000001 -5.088884e-05 -1.1557345179371177 -0.9974884778658529
-8.851953 -5.086532e-05 -1.1552003561078859 -0.9970274548006895
-8.802374 -5.099773e-05 -1.1582075146031483 -0.9996228656875209
-8.752556 -5.093917e-05 -1.1568775606609798 -0.9984750123416042
-8.702468999999999 -5.099831e-05 -1.1582206869611824 -0.9996342344535837
-8.652790000000001 -5.095449e-05 -1.1572254926007683 -0.9987753045762258
-8.603185999999999 -5.087372e-05 -1.1553911281897544 -0.9971921058953908
-8.553102 -5.09562e-05 -1.1572643283460058 -0.99880882283479
-8.503365 -5.094882e-05 -1.1570967214455072 -0.9986641650873026
-8.453379 -5.08875e-05 -1.1557040852478673 -0.9974622120959838
-8.402769000000001 -5.095201e-05 -1.157169169414693 -0.9987266933006475
-8.352912 -5.105543e-05 -1.1595179371178879 -1.0007538618975516
-8.303393 -5.091767e-05 -1.156389274975245 -0.9980535839444523
-8.253333000000001 -5.106864e-05 -1.1598179489275882 -1.0010127953452899
-8.203224 -5.094735e-05 -1.1570633363311802 -0.9986353511457298
-8.153167 -5.089058e-05 -1.1557740350112191 -0.9975225841640412
-8.10278 -5.108794e-05 -1.160256270496643 -1.0013911008366867
-8.053177 -5.1048e-05 -1.1593491946692829 -1.0006082240840244
-8.003362 -5.082184e-05 -1.1542128834745955 -0.9961751893724031
-7.953017 -5.10303e-05 -1.1589472106396312 -1.000261280705904
-7.903243000000001 -5.107284e-05 -1.1599133349685224 -1.0010951208926406
-7.853676999999999 -5.076492e-05 -1.1529201755103151 -0.9950594821925945
-7.803611 -5.106457e-05 -1.1597255153117305 -1.0009330179696432
-7.753819 -5.08639e-05 -1.1551681065416652 -0.9969996209251568
-7.703658000000001 -5.074805e-05 -1.1525370415792293 -0.9947288079107364
-7.6533370000000005 -5.123396e-05 -1.1635725251864568 -1.0042532856995758
-7.603346999999999 -5.088301e-05 -1.1556021130279162 -0.997374202165602
-7.553517 -5.07735e-05 -1.1531150355653665 -0.9952276615250393
-7.503545 -5.107289e-05 -1.1599144705166289 -1.0010961009586805
-7.454196 -5.08048e-05 -1.153825888679948 -0.9958411828660092
-7.404324 -5.08164e-05 -1.1540893358406232 -0.9960685581872631
-7.354441 -5.103678e-05 -1.1590943776742155 -1.0003882972646734
-7.304431999999999 -5.079417e-05 -1.1535844711525358 -0.9956328208259291
-7.254333 -5.08616e-05 -1.1551158713287728 -0.9969545378873219
-7.2039409999999995 -5.106153e-05 -1.1596564739868638 -1.000873429954418
-7.154054 -5.079159e-05 -1.1535258768702477 -0.9955822494182709
-7.10388 -5.078975e-05 -1.1534840886999336 -0.995546182988003
-7.053733 -5.094754e-05 -1.1570676514139844 -0.9986390753966814
-7.00378 -5.089393e-05 -1.1558501167343451 -0.9975882485887135
-6.9539979999999995 -5.08377e-05 -1.1545730793339328 -0.9964860663202556
-6.904037000000001 -5.093418e-05 -1.156764232959965 -0.9983772017508235
-6.853837 -5.088713e-05 -1.1556956821918802 -0.9974549596072888
-6.803951 -5.079163e-05 -1.1535267853087328 -0.9955830334711028
-6.754328 -5.09185e-05 -1.1564081250738105 -0.9980698530407144
-6.704573 -5.093397e-05 -1.1567594636579184 -0.9983730854734559
-6.65413 -5.083396e-05 -1.1544881403355771 -0.996412757380472
-6.604139 -5.084422e-05 -1.154721154807002 -0.9966138669318568
-6.55413 -5.085289e-05 -1.154918058848645 -0.9967838103831735
-6.504139 -5.072328e-05 -1.1519744910473386 -0.994243283194576
-6.454365 -5.085529e-05 -1.1549725651577503 -0.9968308535530882
-6.404592 -5.080164e-05 -1.1537541220396261 -0.9957792426922885
-6.354243 -5.048004e-05 -1.1464502766195186 -0.9894754579237288
-6.304269000000001 -5.095632e-05 -1.157267053661461 -0.9988111749932858
-6.254158 -5.079357e-05 -1.1535708445752593 -0.9956210600334503
-6.204479 -5.051107e-05 -1.1471549977743256 -0.9900836869080835
-6.154463 -5.081326e-05 -1.154018023419544 -0.9960070100399584
-6.104148 -5.059105e-05 -1.148971420525259 -0.9916514005454882
-6.054469 -5.059416e-05 -1.1490420516174746 -0.9917123606531693
-6.00479 -5.075981e-05 -1.1528041224938452 -0.9949593194433181
-5.954847 -5.063721e-05 -1.1500197585370504 -0.9925561975135127
-5.904667000000001 -5.080323e-05 -1.1537902324694083 -0.9958104087923568
-5.854232 -5.079028e-05 -1.153496125509861 -0.9955565716880258
-5.804412999999999 -5.050565e-05 -1.1470319043595962 -0.9899774477493595
-5.754375 -5.064386e-05 -1.1501707864351964 -0.992686546296818
-5.704546000000001 -5.06391e-05 -1.150062682255471 -0.9925932440098205
-5.654488000000001 -5.046581e-05 -1.1461270996284485 -0.9891965311287768
-5.604436 -5.06694e-05 -1.1507508244079252 -0.9931871640299926
-5.554498 -5.065905e-05 -1.1505157659499086 -0.9929842903597359
-5.504809 -5.038783e-05 -1.1443560988017696 -0.9876680201329675
-5.454574 -5.060314e-05 -1.1492459960573769 -0.9918883805139331
-5.4046199999999995 -5.057982e-05 -1.1487163764205706 -0.9914312777129294
-5.355215 -5.046415e-05 -1.1460893994313173 -0.9891639929362525
-5.304454 -5.050993e-05 -1.1471291072775005 -0.9900613414023738
-5.254602 -5.027635e-05 -1.1418242807438295 -0.9854828648904334
-5.204629 -5.026656e-05 -1.141601940424604 -0.9852909679598232
-5.1546009999999995 -5.032305e-05 -1.1428848826751696 -0.9863982465716887
-5.104696 -5.012043e-05 -1.1382831875289563 -0.9824266269516465
-5.05475 -5.03375e-05 -1.1432130560779077 -0.9866814856572163
-5.0047619999999995 -5.013888e-05 -1.1387022047802031 -0.9827882713203653
-4.955176000000001 -4.984106e-05 -1.1319384260394807 -0.9769506059603765
-4.905262 -5.008973e-05 -1.1375859609916512 -0.9818248664031554
-4.854796 -4.979476e-05 -1.1308869084929911 -0.9760430648074402
-4.804696 -4.96912e-05 -1.1285349612550986 -0.9740131520256243
-4.755017 -4.971689e-05 -1.1291184058721462 -0.9745167099569187
-4.704917 -4.949202e-05 -1.124011391818603 -0.9701089609491267
-4.654733 -4.933305e-05 -1.120401030169242 -0.9669929389819067
-4.604979 -4.941536e-05 -1.1222703694619318 -0.9686063236967704
-4.5551390000000005 -4.890768e-05 -1.110740468209195 -0.9586551251541638
-4.504787 -4.87683e-05 -1.107575014307906 -0.9559230930613721
-4.454930999999999 -4.884176e-05 -1.1092433615857702 -0.9573630060871755
-4.405394 -4.83929e-05 -1.0990493191253554 -0.9485647572338933
-4.354814999999999 -4.807573e-05 -1.0918460832674715 -0.9423478063164679
-4.3049409999999995 -4.815072e-05 -1.0935491783173903 -0.943817709363092
-4.255167 -4.774489e-05 -1.0843323885573086 -0.9358629053437371
-4.204954 -4.75683e-05 -1.0803218597552666 -0.9324015081040609
-4.154828 -4.7128e-05 -1.0703222231306606 -0.9237710465568073
-4.104796 -4.672964e-05 -1.0612750842576693 -0.9159626644038118
-4.054403 -4.651098e-05 -1.056309105278936 -0.9116766395981738
-4.004398 -4.637496e-05 -1.0532199602103942 -0.9090104679432626
-3.954205 -4.583828e-05 -1.041031441055969 -0.898490831097521
-3.9043560000000004 -4.570419e-05 -1.0379861281443328 -0.8958624899917496
-3.8545 -4.531471e-05 -1.029140662615031 -0.8882281675674382
-3.804413 -4.48811e-05 -1.019292962327056 -0.8797288388563216
-3.754574 -4.453526e-05 -1.0114386031849851 -0.8729499180716244
-3.704648 -4.407063e-05 -1.0008864088518246 -0.8638425563893615
-3.654843 -4.377202e-05 -0.9941046884510215 -0.8579894059859426
-3.604611 -4.334101e-05 -0.9843160366645771 -0.8495410407089002
-3.5546390000000003 -4.301289e-05 -0.9768641157714005 -0.8431094553287395
-3.5045 -4.26692e-05 -0.9690585851979032 -0.8363726773837574
-3.454658 -4.216196e-05 -0.9575386767685025 -0.8264301034223019
-3.404491 -4.173223e-05 -0.9477790950135812 -0.8180068278358809
-3.354535 -4.133813e-05 -0.9388287048392517 -0.8102819473094838
-3.304491 -4.084847e-05 -0.9277080551240472 -0.8006839645676529
-3.254252 -4.039059e-05 -0.917309159785245 -0.7917089118007747
-3.2044810000000004 -3.986295e-05 -0.9053259477284493 -0.781366470895045
-3.1543180000000004 -3.956691e-05 -0.8986025945003133 -0.7755636958860763
-3.1043649999999996 -3.93808e-05 -0.8943758573388202 -0.7719156940724053
-3.054752 -3.870893e-05 -0.8791170432144186 -0.7587461546680146
-3.004371 -3.83554e-05 -0.8710880367735898 -0.7518164997263828
-2.9540729999999997 -3.778781e-05 -0.8581975217798126 -0.7406909860547825
-2.903913 -3.724542e-05 -0.8458793230316408 -0.7300594256672858
-2.8541860000000003 -3.66423e-05 -0.8321818875534842 -0.718237477067741
-2.804592 -3.633776e-05 -0.8252654911472669 -0.7122680908319914
-2.754306 -3.575415e-05 -0.8120111465402119 -0.700828564001211
-2.704281 -3.537031e-05 -0.8032937708373078 -0.6933047930261991
-2.654516 -3.522418e-05 -0.79997501794166 -0.6904404520180224
-2.604715 -3.45034e-05 -0.7836054106596171 -0.6763122120134133
-2.554444 -3.404049e-05 -0.7730922791813151 -0.6672385646029225
-2.504262 -3.35278e-05 -0.7614485960083213 -0.6571891634431193
-2.454507 -3.291118e-05 -0.7474445625414474 -0.6451025970128048
-2.4044630000000002 -3.225144e-05 -0.7324612323876487 -0.632170821629691
-2.354412 -3.185183e-05 -0.7233857048119986 -0.6243379378256984
-2.304413 -3.140922e-05 -0.7133336058648788 -0.615662197227402
-2.254781 -3.117135e-05 -0.7079313493036818 -0.610999631049239
-2.204837 -3.065752e-05 -0.6962617756338628 -0.6009278843837262
-2.1542689999999998 -2.993313e-05 -0.6798101817785407 -0.5867288836110373
-2.104167 -2.925796e-05 -0.6644764214791195 -0.5734946598480141
-2.053969 -2.864466e-05 -0.650547788406508 -0.5614731698027482
-2.003941 -2.821367e-05 -0.6407595908393061 -0.5530251965521218
-1.954167 -2.766898e-05 -0.6283891568782419 -0.5423485531267902
-1.9039970000000002 -2.712509e-05 -0.6160368916868794 -0.5316875907580968
-1.854384 -2.66444e-05 -0.6051199593019557 -0.5222654318638218
-1.804019 -2.620751e-05 -0.5951977670582036 -0.5137018108204887
-1.7541669999999998 -2.567389e-05 -0.5830787434478875 -0.5032421540163884
-1.7041389999999998 -2.521714e-05 -0.572705511496289 -0.49428925074201174
-1.654516 -2.44254e-05 -0.5547243343417 -0.47877010101359363
-1.604185 -2.361849e-05 -0.5363986318916415 -0.46295359924867363
-1.553733 -2.31029e-05 -0.5246890869284786 -0.45284735425855677
-1.504214 -2.249791e-05 -0.5109491819511441 -0.44098875118912034
-1.454412 -2.213628e-05 -0.5027362167170849 -0.4339003255490265
-1.4041569999999999 -2.182744e-05 -0.49572216317372064 -0.4278466536338465
-1.354035 -2.099336e-05 -0.476779403882666 -0.41149758398285124
-1.30412 -2.034811e-05 -0.4621251555700905 -0.398849831738097
-1.253884 -1.982193e-05 -0.45017510151800066 -0.38853600876073197
-1.2041579999999998 -1.913298e-05 -0.4345283841604665 -0.3750316787971156
-1.1543430000000001 -1.823754e-05 -0.41419208023328696 -0.35747987210196985
-1.103988 -1.738917e-05 -0.3949247812934347 -0.3408506995767747
-1.054139 -1.710921e-05 -0.38856662033630385 -0.3353631138062339
-1.003988 -1.662892e-05 -0.3776587723362312 -0.32594879544027805
-0.9539596 -1.598049e-05 -0.3629323031640912 -0.31323871099538686
-0.9042992000000001 -1.522262e-05 -0.3457203462967505 -0.29838345800238897
-0.854287 -1.421774e-05 -0.3228985546743702 -0.27868648275913643
-0.8041577 -1.329952e-05 -0.302044895029933 -0.26068815797621775
-0.7538333 -1.261801e-05 -0.28656714723062526 -0.24732966183933672
-0.7039124 -1.169207e-05 -0.2655381589585661 -0.22918001485985934
-0.6539407 -1.093753e-05 -0.24840182959510895 -0.2143900342651179
-0.6039879 -1.011581e-05 -0.2297397777959465 -0.198283236939183
-0.5543464 -9.57602e-06 -0.21748062754930547 -0.18770263998576042
-0.5041765 -8.92465e-06 -0.20268738814851148 -0.17493492765772384
-0.4539629 -7.934742e-06 -0.18020562505109963 -0.15553142338945541
-0.4038935 -7.074673e-06 -0.16067263056532124 -0.13867293501224723
-0.354101 -6.49467e-06 -0.14750020439865913 -0.12730411014558435
-0.303861 -5.827208e-06 -0.13234150019531427 -0.11422097336327025
-0.2538935 -5.249502e-06 -0.11922124110865832 -0.10289717273047982
-0.20367580000000002 -4.643647e-06 -0.10546169114908384 -0.09102161451855327
-0.1534124 -3.831304e-06 -0.08701260004178817 -0.07509861877773896
-0.1037331 -3.342484e-06 -0.07591102753477048 -0.0655171011453782
-0.0539073 -2.700315e-06 -0.06132675169650886 -0.052929740570001806
-0.0037331129999999997 -1.862818e-06 -0.04230638904786562 -0.036513693205840664
0.046342709999999995 -9.890088e-07 -0.022461341400267076 -0.019385878760607114
0.09674086 3.089856e-08 0.0007017360259450032 0.0006056525867488183
0.14654050000000002 8.481843e-07 0.01926308151418526 0.016625532559923037
0.1964353 1.721739e-06 0.03910234922192243 0.033748358469013556
0.24619139999999998 2.642154e-06 0.06000585942822881 0.051789708151083316
0.2960877 3.745621e-06 0.08506665667384333 0.07341911880782455
0.3461065 4.437275e-06 0.1007747844729694 0.08697645074287806
0.396352 5.89711e-06 0.13392904186992977 0.11559114488967522
0.4463518 7.187462e-06 0.16323417727268594 0.1408837483837057
0.49630470000000004 8.060689e-06 0.18306600259813405 0.1580001509399708
0.5466113 9.011653e-06 0.20466330998646423 0.17664030137109132
0.5967952 9.816053e-06 0.2229320079215836 0.19240760382080904
0.6467009 1.070713e-05 0.24316922392100215 0.20987388995331413
0.6965463999999999 1.179822e-05 0.2679489275883683 0.23126069506254146
0.7465027 1.264644e-05 0.28721281988390157 0.247886927389617
0.7966019999999999 1.333081e-05 0.3027555210348931 0.2613014833039796
0.8467102999999999 1.392764e-05 0.3163101045612696 0.2730001395957064
0.8964650000000001 1.470553e-05 0.33397673489039686 0.2882478110310755
0.9467964 1.529977e-05 0.34747249702486394 0.2998956999019361
0.9970405 1.612813e-05 0.366285349612551 0.31613264999796814
1.0468520000000001 1.689287e-05 0.38365333078970554 0.33112256406484664
1.0971199999999999 1.758057e-05 0.39927165944458065 0.3446023923774658
1.147276 1.84195e-05 0.41832456690195213 0.36104652843433016
1.196739 1.907431e-05 0.4331959320124637 0.373881669305911
1.2462950000000002 1.965738e-05 0.44643801269996997 0.3853106114234606
1.296815 2.01908e-05 0.45855249411786075 0.3957663479634015
1.346805 2.073452e-05 0.4709008984456617 0.40642397810755926
1.396739 2.120544e-05 0.4815959447306025 0.41565463209764014
1.447074 2.205511e-05 0.5008927679212202 0.43230928633987237
1.496956 2.256887e-05 0.5125607518236902 0.4423796609129293
1.546522 2.322791e-05 0.5275281843039997 0.4552977153714846
1.596732 2.403319e-05 0.5458168678857911 0.47108226698350447
1.6468610000000001 2.444108e-05 0.5550804422278545 0.47907744972370253
1.696963 2.473499e-05 0.5617554211066597 0.48483847391937196
1.747163 2.533157e-05 0.5753043268925044 0.4965322298808994
1.796991 2.576432e-05 0.58513249575305 0.5050147014561298
1.846946 2.644153e-05 0.6005125864152108 0.5182889119135804
1.897297 2.718646e-05 0.6174306634326255 0.5328905238154553
1.947248 2.763432e-05 0.6276019949309132 0.5416691713479399
1.996729 2.834755e-05 0.6438001344488957 0.5556494213805259
2.046898 2.886205e-05 0.65548492446334 0.5657343009309731
2.096729 2.91579e-05 0.6622039626086719 0.5715333516889902
2.1469169999999997 2.970411e-05 0.6746089172321695 0.5822397891219344
2.197003 3.015085e-05 0.6847548124528747 0.5909964831751255
2.247204 3.074639e-05 0.698280098838107 0.6026698537630231
2.2969180000000002 3.140753e-05 0.7132952243388838 0.6156290709952539
2.34713 3.179918e-05 0.7221899726560015 0.6233059282856963
2.39738 3.241893e-05 0.7362650914343334 0.6354538468501076
2.4470500000000004 3.289405e-05 0.7470555237602085 0.6447668263875391
2.496956 3.330615e-05 0.7564147112528273 0.6528445306882958
2.546984 3.379506e-05 0.7675183277464366 0.6624278124395285
2.5970459999999997 3.421891e-05 0.7771443690440502 0.6707358322596588
2.647267 3.471629e-05 0.7884403473868765 0.6804851371980483
2.6972199999999997 3.513967e-05 0.7980557145322904 0.6887839443974038
2.746852 3.576504e-05 0.812258468917777 0.7010420223846985
2.796937 3.650121e-05 0.8289775979069577 0.7154719267163853
2.847031 3.692001e-05 0.8384889488458288 0.7236809598664867
2.897102 3.737964e-05 0.8489275883683536 0.732690314944761
2.9474650000000002 3.759548e-05 0.8538295224338883 0.7369210640257494
2.997427 3.813986e-05 0.8661929159966931 0.7475916310416336
3.047407 3.86416e-05 0.8775879141343943 0.7574263977387015
3.097531 3.888346e-05 0.8830807874344788 0.7621671731868477
3.1473519999999997 3.951116e-05 0.8973364583617219 0.7744709222516012
3.197435 3.99828e-05 0.9080478565393942 0.7837156891926564
3.247475 4.032085e-05 0.9157252972864941 0.790341915688339
3.2974650000000003 4.094502e-05 0.9299007985174284 0.8025764720906766
3.3470590000000002 4.123887e-05 0.9365744147385059 0.8083363202070982
3.397306 4.156065e-05 0.9438823481317961 0.8146436332134012
3.447408 4.213016e-05 0.9568164681728576 0.8258067814209333
3.497574 4.235504e-05 0.9619237093360222 0.8302147264419333
3.5475030000000003 4.274662e-05 0.9708168678857911 0.8378902116399201
3.59763 4.341517e-05 0.9860002816159303 0.8509946746592622
3.6477199999999996 4.367026e-05 0.9917936209449575 0.8559947755815625
3.697295 4.412212e-05 1.002055796291754 0.8648518283972381
3.747267 4.452019e-05 1.0110963489857283 0.8726545261672023
3.7975369999999997 4.482476e-05 1.0180134267208096 0.8786245004425759
3.84771 4.515554e-05 1.0255257587732447 0.8851082253360588
3.8975500000000003 4.552847e-05 1.033995357879341 0.8924181459011672
3.94739 4.57395e-05 1.038788052217044 0.8965546126291183
3.9975189999999996 4.620778e-05 1.049423141561969 0.9057335191322932
4.047842 4.657128e-05 1.0576785762952061 0.9128585992422786
4.0975209999999995 4.68908e-05 1.064935182914089 0.9191216132635789
4.147861 4.725224e-05 1.0731438330653438 0.926206314652721
4.197984 4.743806e-05 1.0773639840478202 0.9298486320833607
4.247776 4.776109e-05 1.0847003061437692 0.9361804467406607
4.2977229999999995 4.793557e-05 1.088662914815723 0.9396004851934538
4.348249 4.811187e-05 1.0926668574387484 0.9430561980500989
4.39838 4.844528e-05 1.100238919321578 0.94959147441728
4.44805 4.858504e-05 1.1034130033884753 0.9523309550119746
4.497824 4.87745e-05 1.1077158222730945 0.9560446212503182
4.548111 4.90392e-05 1.1137274139481645 0.9612330908654853
4.598342 4.91723e-05 1.1167502430072946 0.9638420266636669
4.647701 4.939012e-05 1.1216971447778412 0.9681115863598349
4.697991 4.94715e-05 1.1235453628757528 0.9697067418463565
4.7485 4.960948e-05 1.1266790214300637 0.9724113320900315
4.798239 4.995205e-05 1.1344591157259785 0.9791261565557199
4.848353 4.987026e-05 1.1326015861335947 0.9775229645276711
4.89871 4.973745e-05 1.1295853432534815 0.9749197131125206
4.948428 5.002534e-05 1.136123602140281 0.9805627373569877
4.998223 5.006577e-05 1.1370418063390837 0.9813552187568412
5.048223 5.020243e-05 1.1401454864233866 0.9840339352570628
5.097758 5.029371e-05 1.1422185430463576 0.9858231438194824
5.147444999999999 5.005314e-05 1.136754966887417 0.9811076540751654
5.197953999999999 5.036032e-05 1.14373132023365 0.9871287877978211
5.248107 5.040298e-05 1.1447001698779966 0.9879649801430536
5.298064999999999 5.035806e-05 1.1436799934592428 0.9870844888128182
5.348314 5.046537e-05 1.1461171068051126 0.9891879065476258
5.398213 5.062519e-05 1.1497467727722814 0.9923205896375236
5.448087999999999 5.031321e-05 1.142661406807838 0.9862053695750387
5.497965 5.059866e-05 1.1491442509470469 0.991800566596759
5.548139 5.063534e-05 1.1499772890378726 0.9925195430436209
5.597908 5.043326e-05 1.1453878578112082 0.9885585081368098
5.647956 5.080939e-05 1.153930131996112 0.995931152928471
5.698084 5.057238e-05 1.148547406862344 0.991285443886194
5.748295 5.049183e-05 1.146718038862998 0.9897065574959344
5.797937 5.074791e-05 1.1525338620445316 0.9947260637258247
5.848241 5.066612e-05 1.1506763324521478 0.9931228716977759
5.8984939999999995 5.062498e-05 1.149742003470235 0.9923164733601563
5.948276 5.083904e-05 1.1546035120231832 0.9965123320901245
5.998097 5.063482e-05 1.1499654793375664 0.992509350356806
6.047937 5.068091e-05 1.151012227582009 0.9934127752323747
6.09826 5.093649e-05 1.1568166952824788 0.9984224808018661
6.14872 5.059624e-05 1.1490892904186991 0.9917531314004285
6.198191 5.08645e-05 1.1551817331189418 0.9970113817176356
6.248389 5.090068e-05 1.1560034157287036 0.9977205575040983
6.2986260000000005 5.060884e-05 1.1493754485415018 0.9920001080424802
6.348578000000001 5.096051e-05 1.157362212592774 0.9988933045274283
6.398097 5.084094e-05 1.1546466628512249 0.9965495745996402
6.448055999999999 5.053281e-05 1.147648734090971 0.9905098196222267
6.498276 5.110761e-05 1.1607029951216852 1.001776658816779
6.54806 5.093782e-05 1.156846900862108 0.9984485505585272
6.5980929999999995 5.066698e-05 1.1506958638795772 0.993139728833662
6.6483609999999995 5.094328e-05 1.1569709027153225 0.9985555737700831
6.69855 5.090247e-05 1.1560440683509114 0.9977556438683264
6.748436 5.092552e-05 1.1565675560279436 0.9982074543127148
6.798579 5.096181e-05 1.1573917368435396 0.9989187862444655
6.848578000000001 5.075319e-05 1.1526537759245632 0.994829558699637
6.898560000000001 5.075958e-05 1.152798898972556 0.9949548111395345
6.948417999999999 5.108132e-05 1.1601059239273612 1.0012613400930057
6.9981729999999995 5.079452e-05 1.1535924199892802 0.9956396812882082
7.048556 5.087696e-05 1.1554647117070465 0.9972556141747755
7.099060000000001 5.084841e-05 1.1548163137383152 0.9966959964659996
7.1484179999999995 5.086408e-05 1.1551721945148483 0.9970031491629004
7.198437 5.102665e-05 1.1588643156278673 1.0001897358849923
7.248296 5.079257e-05 1.1535481336131321 0.9956014587126526
7.298324 5.08341e-05 1.154491319870275 0.9964155015653837
7.3485879999999995 5.091758e-05 1.1563872309886536 0.9980518198255806
7.398786 5.088648e-05 1.1556809200664975 0.9974422187487701
7.448447 5.103612e-05 1.1590793884392117 1.000375360392947
7.498832999999999 5.093644e-05 1.1568155597343726 0.9984215007358264
7.5490129999999995 5.075484e-05 1.152691249012073 0.9948619008789532
7.59855 5.115853e-05 1.161859437313202 1.0027747580718005
7.648267 5.102234e-05 1.1587664313810988 1.0001052541923536
7.6985600000000005 5.09221e-05 1.1564898845374685 0.9981404177955865
7.74863 5.083521e-05 1.154516529038236 0.9964372590314691
7.798767 5.088176e-05 1.1555737243252573 0.9973497005146048
7.84888 5.096142e-05 1.1573828795683099 0.9989111417293542
7.898664 5.108372e-05 1.1601604302364665 1.0013083832629204
7.948493999999999 5.076921e-05 1.153017605537841 0.995143571858817
7.999073999999999 5.093377e-05 1.1567549214654929 0.9983691652092962
8.048852 5.108762e-05 1.1602490029887627 1.0013848284140316
8.098612 5.084377e-05 1.1547109348740447 0.9966050463374979
8.149097 5.099759e-05 1.1582043350684508 0.9996201215026094
8.198861999999998 5.096627e-05 1.157493027734627 0.9990062081352235
8.248531000000002 5.08639e-05 1.1551681065416652 0.9969996209251568
8.298538 5.105169e-05 1.1594329981195322 1.000680552957768
8.348768 5.101601e-05 1.1586226709908338 0.999981177831704
8.398742 5.084575e-05 1.1547559025790568 0.9966438569526775
8.44906 5.100909e-05 1.1584655111329134 0.9998455366917834
8.499205 5.097242e-05 1.157632700151709 0.9991267562581296
8.549211 5.08478e-05 1.1548024600514175 0.9966840396603129
8.599343999999999 5.109496e-05 1.160415701450776 1.0015287021086872
8.649409 5.087821e-05 1.1554931004097058 0.9972801158257728
8.699455 5.100458e-05 1.1583630846937198 0.9997571347349856
8.749409 5.107793e-05 1.1600289337657501 1.0011948916155013
8.799116 5.07954e-05 1.1536124056359522 0.9956569304505103
8.848627 5.110607e-05 1.1606680202400093 1.0017464727827503
8.89876 5.112666e-05 1.161135638950208 1.002150063977976
8.949239 5.087569e-05 1.155435868785145 0.9972307204973623
8.999031 5.108458e-05 1.1601799616638957 1.0013252403988062
9.048748999999999 5.10785e-05 1.1600418790141624 1.001206064368356
9.099001 5.094302e-05 1.1569649978651695 0.9985504774266755
9.148966 5.106509e-05 1.1597373250120369 1.0009432106564582
9.19902 5.11129e-05 1.1608231361113384 1.0018803498037991
9.249287 5.095128e-05 1.15715259041234 0.998712384336465
9.299136 5.102725e-05 1.1588779422051434 1.0002014966774708
9.349279000000001 5.096073e-05 1.157367209004442 0.9988976168180037
9.399711 5.093826e-05 1.156856893685444 0.9984571751396782
9.449334 5.105295e-05 1.1594616139318126 1.0007052506219734
9.499201999999999 5.107315e-05 1.159920375366782 1.001101197302088
9.548655 5.100681e-05 1.1584137301392636 0.9998008456803648
9.599120999999998 5.091643e-05 1.1563611133822072 0.9980292783066631
9.649022 5.102185e-05 1.1587553030096565 1.000095649545163
9.698938 5.112509e-05 1.1610999827396689 1.0021192899043236
9.748944999999999 5.099811e-05 1.158216144768757 0.9996303141894243
9.799211 5.105124e-05 1.159422778186575 1.0006717323634091
9.849399 5.098241e-05 1.1578595826633598 0.9993225734528993
9.899239999999999 5.081033e-05 1.1539514803005113 0.9959495781700208
9.949065000000001 5.101285e-05 1.1585509043505118 0.9999192376579831
10.00248 5.102654e-05 1.158861817422033 1.0001875797397044
