Keff(MJ/m3):-0.23798459458818155 Ms(MA/m):1.1513057174482697
H(kOe) moment(emu) M(MA/m) M_norm()
9.953556 7.672569e-05 1.155472576127225 1.00361924605759
9.910214 7.625548e-05 1.148391313514653 0.9974686098666513
9.867374 7.632177e-05 1.1493896268184693 0.9983357238648592
9.823611000000001 7.666748e-05 1.1545959459052437 1.0028578234322214
9.779714 7.63911e-05 1.1504337218758471 0.9992426029340363
9.736082 7.592887e-05 1.1434726363663745 0.9931963500543919
9.691556 7.655306e-05 1.152872805035993 1.0013611394123854
9.646787 7.648729e-05 1.1518823228216017 1.0005008273342115
9.602893 7.600711e-05 1.1446509141290924 0.9942197774072321
9.5585 7.653913e-05 1.1526630221981267 1.0011789264391608
9.513902 7.668346e-05 1.1548366013071896 1.003066851667119
9.469379 7.624005e-05 1.1481589409957533 0.9972667759702515
9.424528 7.630509e-05 1.1491384295653746 0.9981175391991463
9.379582000000001 7.6704e-05 1.1551459293394777 1.0033355275084705
9.335054 7.635507e-05 1.1498911177374176 0.9987713083593579
9.290375 7.591797e-05 1.143308484684196 0.9930537713459824
9.245473 7.664893e-05 1.1543165868497935 1.002615178015616
9.200809 7.659785e-05 1.1535473329116595 1.0019470201784093
9.155907 7.599314e-05 1.144440528899732 0.9940370412093898
9.110732 7.656204e-05 1.153008041926448 1.0014786033391299
9.065648 7.676834e-05 1.15611487605795 1.0041771343065502
9.020817 7.616523e-05 1.147032167705792 0.9962880843222516
8.975723 7.62619e-05 1.1484879973494775 0.9975525874178429
8.93078 7.664651e-05 1.1542801421643927 1.0025835229262263
8.886082 7.60499e-05 1.1452953224300473 0.9947794969423553
8.841111000000001 7.621469e-05 1.14777702478841 0.996935051562429
8.795602 7.665477e-05 1.1544045360079516 1.0026915688098466
8.750799 7.626595e-05 1.1485489894882686 0.9976055639104172
8.70613 7.618029e-05 1.1472589681033702 0.9964850783909347
8.660574 7.659744e-05 1.1535411583988435 1.0019416571260744
8.615922000000001 7.656866e-05 1.1531077377187433 1.0015651970134114
8.57101 7.598653e-05 1.14434098370531 0.9939505783412627
8.526101 7.642495e-05 1.1509434956778408 0.9996853817670327
8.481064 7.669185e-05 1.1549629529231047 1.0031765980307479
8.435922 7.608857e-05 1.1458776844070961 0.9952853243418229
8.390917 7.610004e-05 1.1460504201680672 0.9954353590010391
8.345972 7.663103e-05 1.1540470166561247 1.0023810349990538
8.300855 7.61941e-05 1.147466943766754 0.9966657216903049
8.255778 7.630858e-05 1.1491909882232463 0.9981631905470681
8.210685999999999 7.652083e-05 1.1523874280895152 1.0009395511764183
8.165647 7.640404e-05 1.150628595524231 0.9994118660979645
8.120582 7.601338e-05 1.1447453389958133 0.9943017928661064
8.075574 7.635923e-05 1.1499537664528174 0.9988257237196315
8.030658 7.658575e-05 1.1533651094846542 1.0017887447314593
7.985676000000001 7.610358e-05 1.1461037318153067 0.9954816643797335
7.940723 7.623109e-05 1.1480240053010453 0.9971495736558158
7.89595 7.667758e-05 1.1547480497575373 1.0029899376482705
7.85075 7.620456e-05 1.1476244691424957 0.9968025449279162
7.805308 7.622057e-05 1.147865576338062 0.9970119655812774
7.760222 7.660736e-05 1.1536905514894131 1.0020714168313427
7.71561 7.624792e-05 1.1482774615222433 0.9973697204138462
7.6705 7.622982e-05 1.1480048793711033 0.9971329612741937
7.625439999999999 7.628701e-05 1.1488661486099816 0.9978810416718028
7.5803519999999995 7.634475e-05 1.1497357007319056 0.9986363164079096
7.535037 7.621773e-05 1.1478228065419716 0.9969748166333983
7.490365 7.638735e-05 1.1503772476732628 0.999193550626097
7.445601 7.636612e-05 1.1500575283876993 0.998915849160085
7.4005 7.613959e-05 1.1466460347579892 0.9959526973421029
7.355771 7.614013e-05 1.1466541670431614 0.9959597608744462
7.3105649999999995 7.65005e-05 1.1520812626125718 1.0006736222643116
7.265969 7.622933e-05 1.1479975000752989 0.9971265517726229
7.2206019999999995 7.617722e-05 1.147212734556188 0.9964449209015019
7.175375 7.648284e-05 1.1518153067678685 1.0004426185954571
7.1303149999999995 7.646894e-05 1.1516059757236228 1.0002607980406966
7.085336 7.611054e-05 1.1462085479353032 0.9955727054632685
7.040459 7.635306e-05 1.1498608475648322 0.9987450163223025
6.995546 7.626585e-05 1.1485474835095326 0.9976042558488719
6.950214 7.59909e-05 1.144406794976055 0.994007740630781
6.905102 7.625996e-05 1.148458781362007 0.9975272110238691
6.859997 7.642628e-05 1.150963525195024 0.9997027789855818
6.814898 7.601155e-05 1.1447177795849524 0.9942778553398322
6.770449999999999 7.618655e-05 1.1473532423722177 0.9965669630436543
6.725222 7.624832e-05 1.1482834854371857 0.9973749526600263
6.679944000000001 7.622187e-05 1.1478851540616244 0.9970289703813627
6.635044 7.606178e-05 1.1454742327038343 0.9949348946539064
6.589917000000001 7.610732e-05 1.1461600554200175 0.9955305858815181
6.544657 7.623039e-05 1.148013463449896 0.9971404172250002
6.5001940000000005 7.589599e-05 1.1429774705581157 0.9927662594183825
6.4547039999999996 7.611821e-05 1.1463240565043222 0.9956730337837733
6.409921000000001 7.63665e-05 1.1500632511068942 0.9989208197939561
6.365242 7.593851e-05 1.1436178127164844 0.9933224471873339
6.320019 7.60976e-05 1.146013674286919 0.9954034422993401
6.274959 7.611301e-05 1.1462457456100719 0.995605014583431
6.229917 7.583995e-05 1.1421335200746967 0.9920332217285414
6.184921 7.596878e-05 1.1440736724797447 0.993718397417018
6.140582 7.610487e-05 1.1461231589409957 0.9954985383736645
6.095212999999999 7.588839e-05 1.1428630161742117 0.9926668467409593
6.04995 7.60144e-05 1.1447606999789162 0.9943151350938656
6.005371 7.595913e-05 1.143928345531761 0.9935921694779215
5.960063 7.590342e-05 1.1430893647781692 0.9928634483911789
5.915046 7.571481e-05 1.1402489382849914 0.9903963135110766
5.869991 7.574492e-05 1.1407023884822745 0.9907901708422884
5.824827 7.592443e-05 1.1434057709105148 0.9931382721217922
5.780100999999999 7.56397e-05 1.1391177976566969 0.9894138284845959
5.735055 7.565039e-05 1.1392787867835303 0.9895536602637608
5.689889 7.607306e-05 1.1456441071052077 0.9950824439961871
5.644742 7.565007e-05 1.1392739676515766 0.9895494744668167
5.599685 7.545044e-05 1.1362675823017379 0.9869381912044508
5.554685 7.577709e-05 1.1411868618415109 0.9912109742413283
5.50962 7.555822e-05 1.1378907261829463 0.9883480199376964
5.464621 7.526845e-05 1.1335268516008554 0.9845576499986304
5.419789 7.56204e-05 1.13882714376073 0.989161372606403
5.3746670000000005 7.532892e-05 1.1344375169422607 0.9853486348149167
5.329629 7.52851e-05 1.1337775970603294 0.9847754422458797
5.284611 7.553759e-05 1.1375800427697962 0.9880781668409544
5.239723 7.531346e-05 1.1342046926297398 0.9851464085000532
5.194676 7.504714e-05 1.1301939700611425 0.9816627789932993
5.149468 7.520521e-05 1.1325744706484744 0.983730431877546
5.104556 7.521392e-05 1.1327056413963434 0.9838443640381193
5.059563 7.505279e-05 1.130279057859703 0.9817366844705943
5.0146109999999995 7.47299e-05 1.125416403120388 0.9775130845478104
4.969648 7.493535e-05 1.1285104364326375 0.9802004969920978
4.924639 7.486931e-05 1.1275158880756604 0.9793366531477524
4.879789 7.449077e-05 1.121815156169995 0.9743851169751532
4.835091 7.469319e-05 1.1248635583265563 0.9770328951546257
4.7898890000000005 7.477841e-05 1.126146953405018 0.97814762520331
4.744733 7.413455e-05 1.1164505587181108 0.969725540139407
4.699694999999999 7.421531e-05 1.1176667871449657 0.9707819306431825
4.654546 7.423724e-05 1.1179970482816783 0.9710687885400101
4.609421 7.403355e-05 1.1149295201951748 0.9684043979789153
4.564487 7.375969e-05 1.1108052468299148 0.9648221406316653
4.5193270000000005 7.388268e-05 1.112657450076805 0.9664309255259116
4.474497 7.338957e-05 1.1052313183337852 0.9599807432411585
4.429741 7.291578e-05 1.0980961416824793 0.9537832784469072
4.384157 7.307525e-05 1.1004977259721094 0.9558692441927847
4.339091000000001 7.29844e-05 1.0991295442908346 0.9546808702791147
4.294582 7.211968e-05 1.086107044968525 0.9433698004868337
4.2495 7.241516e-05 1.0905569109364175 0.9472348607401216
4.204083 7.202599e-05 1.0846960934911598 0.9421442776252845
4.159205 7.128371e-05 1.0735175145326947 0.932434798388752
4.114363999999999 7.098873e-05 1.0690751784584802 0.9285762784431892
4.068978 7.087448e-05 1.0673545977530798 0.9270818181279796
4.024138 7.001724e-05 1.0544447456401915 0.9158685913392676
3.9793890000000003 6.963588e-05 1.0487015451341826 0.910880167831098
3.9342989999999998 6.951992e-05 1.046955212192404 0.9093633396634683
3.889232 6.891786e-05 1.0378883166169695 0.9014880243253927
3.844157 6.805325e-05 1.0248674738712689 0.8901783934008112
3.798657 6.778091e-05 1.0207660913827896 0.8866160185890457
3.754016 6.750836e-05 1.0166615463389657 0.8830508968480357
3.709393 6.604962e-05 0.9946932321315621 0.8639696798659002
3.6642040000000002 6.546959e-05 0.9859581036715761 0.8563825304861973
3.619223 6.537114e-05 0.9844754676063975 0.8550947438951043
3.573852 6.404748e-05 0.9645414294750158 0.8377804564480107
3.5287979999999997 6.387e-05 0.961868618415108 0.8354589088178713
3.48427 6.361881e-05 0.958085750429204 0.8321731890228822
3.439204 6.262822e-05 0.9431676756724194 0.8192156621638577
3.393818 6.164321e-05 0.9283336345290804 0.8063311251390464
3.349203 6.09432e-05 0.9177916327821452 0.797174563517603
3.303694 6.008732e-05 0.9049022619800607 0.7859791263659035
3.2587040000000003 5.867307e-05 0.883603957712117 0.767479865965157
3.2139810000000004 5.840378e-05 0.879548507575073 0.7639573870305154
3.168805 5.798028e-05 0.8731706876298907 0.7584177463872657
3.123714 5.701886e-05 0.8586919068702751 0.7458417810809297
3.078694 5.617456e-05 0.8459769284057709 0.734797817456146
3.033846 5.594254e-05 0.8424827565434775 0.7317628530593412
2.988852 5.431257e-05 0.8179357549471401 0.7104418422936317
2.9435819999999997 5.304209e-05 0.7988025963073401 0.6938231819761911
2.8988240000000003 5.275551e-05 0.7944867624469142 0.6900745392004118
2.85362 5.13892e-05 0.7739104243848077 0.6722023635043582
2.808449 5.067006e-05 0.7630803289057557 0.6627955697093482
2.763305 5.067984e-05 0.7632276136260956 0.6629234981284533
2.718563 4.99836e-05 0.7527423872774917 0.6538162504272578
2.673426 4.862434e-05 0.7322722207162434 0.6360362930701295
2.628327 4.787712e-05 0.7210192464082407 0.626262195593272
2.5833139999999997 4.683909e-05 0.7053867353392971 0.61268412433728
2.53844 4.519609e-05 0.6806435047137134 0.5911926731522515
2.4935 4.438941e-05 0.6684950754495346 0.5806408022807126
2.4486 4.432693e-05 0.667554139935544 0.5798235254273707
2.403555 4.348177e-05 0.654826210053914 0.5687683124732997
2.358591 4.258249e-05 0.6412832444805879 0.5570051766110524
2.31324 4.244163e-05 0.6391619228336496 0.5551626411187073
2.268214 4.121472e-05 0.6206849191289419 0.5391139032164411
2.223546 3.916511e-05 0.5898182283666155 0.5123037429831205
2.178044 3.883591e-05 0.5848605463690852 0.5079976043768445
2.133667 3.769864e-05 0.5677335020029517 0.4931214128435535
2.088694 3.62438e-05 0.545823920966236 0.4740912102616748
2.0435630000000002 3.628329e-05 0.5464186319689165 0.47460776376581154
1.998454 3.602038e-05 0.5424592632752024 0.4711687391577435
1.953714 3.482109e-05 0.524398210897262 0.4554812878542178
1.908833 3.359403e-05 0.505918948224451 0.43943058785963424
1.863203 3.303998e-05 0.4975750730399687 0.43218327286933295
1.818072 3.151775e-05 0.4746506129333454 0.4122715676122509
1.773148 2.994841e-05 0.4510166862443902 0.39174363456129996
1.72833 2.987821e-05 0.44995948917201284 0.39082537535668094
1.683619 2.924351e-05 0.440401042137285 0.38252310873030393
1.638233 2.816043e-05 0.4240900876479624 0.36835575574827073
1.5936759999999999 2.811732e-05 0.4234408602150538 0.36779185041620344
1.548346 2.745447e-05 0.4134584801662601 0.3591213644648973
1.503723 2.574312e-05 0.38768591307490735 0.33673585321383315
1.458009 2.445701e-05 0.3683173699587362 0.31991274287690263
1.4130440000000002 2.376474e-05 0.35789193096593475 0.3108574252190453
1.3682699999999999 2.268948e-05 0.34169874401373446 0.2967923626498343
1.323194 2.16301e-05 0.3257447064847444 0.2829350202539759
1.2781 2.181627e-05 0.3285483870967742 0.2853702384323793
1.2331569999999998 2.135968e-05 0.3216722387879883 0.27939776022387525
1.18811 2.004521e-05 0.3018766001024065 0.262203683632771
1.143582 1.961156e-05 0.2953459233155628 0.2565312747426995
1.0983889999999998 1.852463e-05 0.2789769886449204 0.2423135613911822
1.053261 1.656793e-05 0.2495095027258215 0.21671872113935928
1.008102 1.603195e-05 0.2414377578988585 0.20970777287024697
0.9631567999999999 1.594706e-05 0.24015933255022437 0.2085973594246614
0.918046 1.490821e-05 0.22451447245564893 0.195008562064
0.8731097999999999 1.475076e-05 0.2221433089364778 0.19294901916133247
0.8281942 1.453582e-05 0.21890635824222163 0.19013747167642073
0.7828834 1.33941e-05 0.20171229782235475 0.17520307140437533
0.7379871 1.232018e-05 0.18553929098521127 0.1611555368598679
0.6931016 1.167209e-05 0.17577919339778925 0.15267812079260984
0.6478645000000001 1.079345e-05 0.1625470618354869 0.14118496883325904
0.6028515999999999 9.786248e-06 0.14737881389114785 0.12801014679037226
0.5579306 9.696688e-06 0.14603005933556218 0.1268386468706333
0.5128516 9.575341e-06 0.1442025993192976 0.12525135342757204
0.4678268 8.682541e-06 0.13075722116803712 0.11357297995344341
0.422722 8.28369e-06 0.1247506099213879 0.10835576340043075
0.37801549999999995 7.895253e-06 0.11890083130026204 0.10327476837671874
0.3328609 7.132451e-06 0.10741319538568114 0.09329684874991288
0.2877702 6.713913e-06 0.10111010210535827 0.08782211412052797
0.243157 6.413115e-06 0.09658014818830757 0.08388749115427467
0.1976386 6.075792e-06 0.0915001355380862 0.07947509870869504
0.1524966 5.27616e-06 0.07945784765519111 0.06901542001485048
0.1074494 4.532443e-06 0.06825762778229572 0.05928714393391576
0.06245886 3.375925e-06 0.050840712629137676 0.044159176714435144
0.017355080000000002 2.464496e-06 0.037114785699225925 0.03223712445508077
-0.027258130000000002 1.276989e-06 0.019231182795698923 0.01670380204340731
-0.07257434 2.291714e-07 0.0034512725520315654 0.002997702955632753
-0.1173619 -1.281979e-06 -0.019306331134604383 -0.016769074314504872
-0.1620883 -2.834168e-06 -0.04268196741062016 -0.037072661729865806
-0.2074169 -4.009246e-06 -0.06037839221710189 -0.052443405172106085
-0.2523525 -5.235377e-06 -0.07884366434745943 -0.06848195327493631
-0.29730579999999995 -5.571515e-06 -0.08390583114966417 -0.07287884519120719
-0.34257889999999996 -6.371614e-06 -0.09595515195325441 -0.08334463253246709
-0.3873614 -6.954817e-06 -0.10473806511852052 -0.09097328670499424
-0.4321544 -7.336952e-06 -0.11049293695973011 -0.09597184769013777
-0.477454 -7.96506e-06 -0.11995210987620854 -0.1041878868994657
-0.5226072 -8.643327e-06 -0.13016666666666665 -0.1130600366991709
-0.5675743999999999 -9.313878e-06 -0.14026502213788744 -0.12183125647006074
-0.6124374 -1.03597e-05 -0.15601487906990752 -0.13551125188164242
-0.6575096 -1.158885e-05 -0.17452561669829222 -0.15158929036251745
-0.7027770000000001 -1.190823e-05 -0.1793354115839884 -0.1557669773250703
-0.7473707 -1.235043e-05 -0.1859948495527243 -0.16155122547724288
-0.7928522 -1.338553e-05 -0.20158323544471551 -0.17509097052996528
-0.8377676000000001 -1.339591e-05 -0.20173955603746876 -0.17522674731834056
-0.8823903000000001 -1.368555e-05 -0.20610147284720337 -0.17901541677739816
-0.9273707000000001 -1.499654e-05 -0.22584470347278696 -0.19616397282673495
-0.9724563 -1.625634e-05 -0.24481702358362703 -0.21264293217116514
-1.0174450000000002 -1.698204e-05 -0.2557459112677329 -0.22213553480352977
-1.06276 -1.821195e-05 -0.274268094334508 -0.2382235145521471
-1.107768 -1.922027e-05 -0.2894531791211108 -0.25141296072310737
-1.152963 -1.925757e-05 -0.29001490918948225 -0.2519008676794078
-1.197786 -1.96691e-05 -0.2962124634800157 -0.25728393335571625
-1.242889 -2.073362e-05 -0.31224390831601456 -0.2712085101149897
-1.287702 -2.121802e-05 -0.3195388693111653 -0.2775447602391698
-1.332436 -2.243187e-05 -0.3378191921930062 -0.2934226653036534
-1.377797 -2.406665e-05 -0.3624386313665251 -0.31480659382967946
-1.4225409999999998 -2.500175e-05 -0.37652103852293606 -0.3270382773373605
-1.467695 -2.550207e-05 -0.38405575133279113 -0.3335827708595111
-1.5125979999999999 -2.665159e-05 -0.4013672780940333 -0.3486191999320697
-1.557593 -2.694655e-05 -0.40580931297250084 -0.3524774582653235
-1.6029280000000001 -2.706577e-05 -0.4076047408210596 -0.35403692923932173
-1.647588 -2.82887e-05 -0.42602180657209116 -0.3700336062920952
-1.692593 -2.968086e-05 -0.4469874401373452 -0.388243915897542
-1.7378520000000002 -3.064156e-05 -0.46145537785006474 -0.40081046316075364
-1.78257 -3.170724e-05 -0.4775042920393964 -0.4147502134339497
-1.827658 -3.306324e-05 -0.49792536369386464 -0.4324875279847096
-1.872881 -3.358654e-05 -0.505806150417156 -0.4393326140499106
-1.917473 -3.392643e-05 -0.5109248215415199 -0.4437785844353515
-1.9628430000000001 -3.482498e-05 -0.5244567934700761 -0.4555321714483199
-2.0079000000000002 -3.549321e-05 -0.5345201951748442 -0.4642730311107494
-2.052862 -3.606334e-05 -0.5431062317400078 -0.4717306823974933
-2.097645 -3.780278e-05 -0.569301828258185 -0.49448362813655944
-2.142852 -3.89605e-05 -0.5867368452757448 -0.5096273182558115
-2.188004 -3.959272e-05 -0.5962579440378302 -0.5178971449558715
-2.232908 -4.070453e-05 -0.6130015662178849 -0.532440304019795
-2.277824 -4.160694e-05 -0.6265916689256348 -0.5442443822084022
-2.322787 -4.175651e-05 -0.6288441613204422 -0.5462008498613204
-2.367982 -4.242914e-05 -0.6389738260895756 -0.5549992642317316
-2.413107 -4.363669e-05 -0.6571592723110751 -0.5707947614188779
-2.4580509999999998 -4.472853e-05 -0.6736021505376344 -0.5850767005922566
-2.50306 -4.539945e-05 -0.6837060630703894 -0.5938527471102476
-2.548204 -4.682041e-05 -0.7051054185114906 -0.6124397784406663
-2.592985 -4.777925e-05 -0.7195453450197283 -0.6249819957591402
-2.638103 -4.817257e-05 -0.7254686605825125 -0.6301268634280965
-2.683042 -4.901551e-05 -0.7381631577362128 -0.6411530374158676
-2.727621 -4.98901e-05 -0.7513342971597241 -0.6525932128826443
-2.772889 -5.02413e-05 -0.756623294479082 -0.6571871250288293
-2.817815 -5.142651e-05 -0.7744723050510527 -0.6726904012668131
-2.862843 -5.250044e-05 -0.7906454624860696 -0.6867380666174749
-2.907966 -5.333269e-05 -0.8031789705129363 -0.6976244088260811
-2.9525419999999998 -5.427522e-05 -0.8173732718894009 -0.7099532813065589
-2.9977579999999997 -5.523957e-05 -0.831896177825969 -0.7225675728161645
-3.042815 -5.572613e-05 -0.8392236679618084 -0.7289320770697174
-3.087862 -5.634799e-05 -0.8485887473268877 -0.7370663885937112
-3.133209 -5.709267e-05 -0.8598034697750068 -0.7468072613073247
-3.178305 -5.818543e-05 -0.8762602030059335 -0.7611012346469178
-3.223028 -5.876301e-05 -0.884958434986898 -0.7686563365187673
-3.268107 -5.993214e-05 -0.9025652841781873 -0.7839492764603084
-3.3129470000000003 -6.096209e-05 -0.9180761121652963 -0.7974216563434614
-3.358022 -6.121439e-05 -0.9218756965151651 -0.8007218956216005
-3.402973 -6.197123e-05 -0.9332735459775308 -0.8106218286190909
-3.4482579999999996 -6.291579e-05 -0.9474984187223277 -0.8229772547489329
-3.4930790000000003 -6.33391e-05 -0.9538733773079126 -0.8285144100752473
-3.537938 -6.400467e-05 -0.9638967199783138 -0.8372204753005785
-3.582919 -6.486438e-05 -0.9768437697659709 -0.848466011209453
-3.6282379999999996 -6.568371e-05 -0.9891827053402005 -0.8591833518664398
-3.673047 -6.609977e-05 -0.9954484804674558 -0.8646256727307386
-3.718232 -6.685112e-05 -1.006763651697238 -0.8744537931494062
-3.763223 -6.760249e-05 -1.0180791241227674 -0.8842821751803831
-3.8082109999999996 -6.783019e-05 -1.0215082377036837 -0.8872606313184421
-3.852899 -6.848889e-05 -1.0314281196349506 -0.895876832715629
-3.898288 -6.922473e-05 -1.0425097135628443 -0.9055020727886608
-3.9432300000000002 -6.948625e-05 -1.046448149152134 -0.9089229153412528
-3.987796 -7.007177e-05 -1.0552659558447035 -0.9165818772997786
-4.032898 -7.064634e-05 -1.063918857865727 -0.9240976065191223
-4.078164 -7.082825e-05 -1.0666583837836208 -0.9264771012757068
-4.123042000000001 -7.123073e-05 -1.0727196469985845 -0.9317417873821893
-4.168037999999999 -7.170402e-05 -1.0798472937562122 -0.9379327118687151
-4.213258 -7.195983e-05 -1.0836997379596998 -0.9412788641070851
-4.258612 -7.218631e-05 -1.087110478600042 -0.9442413618942946
-4.303259 -7.250995e-05 -1.091984428179874 -0.9484747722786664
-4.348148 -7.29083e-05 -1.097983494473058 -0.9536854354433383
-4.393485 -7.306127e-05 -1.1002871901448752 -0.955686377188788
-4.438088 -7.320472e-05 -1.102447516641065 -0.9575627914751497
-4.483038 -7.344746e-05 -1.1061031294238124 -0.9607379800695828
-4.528547 -7.362541e-05 -1.1087830185837777 -0.9630656755889839
-4.573513 -7.368372e-05 -1.1096611547844946 -0.9638284062758975
-4.618268 -7.413587e-05 -1.1164704376374204 -0.9697428065518016
-4.663028000000001 -7.411828e-05 -1.116205535977832 -0.9695127185260288
-4.708685999999999 -7.42491e-05 -1.118175657359718 -0.9712239246392517
-4.7534849999999995 -7.45018e-05 -1.1219812656245294 -0.9745293961635713
-4.79839 -7.4407e-05 -1.120553597783199 -0.9732893538188719
-4.843426 -7.454793e-05 -1.1226759736152525 -0.9751328049542988
-4.888560999999999 -7.463625e-05 -1.1240060540345171 -0.9762880849108793
-4.933428 -7.479834e-05 -1.126447094967019 -0.9784083218692365
-4.978211 -7.488155e-05 -1.1277002198728954 -0.9794967598808655
-5.023232 -7.501114e-05 -1.129651817716334 -0.9811918768370845
-5.068249 -7.506206e-05 -1.130418662088491 -0.9818579417758194
-5.1130510000000005 -7.523904e-05 -1.1330839432547213 -0.9841729490982337
-5.157825 -7.518032e-05 -1.1321996325411885 -0.9834048553589854
-5.202723 -7.512399e-05 -1.131351314719436 -0.9826680242906635
-5.247542 -7.530629e-05 -1.134096713954399 -0.9850526204872738
-5.292834 -7.510959e-05 -1.1311344537815125 -0.9824796634281776
-5.33824 -7.550665e-05 -1.1371140929490076 -0.9876734525989186
-5.382758 -7.54714e-05 -1.1365832354447154 -0.9872123609042915
-5.427871 -7.524879e-05 -1.1332307761814402 -0.984300485098875
-5.473408999999999 -7.542389e-05 -1.1358677449474412 -0.9865909008642424
-5.518002999999999 -7.563407e-05 -1.139033011053884 -0.9893401846196103
-5.562834 -7.549334e-05 -1.1369136471793018 -0.9874993496072736
-5.607853 -7.552335e-05 -1.1373655913978493 -0.9878918988769404
-5.6531210000000005 -7.57542e-05 -1.1408421433089364 -0.9909115589536682
-5.697957000000001 -7.55862e-05 -1.1383120990331617 -0.9887140155579991
-5.742796 -7.573269e-05 -1.140518207282913 -0.9906301949153298
-5.787646 -7.588816e-05 -1.1428595524231198 -0.9926638381994056
-5.832825 -7.565637e-05 -1.139368844311918 -0.9896318823441542
-5.877947 -7.580133e-05 -1.1415519110870154 -0.9915280483598463
-5.922551 -7.587274e-05 -1.1426273305020933 -0.9924621351091604
-5.968038 -7.586924e-05 -1.142574621246348 -0.9924163529550838
-6.0129660000000005 -7.586255e-05 -1.1424738712689377 -0.9923288436377206
-6.057777 -7.593462e-05 -1.1435592301436701 -0.9932715635932317
-6.10289 -7.604084e-05 -1.1451588807566038 -0.9946609865663748
-6.147777 -7.598739e-05 -1.144353935122436 -0.9939618276705501
-6.192664 -7.595507e-05 -1.1438672027950965 -0.9935390621791927
-6.237621 -7.591384e-05 -1.1432462877624165 -0.992999748404172
-6.282834 -7.601934e-05 -1.1448350953284538 -0.9943797533341908
-6.327598 -7.586486e-05 -1.1425086593777296 -0.9923590598594111
-6.372362 -7.591493e-05 -1.1432627029306346 -0.9930140062750131
-6.417825 -7.613325e-05 -1.1465505557061533 -0.9958697662401472
-6.462617 -7.614282e-05 -1.1466946778711482 -0.9959949477300076
-6.507314999999999 -7.610097e-05 -1.146064425770308 -0.9954475239734081
-6.552569999999999 -7.61956e-05 -1.1474895334477877 -0.9966853426134805
-6.597268 -7.615539e-05 -1.146883979398211 -0.9961593710662197
-6.642042 -7.598909e-05 -1.1443795367609408 -0.9939840647168158
-6.68701 -7.603931e-05 -1.1451358392819493 -0.9946409732247355
-6.732268 -7.616501e-05 -1.1470288545525738 -0.9962852065868524
-6.7775929999999995 -7.596239e-05 -1.143977440438541 -0.9936348122842897
-6.822268 -7.615652e-05 -1.146900996957923 -0.9961741521616784
-6.8675559999999995 -7.619653e-05 -1.1475035390500286 -0.9966975075858495
-6.912551000000001 -7.612139e-05 -1.1463719466281137 -0.9957146301409054
-6.957473 -7.619346e-05 -1.1474573055028463 -0.9966573500964168
-7.002268 -7.630618e-05 -1.1491548447335922 -0.9981317970699871
-7.046862 -7.606159e-05 -1.1454713713442366 -0.9949324093369707
-7.092149 -7.623274e-05 -1.148048853950182 -0.9971711566713088
-7.137107 -7.619378e-05 -1.1474621246348002 -0.9966615358933608
-7.182022 -7.618932e-05 -1.147394957983193 -0.9966031963484518
-7.227353 -7.640252e-05 -1.1506057046474505 -0.99939198356248
-7.272117000000001 -7.617473e-05 -1.1471752356856721 -0.9964123501690304
-7.316844 -7.632827e-05 -1.1494875154362818 -0.9984207478652868
-7.362083999999999 -7.638813e-05 -1.1503889943074002 -0.9992037535061484
-7.407032 -7.615759e-05 -1.1469171109303937 -0.9961881484202103
-7.452093 -7.62293e-05 -1.1479970482816781 -0.9971261593541594
-7.496655 -7.622571e-05 -1.1479429836450712 -0.9970791999446926
-7.541561 -7.625098e-05 -1.148323544471552 -0.9974097470971244
-7.58652 -7.641636e-05 -1.1508141321044547 -0.9995730192803138
-7.631929 -7.634106e-05 -1.1496801301165627 -0.9985880489368976
-7.676372000000001 -7.63195e-05 -1.1493554411011715 -0.9983060308677866
-7.721584 -7.630204e-05 -1.1490924972139394 -0.9980776433220225
-7.766504 -7.635085e-05 -1.149827565434776 -0.9987161081621572
-7.811658 -7.626115e-05 -1.1484767025089606 -0.9975427769562553
-7.856665 -7.617549e-05 -1.1471866811240625 -0.9964222914367727
-7.901306 -7.62054e-05 -1.1476371193638746 -0.9968135326448946
-7.94608 -7.635053e-05 -1.1498227463028223 -0.9987119223652131
-7.991529000000001 -7.637648e-05 -1.1502135477847053 -0.9990513643361513
-8.036608 -7.628715e-05 -1.1488682569802113 -0.9978828729579657
-8.08091 -7.640973e-05 -1.1507142857142858 -0.9994862947998776
-8.125853 -7.621387e-05 -1.1477646757627784 -0.9969243254577597
-8.17113 -7.609626e-05 -1.1459934941718624 -0.9953859142746365
-8.216079 -7.632833e-05 -1.1494884190235235 -0.9984215327022139
-8.260658 -7.623424e-05 -1.148071443631216 -0.9971907775944846
-8.306288 -7.630086e-05 -1.1490747266648595 -0.9980622081957911
-8.351079 -7.625532e-05 -1.1483889039486763 -0.9974665169681792
-8.396107 -7.644367e-05 -1.1512254148971417 -0.9999302508882646
-8.441023 -7.62877e-05 -1.1488765398632572 -0.9978900672964637
-8.485561 -7.629105e-05 -1.148926990150899 -0.9979338873582224
-8.530556 -7.63514e-05 -1.1498358483178217 -0.9987233025006549
-8.575588 -7.62495e-05 -1.1483012559862655 -0.9973903877862578
-8.620427 -7.645693e-05 -1.1514251076774795 -1.0001036998491368
-8.665579 -7.622891e-05 -1.1479911749646095 -0.9971210579141337
-8.710611 -7.630188e-05 -1.1490900876479622 -0.9980755504235503
-8.755438 -7.626106e-05 -1.1484753471280986 -0.9975415997008645
-8.800510000000001 -7.613104e-05 -1.1465172735760971 -0.9958408580800019
-8.845174 -7.616935e-05 -1.147094214029698 -0.9963419764579072
-8.889843 -7.633113e-05 -1.1495305864281196 -0.9984581584254749
-8.934938 -7.618477e-05 -1.1473264359507243 -0.9965436795481526
-8.979344 -7.642492e-05 -1.1509430438842203 -0.9996849893485692
-9.024417 -7.620939e-05 -1.1476972079154244 -0.9968657243005419
-9.06964 -7.645554e-05 -1.151404174573055 -1.0000855177936607
-9.114353999999999 -7.640964e-05 -1.1507129303334236 -0.9994851175444869
-9.159149 -7.617801e-05 -1.1472246317881991 -0.9964552545877078
-9.204004000000001 -7.631948e-05 -1.1493551399054245 -0.9983057692554776
-9.249213 -7.628105e-05 -1.148776392277341 -0.9978030812037184
-9.294022 -7.623227e-05 -1.1480417758501251 -0.9971650087820473
-9.338457 -7.620111e-05 -1.1475725128761183 -0.9967574168046124
-9.383398999999999 -7.620828e-05 -1.1476804915514593 -0.996851204817392
-9.428561 -7.619328e-05 -1.1474545947411223 -0.9966549955856356
-9.473436 -7.620122e-05 -1.1475741694527273 -0.9967588556723119
-9.518457 -7.65477e-05 -1.1527920845757658 -1.001291027313571
-9.563155 -7.624691e-05 -1.148262251137014 -0.9973565089922413
-9.607815 -7.622558e-05 -1.1479410258727145 -0.9970774994646839
-9.652871999999999 -7.622964e-05 -1.148002168609379 -0.9971306067634126
-9.69773 -7.637457e-05 -1.1501847835908556 -0.999026380360641
-9.742966000000001 -7.63394e-05 -1.1496551308695522 -0.99856633511525
-9.78801 -7.628993e-05 -1.1489101231890604 -0.9979192370689179
-9.833210999999999 -7.61999e-05 -1.1475542905334177 -0.9967415892599174
-9.878260000000001 -7.628112e-05 -1.148777446462456 -0.9978039968468
-9.923193 -7.631075e-05 -1.1492236679618084 -0.9981915754825956
-9.967677 -7.614865e-05 -1.1467824764314327 -0.9960712077180837
-9.991437 -7.633292e-05 -1.1495575434474865 -0.9984815727271312
-9.993818 -7.641832e-05 -1.150843649287672 -0.9995986572865965
-9.95077 -7.628844e-05 -1.1488876841059004 -0.997899746951897
-9.906426999999999 -7.63159e-05 -1.1493012258666906 -0.9982589406521651
-9.862035 -7.63307e-05 -1.1495241107195566 -0.9984525337608313
-9.817724 -7.62995e-05 -1.1490542453540555 -0.9980444185587786
-9.773195 -7.626237e-05 -1.1484950754495347 -0.9975587353071046
-9.728545 -7.629434e-05 -1.1489765368512996 -0.9979769225830544
-9.683814 -7.618635e-05 -1.1473502304147467 -0.9965643469205644
-9.638808999999998 -7.633047e-05 -1.149520646968465 -0.9984495252192779
-9.594422 -7.620233e-05 -1.147590885816692 -0.9967733751554618
-9.549491 -7.639586e-05 -1.1505054064636606 -0.9993048666635802
-9.504252000000001 -7.615333e-05 -1.1468529562362577 -0.9961324249983915
-9.459762000000001 -7.625964e-05 -1.1484539622300531 -0.9975230252269248
-9.414861 -7.651949e-05 -1.1523672479744584 -1.0009220231517146
-9.369978999999999 -7.620624e-05 -1.1476497695852534 -0.9968245203618729
-9.325432000000001 -7.637501e-05 -1.1501914098972923 -0.9990321358314391
-9.281025 -7.63191e-05 -1.1493494171862293 -0.9983007986216066
-9.236057 -7.630089e-05 -1.1490751784584803 -0.9980626006142546
-9.190676999999999 -7.631034e-05 -1.1492174934489927 -0.9981862124302611
-9.145771 -7.635351e-05 -1.1498676244691426 -0.9987509025992554
-9.101271 -7.639507e-05 -1.1504935092316495 -0.9992945329773744
-9.056093 -7.635634e-05 -1.1499102436673594 -0.9987879207409799
-9.010743 -7.627106e-05 -1.1486259450016567 -0.9976724058553688
-8.966271 -7.637109e-05 -1.1501323755308575 -0.9989808598188734
-8.921517 -7.6244e-05 -1.1482184271558085 -0.9973184444012805
-8.876771000000002 -7.638447e-05 -1.1503338754856782 -0.9991558784536001
-8.832001 -7.641773e-05 -1.150834764013132 -0.9995909397234806
-8.786648 -7.630662e-05 -1.1491614710400289 -0.9981375525407853
-8.741978999999999 -7.64439e-05 -1.1512288786482334 -0.999933259429818
-8.697017 -7.641671e-05 -1.1508194030300292 -0.9995775974957214
-8.651833 -7.633111e-05 -1.1495302852323726 -0.9984578968131661
-8.606997 -7.636194e-05 -1.149994578476552 -0.9988611721875023
-8.561936 -7.640851e-05 -1.1506959127737115 -0.9994703364490279
-8.517158 -7.634091e-05 -1.1496778711484594 -0.9985860868445801
-8.472668 -7.634267e-05 -1.1497043763742056 -0.9986091087277728
-8.427278 -7.648451e-05 -1.1518404566127527 -1.0004644632232593
-8.38212 -7.626437e-05 -1.148525195024246 -0.9975848965380054
-8.337328 -7.642301e-05 -1.1509142796903706 -0.9996600053730589
-8.292413 -7.639296e-05 -1.1504617330803286 -0.9992669328787739
-8.247667 -7.627789e-05 -1.1487288033492966 -0.997761746458895
-8.202723 -7.640931e-05 -1.1507079606035964 -0.9994808009413884
-8.157865 -7.642917e-05 -1.1510070479804824 -0.9997405819642334
-8.112427 -7.640785e-05 -1.1506859733140566 -0.9994617032428306
-8.067506999999999 -7.653451e-05 -1.152593445980543 -1.00111849399578
-8.022865 -7.623595e-05 -1.1480971958675943 -0.9972131454469048
-7.977936 -7.645103e-05 -1.1513362549320805 -1.0000265242179796
-7.932885000000001 -7.633484e-05 -1.1495864582392097 -0.998506687508796
-7.887908 -7.633937e-05 -1.1496546790759314 -0.9985659426967864
-7.842715 -7.646956e-05 -1.1516153127917834 -1.0002689080222757
-7.797951 -7.638823e-05 -1.150390500286136 -0.9992050615676937
-7.753019 -7.643595e-05 -1.1511091533387547 -0.9998292685369873
-7.708215 -7.638065e-05 -1.1502763470979789 -0.9991059105025795
-7.663047 -7.640471e-05 -1.1506386855817596 -0.9994206301103163
-7.617837000000001 -7.650076e-05 -1.1520851781572845 -1.0006770232243285
-7.573148 -7.631494e-05 -1.1492867684708292 -0.9982463832613329
-7.528082 -7.652649e-05 -1.1524726664859493 -1.0010135874598678
-7.483403 -7.622036e-05 -1.1478624137827174 -0.9970092186520327
-7.438629 -7.637125e-05 -1.1501347850968344 -0.9989829527173455
-7.393554 -7.639452e-05 -1.1504852263486038 -0.9992873386388766
-7.348343 -7.637632e-05 -1.1502111382187283 -0.9990492714376792
-7.302998 -7.64182e-05 -1.1508418421131894 -0.9995970876127425
-7.258148 -7.6275e-05 -1.1486852805638383 -0.9977239434802434
-7.213205 -7.64631e-05 -1.151518026565465 -1.000184407246466
-7.168347 -7.64268e-05 -1.1509713562844492 -0.999709580905616
-7.123426 -7.628323e-05 -1.1488092226137767 -0.9978315969454002
-7.078309 -7.640789e-05 -1.1506865757055509 -0.9994622264674486
-7.033472 -7.637921e-05 -1.1502546610041866 -0.9990870744163308
-6.9883370000000005 -7.634671e-05 -1.149765217915123 -0.9986619544141925
-6.943743 -7.637394e-05 -1.1501752959248215 -0.9990181395729072
-6.898658 -7.62099e-05 -1.1477048884069756 -0.9968723954144215
-6.853054 -7.643841e-05 -1.15114620041565 -0.9998614468509953
-6.808102 -7.633201e-05 -1.1495438390409927 -0.9984696693670714
-6.763337000000001 -7.617466e-05 -1.1471741815005572 -0.9964114345259488
-6.718677 -7.635855e-05 -1.1499435257974158 -0.9988168289011253
-6.673824 -7.618474e-05 -1.1473259841571037 -0.9965432871296891
-6.628809 -7.636283e-05 -1.1500079816872986 -0.9988728139352531
-6.583741 -7.626684e-05 -1.148562392699015 -0.9976172056581679
-6.538536 -7.614541e-05 -1.1467336827204 -0.9960288265240242
-6.493696 -7.626652e-05 -1.1485575735670612 -0.9976130198612237
-6.448491 -7.61823e-05 -1.1472892382759556 -0.9965113704279901
-6.403469 -7.615593e-05 -1.146892111683383 -0.9961664345985627
-6.358799 -7.622159e-05 -1.147880937321165 -0.9970253078090368
-6.313936 -7.624534e-05 -1.1482386072708652 -0.997335972425984
-6.268837 -7.635446e-05 -1.1498819312671305 -0.9987633291839332
-6.2237219999999995 -7.61737e-05 -1.1471597241046956 -0.9963988771351165
-6.178573 -7.598777e-05 -1.1443596578416313 -0.9939667983044214
-6.133941 -7.610148e-05 -1.1460721062618595 -0.9954541950872877
-6.088546 -7.612419e-05 -1.14641411403271 -0.9957512558641667
-6.043903 -7.601294e-05 -1.1447387126893769 -0.9942960373953081
-5.999384 -7.602795e-05 -1.1449647600975872 -0.9944923774332187
-5.953917000000001 -7.609991e-05 -1.1460484623957108 -0.9954336585210305
-5.908544 -7.600738e-05 -1.1446549802716786 -0.9942233091734038
-5.863894 -7.61582e-05 -1.1469262974006806 -0.996196127595635
-5.819403 -7.602573e-05 -1.1449313273696575 -0.9944633384669189
-5.774223 -7.590736e-05 -1.1431487003403513 -0.9929149860160537
-5.7289449999999995 -7.59403e-05 -1.1436447697358512 -0.9933458614889901
-5.683982 -7.578336e-05 -1.1412812867082316 -0.9912929897002023
-5.6388370000000005 -7.578015e-05 -1.1412329447908196 -0.9912510009246066
-5.593694999999999 -7.587873e-05 -1.1427175386283546 -0.9925404879957083
-5.549139 -7.573526e-05 -1.1405569109364175 -0.9906638120970375
-5.5042219999999995 -7.580777e-05 -1.1416488961175868 -0.9916122875233471
-5.459243000000001 -7.571314e-05 -1.1402237884401072 -0.9903744688832744
-5.414333 -7.578096e-05 -1.1412451432185775 -0.9912615962231213
-5.369459 -7.572654e-05 -1.140425589590675 -0.9905497491303099
-5.3246009999999995 -7.550685e-05 -1.1371171049064788 -0.9876760687220087
-5.278908 -7.543647e-05 -1.1360571970723774 -0.9867554550066088
-5.234176000000001 -7.538097e-05 -1.1352213788741303 -0.9860294808491108
-5.189233 -7.539291e-05 -1.1354011927351584 -0.9861856633975886
-5.144309 -7.534949e-05 -1.1347472967681695 -0.9856177030747316
-5.099243 -7.531189e-05 -1.1341810487635915 -0.9851258719337962
-5.054101999999999 -7.540571e-05 -1.1355939580133128 -0.9863530952753538
-5.009158 -7.518542e-05 -1.132276437456703 -0.9834715664977823
-4.964491 -7.510225e-05 -1.131023914942321 -0.9823836517107716
-4.9193180000000005 -7.497972e-05 -1.1291786391976146 -0.9807808838996326
-4.874600999999999 -7.4793e-05 -1.1263666757025392 -0.9783384713827316
-4.829686 -7.486959e-05 -1.12752010481612 -0.9793403157200786
-4.784408 -7.463298e-05 -1.1239568085298635 -0.9762453112983563
-4.739469 -7.462097e-05 -1.1237759404837204 -0.9760882131067969
-4.694394 -7.449355e-05 -1.121857022378844 -0.9744214810861054
-4.649412999999999 -7.424436e-05 -1.1181042739676517 -0.9711619225220169
-4.604417000000001 -7.416141e-05 -1.1168550646064879 -0.9700768854704052
-4.559279999999999 -7.396448e-05 -1.1138893406825097 -0.9675009198697554
-4.514252000000001 -7.370063e-05 -1.109915815788681 -0.9640495994831639
-4.469563 -7.363394e-05 -1.1089114785699226 -0.9631772532387759
-4.424525 -7.341196e-05 -1.1055685069726817 -0.9602736182210934
-4.379213 -7.326191e-05 -1.1033087858799433 -0.9583108718727588
-4.333988000000001 -7.293923e-05 -1.0984492936959729 -0.9540900188792195
-4.289554 -7.272869e-05 -1.0952786060660824 -0.9513360261022896
-4.244186 -7.235178e-05 -1.089602421613807 -0.9464058113328746
-4.199158000000001 -7.221972e-05 -1.0876136260955995 -0.944678385256493
-4.153944999999999 -7.172173e-05 -1.0801140025902836 -0.9381643695683419
-4.1090919999999995 -7.136404e-05 -1.0747272672509864 -0.9334855642278836
-4.06378 -7.092435e-05 -1.0681056293485136 -0.9277341484204915
-4.019026 -7.060484e-05 -1.063293876690461 -0.9235547609779301
-3.973941 -7.019718e-05 -1.0571546037769948 -0.9182223172834149
-3.9289029999999996 -6.978121e-05 -1.0508901840306013 -0.9127811736745065
-3.8836109999999997 -6.916963e-05 -1.0416799192795396 -0.904781330877343
-3.838601 -6.842294e-05 -1.0304349266588355 -0.8950141661266743
-3.793639 -6.801059e-05 -1.0242250233426702 -0.8896203743456964
-3.74912 -6.723116e-05 -1.0124869732839372 -0.8794249502451812
-3.704346 -6.68115e-05 -1.006166982922201 -0.8739355391652609
-3.659315 -6.641408e-05 -1.000181922231258 -0.8687370409729578
-3.614346 -6.557674e-05 -0.9875717598867503 -0.8577841184317091
-3.56912 -6.488906e-05 -0.977215445317912 -0.8487888407987692
-3.524469 -6.428896e-05 -0.968178066925695 -0.8409391634669764
-3.479315 -6.334476e-05 -0.9539586157043461 -0.8285884463586964
-3.433912 -6.259636e-05 -0.9426878708472638 -0.8187989137556076
-3.388875 -6.197748e-05 -0.9333676696485045 -0.810703582465656
-3.344093 -6.107221e-05 -0.9197344959489172 -0.7988620937168608
-3.298724 -6.057894e-05 -0.9123059546399205 -0.7924098185336356
-3.253657 -5.978369e-05 -0.9003296587452184 -0.7820074590966947
-3.2090349999999996 -5.909508e-05 -0.8899593385741393 -0.7730000164913859
-3.164056 -5.827859e-05 -0.8776631727960001 -0.7623198247822783
-3.118743 -5.728795e-05 -0.8627443450498479 -0.7493616438924813
-3.073761 -5.629822e-05 -0.8478392217101893 -0.736415366362744
-3.028743 -5.557366e-05 -0.8369275021836691 -0.7269376756319929
-2.9841770000000003 -5.464703e-05 -0.8229726514261618 -0.7148167849371768
-2.939233 -5.406974e-05 -0.8142787867835306 -0.7072654764438079
-2.893741 -5.346588e-05 -0.8051847835908557 -0.6993666159979216
-2.8490729999999997 -5.26186e-05 -0.7924249269600313 -0.6882836721390958
-2.8038649999999996 -5.160376e-05 -0.7771416523598687 -0.6750089403553988
-2.758824 -5.058255e-05 -0.7617624469142497 -0.6616508850512827
-2.713479 -4.936967e-05 -0.7434967320261439 -0.6457856681837859
-2.668913 -4.867017e-05 -0.7329624107707599 -0.636635777676222
-2.623799 -4.7882e-05 -0.721092738170537 -0.6263260289966701
-2.579063 -4.706472e-05 -0.7087846751603867 -0.6156355036013565
-2.533945 -4.645091e-05 -0.6995408270835215 -0.6076064910317387
-2.488696 -4.570645e-05 -0.6883294177886208 -0.5978684960535242
-2.443815 -4.467853e-05 -0.6728491611698443 -0.5844226698197359
-2.398799 -4.376327e-05 -0.6590655401945724 -0.572450505722591
-2.354167 -4.265596e-05 -0.6423896870576187 -0.5579662094281942
-2.30875 -4.167829e-05 -0.6276661847534712 -0.5451776841207892
-2.263601 -4.087334e-05 -0.615543808921418 -0.5346484427139794
-2.21896 -4.003034e-05 -0.6028484081804765 -0.5236214838892812
-2.173565 -3.937324e-05 -0.5929526219089786 -0.5150262114768148
-2.128573 -3.872825e-05 -0.5832392096623596 -0.5065893453174531
-2.083761 -3.766303e-05 -0.5671972229752115 -0.4926556121273642
-2.0385 -3.67574e-05 -0.5535586277521761 -0.4808094143570068
-1.993252 -3.569925e-05 -0.5376231137616337 -0.4669681611181525
-1.948479 -3.459378e-05 -0.5209749706334146 -0.4525079331561845
-1.903582 -3.360281e-05 -0.506051173157435 -0.4395454356632888
-1.8583699999999999 -3.278776e-05 -0.49377669347308817 -0.4288840800404298
-1.813309 -3.218619e-05 -0.48471717719345797 -0.42101517420392487
-1.768705 -3.148991e-05 -0.47423134845335985 -0.41190740327811143
-1.72362 -3.064938e-05 -0.4615731453871871 -0.40091275357357586
-1.678403 -2.966521e-05 -0.44675175446522697 -0.38803920426574307
-1.633262 -2.861837e-05 -0.43098656666967866 -0.37434589278763286
-1.5885070000000001 -2.757354e-05 -0.41525164904671547 -0.3606788733465779
-1.543535 -2.661501e-05 -0.400816391072558 -0.3481407110188936
-1.498408 -2.589155e-05 -0.3899212373121292 -0.3386774089651379
-1.453365 -2.520712e-05 -0.3796138670521972 -0.3297246433324118
-1.408315 -2.451605e-05 -0.36920649980422277 -0.320685022413095
-1.3631579999999999 -2.382216e-05 -0.35875666395590494 -0.311608514158208
-1.318441 -2.300259e-05 -0.3464141140327099 -0.3008880341535131
-1.273799 -2.174497e-05 -0.3274746242583055 -0.28443759055076484
-1.228667 -2.080403e-05 -0.31330426794373667 -0.27212951624885334
-1.183554 -2.006406e-05 -0.3021604770940634 -0.2624502532340113
-1.138917 -1.893243e-05 -0.2851183699286166 -0.24764783637186058
-1.093762 -1.85243e-05 -0.27897201891509293 -0.24230924478808355
-1.0485740000000001 -1.793895e-05 -0.27015677238637387 -0.23465250653418432
-1.003167 -1.722009e-05 -0.25933089364778167 -0.22524937531150055
-0.9583149 -1.665369e-05 -0.2508010300894551 -0.21784051472038665
-0.9131199 -1.56909e-05 -0.236301617421162 -0.20524662897088364
-0.8684501 -1.480892e-05 -0.22301918616909128 -0.19370978775592848
-0.8235557 -1.399448e-05 -0.21075389295503147 -0.1830564113084942
-0.7780916 -1.312217e-05 -0.19761708984669138 -0.17164605964494456
-0.7333369000000001 -1.248598e-05 -0.18803620372880334 -0.16332430290154637
-0.6882408 -1.20332e-05 -0.18121743320984307 -0.1574016618379084
-0.6433464 -1.157541e-05 -0.17432321315623023 -0.1514134868908639
-0.5981671 -1.088529e-05 -0.16393015270624378 -0.14238629255622495
-0.5533652 -1.014542e-05 -0.15278786783530615 -0.13270833760292794
-0.5084219 -9.429297e-06 -0.1420032077347068 -0.12334100802473194
-0.463426 -8.83102e-06 -0.1329932833348393 -0.11551517665490525
-0.41784269999999996 -8.193587e-06 -0.12339367790126804 -0.10717716070650223
-0.3732803 -7.65094e-06 -0.11522152947200384 -0.100079003974182
-0.32817599999999997 -7.223054e-06 -0.10877765729947893 -0.09448199175156664
-0.28295960000000003 -6.923388e-06 -0.104264751061715 -0.09056217604200321
-0.2385256 -6.784567e-06 -0.10217413632119514 -0.08874631192456144
-0.1935916 -6.291652e-06 -0.09475094123670974 -0.08229868035982117
-0.1480649 -5.553984e-06 -0.08364181801752958 -0.07264952892174599
-0.1030728 -4.587336e-06 -0.06908430468961778 -0.06000517815783527
-0.05835577 -3.57388e-06 -0.05382187283515557 -0.046748549945921626
-0.013064890000000001 -2.779028e-06 -0.04185157073582121 -0.03635139659393004
0.03196499 -1.471907e-06 -0.022166606427517246 -0.01925344944577089
0.07707401 -1.304256e-07 -0.0019641818017529593 -0.0017060471184893718
0.12160649999999999 1.065299e-06 0.016043176410349084 0.013934766558709401
0.166824 2.425797e-06 0.03653198698834372 0.03173091771776524
0.21204050000000002 3.861114e-06 0.05814755579651215 0.05050574744420552
0.2564839 5.100726e-06 0.07681584892021324 0.06672063532392275
0.3018148 5.575632e-06 0.083967832294208 0.07293269808501653
0.34734230000000005 5.70297e-06 0.08588551549652118 0.0745983574952412
0.3920499 6.523002e-06 0.09823502304147465 0.08532488074427419
0.4367858 7.479951e-06 0.11264647149182253 0.09784236261893135
0.4820463 8.290602e-06 0.12485470317159122 0.10844617661442403
0.5274178 8.709321e-06 0.1311605222734255 0.11392327883520546
0.5722197 9.566435e-06 0.14406847685310684 0.12513485746637065
0.6168800999999999 1.021829e-05 0.15388527453992348 0.13366152205079954
0.6620833 1.073409e-05 0.16165311285804645 0.14040850350012254
0.7071254 1.157485e-05 0.17431477967531098 0.15140616174621166
0.7521943999999999 1.205846e-05 0.18159784343845065 0.15773207818418583
0.7974933 1.282606e-05 0.19315773621276466 0.16777275860392277
0.8423896 1.386654e-05 0.20882714376073008 0.18138287736776837
0.8871110999999999 1.446269e-05 0.21780503599289178 0.18918088626853205
0.9321537 1.543999e-05 0.2325229661757176 0.20196457174822058
0.9772575 1.610815e-05 0.24258531369537062 0.21070451576756843
1.022229 1.679624e-05 0.2529478027770248 0.21970515645284303
1.067078 1.76052e-05 0.2651305683563748 0.23028685112760905
1.112078 1.823705e-05 0.2746460949971386 0.23855183799995242
1.157444 1.910426e-05 0.28770609318996415 0.24989547852470503
1.20255 2.002359e-05 0.3015510074997741 0.2619208807267331
1.247125 2.10779e-05 0.31742869190687023 0.2757119044022579
1.292229 2.191005e-05 0.3299606939550013 0.28659693854931895
1.337144 2.264036e-05 0.3409590072588175 0.29614984281891005
1.382069 2.35642e-05 0.35487184120960213 0.30823423859661947
1.427088 2.434339e-05 0.3666062769193699 0.3184265233494267
1.472528 2.510168e-05 0.37802596307340136 0.32834542323932026
1.517588 2.616304e-05 0.39400981898135595 0.3422286652537705
1.562635 2.70046e-05 0.4066835336285051 0.35323678799221997
1.6075409999999999 2.792129e-05 0.42048869009969575 0.36522765736945895
1.65262 2.881977e-05 0.43401960784313726 0.37698032873934595
1.697682 2.95121e-05 0.44444595042318 0.38603643123413034
1.742767 3.064173e-05 0.46145793801391516 0.4008126868653802
1.7874269999999999 3.14903e-05 0.47423722177042854 0.41191250471813706
1.832474 3.213681e-05 0.4839735248938285 0.42036925341298353
1.877616 3.314558e-05 0.49916538658474147 0.4335645858608966
1.922796 3.393656e-05 0.5110773771874341 0.4439110910698641
1.967823 3.505086e-05 0.5278584982380048 0.4584868208662592
2.012654 3.60127e-05 0.5423436041083101 0.4710682800310844
2.0577289999999997 3.674841e-05 0.5534232402638476 0.48069181962410773
2.102465 3.784839e-05 0.5699887051594832 0.49508023500725284
2.147126 3.859043e-05 0.5811636697689828 0.5047865748960771
2.1924720000000004 3.944174e-05 0.5939842173428511 0.5159222336351682
2.237588 4.038027e-05 0.6081182795698925 0.5281987836538442
2.2826210000000002 4.095972e-05 0.6168446733532122 0.5357783462765859
2.327833 4.208089e-05 0.6337292551429174 0.5504439399011254
2.372965 4.322539e-05 0.6509651817716334 0.565414704284123
2.4179540000000004 4.381065e-05 0.6597790729194903 0.5730702652826315
2.4629749999999997 4.484085e-05 0.6752936658534382 0.586545915319647
2.5078229999999997 4.578131e-05 0.6894567934700763 0.5988477109261423
2.552578 4.642893e-05 0.699209812957441 0.6073189791041387
2.5975189999999997 4.748973e-05 0.7151852353844764 0.6211948959739367
2.6426819999999998 4.812384e-05 0.7247347971446643 0.629489445037198
2.687843 4.895777e-05 0.7372936056142887 0.6403977626797608
2.7326819999999996 5.01222e-05 0.7548296738050059 0.655629223728685
2.777806 5.082061e-05 0.765347579892172 0.6647648563654079
2.8230120000000003 5.176085e-05 0.7795073943555916 0.6770637742365041
2.867918 5.259638e-05 0.7920902984849854 0.6879930208637877
2.912871 5.322206e-05 0.801512906237764 0.696177300338802
2.957965 5.425339e-05 0.8170445167314236 0.7096677314712763
3.002852 5.489009e-05 0.8266330833408632 0.7179961593285542
3.04772 5.581986e-05 0.8406352218306677 0.7301581231558846
3.093 5.672949e-05 0.8543340562031263 0.7420566433880437
3.1383609999999997 5.765906e-05 0.8683331827354598 0.754215991092284
3.183446 5.845429e-05 0.8803091774344145 0.7646180889169157
3.228126 5.932386e-05 0.8934047167253998 0.7759925996941314
3.273069 6.005382e-05 0.9043977591036414 0.7855409257483147
3.318031 6.069392e-05 0.9140375289900906 0.793913827698124
3.36312 6.141749e-05 0.9249343393271288 0.8033785686195793
3.408163 6.208092e-05 0.9349254540525888 0.8120566413278467
3.453145 6.288694e-05 0.9470639438571128 0.8225998789931886
3.498176 6.37067e-05 0.9594093551399054 0.833322844314819
3.543399 6.447688e-05 0.9710081021655975 0.843397272722418
3.5884270000000003 6.508458e-05 0.9801599349417187 0.851346362731634
3.633324 6.581535e-05 0.9911651757477185 0.8609052840843321
3.678267 6.63694e-05 0.9995090509322008 0.8681525990746334
3.723389 6.704671e-05 1.0097091955061595 0.8770122307253526
3.768645 6.782693e-05 1.0214591427969035 0.8872179885120737
3.813054 6.813814e-05 1.026145899219903 0.8912888068463967
3.8578609999999998 6.89174e-05 1.0378813891147858 0.9014820072422857
3.903056 6.937786e-05 1.0448158188006385 0.9075051074325825
3.948135 6.983597e-05 1.0517148579862052 0.9134974681765713
3.993185 7.047283e-05 1.0613058341616217 0.9218279889323213
4.038131 7.065262e-05 1.0640134333303215 0.924179752784151
4.082963 7.122082e-05 1.0725704045058884 0.9316121584830754
4.1284089999999996 7.171807e-05 1.0800588837685612 0.9381164945157933
4.1729650000000005 7.185451e-05 1.0821136411553869 0.9399012136878476
4.217871 7.220579e-05 1.0874038432577333 0.9444961722832689
4.263278000000001 7.255698e-05 1.0926926899792175 0.9490899536232992
4.308805 7.274822e-05 1.0955727237131412 0.9515914905220362
4.3533800000000005 7.307635e-05 1.1005142917382007 0.9558836328697802
4.398463 7.339718e-05 1.1053459233155627 0.960080286724736
4.443493999999999 7.366482e-05 1.1093765248034697 0.9635811826438846
4.488475 7.397851e-05 1.1141006294991114 0.9676844409045245
4.533512 7.392648e-05 1.113317068762989 0.9670038564826396
4.578704 7.421642e-05 1.1176835035089305 0.9707964501263324
4.62389 7.437629e-05 1.1200911117135026 0.9728876481183899
4.668645000000001 7.457625e-05 1.1231024667931688 0.9755032479838543
4.713767 7.469064e-05 1.1248251558687992 0.9769995395852272
4.758795 7.473282e-05 1.125460377699467 0.9775512799449257
4.803748 7.486765e-05 1.1274908888286497 0.9793149393261048
4.848824 7.49419e-05 1.1286090780398181 0.980286175023298
4.894003 7.506189e-05 1.1304161019246408 0.981855718071193
4.9388890000000005 7.529266e-05 1.1338914490527392 0.9848743316986847
4.983937 7.51761e-05 1.1321360802385467 0.9833496551617844
5.028607 7.545491e-05 1.1363348995512184 0.9869966615555142
5.0735600000000005 7.538138e-05 1.1352275533869463 0.9860348439014455
5.1184650000000005 7.535567e-05 1.1348403662540285 0.9856985412782153
5.163546999999999 7.548871e-05 1.1368439203638445 0.9874387863577383
5.208946 7.56414e-05 1.139143399295202 0.9894360655308618
5.253418 7.560817e-05 1.1386429625613688 0.9890013966794445
5.298116 7.593645e-05 1.1435867895545315 0.9932955011195062
5.34363 7.582551e-05 1.1419160567452786 0.9918443376414372
5.3885309999999995 7.588777e-05 1.142853679106051 0.99265873675938
5.4334359999999995 7.5866e-05 1.1425258275353152 0.9923739717610244
5.479046 7.604757e-05 1.1452602331255082 0.9947490191083559
5.523814000000001 7.610081e-05 1.1460620162043311 0.9954454310749358
5.56875 7.59169e-05 1.1432923707117257 0.9930397750874506
5.613767 7.596346e-05 1.1439935544110118 0.9936488085428217
5.659083 7.609581e-05 1.1459867172675522 0.9953800279976839
5.704238999999999 7.601246e-05 1.144731483991446 0.9942897586998918
5.748975000000001 7.602492e-05 1.1449191289418994 0.994452743168404
5.793871 7.612035e-05 1.1463562844492634 0.995701026300837
5.839022 7.616993e-05 1.1471029487063642 0.9963495632148684
5.883982 7.620917e-05 1.147693894762206 0.9968628465651427
5.928984000000001 7.616814e-05 1.1470759916869975 0.9963261489132123
5.974195 7.620136e-05 1.147576277822957 0.9967606869584749
6.019305 7.628318e-05 1.148808469624409 0.9978309429146277
6.063805 7.631924e-05 1.149351525556459 0.9983026299077696
6.109064999999999 7.634427e-05 1.1497284720339749 0.9986300377124935
6.154107 7.624533e-05 1.1482384566729917 0.9973358416198296
6.199173 7.620091e-05 1.147569500918647 0.9967548006815222
6.244013 7.642773e-05 1.1509853618866903 0.999721745877985
6.288815 7.626525e-05 1.1485384476371194 0.9975964074796019
6.33389 7.643704e-05 1.1511255685069728 0.9998435264078284
6.378861 7.619033e-05 1.1474101683684226 0.9966164077700568
6.424022 7.640642e-05 1.1506644378181379 0.9994429979627365
6.468972 7.649414e-05 1.1519854823649889 1.0005904295500467
6.5141480000000005 7.632142e-05 1.1493843558928947 0.9983311456494515
6.559093 7.63534e-05 1.1498659678925336 0.9987494637315558
6.603899 7.656758e-05 1.153091473148399 1.0015510699487251
6.6487110000000005 7.646338e-05 1.1515222433059247 1.0001880698187922
6.693926 7.640396e-05 1.1506273907412428 0.9994108196487287
6.739456000000001 7.646836e-05 1.1515972410469564 1.0002532112837352
6.784446 7.649279e-05 1.1519651516520586 1.0005727707191887
6.829002999999999 7.635387e-05 1.1498730459925905 0.9987556116208174
6.874186 7.64154e-05 1.1507996747085931 0.9995604618894813
6.919484000000001 7.652802e-05 1.1524957079606035 1.0010336008015068
6.9642290000000004 7.669699e-05 1.1550403602301136 1.003243832394163
7.009135000000001 7.654168e-05 1.152701424655884 1.0012122820085596
7.054182 7.664512e-05 1.1542592090599681 1.0025653408707502
7.0991670000000004 7.663662e-05 1.1541312008674438 1.0024541556394218
7.144286 7.644245e-05 1.1512070419565676 0.9999142925374149
7.18939 7.654141e-05 1.1526973585132978 1.0012087502423879
7.234229 7.654655e-05 1.1527747658203067 1.001275984605803
7.2795190000000005 7.65659e-05 1.1530661727056415 1.0015290945147686
7.324682 7.666022e-05 1.1544866118490407 1.0027628581640513
7.369135 7.659951e-05 1.15357233215867 1.001968734000057
7.414201 7.675581e-05 1.1559261769223816 1.0040132341949564
7.45922 7.651879e-05 1.1523567061233095 1.0009128667208995
7.504176 7.663658e-05 1.1541305984759496 1.0024536324148037
7.549582999999999 7.658716e-05 1.1533863437848257 1.0018071883992443
7.594295 7.659545e-05 1.1535111894220054 1.0019156267013283
7.639343 7.664404e-05 1.1542429444896238 1.0025512138060637
7.684296000000001 7.652427e-05 1.1524392337580194 1.0009845484935678
7.729584 7.654975e-05 1.1528229571398452 1.0013178425752443
7.774324 7.643166e-05 1.1510445468509987 0.9997731526967052
7.819249 7.65834e-05 1.1533297189843679 1.0017580052851507
7.8638900000000005 7.660271e-05 1.1536205234782084 1.0020105919694982
7.909343 7.652039e-05 1.1523808017830788 1.0009337957056201
7.954560000000001 7.659925e-05 1.1535684166139573 1.0019653330400395
7.999626 7.644988e-05 1.1513189361766212 1.0000114815102117
8.04421 7.65069e-05 1.152177645251649 1.000757338203194
8.089088 7.647799e-05 1.1517422667991928 1.0003791776105226
8.134333999999999 7.649251e-05 1.151960934911599 1.0005691081468626
8.179546 7.650156e-05 1.1520972259871691 1.000687487716689
8.225098 7.667458e-05 1.15470287039547 1.0029506958019194
8.269664 7.661572e-05 1.1538164513117073 1.002180770776508
8.314418 7.648799e-05 1.1518928646727509 1.0005099837650269
8.359814 7.654168e-05 1.152701424655884 1.0012122820085596
8.404852 7.657534e-05 1.1532083370982802 1.0016525755246204
8.449964 7.677729e-05 1.1562496611547846 1.0042942058148312
8.494843000000001 7.666159e-05 1.1545072437577182 1.0027807786072185
8.53939 7.666658e-05 1.1545823920966236 1.0028460508783161
8.584538 7.674255e-05 1.155726484142044 1.003839785234084
8.630040999999999 7.641375e-05 1.150774826059456 0.9995388788739882
8.674777 7.6538e-05 1.1526460046384146 1.001164145343702
8.71955 7.659137e-05 1.1534497454895936 1.0018622577902905
8.76451 7.658907e-05 1.1534151079786752 1.0018321723747545
8.809579 7.652603e-05 1.1524657389837656 1.0010075703767605
8.854491 7.63784e-05 1.1502424625764283 0.999076479117816
8.899353 7.667069e-05 1.154644287822656 1.0028998122078172
8.944407 7.656501e-05 1.1530527694948947 1.0015174527670174
8.989513 7.656076e-05 1.1529887653986326 1.0014618601513532
9.034556 7.660301e-05 1.1536250414144151 1.0020145161541332
9.079918 7.64489e-05 1.1513041775850126 0.9999986625070704
9.124748 7.648512e-05 1.1518496430830398 1.0004724423986844
9.169569 7.656502e-05 1.1530529200927684 1.0015175835731722
9.21463 7.669667e-05 1.1550355410981596 1.0032396465972189
9.259917999999999 7.650765e-05 1.1521889400921659 1.000767148664782
9.304673000000001 7.64529e-05 1.1513644167344357 1.000050984968872
9.349769 7.65333e-05 1.1525752236378424 1.0011026664510851
9.395040999999999 7.665309e-05 1.154379235565194 1.0026695933758902
9.439710999999999 7.644251e-05 1.1512079455438091 0.9999150773743422
9.484557 7.664091e-05 1.1541958073552 1.0025102714797038
9.529607 7.650816e-05 1.1521966205837175 1.0007738197786618
9.574824000000001 7.641593e-05 1.1508076563958916 0.99956739461567
9.619907 7.643791e-05 1.1511386705219722 0.9998549065432701
9.664833 7.646905e-05 1.151607632300232 1.000262236908396
9.710074 7.652018e-05 1.152377639227734 1.0009310487763756
9.75516 7.652122e-05 1.152393301406584 1.0009446526164438
9.799641 7.641943e-05 1.150860365651637 0.9996131767697465
9.844862 7.637992e-05 1.1502653534532095 0.9990963616533008
9.889909 7.65902e-05 1.1534321255383873 1.0018469534702135
9.934616 7.638416e-05 1.1503292069515978 0.9991518234628104
9.979569 7.642251e-05 1.1509067497966927 0.9996534650653337
10.003 7.651479e-05 1.1522964669738862 1.0008605442590979
