Keff(MJ/m3):-0.10699968685385017 Ms(MA/m):1.1143707039434596
H(kOe) moment(emu) M(MA/m) M_norm()
9.962396 7.140237e-05 1.1164644901022611 1.0018788955518951
9.929315 7.119698e-05 1.1132529630672048 0.9989969757170576
9.896115 7.127473e-05 1.1144686806141917 1.0000879210754423
9.862022000000001 7.154508e-05 1.1186959377052257 1.0038813240032787
9.828146 7.12863e-05 1.1146495918941741 1.0002502649699312
9.794385 7.100077e-05 1.1101849767020049 0.9962438646074933
9.760428 7.118354e-05 1.1130428120211402 0.9988083930081612
9.726365 7.126897e-05 1.114378615880164 1.0000070999144866
9.691792 7.116502e-05 1.11275322888326 0.9985485305253666
9.656885 7.141116e-05 1.1166019326390844 1.0020022320110615
9.622768 7.153353e-05 1.1185153391500144 1.003719260737821
9.588366 7.122004e-05 1.113613534728086 0.9993205409899111
9.553616 7.121971e-05 1.113608374769366 0.9993159106108981
9.518559999999999 7.134662e-05 1.1155927698032964 1.0010966421277159
9.484041999999999 7.116553e-05 1.1127612033649186 0.9985556865656595
9.449272 7.118996e-05 1.1131431966726086 0.998898474927143
9.414152 7.131964e-05 1.115170904087313 1.0007180735647676
9.37931 7.134259e-05 1.115529755761954 1.00104009537795
9.344428 7.124439e-05 1.113994277136692 0.99966220683527
9.309531999999999 7.150379e-05 1.1180503174156426 1.0033019653685815
9.274310999999999 7.148275e-05 1.1177213309566252 1.0030067436278687
9.239663 7.116918e-05 1.112818275635613 0.9986069013638345
9.204763999999999 7.121503e-05 1.1135351971729683 0.9992502434176216
9.169615 7.140748e-05 1.1165443912812334 1.0019505962693398
9.134568999999999 7.116461e-05 1.1127468180254558 0.9985427776302291
9.099796 7.113582e-05 1.1122966507177037 0.998138812139967
9.064939 7.133062e-05 1.1153425899865528 1.000872138902839
9.029681 7.146007e-05 1.1173667010663917 1.0026885103066063
8.994551 7.114612e-05 1.1124577039747319 0.9982833360909811
8.959834 7.139106e-05 1.1162876442443008 1.0017201998348104
8.924922 7.13714e-05 1.1159802357944775 1.0014443414972434
8.889759 7.114731e-05 1.1124763110986022 0.9983000335183314
8.855004999999998 7.130781e-05 1.1149859273853082 1.0005520814928746
8.820013999999999 7.141171e-05 1.1166105325702849 1.0020099493094168
8.784736 7.118907e-05 1.1131292804203023 0.9988859869352594
8.749625 7.126166e-05 1.1142643149763893 0.9999045300036211
8.714559999999999 7.149202e-05 1.1178662788879508 1.0031368151837816
8.679711 7.126838e-05 1.1143693904994216 0.9999988213580693
8.644885 7.124128e-05 1.1139456484348127 0.9996185690209346
8.609745 7.135738e-05 1.1157610157300561 1.0012476205464453
8.574824000000001 7.128838e-05 1.1146821152703508 1.000279450389165
8.539874 7.128768e-05 1.1146711699033682 1.0002696283730768
8.50468 7.143777e-05 1.1170180129468057 1.0023756089369344
8.469711 7.129453e-05 1.1147782781374111 1.0003657438162268
8.434852000000001 7.125716e-05 1.1141939519029305 0.9998413884716246
8.399614999999999 7.133303e-05 1.11538027332145 1.0009059547010863
8.364449 7.129587e-05 1.1147992306970635 1.0003845459613103
8.329569 7.122074e-05 1.1136244800950685 0.9993303630059993
8.294772 7.12803e-05 1.1145557744628953 1.0001660762606024
8.259281999999999 7.131671e-05 1.1151250899083718 1.0006769614117121
8.224476000000001 7.14152e-05 1.116665103042812 1.0020589190753428
8.189689999999999 7.142297e-05 1.1167865966163182 1.0021679434539237
8.154375 7.136809e-05 1.1159284798448887 1.001397897392597
8.119409 7.138103e-05 1.1161308127716798 1.0015794643757159
8.084542 7.1323e-05 1.115223441848829 1.0007652192419918
8.049408999999999 7.137458e-05 1.1160299590330551 1.0014889615131874
8.014541 7.131465e-05 1.115092879256966 1.0006480566215092
7.97918 7.136144e-05 1.1158244988585548 1.0013045882397578
7.944428 7.122737e-05 1.1137281483566315 0.9994233915298075
7.909717 7.146985e-05 1.1175196234793758 1.002825737902812
7.874458 7.131011e-05 1.115021890733965 1.0005843538314505
7.8392539999999995 7.122455e-05 1.1136840541639306 0.9993838228364231
7.804352 7.132757e-05 1.1152948994589862 1.000829342975597
7.769616 7.139348e-05 1.1163254839415833 1.001754155947573
7.734384 7.114458e-05 1.1124336241673705 0.9982617276555869
7.699663999999999 7.148187e-05 1.1177075710667044 1.0029943959505006
7.664346999999999 7.140198e-05 1.1164583919692281 1.0018734232857889
7.629409 7.122425e-05 1.1136793632923665 0.9993796134009567
7.5944579999999995 7.132977e-05 1.1153292991837884 1.0008602121690175
7.559412 7.155144e-05 1.1187953841823812 1.003970564035167
7.524032 7.116547e-05 1.1127602651906061 0.9985548446785665
7.489078999999999 7.126017e-05 1.1142410169809553 0.9998836231408046
7.4544120000000005 7.145104e-05 1.1172255058323168 1.0025618062990662
7.419384 7.121408e-05 1.1135203427463491 0.9992369135386445
7.384282 7.134258e-05 1.1155295993995684 1.0010399550634344
7.349268 7.138382e-05 1.1161744378772243 1.0016186121255537
7.31418 7.153964e-05 1.118610876567533 1.0038049929068205
7.278986 7.128968e-05 1.114702442380461 1.000297691276186
7.2442020000000005 7.128842e-05 1.1146827407198925 1.0002800116472272
7.209282 7.126871e-05 1.114374550458142 1.0000034517370824
7.173939000000001 7.115542e-05 1.112603120993214 0.9984138285904406
7.139069 7.128348e-05 1.114605497701473 1.0002106962765465
7.104032 7.140234e-05 1.116464021015105 1.0018784746083484
7.069229 7.127896e-05 1.1145348219032432 1.000147274115519
7.034227 7.128638e-05 1.1146508427932575 1.0002513874860552
6.998958 7.151671e-05 1.118252337617663 1.0034832517226695
6.964136000000001 7.123972e-05 1.11392125590268 0.999596679956509
6.92943 7.112803e-05 1.1121748444194266 0.998029507132355
6.894023 7.143029e-05 1.1169010538824782 1.0022706536793047
6.858837 7.1339e-05 1.1154736216655725 1.0009897224668685
6.8239279999999995 7.139059e-05 1.116280295212184 1.0017136050525797
6.789125 7.142587e-05 1.1168319417081027 1.0022086346634325
6.753958 7.136617e-05 1.1158984582668796 1.001370957005612
6.718692 7.135588e-05 1.1157375613722365 1.0012265733691132
6.6839390000000005 7.130641e-05 1.1149640366513434 1.0005324374606979
6.648652 7.139487e-05 1.1163472183131626 1.001773659665234
6.613937 7.124319e-05 1.1139755136504363 0.9996453690934042
6.578716999999999 7.118999e-05 1.1131436657597649 0.9988988958706896
6.543375 7.133442e-05 1.1154020076930293 1.0009254584187472
6.508502999999999 7.116661e-05 1.1127780905025488 0.9985708405333388
6.473671 7.130707e-05 1.114974356568784 1.000541698218724
6.438917999999999 7.14514e-05 1.1172311348781938 1.0025668576216262
6.403837 7.136772e-05 1.1159226944366267 1.0013927057555219
6.368578 7.112533e-05 1.1121326265753513 0.9979916222131572
6.333671000000001 7.118421e-05 1.1130532883009665 0.9988177940807029
6.298635 7.123397e-05 1.1138313475310382 0.9995159991100692
6.263782 7.118968e-05 1.1131388185258155 0.9988945461207077
6.228522 7.130935e-05 1.1150100071926698 1.000573689928269
6.193795 7.135968e-05 1.1157969790787128 1.001279892885021
6.158847 7.135318e-05 1.1156953435281611 1.0011886884499153
6.123856 7.129194e-05 1.1147377802795762 1.0003294023567
6.088542 7.117143e-05 1.1128534571723427 0.9986384721298329
6.053484 7.133143e-05 1.1153552553397756 1.0008835043785986
6.018763 7.130767e-05 1.114983738311912 1.000550117089657
5.983782 7.114441e-05 1.1124309660068175 0.9982593423088224
5.948662000000001 7.139557e-05 1.1163581636801452 1.0017834816813225
5.913292 7.143111e-05 1.116913875598086 1.0022821594695794
5.878399 7.135209e-05 1.1156783000281452 1.0011733941677203
5.843846999999999 7.142352e-05 1.116795196547519 1.002175660752279
5.808616 7.130619e-05 1.1149605966788632 1.0005293505413557
5.773245 7.122661e-05 1.1137162648153363 0.9994127276266259
5.738362 7.122546e-05 1.1136982831410078 0.999396591457338
5.703727 7.121308e-05 1.1135047065078028 0.9992228820870896
5.668514 7.113979e-05 1.112358726584733 0.9981945170026394
5.633226 7.127631e-05 1.1144933858710948 1.0001100907688987
5.598324 7.140372e-05 1.1164855990242988 1.001897838011494
5.563486 7.123599e-05 1.113862932732902 0.9995443426422098
5.528513 7.13658e-05 1.1158926728586174 1.0013657653685366
5.493264 7.125587e-05 1.1141737811552055 0.999823287899119
5.458409 7.11332e-05 1.1122556837727118 0.9981020497368933
5.423477 7.121543e-05 1.1135414516683868 0.9992558559982434
5.3885320000000005 7.135815e-05 1.1157730556337369 1.0012584247641425
5.352902 7.119743e-05 1.1132599993745507 0.9990032898702573
5.318069 7.128447e-05 1.114620977577634 1.0002245874135858
5.282846999999999 7.133436e-05 1.1154010695187166 1.000924616531654
5.247893 7.105388e-05 1.111015417331207 0.9969890749995679
5.213362 7.124152e-05 1.1139494011320636 0.9996219365693076
5.178217 7.125053e-05 1.1140902836413673 0.9997483599478163
5.14306 7.119478e-05 1.1132185633424023 0.9989661065236369
5.108263 7.116661e-05 1.1127780905025488 0.9985708405333388
5.073402 7.126445e-05 1.114307940081934 0.9999436777534589
5.038234999999999 7.120376e-05 1.1133589767645498 0.999092108958599
5.003319 7.122076e-05 1.1136247928198393 0.9993306436350303
4.968588 7.114795e-05 1.112486318291272 0.9983090136473265
4.933587 7.120814e-05 1.1134274634893833 0.9991535667164091
4.898597 7.110494e-05 1.111813803671389 0.9977055209159551
4.8633370000000005 7.113728e-05 1.1123194796259814 0.9981592980592369
4.828286 7.118339e-05 1.1130404665853584 0.9988062882904282
4.793542 7.118482e-05 1.11306282640648 0.9988263532661514
4.758402 7.119318e-05 1.1131935453607282 0.9989436562011494
4.723264 7.111663e-05 1.1119965912999972 0.9978695485846306
4.6885129999999995 7.113322e-05 1.1122559964974827 0.9981023303659246
4.653301000000001 7.129718e-05 1.1148197141695595 1.0004029271628472
4.618143 7.108145e-05 1.1114465084279328 0.9973759221189332
4.58305 7.110097e-05 1.1117517278043594 0.9976498160532825
4.548226 7.100965e-05 1.1103238265002973 0.9963684638972995
4.513286 7.106222e-05 1.1111458235606841 0.9971060973055345
4.478189 7.118269e-05 1.113029521218376 0.9987964662743398
4.4433620000000005 7.115499e-05 1.1125963974106392 0.9984077950662722
4.407985 7.098323e-05 1.1099107170779 0.995997752947222
4.373079 7.111198e-05 1.111923882790756 0.9978043023349009
4.337921000000001 7.109786e-05 1.11170309910248 0.9976061782389473
4.302956 7.098076e-05 1.1098720955686903 0.9959630952618819
4.268365 7.102344e-05 1.110539450229853 0.9965619576142402
4.233069 7.111199e-05 1.1119240391531415 0.9978044426494165
4.198032 7.101447e-05 1.1103991931700912 0.9964360954937936
4.162947 7.099526e-05 1.1100988210276137 0.9961665513094261
4.128208 7.105703e-05 1.1110646714826282 0.9970332740719653
4.093031 7.104259e-05 1.1108388841980175 0.9968306599115142
4.057947 7.103166e-05 1.1106679801107047 0.9966772961460204
4.022843 7.090681e-05 1.10871579572818 0.9949254694194055
3.9878649999999998 7.099516e-05 1.110097257403759 0.9961651481642708
3.952634 7.101845e-05 1.110461425399506 0.9964919406709816
3.9176260000000003 7.09518e-05 1.1094192701003847 0.9955567444248551
3.88269 7.106202e-05 1.1111426963129751 0.9971032910152238
3.847634 7.093293e-05 1.1091242142790132 0.9952919709340163
3.812683 7.092324e-05 1.1089726991274982 0.9951560061684506
3.777551 7.090298e-05 1.1086559089345467 0.9948717289599505
3.742626 7.096818e-05 1.1096753916877757 0.9957865796013227
3.707801 7.078196e-05 1.106763611345655 0.9931736426927904
3.672607 7.085748e-05 1.107944460080683 0.9942332979142077
3.637938 7.095234e-05 1.1094277136692 0.9955643214086948
3.602777 7.077791e-05 1.1067002845795417 0.9931168153139934
3.567796 7.083487e-05 1.1075909247271476 0.993916046794554
3.5327640000000002 7.078201e-05 1.1067643931575821 0.9931743442653681
3.4976350000000003 7.075675e-05 1.1063694217718987 0.9928199097990943
3.462843 7.089365e-05 1.1085100228289084 0.9947408155169444
3.427597 7.081491e-05 1.1072788254057604 0.9936359790215206
3.392532 7.050601e-05 1.1024487913187606 0.9893016636362474
3.3578330000000003 7.063276e-05 1.1044306845545235 0.9910801501208163
3.3229119999999996 7.077485e-05 1.1066524376895894 0.9930738790722359
3.287403 7.063296e-05 1.1044338118022328 0.9910829564111272
3.2523899999999997 7.067096e-05 1.1050279888669985 0.9916161515702092
3.2175230000000004 7.062672e-05 1.104336241673703 0.9909954001534252
3.182329 7.061988e-05 1.1042292898020456 0.9908994250247908
3.1475880000000003 7.04735e-05 1.101940457203615 0.988845501146201
3.112551 7.05666e-05 1.1033961910122903 0.9901518292859517
3.077277 7.032532e-05 1.0996234793758015 0.986766320654813
3.042532 7.041327e-05 1.1009986865559622 0.9880003868190563
3.0075030000000003 7.041635e-05 1.1010468461706853 0.9880436036898451
2.9725509999999997 7.037838e-05 1.1004531381930762 0.9875108294743098
2.937328 7.032035e-05 1.0995457672702258 0.9866965843405858
2.902356 7.017316e-05 1.0972442693185729 0.9846312949862367
2.8671889999999998 7.008142e-05 1.095809800794321 0.9833440496206007
2.832106 7.003411e-05 1.0950700503486883 0.9826802216475438
2.7970509999999997 6.985381e-05 1.0922508365387622 0.9801503509322158
2.7621529999999996 6.975357e-05 1.0906834599868656 0.978743838228364
2.727418 6.972741e-05 1.0902744159864906 0.978376775455691
2.692523 6.959084e-05 1.0881389748882009 0.9764605001168537
2.657338 6.961226e-05 1.088473903117866 0.9767610538091573
2.621949 6.938785e-05 1.084964974825656 0.9736122557657478
2.5871350000000004 6.908995e-05 1.080306939362667 0.969432286347577
2.552393 6.889084e-05 1.0771936079056825 0.9666384840285038
2.5170790000000003 6.874794e-05 1.0749591894173938 0.9646333896013248
2.481958 6.854376e-05 1.0717665822309788 0.9617684478228686
2.446984 6.841614e-05 1.06977108546768 0.9599777539754468
2.4123930000000002 6.814366e-05 1.0655105231885418 0.9561544640557987
2.377319 6.802879e-05 1.0637143884667104 0.9545426712157005
2.3422669999999997 6.766221e-05 1.057982456140351 0.9493990217047473
2.3073930000000002 6.719823e-05 1.0507275541795669 0.9428887088123578
2.272291 6.693122e-05 1.0465525221252776 0.9391421709327142
2.237192 6.628518e-05 1.0364508865747257 0.9300772919702605
2.202236 6.590516e-05 1.0305088032023018 0.9247450597504108
2.1669769999999997 6.553149e-05 1.0246660099446478 0.9195019272479339
2.1321350000000003 6.504489e-05 1.0170574162679429 0.9126742229213751
2.097051 6.436383e-05 1.006408199643494 0.9031179625254726
2.062097 6.362434e-05 0.9948453576007756 0.892741844415224
2.027362 6.269133e-05 0.9802565906745474 0.8796503598000932
1.992541 6.166863e-05 0.9642654095130876 0.8653003942950137
1.9571990000000001 6.084838e-05 0.9514397848453577 0.8537910961572007
1.922236 6.009564e-05 0.9396697626418989 0.8432290613138511
1.887343 5.928758e-05 0.9270347437220504 0.831890806570491
1.852328 5.863691e-05 0.9168607123870284 0.8227609619873384
1.81718 5.796647e-05 0.9063775526159428 0.8133537156069478
1.782347 5.730719e-05 0.8960688932670358 0.8041030602259085
1.747208 5.53818e-05 0.8659630359320764 0.7770870437168395
1.711856 5.440981e-05 0.8507647684273073 0.7634486131201031
1.6769090000000002 5.320787e-05 0.8319709478687809 0.7465836502383438
1.641958 5.226587e-05 0.81724161115802 0.7333660228737355
1.6067170000000002 5.181053e-05 0.810121806298277 0.7269769417227793
1.571994 5.089278e-05 0.7957716483722677 0.7140995770583746
1.5369860000000002 5.020353e-05 0.7849943709541234 0.7044283990742385
1.501801 4.919521e-05 0.7692280389029617 0.6902802058425168
1.467098 4.771409e-05 0.7460688932670357 0.6694979423156923
1.4319760000000001 4.641731e-05 0.7257921318447635 0.6513022365684771
1.396615 4.533186e-05 0.7088197767145137 0.6360717974783349
1.361928 4.434707e-05 0.6934213653563499 0.6222537643016972
1.327115 4.34275e-05 0.679042749476186 0.6093508623954628
1.29181 4.28673e-05 0.6702833286424619 0.6014904432344719
1.256758 4.207011e-05 0.6578182756356132 0.590304710369512
1.221726 4.089964e-05 0.6395165275041437 0.5738813172681819
1.187041 3.98079e-05 0.6224458204334367 0.5585626203477599
1.152356 3.845805e-05 0.601339243831504 0.5396222654665322
1.117254 3.721629e-05 0.5819227882540576 0.5221985701838613
1.082041 3.621122e-05 0.5662072739781718 0.5080959791696927
1.046884 3.533092e-05 0.5524426931857274 0.49574409236601474
1.011588 3.459301e-05 0.5409045563999125 0.4853901439492227
0.9767726999999999 3.365839e-05 0.5262906151296245 0.47227606869708877
0.9416431 3.275784e-05 0.5122094005066142 0.45964004499942634
0.9066431 3.155779e-05 0.4934451324389405 0.44280160156110554
0.8717012999999999 3.029193e-05 0.4736518435125247 0.42503974829596436
0.837069 2.88719e-05 0.45144791568940185 0.4051146661446218
0.8016339 2.791517e-05 0.4364882571848517 0.39169035549861153
0.7666339000000001 2.693442e-05 0.4211530162304156 0.3779290093862553
0.7319466 2.599534e-05 0.40646933733621043 0.364752353860187
0.6970135000000001 2.526625e-05 0.3950691121743754 0.35452216284610816
0.6616431 2.428635e-05 0.37974716202270387 0.3407727434675735
0.6265875999999999 2.293104e-05 0.35855521155830755 0.3217557768608567
0.5916339 2.175038e-05 0.34009413015604967 0.3051894032681832
0.556569 2.061544e-05 0.32234793758013575 0.28926454764059456
0.5219465 1.92855e-05 0.30155267848766304 0.2706035589598227
0.4866153 1.835253e-05 0.2869645370109767 0.2575126356027541
0.4511431 1.741671e-05 0.2723318322544329 0.2443817226087544
0.4164749 1.62322e-05 0.2538105513337712 0.227761327927595
0.381856 1.533027e-05 0.23970775870156677 0.21510594082678697
0.3464764 1.41744e-05 0.2216342996528755 0.19888740691815665
0.31130979999999997 1.280682e-05 0.20025049254151422 0.1796982744008626
0.27637110000000004 1.162266e-05 0.18173468430434378 0.1630827907277474
0.24144859999999999 1.05779e-05 0.16539856772054917 0.14842329140136934
0.2065692 9.350149e-06 0.14620116020890014 0.1311961627235294
0.1716616 8.276811e-06 0.12941819119992495 0.11613567257461868
0.1364023 7.212072e-06 0.11276967820621073 0.10119583887762755
0.10127670000000001 6.015076e-06 0.09405316321105796 0.0844002474923551
0.06639307 4.865205e-06 0.07607350595740689 0.06826588826160193
0.03135219 3.421512e-06 0.05349957782155926 0.04800877987211847
-0.003625451 1.861511e-06 0.02910703005285049 0.026119701415200976
-0.038653230000000004 3.159668e-07 0.004940532257560122 0.004433472847120712
-0.07377361 -1.191831e-06 -0.018635753823060326 -0.016723118937991985
-0.1086006 -2.671816e-06 -0.04177715232823593 -0.03748945676730173
-0.1433569 -4.140022e-06 -0.06473437157957283 -0.058090518128747666
-0.17848660000000002 -5.404187e-06 -0.08450115708165246 -0.07582858808350353
-0.2137458 -6.765772e-06 -0.10579122494292774 -0.09493360204872661
-0.24876099999999998 -8.122005e-06 -0.12699760765550241 -0.11396351968522851
-0.2833459 -9.630324e-06 -0.15058204334365327 -0.13512742466289157
-0.3185421 -1.102808e-05 -0.17243768958939243 -0.15473997026230285
-0.3537088 -1.251488e-05 -0.1956856490602621 -0.1756019324339584
-0.3888837 -1.395632e-05 -0.21822434875066457 -0.19582742796308897
-0.4235236 -1.573501e-05 -0.2460363698908591 -0.22078503052907103
-0.4588755 -1.738461e-05 -0.2718299089970917 -0.24393131301384577
-0.49382709999999996 -1.878329e-05 -0.2937000031272477 -0.2635568236744936
-0.5285884 -2.004506e-05 -0.31342933983800864 -0.2812612883027758
-0.5638013999999999 -2.114526e-05 -0.33063232948681864 -0.2966986913033512
-0.5988848 -2.197821e-05 -0.3436565343840886 -0.30838618887591007
-0.634129 -2.312329e-05 -0.3615612784188636 -0.32445332342226424
-0.6687365999999999 -2.409595e-05 -0.3767700222034588 -0.33810115509154226
-0.7039125 -2.522343e-05 -0.39439956843981616 -0.3539213360905322
-0.738761 -2.659889e-05 -0.4159065891109235 -0.37322103644607796
-0.7739218 -2.786885e-05 -0.43576398661537985 -0.3910404186625938
-0.8089026 -2.903366e-05 -0.4539772336366764 -0.40738439374812396
-0.8438755 -3.00735e-05 -0.47023641992682247 -0.4219748583328525
-0.878695 -3.083641e-05 -0.48216546267629873 -0.4326795930385142
-0.9136717999999999 -3.179966e-05 -0.4972270694561716 -0.4461953887486616
-0.9490441 -3.264436e-05 -0.5104350001563625 -0.45804775587698926
-0.9838837 -3.365814e-05 -0.5262867060699878 -0.47227256083420005
-1.018755 -3.498296e-05 -0.5470019076211027 -0.49086170848301136
-1.053857 -3.636392e-05 -0.5685949276042156 -0.5102385818221086
-1.088894 -3.740982e-05 -0.5849488694999532 -0.5249140770032591
-1.124153 -3.838468e-05 -0.6001920130093505 -0.5385927778659576
-1.159292 -3.927593e-05 -0.6141278106138789 -0.5510983090641606
-1.1940250000000001 -4.001826e-05 -0.6257350595740689 -0.5615142764968247
-1.22895 -4.095919e-05 -0.640447665509585 -0.5747168902082693
-1.263874 -4.201574e-05 -0.6569681333458424 -0.5895418203484784
-1.298866 -4.315668e-05 -0.674808143353035 -0.6055508646853957
-1.3336569999999999 -4.431039e-05 -0.692847828126466 -0.6217390906586677
-1.368542 -4.554134e-05 -0.712095255965225 -0.6390111059500313
-1.403723 -4.673591e-05 -0.7307738374456642 -0.6557726570338319
-1.4386349999999999 -4.752053e-05 -0.743042342933984 -0.666782014552748
-1.473727 -4.831823e-05 -0.7555153704224913 -0.6779749034580007
-1.508977 -4.905546e-05 -0.7670428745660945 -0.6883193104877354
-1.54419 -4.985867e-05 -0.7796020577289928 -0.699589512691055
-1.579299 -5.115278e-05 -0.799837070394346 -0.717747754462619
-1.6142370000000001 -5.226543e-05 -0.8172347312130595 -0.7333598490350514
-1.6489690000000001 -5.316209e-05 -0.8312551208681241 -0.7459412903861657
-1.683959 -5.464e-05 -0.8543640741783157 -0.7666785129534992
-1.7192180000000001 -5.541569e-05 -0.8664929480564156 -0.7775625696100311
-1.754394 -5.606545e-05 -0.8766527504143604 -0.7866796455722688
-1.789025 -5.711794e-05 -0.8931097351221191 -0.8014476080191653
-1.8239400000000001 -5.779769e-05 -0.9037384682740721 -0.810985487213531
-1.858884 -5.877881e-05 -0.9190794946367703 -0.8247520249629625
-1.894107 -5.982636e-05 -0.9354592363261095 -0.8394506720391784
-1.929042 -6.076748e-05 -0.9501748131469495 -0.8526559517264185
-1.9643389999999998 -6.179713e-05 -0.9662746661663072 -0.8671034358198038
-1.998931 -6.25324e-05 -0.9777715232823595 -0.8774203412044913
-2.033885 -6.321892e-05 -0.9885061137692718 -0.8870532133258827
-2.069237 -6.385026e-05 -0.9983778966131909 -0.8959118299504812
-2.104167 -6.466777e-05 -1.0111606779873035 -0.9073826819110341
-2.138922 -6.500832e-05 -1.0164855990242987 -0.9121610927380165
-2.174348 -6.591326e-05 -1.030635456734528 -0.9248587145080043
-2.209299 -6.621136e-05 -1.0352966194452264 -0.9290414902164862
-2.24432 -6.665164e-05 -1.0421809425524597 -0.9352192577070273
-2.279005 -6.697709e-05 -1.0472697563874036 -0.9397857936155323
-2.314375 -6.759847e-05 -1.0569858022954 -0.9485046569826451
-2.3492710000000003 -6.76618e-05 -1.0579760452825469 -0.9493932688096097
-2.384172 -6.798812e-05 -1.063078462645026 -0.9539720120809673
-2.41945 -6.827315e-05 -1.0675352597179224 -0.9579713967176281
-2.454308 -6.837537e-05 -1.0691335960221409 -0.9594056916955581
-2.489209 -6.869759e-05 -1.0741719048065796 -0.9639269060155412
-2.524098 -6.885409e-05 -1.0766189761391 -0.9661228281838654
-2.559737 -6.888303e-05 -1.0770714888826347 -0.966528898391861
-2.594186 -6.915148e-05 -1.0812690371204303 -0.970295641561743
-2.628866 -6.959931e-05 -1.0882714138286897 -0.976579346511523
-2.664237 -6.944399e-05 -1.085842793257654 -0.9743999814560335
-2.699195 -6.956692e-05 -1.0877649560621698 -0.9761248677956634
-2.734218 -6.981215e-05 -1.091599430840917 -0.9795658006604434
-2.769237 -6.98978e-05 -1.092938674672421 -0.980767594486111
-2.804552 -6.974556e-05 -1.0905582137161087 -0.9786314463014103
-2.839412 -7.00418e-05 -1.0951902930231106 -0.9827881235100001
-2.874218 -6.99903e-05 -1.0943850267379682 -0.9820655037549287
-2.909125 -7.019779e-05 -1.097629389873972 -0.9849768896380311
-2.944338 -7.008878e-05 -1.095924883510023 -0.9834473211040439
-2.979261 -7.023481e-05 -1.0982082434249616 -0.9854963339745891
-3.014218 -7.0375e-05 -1.1004002877067893 -0.9874634031680547
-3.049394 -7.028476e-05 -1.0989892735403572 -0.9861972049797508
-3.08428 -7.034397e-05 -1.099915095224693 -0.9870280072263098
-3.11944 -7.033675e-05 -1.0998022015823874 -0.9869267001460841
-3.1544589999999997 -7.027822e-05 -1.0988870125402634 -0.9861054392865825
-3.189393 -7.047387e-05 -1.1019462426118773 -0.9888506927832763
-3.224329 -7.053362e-05 -1.1028805078650281 -0.989689072013675
-3.259223 -7.059346e-05 -1.1038161803796478 -0.9905287140747131
-3.294228 -7.05479e-05 -1.1031037933514716 -0.9898894411418772
-3.329589 -7.065507e-05 -1.1047795290364952 -0.9913931918050036
-3.364384 -7.051738e-05 -1.1026265753510338 -0.9894612012404252
-3.399042 -7.056333e-05 -1.1033450605122435 -0.9901059464393677
-3.4343380000000003 -7.064673e-05 -1.1046491228070177 -0.9912761694990366
-3.469561 -7.070589e-05 -1.105574162679426 -0.9921062701730179
-3.504663 -7.059823e-05 -1.1038907652375147 -0.9905956440986295
-3.5395250000000003 -7.072727e-05 -1.105908465459549 -0.992406262607259
-3.574375 -7.08024e-05 -1.1070832160615445 -0.9934604455625702
-3.609579 -7.068101e-05 -1.10518513306439 -0.9917571676583347
-3.644727 -7.082069e-05 -1.107369202864559 -0.9937170808115071
-3.679582 -7.073992e-05 -1.106106263877162 -0.9925837604694272
-3.7143200000000003 -7.074009e-05 -1.1061089220377145 -0.9925861458161913
-3.7492710000000002 -7.065243e-05 -1.1047382493667326 -0.991356148772899
-3.78432 -7.082584e-05 -1.1074497294930734 -0.9937893427870145
-3.819261 -7.079272e-05 -1.106931857272415 -0.99332462111152
-3.854061 -7.095405e-05 -1.1094544516371143 -0.9955883151908534
-3.889144 -7.080431e-05 -1.1071130812771683 -0.99348724563504
-3.924357 -7.091375e-05 -1.1088243112236922 -0.9950228476931956
-3.959223 -7.087862e-05 -1.1082750101635552 -0.9945299228000759
-3.9939679999999997 -7.078322e-05 -1.1067833130062235 -0.9931913223217493
-4.029125 -7.08009e-05 -1.1070597617037248 -0.993439398385238
-4.064394 -7.083325e-05 -1.1075655940207025 -0.9938933158430353
-4.099939999999999 -7.096218e-05 -1.1095815742564972 -0.995702390891994
-4.134875 -7.096924e-05 -1.1096919661006348 -0.9958014529399705
-4.169487 -7.100961e-05 -1.1103232010507553 -0.9963679026392374
-4.204617 -7.107817e-05 -1.1113952215655003 -0.9973298989578335
-4.239949999999999 -7.08665e-05 -1.1080854989523723 -0.9943598616072321
-4.274884 -7.09364e-05 -1.1091784720267694 -0.9953406600709116
-4.309542 -7.093347e-05 -1.1091326578478284 -0.995299547917856
-4.344671999999999 -7.077579e-05 -1.1066671357538231 -0.9930870686366974
-4.3797049999999995 -7.097725e-05 -1.109817212371392 -0.9959138448669245
-4.41461 -7.098311e-05 -1.1099088407292743 -0.9959960691730355
-4.449694999999999 -7.094422e-05 -1.1093007474122027 -0.99545038602207
-4.484686 -7.106741e-05 -1.1112269756387405 -0.997178920539104
-4.51962 -7.106925e-05 -1.1112557463176658 -0.9972047384099647
-4.554714 -7.102145e-05 -1.1105083341151454 -0.996534035025646
-4.589839 -7.096129e-05 -1.1095676580041907 -0.9956899029001102
-4.624810999999999 -7.101464e-05 -1.110401851330644 -0.9964384808405579
-4.659783999999999 -7.098392e-05 -1.109921506082497 -0.9960074346487949
-4.694705 -7.10015e-05 -1.1101963911561437 -0.9962541075671281
-4.7295609999999995 -7.107988e-05 -1.1114219595334147 -0.9973538927399922
-4.7646999999999995 -7.099298e-05 -1.1100631704037278 -0.9961345595998813
-4.799663 -7.095256e-05 -1.10943115364168 -0.9955674083280368
-4.834755 -7.114425e-05 -1.1124284642086502 -0.9982570972765739
-4.869828 -7.100806e-05 -1.1102989648810082 -0.9963461538893273
-4.904598 -7.092034e-05 -1.1089273540357132 -0.9951153149589416
-4.9396819999999995 -7.100465e-05 -1.1102456453075649 -0.9962983066395256
-4.97469 -7.091786e-05 -1.108888576164118 -0.9950805169590858
-5.00957 -7.106581e-05 -1.1112019576570662 -0.9971564702166165
-5.044478 -7.103811e-05 -1.1107688338493293 -0.9967677990085488
-5.079365 -7.10239e-05 -1.1105466428995843 -0.9965684120819552
-5.114052 -7.109904e-05 -1.1117215498639648 -0.9976227353517818
-5.149299 -7.115866e-05 -1.1126537824061047 -0.9984592904934784
-5.184219 -7.090632e-05 -1.108708133971292 -0.9949185940081435
-5.219126 -7.097815e-05 -1.1098312849860839 -0.9959264731733237
-5.2543299999999995 -7.11224e-05 -1.11208681239641 -0.9979505100601017
-5.289261000000001 -7.102647e-05 -1.1105868280326485 -0.996604472912451
-5.324237 -7.115346e-05 -1.112572473965663 -0.9983863269453933
-5.359367 -7.106084e-05 -1.1111242455514903 -0.997086733902389
-5.394148 -7.109111e-05 -1.1115975544922914 -0.9975114659409524
-5.429107 -7.102078e-05 -1.110497857835319 -0.9965246339531042
-5.464348 -7.101527e-05 -1.1104117021609283 -0.9964473206550375
-5.499348 -7.104411e-05 -1.1108626512806081 -0.9968519877178775
-5.534497 -7.099369e-05 -1.1100742721330958 -0.9961445219304851
-5.569394 -7.106327e-05 -1.1111622416111582 -0.9971208303296671
-5.604228 -7.104969e-05 -1.1109499014916973 -0.9969302832175533
-5.6394589999999996 -7.108397e-05 -1.1114859117490699 -0.9974112813768513
-5.674186 -7.111841e-05 -1.1120244238046095 -0.997894524568398
-5.708978 -7.122706e-05 -1.1137233011226821 -0.9994190417798257
-5.74408 -7.112081e-05 -1.1120619507771212 -0.9979282000521296
-5.7790349999999995 -7.106006e-05 -1.111112049285424 -0.9970757893701764
-5.813922 -7.118992e-05 -1.1131425712230667 -0.9988979136690808
-5.84908 -7.113389e-05 -1.112266472777309 -0.9981117314384663
-5.884098 -7.112385e-05 -1.1121094849423023 -0.997970855664856
-5.9191199999999995 -7.113021e-05 -1.1122089314194579 -0.9980600956967446
-5.954180999999999 -7.105952e-05 -1.1111036057166088 -0.9970682123863367
-5.989283 -7.107887e-05 -1.111406166932483 -0.997339720973922
-6.024214 -7.114489e-05 -1.11243847140132 -0.9982660774055688
-6.058969 -7.09533e-05 -1.1094427244582046 -0.9955777916021875
-6.094061 -7.116071e-05 -1.1126858366951247 -0.9984880549691654
-6.129255 -7.117918e-05 -1.1129746380210779 -0.9987472158793825
-6.163884 -7.104252e-05 -1.1108377896613193 -0.9968296777099054
-6.198784 -7.105909e-05 -1.1110968821340341 -0.9970621788621683
-6.233987 -7.107476e-05 -1.111341901992057 -0.9972820517080317
-6.269163 -7.103189e-05 -1.1106715764455704 -0.9966805233798779
-6.303799 -7.117206e-05 -1.1128633080026271 -0.9986473119443123
-6.33845 -7.105997e-05 -1.111110642023955 -0.9970745265395363
-6.373412999999999 -7.104266e-05 -1.1108399787347156 -0.996831642113123
-6.408784 -7.115541e-05 -1.1126029646308284 -0.998413688275925
-6.44383 -7.111874e-05 -1.11202958376333 -0.9978991549474111
-6.478676 -7.107945e-05 -1.1114152359508398 -0.9973478592158236
-6.513560999999999 -7.111491e-05 -1.1119696969696973 -0.9978454144879564
-6.548737 -7.105857e-05 -1.1110887512899896 -0.9970548825073595
-6.583978 -7.115228e-05 -1.1125540232041784 -0.9983697698325588
-6.619042 -7.120346e-05 -1.1133542858929857 -0.9990878995231326
-6.654006000000001 -7.124853e-05 -1.1140590111642745 -0.9997202970447069
-6.688686 -7.102735e-05 -1.1106005879225695 -0.9966168205898193
-6.723694999999999 -7.110133e-05 -1.1117573568502364 -0.9976548673758425
-6.758733 -7.11047e-05 -1.1118100509741378 -0.997702153367582
-6.793533999999999 -7.119731e-05 -1.113258123025925 -0.9990016060960707
-6.828654 -7.110407e-05 -1.1118002001438536 -0.9976933135531024
-6.864033 -7.123487e-05 -1.1138454201457297 -0.9995286274164683
-6.898809 -7.112494e-05 -1.1121265284423183 -0.9979861499470509
-6.9337089999999995 -7.110088e-05 -1.1117503205428905 -0.9976485532226428
-6.968672 -7.122902e-05 -1.1137539481502334 -0.9994465434248732
-7.003801999999999 -7.113144e-05 -1.11222816399287 -0.9980773543821568
-7.03879 -7.123061e-05 -1.113778809769522 -0.9994688534328451
-7.073645000000001 -7.119232e-05 -1.1131800981955782 -0.9989315891528123
-7.108737 -7.122935e-05 -1.1137591081089535 -0.9994511738038862
-7.143479 -7.121886e-05 -1.1135950839666011 -0.9993039838770763
-7.17845 -7.133173e-05 -1.1153599462113395 -1.000887713814065
-7.213746 -7.119867e-05 -1.1132793883103482 -0.9990206888701851
-7.248705 -7.116728e-05 -1.112788566782375 -0.9985802416058805
-7.283515 -7.120257e-05 -1.1133403696406794 -0.9990754115312489
-7.318497000000001 -7.09946e-05 -1.110088501110173 -0.9961572905514001
-7.353366 -7.12754e-05 -1.1144791568940178 -1.0000973221479839
-7.388562 -7.119026e-05 -1.1131478875441725 -0.9989026843626095
-7.423617 -7.107949e-05 -1.1114158614003815 -0.9973484204738857
-7.45829 -7.117978e-05 -1.1129840197642056 -0.9987556347503153
-7.493412999999999 -7.127393e-05 -1.1144561716233545 -1.0000766959141985
-7.528271 -7.112647e-05 -1.1121504518872942 -0.9980076180679297
-7.56307 -7.110057e-05 -1.111745473308941 -0.9976442034726607
-7.597969 -7.116456e-05 -1.1127460362135286 -0.9985420760576514
-7.632922 -7.109531e-05 -1.1116632266941868 -0.9975703980374826
-7.668082999999999 -7.11536e-05 -1.1125746630390594 -0.998388291348611
-7.702848 -7.110152e-05 -1.11176032773556 -0.9976575333516379
-7.738107 -7.116048e-05 -1.1126822403602592 -0.998484827735308
-7.773129 -7.128674e-05 -1.1146564718391345 -1.0002564388086153
-7.808099 -7.118138e-05 -1.11300903774588 -0.9987780850728027
-7.843167 -7.113293e-05 -1.1122514619883044 -0.9980982612449736
-7.878015 -7.124779e-05 -1.11404744034775 -0.9997099137705563
-7.9125630000000005 -7.118461e-05 -1.1130595427963852 -0.998823406661325
-7.9476450000000005 -7.116741e-05 -1.112790599493386 -0.9985820656945826
-7.982691 -7.121621e-05 -1.113553647934453 -0.9992668005304561
-8.017914 -7.116042e-05 -1.1126813021859463 -0.9984839858482147
-8.052602 -7.111828e-05 -1.1120223910935985 -0.9978927004796959
-8.087479 -7.119789e-05 -1.113267192044282 -0.9990097443379724
-8.122611 -7.108737e-05 -1.111539074960128 -0.9974589883121376
-8.157376000000001 -7.121542e-05 -1.1135412953060013 -0.9992557156837278
-8.192673000000001 -7.129387e-05 -1.1147679582199708 -1.0003564830582008
-8.22757 -7.123692e-05 -1.1138774744347502 -0.9995573918921558
-8.262384 -7.125655e-05 -1.1141844137974168 -0.9998328292861761
-8.297479 -7.113672e-05 -1.1123107233323954 -0.9981514404463663
-8.332403000000001 -7.115695e-05 -1.1126270444381903 -0.9984352967113197
-8.367023999999999 -7.109427e-05 -1.1116469650060983 -0.9975558053278656
-8.402349000000001 -7.11268e-05 -1.1121556118460143 -0.9980122484469427
-8.437357 -7.115469e-05 -1.1125917065390751 -0.9984035856308058
-8.472377 -7.119455e-05 -1.1132149670075366 -0.9989628792897793
-8.506979 -7.108254e-05 -1.1114635519279483 -0.9973912164011279
-8.541793 -7.106985e-05 -1.111265128060794 -0.9972131572808977
-8.576765 -7.12108e-05 -1.1134690558839169 -0.9991908903775448
-8.611793 -7.126943e-05 -1.1143858085498954 -1.000013554382202
-8.647043 -7.111044e-05 -1.1118998029833944 -0.9977826938995065
-8.681687 -7.113859e-05 -1.112339963098477 -0.9981776792607735
-8.716626 -7.117056e-05 -1.1128398536448074 -0.9986262647669801
-8.751700000000001 -7.117785e-05 -1.112953841823811 -0.9987285540488146
-8.786719 -7.12659e-05 -1.1143306126278265 -0.9999640233582134
-8.821607 -7.115036e-05 -1.112524001626169 -0.9983428294455736
-8.856309 -7.114778e-05 -1.112483660130719 -0.998306628300562
-8.891191000000001 -7.113166e-05 -1.1122316039653501 -0.9980804413014989
-8.925885000000001 -7.114741e-05 -1.112477874722457 -0.998301436663487
-8.960996 -7.108105e-05 -1.1114402539325139 -0.9973703095383112
-8.995903 -7.111446e-05 -1.1119626606623512 -0.9978391003347568
-9.030968999999999 -7.100602e-05 -1.1102670669543735 -0.9963175297281557
-9.066163000000001 -7.113364e-05 -1.1122625637176722 -0.9981082235755775
-9.100969 -7.118271e-05 -1.113029833943147 -0.998796746903371
-9.135394 -7.112704e-05 -1.1121593645432657 -0.9980156159953159
-9.170228 -7.11082e-05 -1.1118647778090502 -0.9977512634480237
-9.205385 -7.112433e-05 -1.1121169903368047 -0.9979775907616024
-9.240486 -7.105196e-05 -1.1109853957531977 -0.9969621346125825
-9.275589 -7.119125e-05 -1.1131633674203334 -0.9989165754996485
-9.31011 -7.11687e-05 -1.112810770241111 -0.9986001662670883
-9.344866 -7.12027e-05 -1.1133424023516905 -0.999077235619951
-9.380033 -7.115636e-05 -1.1126178190574478 -0.9984270181549023
-9.415209 -7.126218e-05 -1.1142724458204334 -0.9999118263584295
-9.44978 -7.11306e-05 -1.112215029552491 -0.9980655679628511
-9.484413 -7.113755e-05 -1.112323701410389 -0.9981630865511568
-9.519607 -7.113375e-05 -1.1122642837039123 -0.9981097670352485
-9.554432 -7.112528e-05 -1.1121318447634239 -0.9979909206405795
-9.589386000000001 -7.112665e-05 -1.1121532664102327 -0.9980101437292096
-9.624469 -7.106793e-05 -1.1112351064827846 -0.9971862168939125
-9.659598 -7.105214e-05 -1.1109882102761361 -0.9969646602738625
-9.694450000000002 -7.114276e-05 -1.112405166213216 -0.9982361904137572
-9.729385 -7.11429e-05 -1.1124073552866123 -0.9982381548169746
-9.764654 -7.115144e-05 -1.112540888763799 -0.9983579834132527
-9.799347 -7.104438e-05 -1.1108668730650155 -0.9968557762097973
-9.83446 -7.113331e-05 -1.112257403758952 -0.9981035931965645
-9.869598 -7.105703e-05 -1.1110646714826282 -0.9970332740719653
-9.90483 -7.118629e-05 -1.1130858116771432 -0.998846979499937
-9.939356 -7.109719e-05 -1.1116926228226538 -0.9975967771664055
-9.974331 -7.105281e-05 -1.1109986865559622 -0.9969740613464041
-9.991883 -7.116164e-05 -1.1127003783969729 -0.9985011042191113
-9.99391 -7.109624e-05 -1.1116777683960346 -0.9975834472874284
-9.960556 -7.109017e-05 -1.1115828564280579 -0.9974982763764909
-9.926269 -7.101282e-05 -1.1103733933764894 -0.9964129435987282
-9.891806 -7.120621e-05 -1.1133972855489884 -0.9991264860149083
-9.857186 -7.130967e-05 -1.1150150107890047 -1.0005781799927664
-9.822564 -7.103889e-05 -1.1107810301153958 -0.9967787435407616
-9.787834 -7.11267e-05 -1.11215404822216 -0.9980108453017873
-9.753167 -7.10785e-05 -1.1114003815242206 -0.9973345293368465
-9.718138999999999 -7.121508e-05 -1.1135359789848953 -0.9992509449901991
-9.683447 -7.120156e-05 -1.1133245770397475 -0.9990612397651786
-9.648352000000001 -7.107286e-05 -1.1113121931388186 -0.9972553919500776
-9.613556 -7.126009e-05 -1.1142397660818715 -0.9998825006246801
-9.578436 -7.115133e-05 -1.1125391687775592 -0.9983564399535817
-9.543674000000001 -7.10981e-05 -1.111706851799731 -0.9976095457873203
-9.508702999999999 -7.117825e-05 -1.1129600963192297 -0.9987341666294366
-9.473611 -7.118873e-05 -1.1131239640991963 -0.9988812162417307
-9.438593000000001 -7.114277e-05 -1.1124053225756014 -0.9982363307282728
-9.404155000000001 -7.113952e-05 -1.1123545048003252 -0.9981907285107194
-9.369102000000002 -7.116469e-05 -1.1127480689245397 -0.9985439001463535
-9.334 -7.106695e-05 -1.1112197829690091 -0.9971724660713889
-9.299334 -7.120785e-05 -1.1134229289802047 -0.9991494975954581
-9.26451 -7.116699e-05 -1.1127840322731966 -0.9985761724849296
-9.229574000000001 -7.113851e-05 -1.1123387121993935 -0.9981765567446493
-9.194306000000001 -7.123162e-05 -1.113794602370454 -0.9994830251989154
-9.159976 -7.131373e-05 -1.1150784939175031 -1.0006351476860786
-9.125009 -7.117626e-05 -1.1129289802045221 -0.9987062440408424
-9.090164000000001 -7.118934e-05 -1.1131335022047097 -0.9988897754271789
-9.054872 -7.122316e-05 -1.113662319792351 -0.9993643191187619
-9.020138999999999 -7.115825e-05 -1.1126473715483005 -0.9984535375983408
-8.985157 -7.122308e-05 -1.113661068893267 -0.9993631966026375
-8.950220999999999 -7.12188e-05 -1.1135941457922884 -0.999303141989983
-8.915278 -7.12306e-05 -1.1137786534071366 -0.9994687131183295
-8.880485 -7.124925e-05 -1.1140702692560278 -0.9997303996898261
-8.845589 -7.120618e-05 -1.113396816461832 -0.9991260650713616
-8.810833 -7.110756e-05 -1.1118547706163806 -0.9977422833190286
-8.775898 -7.121448e-05 -1.1135265972417678 -0.9992425261192664
-8.740683 -7.114823e-05 -1.112490696438065 -0.9983129424537618
-8.705861 -7.122337e-05 -1.1136656034024457 -0.9993672657235884
-8.67089 -7.128131e-05 -1.1145715670638274 -1.0001802480266728
-8.636106999999999 -7.116929e-05 -1.1128199956218534 -0.9986084448235056
-8.601120000000002 -7.123997e-05 -1.1139251649623167 -0.9996001878193979
-8.566037 -7.120655e-05 -1.1134026018700942 -0.9991312567084368
-8.530888999999998 -7.11902e-05 -1.1131469493698598 -0.9989018424755163
-8.496089 -7.117073e-05 -1.1128425118053602 -0.9986286501137444
-8.461454 -7.128857e-05 -1.1146850861556745 -1.0002821163649604
-8.426129999999999 -7.104736e-05 -1.110913469055884 -0.9968975899354304
-8.390953 -7.117431e-05 -1.1128984895393566 -0.9986788827103107
-8.356041 -7.122574e-05 -1.1137026612878007 -0.9994005202637732
-8.321138999999999 -7.118304e-05 -1.113034993901867 -0.9988013772823839
-8.286221 -7.133933e-05 -1.1154787816242926 -1.0009943528458813
-8.251472 -7.120722e-05 -1.1134130781499205 -0.9991406577809787
-8.216491 -7.122754e-05 -1.1137308065171845 -0.9994257768765719
-8.181676 -7.124215e-05 -1.1139592519623482 -0.9996307763837874
-8.146361 -7.126085e-05 -1.1142516496231667 -0.9998931645278617
-8.111093 -7.127258e-05 -1.1144350627013169 -1.0000577534545996
-8.076344 -7.123764e-05 -1.1138887325265037 -0.9995674945372752
-8.041611 -7.121446e-05 -1.1135262845169969 -0.9992422454902353
-8.006702 -7.112303e-05 -1.1120966632266944 -0.9979593498745811
-7.971832999999999 -7.122596e-05 -1.113706101260281 -0.9994036071831153
-7.936621 -7.116771e-05 -1.11279529036495 -0.998586275130049
-7.901759 -7.128382e-05 -1.114610814022579 -1.0002154669700754
-7.866881 -7.123523e-05 -1.1138510491916065 -0.9995336787390281
-7.832046 -7.134701e-05 -1.1155988679363293 -1.0011021143938221
-7.796676000000001 -7.120748e-05 -1.1134171435719424 -0.9991443059583829
-7.761806 -7.130428e-05 -1.1149307314632395 -1.0005025504688863
-7.726871 -7.129055e-05 -1.1147160459079963 -1.0003098986390389
-7.691796 -7.123648e-05 -1.1138705944897898 -0.9995512180534717
-7.656853 -7.125415e-05 -1.1141468868249056 -0.9997991538024447
-7.621935000000001 -7.127401e-05 -1.114457422522438 -1.0000778184303227
-7.586648 -7.119477e-05 -1.1132184069800168 -0.9989659662091214
-7.5518909999999995 -7.115933e-05 -1.1126642586859308 -0.9984686915660199
-7.517259 -7.137859e-05 -1.1160926603496264 -1.0015452276339223
-7.4822299999999995 -7.115179e-05 -1.1125463614472904 -0.9983628944212968
-7.447287 -7.124297e-05 -1.1139720736779561 -0.9996422821740621
-7.412573999999999 -7.130338e-05 -1.1149166588485475 -1.0004899221624868
-7.37737 -7.124928e-05 -1.1140707383431843 -0.9997308206333729
-7.342419 -7.126693e-05 -1.1143467179535294 -0.999978475753315
-7.307333 -7.128056e-05 -1.1145598398849175 -1.0001697244380066
-7.272139 -7.135864e-05 -1.1157807173906247 -1.0012653001754044
-7.237248999999999 -7.128416e-05 -1.1146161303436848 -1.0002202376636038
-7.202522 -7.128294e-05 -1.114597054132658 -1.000203119292707
-7.167259 -7.112595e-05 -1.1121423210432502 -0.9980003217131214
-7.132192 -7.137253e-05 -1.115997904744035 -1.0014601970375003
-7.097296 -7.116942e-05 -1.1128220283328645 -0.9986102689122077
-7.06224 -7.123376e-05 -1.1138280639209432 -0.9995130525052427
-7.027222 -7.128483e-05 -1.1146266066235107 -1.0002296387361456
-6.992334 -7.12615e-05 -1.114261813178222 -0.9999022849713723
-6.957555999999999 -7.111367e-05 -1.1119503080338995 -0.9978280154880285
-6.9225 -7.133473e-05 -1.1154068549269789 -1.0009298081687292
-6.88725 -7.125938e-05 -1.1142286643525035 -0.9998725382940763
-6.851879 -7.126869e-05 -1.114374237733371 -1.0000031711080513
-6.817296000000001 -7.135263e-05 -1.1156867435969604 -1.00118097115156
-6.782611 -7.111356e-05 -1.1119485880476594 -0.9978264720283573
-6.747509 -7.118237e-05 -1.113024517622041 -0.9987919762098422
-6.712296 -7.113165e-05 -1.1122314476029649 -0.9980803009869835
-6.677593 -7.130493e-05 -1.1149408950182946 -1.000511670912397
-6.642607 -7.141426e-05 -1.1166504049785786 -1.0020457295108816
-6.60763 -7.111167e-05 -1.1119190355568067 -0.9977999525849188
-6.572494 -7.124135e-05 -1.1139467429715109 -0.9996195512225435
-6.537407 -7.117874e-05 -1.1129677580761175 -0.9987410420406984
-6.5022780000000004 -7.114506e-05 -1.1124411295618726 -0.998268462752333
-6.4673620000000005 -7.136641e-05 -1.1159022109641306 -1.0013743245539848
-6.432519 -7.123534e-05 -1.1138527691778468 -0.9995352221986993
-6.397069999999999 -7.140581e-05 -1.116518278762861 -1.0019271637452436
-6.362417000000001 -7.129106e-05 -1.1147240203896551 -1.0003170546793319
-6.327683 -7.125612e-05 -1.1141776902148421 -0.9998267957620077
-6.292639 -7.113882e-05 -1.1123435594333428 -0.9981809064946312
-6.257574 -7.11588e-05 -1.112655971479501 -0.9984612548966958
-6.222899999999999 -7.124235e-05 -1.1139623792100575 -0.9996335826740983
-6.187926 -7.129409e-05 -1.114771398192451 -1.000359569977543
-6.15287 -7.125827e-05 -1.1142113081277172 -0.9998569633828506
-6.117722 -7.121271e-05 -1.1134989210995405 -0.9992176904500144
-6.082908000000001 -7.132669e-05 -1.1152811395690654 -1.0008169952982289
-6.047565 -7.118221e-05 -1.1130220158238735 -0.9987897311775934
-6.012692 -7.105918e-05 -1.111098289395503 -0.997063441692808
-5.978009 -7.123368e-05 -1.1138268130218596 -0.9995119299891182
-5.942683 -7.127829e-05 -1.114524345623417 -1.0001378730429773
-5.907935 -7.116453e-05 -1.1127455671263722 -0.9985416551141048
-5.872908000000001 -7.115368e-05 -1.112575913938143 -0.9983894138647352
-5.837935000000001 -7.118184e-05 -1.1130162304156113 -0.998784539540518
-5.802787 -7.116888e-05 -1.1128135847640492 -0.998602691928368
-5.767805999999999 -7.12711e-05 -1.114411921068268 -1.0000369869062984
-5.733064000000001 -7.114583e-05 -1.1124531694655537 -0.9982792669700304
-5.698009 -7.114049e-05 -1.1123696719517153 -0.9982043390187277
-5.662954 -7.117215e-05 -1.1128647152640962 -0.9986485747749523
-5.627720999999999 -7.105379e-05 -1.1110140100697379 -0.996987812168928
-5.592981 -7.122733e-05 -1.1137275229070898 -0.9994228302717454
-5.558 -7.119364e-05 -1.1132007380304594 -0.9989501106688645
-5.52275 -7.123979e-05 -1.1139223504393785 -0.9995976621581181
-5.487602 -7.121407e-05 -1.1135201863839637 -0.9992367732241288
-5.452509 -7.120895e-05 -1.1134401288426057 -0.9991649321921683
-5.417759 -7.124831e-05 -1.1140555711917943 -0.9997172101253649
-5.382491 -7.126883e-05 -1.1143764268067675 -1.000005135511269
-5.347994 -7.116691e-05 -1.112782781374113 -0.9985750499688052
-5.312953 -7.123591e-05 -1.1138616818338183 -0.9995432201260854
-5.277805 -7.12309e-05 -1.1137833442787004 -0.9994729225537959
-5.2429 -7.119324e-05 -1.113194483535041 -0.9989444980882427
-5.208287 -7.117045e-05 -1.1128381336585673 -0.9986247213073093
-5.173 -7.112452e-05 -1.1121199612221284 -0.9979802567373978
-5.138027 -7.108974e-05 -1.1115761328454827 -0.9974922428523223
-5.102917000000001 -7.122188e-05 -1.1136423054070115 -0.9993463588607718
-5.067787 -7.111873e-05 -1.1120294274009446 -0.9978990146328955
-5.0329809999999995 -7.115919e-05 -1.1126620696125342 -0.9984667271628023
-4.998126 -7.115522e-05 -1.1125999937455047 -0.9984110223001297
-4.9632309999999995 -7.108182e-05 -1.111452293836195 -0.9973811137560085
-4.928167 -7.108975e-05 -1.1115762892078682 -0.9974923831668379
-4.893148 -7.112957e-05 -1.1121989242267882 -0.9980511155677495
-4.8581639999999995 -7.111538e-05 -1.111977046001814 -0.9978520092701871
-4.823278 -7.107774e-05 -1.1113884979829254 -0.9973238654336649
-4.788213 -7.127832e-05 -1.1145248147105733 -1.0001382939865238
-4.75324 -7.115069e-05 -1.1125291615848893 -0.9983474598245866
-4.717954 -7.109669e-05 -1.111684804703381 -0.9975897614406283
-4.683211 -7.113391e-05 -1.1122667855020798 -0.9981120120674972
-4.648305000000001 -7.115102e-05 -1.1125343215436097 -0.9983520902035996
-4.613148 -7.104616e-05 -1.1108947055696283 -0.9968807521935648
-4.578107 -7.118214e-05 -1.1130209212871753 -0.9987887489759846
-4.543296000000001 -7.117532e-05 -1.1129142821402886 -0.998693054476381
-4.507926 -7.11275e-05 -1.112166557212997 -0.9980220704630312
-4.4733149999999995 -7.111516e-05 -1.1119736060293337 -0.997848922350845
-4.438296 -7.108371e-05 -1.111481846327048 -0.9974076331994471
-4.40325 -7.098642e-05 -1.109960596678863 -0.9960425132776819
-4.3679380000000005 -7.107676e-05 -1.1113731744691497 -0.9973101146111412
-4.333222 -7.102938e-05 -1.1106323294868188 -0.9966453044364756
-4.298139 -7.105833e-05 -1.1110849985927387 -0.9970515149589865
-4.2631760000000005 -7.106358e-05 -1.1111670888451075 -0.997125180079649
-4.228269 -7.105044e-05 -1.110961628670607 -0.9969408068062192
-4.192963 -7.093679e-05 -1.1091845701598024 -0.9953461323370179
-4.157872 -7.102931e-05 -1.1106312349501204 -0.9966443222348665
-4.123092 -7.093174e-05 -1.1091056071551428 -0.9952752735066662
-4.087976 -7.090892e-05 -1.1087487881915128 -0.994955075782186
-4.05275 -7.101969e-05 -1.1104808143353035 -0.9965093396709096
-4.017602 -7.100347e-05 -1.1102271945460802 -0.996281749526691
-3.9827109999999997 -7.0895e-05 -1.1085311317509463 -0.9947597579765435
-3.9477689999999996 -7.09914e-05 -1.1100384651468245 -0.9961123899064247
-3.9126950000000003 -7.094485e-05 -1.1093105982424867 -0.9954592258365493
-3.877695 -7.084612e-05 -1.1077668324107954 -0.9940739006245454
-3.8424810000000003 -7.095514e-05 -1.10947149513713 -0.9956036094730482
-3.80776 -7.091172e-05 -1.1087925696594427 -0.9949943638465393
-3.7726550000000003 -7.086146e-05 -1.108006692310098 -0.9942891430913959
-3.7378240000000003 -7.084634e-05 -1.1077702723832756 -0.9940769875438875
-3.7028440000000002 -7.084049e-05 -1.1076788003877789 -0.993994903552292
-3.6680740000000003 -7.087827e-05 -1.108269537480064 -0.9945250117920318
-3.633065 -7.091743e-05 -1.1088818525815431 -0.9950744834349172
-3.598004 -7.082726e-05 -1.107471932951809 -0.9938092674482221
-3.563074 -7.080977e-05 -1.1071984551396317 -0.993563857360529
-3.527667 -7.079873e-05 -1.107025831066079 -0.9934089501353642
-3.492957 -7.074958e-05 -1.1062573099415205 -0.9927193042914464
-3.45812 -7.067305e-05 -1.1050606686055604 -0.9916454773039586
-3.422843 -7.0835e-05 -1.1075929574381587 -0.9939178708832561
-3.3881930000000002 -7.067915e-05 -1.1051560496606938 -0.9917310691584428
-3.353 -7.057607e-05 -1.1035442661913253 -0.9902847071321756
-3.3179540000000003 -7.060807e-05 -1.1040446258248118 -0.9907337135819287
-3.283098 -7.058877e-05 -1.1037428464208652 -0.9904629065669213
-3.2477310000000004 -7.048306e-05 -1.1020899396441193 -0.9889796418230649
-3.212853 -7.063307e-05 -1.104435531788473 -0.9910844998707983
-3.177889 -7.051021e-05 -1.1025144635206556 -0.9893605957327773
-3.142824 -7.041296e-05 -1.100993839322013 -0.9879960370690745
-3.107664 -7.043311e-05 -1.1013089095287238 -0.9882787708179034
-3.072778 -7.035091e-05 -1.1000236107202053 -0.9871253855000999
-3.0378890000000003 -7.030967e-05 -1.0993787722425494 -0.9865467284379806
-3.002919 -7.027281e-05 -1.098802420489727 -0.9860295291336711
-2.967843 -7.022139e-05 -1.0979984051036686 -0.9853080318947243
-2.9324540000000003 -7.005807e-05 -1.0954446946242615 -0.9830164152267966
-2.897815 -7.016057e-05 -1.0970474090752729 -0.9844546390111619
-2.8628240000000003 -7.013365e-05 -1.0966264815336026 -0.9840769123353074
-2.827611 -6.99736e-05 -1.0941239015542423 -0.9818311785139637
-2.792532 -6.982257e-05 -1.0917623604465712 -0.9797120083856444
-2.757917 -6.988946e-05 -1.0928082684429434 -0.980650572180144
-2.722824 -6.966092e-05 -1.0892347624855367 -0.9774438242418133
-2.6878249999999997 -6.956268e-05 -1.0876986584107329 -0.976065374441071
-2.6527689999999997 -6.944713e-05 -1.0858918910466897 -0.9744440402139154
-2.617796 -6.935509e-05 -1.084452731650874 -0.9731525854128129
-2.582685 -6.931555e-05 -1.0838344747787474 -0.9725977818183368
-2.5477779999999997 -6.910841e-05 -1.0805955843262347 -0.9696913069432787
-2.513 -6.878252e-05 -1.0754998905463304 -0.9651185971960894
-2.477981 -6.875045e-05 -1.0749984363761456 -0.9646686085447274
-2.442963 -6.852574e-05 -1.0714848172123717 -0.9615156010658514
-2.407944 -6.823865e-05 -1.0669958094880696 -0.9574873116389879
-2.373018 -6.797591e-05 -1.062887544172374 -0.9538006880574834
-2.337602 -6.769803e-05 -1.058542546205085 -0.9499016282994396
-2.3025369999999996 -6.732265e-05 -1.0526730149795167 -0.9446345020148041
-2.268126 -6.700504e-05 -1.0477067892547771 -0.9401779726864886
-2.233046 -6.663747e-05 -1.0419593770522566 -0.935020432038496
-2.197731 -6.611238e-05 -1.0337489445538983 -0.9276526571415935
-2.162565 -6.566936e-05 -1.0268217781530475 -0.921436443473792
-2.127485 -6.507227e-05 -1.0174855364793445 -0.913058404064945
-2.0927779999999996 -6.433919e-05 -1.0060229227257091 -0.9027722275591626
-2.057546 -6.37607e-05 -0.9969775150889703 -0.8946551731492345
-2.022409 -6.317383e-05 -0.9878010757732122 -0.8864205351752775
-1.987407 -6.233851e-05 -0.974739812990587 -0.8746997830625336
-1.952407 -6.145173e-05 -0.9608739093723616 -0.8622569724527808
-1.91773 -6.065383e-05 -0.9483977546361448 -0.8510612772572171
-1.882685 -5.965979e-05 -0.9328547080714265 -0.8371134531536978
-1.847259 -5.88178e-05 -0.9196891515776965 -0.8252991112590835
-1.81224 -5.775165e-05 -0.9030185758513933 -0.8103394791839487
-1.777685 -5.688339e-05 -0.8894422553710479 -0.7981565310569902
-1.742454 -5.605909e-05 -0.876553303937205 -0.7865904055403803
-1.707655 -5.513239e-05 -0.8620632016762049 -0.7735874593845603
-1.672713 -5.411409e-05 -0.8461408199643494 -0.7592992322663218
-1.637602 -5.32488e-05 -0.8326109391124872 -0.7471579575504811
-1.60262 -5.210697e-05 -0.8147570128529882 -0.73113642522168
-1.567636 -5.112404e-05 -0.799387684898521 -0.7173444905449344
-1.532268 -5.00506e-05 -0.7826031209932139 -0.702282569187965
-1.497315 -4.912596e-05 -0.7681452293836196 -0.6893085278223479
-1.4625789999999999 -4.810013e-05 -0.7521051067955095 -0.6749146438739019
-1.42738 -4.714937e-05 -0.7372387966350815 -0.6615741009936736
-1.39223 -4.631413e-05 -0.7241787847515402 -0.6498544713970543
-1.35749 -4.516538e-05 -0.7062166557212998 -0.633735841423494
-1.3223420000000001 -4.409065e-05 -0.6894119210682679 -0.618655819494019
-1.2873610000000002 -4.303869e-05 -0.6729632235669388 -0.6038952937164466
-1.252426 -4.185673e-05 -0.6544818150545705 -0.5873106792367517
-1.2174749999999999 -4.090752e-05 -0.6396397410638898 -0.5739918851064336
-1.1825830000000002 -4.002866e-05 -0.6258976764549522 -0.5616602035929945
-1.147324 -3.916819e-05 -0.6124431622728836 -0.5495865604736478
-1.112655 -3.801018e-05 -0.594336241673703 -0.5333379992586903
-1.0775270000000001 -3.715128e-05 -0.5809062763861527 -0.5212863855182848
-1.0426300000000002 -3.600455e-05 -0.562975732557776 -0.5051960990768652
-1.007342 -3.487316e-05 -0.545285048628702 -0.48932105510229595
-0.9722683 -3.378708e-05 -0.5283028426681678 -0.47408177619767417
-0.9373622 -3.270622e-05 -0.5114022578728461 -0.4589157414701683
-0.9025184 -3.186258e-05 -0.4982109015855146 -0.44707824768048876
-0.8673424 -3.079746e-05 -0.48155643118491426 -0.43213306800045526
-0.8323716 -2.983651e-05 -0.466530787753698 -0.41864954462888376
-0.797648 -2.884578e-05 -0.4510394971385684 -0.4047481646300108
-0.7624813 -2.776767e-05 -0.4341819119992495 -0.3896207163942806
-0.7272869 -2.657345e-05 -0.4155088032023017 -0.37286407631852425
-0.6921757000000001 -2.558582e-05 -0.40006598492666606 -0.3590061938194711
-0.6572036 -2.43811e-05 -0.3812286956249805 -0.34210222350238945
-0.6222018 -2.327431e-05 -0.36392266316414923 -0.326572353236068
-0.5869813 -2.232066e-05 -0.3490111642743222 -0.31319125946084647
-0.5521735 -2.118178e-05 -0.3312033649185352 -0.29721111991413196
-0.5173424999999999 -2.010065e-05 -0.31429855833880604 -0.28204129669470634
-0.4820791 -1.898545e-05 -0.2968610251117992 -0.26639342192080917
-0.44713869999999994 -1.786225e-05 -0.2792984019764206 -0.25063329553447367
-0.4120832 -1.675232e-05 -0.2619432717265535 -0.23505936651027023
-0.37735270000000004 -1.549531e-05 -0.24228836351127378 -0.21742169159138888
-0.3425183 -1.452579e-05 -0.22712871751571445 -0.20381791867999285
-0.3070183 -1.330389e-05 -0.20802279763580078 -0.18667288802520005
-0.2718622 -1.211332e-05 -0.18940676110954752 -0.16996746274761862
-0.2370091 -1.111437e-05 -0.173786940613566 -0.15595074421696528
-0.20203200000000002 -9.951431e-06 -0.1556029489945899 -0.13963302197729419
-0.16691650000000002 -8.806012e-06 -0.13769290427494763 -0.12356113076886292
-0.1317867 -7.757563e-06 -0.12129910560715516 -0.10884986941769925
-0.09719425 -6.319025e-06 -0.09880578228101448 -0.0886650931609807
-0.061888689999999996 -5.192639e-06 -0.08119334208962693 -0.07286026256999169
-0.02696277 -3.963517e-06 -0.06197449729493074 -0.05561389677207018
0.008137866 -2.633554e-06 -0.041178878568971455 -0.036952585367912516
0.04279649 -1.046218e-06 -0.016358914219595334 -0.014679957182744948
0.07784541 5.750745e-07 0.00899200206398349 0.0080691299871427
0.11280580000000001 1.90398e-06 0.0297710854676799 0.026715603131281178
0.1479632 3.317151e-06 0.05186776433061263 0.04654444355640946
0.18293979999999999 4.831232e-06 0.07554229602526817 0.06778919775793119
0.21787979999999998 6.234641e-06 0.09748633392751041 0.08748106315298165
0.253028 7.493808e-06 0.11717496950933486 0.1051490039128667
0.28791140000000004 8.917267e-06 0.13943251399443352 0.12512219991159063
0.322815 1.032635e-05 0.16146527191418836 0.14489367976276293
0.3580836 1.190545e-05 0.18615645620289584 0.16705074491292526
0.39313909999999996 1.359334e-05 0.21254870688307223 0.1907342916777328
0.42795859999999997 1.525985e-05 0.23860665478312537 0.21411784600829895
0.4628428 1.660232e-05 0.2595978359445852 0.23295464877705233
0.4980435 1.804744e-05 0.2821940769928386 0.2532317800479045
0.5331391 1.93143e-05 0.30200300215780096 0.2710076647646005
0.5683058 2.049376e-05 0.3204453200738031 0.28755720061540824
0.6032228000000001 2.17444e-05 0.3400006254495419 0.3051054951878856
0.6382966 2.27997e-05 0.3565015479876162 0.31991288601365114
0.6734724999999999 2.396886e-05 0.3747828126465898 0.3363178979134445
0.7083832 2.504044e-05 0.3915382931482004 0.351353720770522
0.7431298000000001 2.607174e-05 0.4076639459611596 0.3658243567589726
0.7785095 2.716055e-05 0.4246888388529256 0.381101941526339
0.8133077 2.817424e-05 0.44053913750508183 0.3953254836529099
0.8480743 2.929054e-05 0.45799387059448987 0.4109887930235174
0.8831576999999999 3.046684e-05 0.47638677799668516 0.42749398948741196
0.9180187 3.156488e-05 0.49355599337023487 0.442901084552629
0.9537132 3.268172e-05 0.511019170028458 0.45857197090707597
0.9887687 3.378925e-05 0.5283367733058136 0.474112224447548
1.023769 3.464951e-05 0.5417880038777872 0.4861829209620681
1.058534 3.571852e-05 0.5585032992463335 0.5011826829886498
1.093556 3.668635e-05 0.5736365199987491 0.5147627427469181
1.128491 3.758593e-05 0.5877025674703693 0.5273851559365723
1.1633989999999998 3.879694e-05 0.6066382087125122 0.5443773840839337
1.198648 3.980564e-05 0.6224104825343216 0.5585309092672461
1.233402 4.108996e-05 0.642492416424305 0.5765517831280886
1.2681479999999998 4.190903e-05 0.6552995903305502 0.5880445241530671
1.303556 4.295463e-05 0.6716488413547238 0.6027158098987513
1.338436 4.40413e-05 0.6886402726960004 0.6179633673597904
1.3732419999999999 4.488729e-05 0.7018683741439161 0.6298338350606237
1.408213 4.588388e-05 0.7174512931169279 0.6438174393656078
1.4434449999999999 4.705648e-05 0.7357863464365013 0.6602707194587496
1.478686 4.78607e-05 0.7483613222003317 0.6715550934281396
1.513704 4.904449e-05 0.7668713450292398 0.6881653854641794
1.548491 4.99976e-05 0.7817744003502518 0.7015389022555614
1.58376 5.099307e-05 0.7973398067360917 0.7155067913348041
1.618751 5.210951e-05 0.8147967288988962 0.7311720651086292
1.6534449999999998 5.288616e-05 0.8269406135660007 0.7420695919586536
1.688537 5.382094e-05 0.8415570566344561 0.7551859122430363
1.7236859999999998 5.5038e-05 0.860587297119805 0.772263030672304
1.759047 5.574835e-05 0.8716944991712795 0.7822302722842462
1.7940099999999999 5.688002e-05 0.8893895612471465 0.7981092450652507
1.828619 5.771339e-05 0.902420333364606 0.8098026358474626
1.8632229999999999 5.879026e-05 0.9192585295681273 0.8249126850832649
1.898778 5.967084e-05 0.9330274885073647 0.8372685006933781
1.933789 6.038827e-05 0.9442453951277481 0.8473350849823281
1.9686210000000002 6.140038e-05 0.960070988523001 0.8615364574154425
2.0035160000000003 6.219267e-05 0.972459423960972 0.8726534361677837
2.038593 6.303214e-05 0.9855855771335648 0.8844324188044798
2.0740279999999998 6.368507e-05 0.9957949463677019 0.8935939744681463
2.1088449999999996 6.443906e-05 1.0075845138693438 0.9041735486259391
2.1435839999999997 6.511146e-05 1.0180983206679803 0.9136082966513772
2.178713 6.570539e-05 1.0273851518278763 0.9219419966733111
2.2140560000000002 6.625105e-05 1.0359172217531352 0.9295983985286956
2.2490189999999997 6.662954e-05 1.041835381680583 0.9349091626276664
2.28388 6.701524e-05 1.0478662788879507 0.9403210934923474
2.318908 6.746994e-05 1.054976076555024 0.9467011945143086
2.354213 6.783011e-05 1.0606077805923009 0.9517549024207959
2.38913 6.79458e-05 1.0624167370297402 0.9533782010511689
2.424111 6.834907e-05 1.0687223629483693 0.9590366645196673
2.4590929999999998 6.859497e-05 1.0725673140069427 0.9624869984569894
2.493982 6.879328e-05 1.07566813647309 0.9652695756148187
2.52877 6.89584e-05 1.0782499921818807 0.967586448895545
2.563695 6.911894e-05 1.0807602339181288 0.9698390581281503
2.5987869999999997 6.922656e-05 1.0824430059104984 0.9713491229444765
2.633779 6.941256e-05 1.085351346280139 0.9739589729336667
2.668935 6.956024e-05 1.0876605059886795 0.9760311376992774
2.7039079999999998 6.964648e-05 1.0890089752009258 0.9772412100813621
2.738954 6.987134e-05 1.092524939800482 0.9803963222779715
2.774006 6.997776e-05 1.0941889483065954 0.9818895493524316
2.8087600000000004 6.979437e-05 1.0913214185195612 0.9793163214517995
2.844093 7.00094e-05 1.0946836788942054 0.982333504479625
2.8789209999999996 7.019869e-05 1.097643462488664 0.9849895179444306
2.913833 7.01094e-05 1.0962473027488508 0.9837366496351035
2.948667 7.016861e-05 1.0971731244331866 0.9845674518816625
2.98425 7.02891e-05 1.0990571348156488 0.9862581014794986
3.019091 7.039223e-05 1.1006697000969448 0.9877051650783436
3.0538060000000002 7.049619e-05 1.102295243456234 0.9891638747819791
3.089019 7.040448e-05 1.100861244019139 0.9878770503598898
3.124408 7.039003e-05 1.1006353003721427 0.9876742958849232
3.159129 7.056162e-05 1.1033183225443288 0.9900819526572088
3.19375 7.057239e-05 1.1034867248334743 0.9902330713904539
3.228926 7.060151e-05 1.103942052099947 0.9906416672597292
3.264167 7.064973e-05 1.1046960315226573 0.9913182638537011
3.299223 7.063947e-05 1.1045356037151706 0.991174301160749
3.33426 7.081567e-05 1.1072907089470558 0.9936466429247023
3.369157 7.074231e-05 1.106143634487288 0.9926172956386432
3.404065 7.077924e-05 1.1067210807768086 0.9931354771445614
3.439251 7.078092e-05 1.1067473496575666 0.9931590499831736
3.474223 7.072285e-05 1.1058393532851738 0.9923442435913868
3.5094540000000003 7.07832e-05 1.1067830002814525 0.9931910416927184
3.5445369999999996 7.087871e-05 1.1082764174250244 0.994531185630716
3.5794119999999996 7.084154e-05 1.107695218438253 0.9940096365764247
3.614102 7.084077e-05 1.107683178534572 0.9939988323587273
3.649445 7.089693e-05 1.108561309691341 0.9947868386780443
3.6842420000000002 7.08095e-05 1.1071942333552243 0.9935600688686093
3.719176 7.096328e-05 1.109598774118898 0.9957178254887041
3.754454 7.095331e-05 1.10944288082059 0.9955779319167031
3.789393 7.091407e-05 1.108829314820027 0.9950273377576931
3.824093 7.089054e-05 1.1084613941270292 0.9946971777026091
3.859324 7.102546e-05 1.1105710354317166 0.9965903011463807
3.894185 7.093426e-05 1.1091450104762801 0.9953106327645843
3.929232 7.098224e-05 1.1098952372017388 0.9959838618101828
3.964232 7.105686e-05 1.1110620133220752 0.9970308887252008
3.99927 7.111773e-05 1.1120137911623982 0.9978849831813408
4.034204 7.106973e-05 1.1112632517121683 0.9972114735067111
4.06928 7.101952e-05 1.1104781561747508 0.9965069543241453
4.104417000000001 7.107319e-05 1.111317353097539 0.9972600223290907
4.139430999999999 7.09962e-05 1.1101135190918474 0.9961797408738876
4.174510000000001 7.112671e-05 1.1121542045845454 0.9980109856163029
4.20976 7.114564e-05 1.1124501985802298 0.9982766009942349
4.244553 7.104774e-05 1.1109194108265317 0.9969029218870213
4.279769 7.11261e-05 1.112144666479032 0.9980024264308544
4.314601 7.110761e-05 1.1118555524283078 0.9977429848916063
4.349334 7.111623e-05 1.1119903368045785 0.9978639360040086
4.3846490000000005 7.108662e-05 1.111527347781218 0.9974484647234715
4.419871 7.103776e-05 1.1107633611658383 0.9967628880005047
4.454600999999999 7.116643e-05 1.1127752759796106 0.998568314872059
4.48963 7.114637e-05 1.1124616130343685 0.9982868439538699
4.524546999999999 7.122732e-05 1.1137273665447043 0.9994226899572298
4.560028 7.126146e-05 1.11426118772868 0.9999017237133102
4.594855 7.11766e-05 1.112934296525628 0.998711014734371
4.629445 7.121898e-05 1.1135969603152267 0.9993056676512628
4.664435999999999 7.119262e-05 1.113184789067142 0.9989357985882786
4.69988 7.110974e-05 1.111888857616412 0.9977728718834181
4.735093 7.118628e-05 1.1130856553147574 0.9988468391854214
4.77001 7.112377e-05 1.1121082340432187 0.9979697331487318
4.804893 7.113246e-05 1.1122441129561873 0.9980916664627427
4.839769 7.122615e-05 1.1137090721456047 0.9994062731589106
4.874862 7.117925e-05 1.1129757325577758 0.9987481980809911
4.909908000000001 7.125371e-05 1.114140006879945 0.9997929799637606
4.945158 7.110422e-05 1.1118025455796354 0.9976954182708357
4.979732 7.117438e-05 1.112899584076055 0.9986798649119195
5.014528 7.124038e-05 1.113931575820121 0.9996059407145355
5.049556 7.125321e-05 1.1141321887606719 0.9997859642379832
5.084506 7.135983e-05 1.1157993245144948 1.0012819976027545
5.1192969999999995 7.10395e-05 1.110790568220909 0.9967873027262099
5.154723 7.125321e-05 1.1141321887606719 0.9997859642379832
5.189978 7.12464e-05 1.1140257059761705 0.999690410052895
5.224705 7.111771e-05 1.112013478437627 0.9978847025523097
5.259714 7.129958e-05 1.114857241142071 1.0004366026465785
5.294491 7.135532e-05 1.1157288050786505 1.0012187157562424
5.329705 7.122193e-05 1.1136430872189387 0.9993470604333494
5.364658 7.129502e-05 1.1147859398942992 1.0003726192274889
5.399676 7.121058e-05 1.1134656159114364 0.9991878034582027
5.4347129999999995 7.10804e-05 1.111430090377459 0.9973611890948008
5.469931 7.130153e-05 1.1148877318072365 1.0004639639771105
5.504473 7.125451e-05 1.1141525158707823 0.9998042051250045
5.53963 7.116856e-05 1.1128085811677144 0.9985982018638706
5.5746400000000005 7.117378e-05 1.112890202332927 0.9986714460409866
5.609926000000001 7.132872e-05 1.1153128811333146 1.000845479144885
5.644959 7.122508e-05 1.11369234137036 0.999391259505747
5.680019000000001 7.128003e-05 1.1145515526784877 1.0001622877686824
5.715084 7.125679e-05 1.1141881664946682 0.9998361968345493
5.749944999999999 7.12528e-05 1.114125777902868 0.9997802113428458
5.784997000000001 7.122143e-05 1.1136352690996656 0.9993400447075721
5.819843 7.132874e-05 1.1153131938580858 1.0008457597739162
5.855473 7.127513e-05 1.11447493510961 1.000093533656064
5.889902 7.139956e-05 1.1164205522719455 1.001839467173026
5.924899 7.130614e-05 1.1149598148669357 1.000528648968778
5.9599020000000005 7.116177e-05 1.112702411107984 0.9985029283078136
5.995037999999999 7.118811e-05 1.1131142696312977 0.9988725167417667
6.030223 7.126811e-05 1.114365168715014 0.9999950328661495
6.065019 7.107571e-05 1.111356756418676 0.9972953815870087
6.100315999999999 7.129903e-05 1.1148486412108705 1.0004288853482235
6.135232 7.133836e-05 1.1154636144729024 1.0009807423378732
6.17001 7.129457e-05 1.1147789035869533 1.000366305074289
6.204930999999999 7.126133e-05 1.1142591550176693 0.9998998996246081
6.239991 7.122129e-05 1.113633080026269 0.9993380803043544
6.275055999999999 7.127318e-05 1.1144444444444448 1.0000661723255324
6.309921 7.132685e-05 1.1152836413672331 1.0008192403304779
6.3449729999999995 7.141018e-05 1.1165866091253087 1.0019884811885378
6.380028 7.124811e-05 1.1140524439440849 0.9997144038350537
6.415195 7.137073e-05 1.1159697595146514 1.0014349404247016
6.4500280000000005 7.128182e-05 1.1145795415454858 1.0001874040669656
6.485195 7.134833e-05 1.1156195077712108 1.0011206359098743
6.5200439999999995 7.132566e-05 1.1152650342433625 1.0008025429031275
6.554815 7.135479e-05 1.115720517872221 1.0012112790869183
6.590389 7.126201e-05 1.1142697876598806 0.9999094410116653
6.625482 7.135942e-05 1.1157929136566909 1.001276244707617
6.6602049999999995 7.131622e-05 1.115117428151484 1.00067008600045
6.69502 7.130091e-05 1.1148780373393377 1.0004552644771463
6.729955 7.134978e-05 1.115642180317103 1.0011409815146288
6.765325 7.13562e-05 1.1157425649685713 1.0012310634336106
6.800015999999999 7.132658e-05 1.1152794195828253 1.000815451838558
6.83525 7.140155e-05 1.116451668386653 1.0018673897616202
6.8705 7.138361e-05 1.1161711542671298 1.0016156655207276
6.905412 7.121763e-05 1.113575851393189 0.9992867251916638
6.940288 7.134311e-05 1.1155378866059982 1.0010473917327585
6.97538 7.132555e-05 1.1152633142571224 1.0008009994434564
7.010129 7.129559e-05 1.1147948525502707 1.000380617154875
7.045269 7.121007e-05 1.1134576414297779 0.9991806474179098
7.080584 7.12828e-05 1.1145948650592616 1.0002011548894894
7.115354999999999 7.132518e-05 1.1152575288488602 1.000795807806381
7.15025 7.130512e-05 1.1149438659036184 1.0005143368881921
7.185555999999999 7.134818e-05 1.1156171623354287 1.0011185311921411
7.220572 7.126085e-05 1.1142516496231667 0.9998931645278617
7.25563 7.129017e-05 1.1147101041373488 1.0003045666874482
7.29075 7.133983e-05 1.115486599743566 1.0010013685716588
7.325374 7.144256e-05 1.1170929105294432 1.0024428195898818
7.360371 7.124223e-05 1.1139605028614317 0.9996318988999116
7.395399 7.132992e-05 1.1153316446195707 1.000862316886751
7.430686 7.14025e-05 1.1164665228132722 1.0018807196405972
7.465694999999999 7.142132e-05 1.1167607968227165 1.0021447915588582
7.500297 7.135007e-05 1.1156467148262816 1.00114505063558
7.53538 7.144969e-05 1.1172043969102792 1.0025428638394673
7.570444999999999 7.127562e-05 1.114482596866498 1.000100409067326
7.6053180000000005 7.143697e-05 1.1170055039559683 1.0023643837756906
7.640325 7.129702e-05 1.1148172123713922 1.0004006821305984
7.675751 7.110672e-05 1.1118416361760017 0.9977304968997226
7.710657 7.129895e-05 1.1148473903117868 1.0004277628320992
7.7454920000000005 7.129092e-05 1.1147218313162586 1.0003150902761142
7.780584 7.128938e-05 1.1146977515088972 1.0002934818407199
7.8156099999999995 7.143127e-05 1.1169163773962538 1.0022844045018287
7.850371 7.139191e-05 1.1163009350470652 1.001732126568632
7.885482 7.125751e-05 1.1141994245864217 0.9998462994796687
7.920520000000001 7.134795e-05 1.1156135660005633 1.0011153039582839
7.95562 7.126165e-05 1.1142641586140039 0.9999043896891056
7.990816 7.126881e-05 1.1143761140819965 1.0000048548822378
8.025657 7.147745e-05 1.117638458892329 1.0029323769346283
8.060528 7.123964e-05 1.1139200050035964 0.9995955574403849
8.095742 7.145753e-05 1.1173269850204837 1.0026528704196571
8.130667 7.146147e-05 1.1173885918003568 1.002708154338783
8.165834 7.131146e-05 1.115042999656003 1.0006032962910494
8.200676999999999 7.143663e-05 1.1170001876348628 1.002359613082162
8.235620999999998 7.134821e-05 1.115617631422585 1.0011189521356878
8.270927 7.120896e-05 1.1134402852049912 0.9991650725066838
8.305995999999999 7.129705e-05 1.1148176814585484 1.0004011030741449
8.340528 7.133056e-05 1.11534165181224 1.0008712970157458
8.375603 7.137768e-05 1.1160784313725491 1.0015324590130075
8.410945 7.13875e-05 1.1162319792350752 1.0016702478672752
8.445732 7.137444e-05 1.1160277699596586 1.0014869971099698
8.480751 7.131208e-05 1.1150526941239018 1.0006119957910136
8.515843 7.137604e-05 1.1160527879413331 1.0015094474324575
8.550695 7.139733e-05 1.1163856834599872 1.0018081770360592
8.585464 7.129262e-05 1.1147484129217875 1.0003389437437573
8.620593999999999 7.139535e-05 1.116354723707665 1.0017803947619806
8.656065 7.139498e-05 1.1163489382994027 1.0017752031249052
8.69102 7.128123e-05 1.1145703161647436 1.0001791255105483
8.725997 7.145721e-05 1.1173219814241488 1.0026483803551596
8.760723 7.12839e-05 1.1146120649216624 1.0002165894861996
8.795864 7.127065e-05 1.1144048847609223 1.0000306727530988
8.830677 7.135861e-05 1.1157802483034684 1.0012648792318577
8.865769 7.143206e-05 1.1169287300247053 1.0022954893485567
8.900639 7.119757e-05 1.1132621884479472 0.999005254273475
8.935751 7.133285e-05 1.1153774587985117 1.0009034290398064
8.970535 7.141128e-05 1.1166038089877102 1.0020039157852483
9.005649 7.119204e-05 1.113175720048785 0.9989276603463768
9.040844 7.130733e-05 1.114978421990806 1.0005453463961282
9.075714 7.126713e-05 1.1143498452012386 0.9999812820436259
9.110631 7.126101e-05 1.1142541514213342 0.9998954095601105
9.145620999999998 7.130099e-05 1.1148792882384215 1.000456386993271
9.180852999999999 7.135397e-05 1.1157076961566128 1.0011997732966436
9.215871 7.120501e-05 1.1133785220627326 0.9991096482730424
9.250959 7.115264e-05 1.112559652250055 0.9983748211551186
9.285917999999999 7.138472e-05 1.1161885104919163 1.0016312404319532
9.32096 7.133718e-05 1.1154451637114178 1.0009641852250386
9.355771 7.120622e-05 1.113397441911374 0.9991266263294238
9.390686 7.123576e-05 1.1138593363980362 0.9995411154083522
9.425724 7.132932e-05 1.1153222628764428 1.000853898015818
9.460809 7.122038e-05 1.1136188510491918 0.9993253116834396
9.495704 7.126648e-05 1.1143396816461835 0.9999721616001153
9.530732 7.125137e-05 1.1141034180817464 0.9997601463671224
9.565771 7.120657e-05 1.113402914594865 0.9991315373374678
9.600907999999999 7.124316e-05 1.1139750445632801 0.9996449481498577
9.635799 7.129421e-05 1.1147732745410766 1.0003612537517295
9.670926999999999 7.127612e-05 1.114490414985771 1.0001074247931034
9.706327 7.129876e-05 1.114844419426463 1.0004250968563038
9.741365 7.120024e-05 1.113303937204866 0.9990427182491262
9.776343 7.117704e-05 1.1129411764705885 0.9987171885730552
9.811186 7.120045e-05 1.1133072208149608 0.9990456648539526
9.846167 7.125369e-05 1.114139694155174 0.9997926993347295
9.881015999999999 7.127714e-05 1.1145063639490886 1.0001217368736892
9.916084000000001 7.130281e-05 1.114907746192576 1.0004819242351006
9.951251000000001 7.12484e-05 1.1140569784532635 0.9997184729560046
9.985778 7.128914e-05 1.114693998811646 1.0002901142923466
10.00348 7.114058e-05 1.1123710792131847 0.9982056018493677
