Keff(MJ/m3):0.10484430537869008 Ms(MA/m):1.146149449971553
H(kOe) moment(emu) M(MA/m) M_norm()
9.969384 6.207942e-05 1.16180493172835 1.0136591975480909
9.941172 6.180371e-05 1.156645069768834 1.0091572872957724
9.912319 6.14613e-05 1.150236929572403 1.0035662710486417
9.883356 6.248127e-05 1.1693254805964781 1.020220775419384
9.854514 6.199531e-05 1.16023082854234 1.0122858136616795
9.825162 6.16567e-05 1.1538938046472627 1.0067568454322444
9.795959 6.220205e-05 1.1640999296322907 1.0156615523928256
9.766755 6.216136e-05 1.1633384237633244 1.0149971487507132
9.737022999999999 6.185064e-05 1.1575233560905491 1.0099235803143112
9.707550999999999 6.183656e-05 1.1572598514792185 1.009693676080324
9.677947 6.229778e-05 1.1658914989819136 1.0172246725859797
9.648301 6.164614e-05 1.1536961761887645 1.0065844172567537
9.618606 6.171519e-05 1.1549884342436214 1.0077118950519828
9.588754999999999 6.218267e-05 1.163737236495388 1.0153451075025788
9.55923 6.175341e-05 1.155703714516708 1.0083359674825934
9.529338 6.15251e-05 1.1514309348424956 1.004608024608897
9.499736 6.218733e-05 1.1638244475386268 1.0154211979663843
9.469653000000001 6.186686e-05 1.1578269104084316 1.0101884273793165
9.439718000000001 6.151689e-05 1.1512772862019398 1.0044739682338235
9.409931 6.208297e-05 1.1618713693256673 1.0137171634593591
9.37969 6.176683e-05 1.1559548673493825 1.0085550949556124
9.349699000000001 6.171687e-05 1.1550198751347462 1.0077393268071746
9.319615 6.176609e-05 1.1559410183854348 1.0085430119205876
9.289806 6.183222e-05 1.1571786291771464 1.0096228107127454
9.259903 6.157239e-05 1.1523159584980232 1.005380195860691
9.229829 6.139206e-05 1.1489411157024787 1.002435690852528
9.199654 6.200215e-05 1.1603588378847762 1.0123975000935315
9.169806000000001 6.192256e-05 1.1588693256677443 1.0110979206913262
9.139796 6.129233e-05 1.1470746870882735 1.000807256956537
9.109905000000001 6.208652e-05 1.1619378069229842 1.0137751293706272
9.079458 6.152868e-05 1.151497933884297 1.0046664803729364
9.049806 6.13783e-05 1.1486835998323146 1.0022110117147678
9.019995999999999 6.194262e-05 1.159244744879626 1.0114254689110551
8.989727 6.190994e-05 1.158633144687986 1.0108918559588742
8.959598 6.140138e-05 1.1491155377889564 1.002587871780139
8.929720999999999 6.165759e-05 1.1539104608336321 1.0067713777311256
8.899986 6.220082e-05 1.1640769104084316 1.0156414684292032
8.869541 6.173812e-05 1.1554175649778413 1.008086305853498
8.839681 6.18391e-05 1.1573073871122284 1.0097351502816254
8.809550999999999 6.209423e-05 1.1620820981554671 1.013901021532846
8.779729 6.173813e-05 1.1554177521260025 1.008086469137755
8.749985 6.157208e-05 1.1523101569050183 1.0053751340487214
8.719764 6.166947e-05 1.1541327928494425 1.0069653594285524
8.689606 6.186643e-05 1.1578188630374888 1.0101814061562613
8.659708 6.15406e-05 1.151721014492753 1.0048611152073914
8.629644 6.159114e-05 1.1526668613007538 1.0056863538427407
8.599787000000001 6.181472e-05 1.1568511198945977 1.009337063262832
8.569765 6.186973e-05 1.1578806219307696 1.0102352899611022
8.539792 6.154866e-05 1.151871855910887 1.0049927223186088
8.509801 6.18499e-05 1.1575095071266017 1.0099114972792864
8.479541999999999 6.161891e-05 1.1531865717451186 1.006139794224689
8.449745 6.149167e-05 1.1508052985387467 1.0040621653374342
8.419272999999999 6.203202e-05 1.1609178494430465 1.0128852301694689
8.389412 6.173928e-05 1.1554392741645703 1.0081052468273206
8.359606 6.163645e-05 1.153514829620313 1.0064261948116304
8.32957 6.183637e-05 1.1572562956641508 1.009690573679439
8.299749 6.163264e-05 1.1534435261707983 1.006363983509678
8.269903000000001 6.146412e-05 1.150289705353934 1.0036123172091422
8.239885000000001 6.116839e-05 1.1447551727751821 0.998783511874123
8.209772999999998 6.176341e-05 1.1558908626781645 1.0084992517396865
8.179514 6.138136e-05 1.1487408671697203 1.0022609766974382
8.149357 6.15708e-05 1.1522862019403515 1.005354233663813
8.119384 6.195182e-05 1.1594169211881655 1.0115756904275808
8.089384 6.146981e-05 1.1503961926578028 1.0037052259514283
8.059172 6.15668e-05 1.152211342675769 1.0052889199609758
8.029468 6.18683e-05 1.1578538597436814 1.010211940312338
7.99944 6.14918e-05 1.1508077314648455 1.0040642880327764
7.969153 6.17021e-05 1.1547434573002746 1.0074981559594476
7.9390789999999996 6.15395e-05 1.1517004281949927 1.0048431539391112
7.909171000000001 6.18217e-05 1.1569817493112942 1.0094510356742832
7.8791530000000005 6.170008e-05 1.1547056533716606 1.007465172539515
7.8492169999999994 6.138174e-05 1.1487479787998556 1.002267181499208
7.819125 6.181582e-05 1.156871706192358 1.0093550245311125
7.789199 6.119475e-05 1.1452484953287811 0.9992139291758207
7.759134 6.144109e-05 1.1498587031380998 1.0032362735650564
7.729042000000001 6.159965e-05 1.1528261243861535 1.0058253087455271
7.6992460000000005 6.164315e-05 1.1536402188884893 1.006535595263883
7.669277 6.143691e-05 1.1497804752066108 1.0031680207455913
7.639254 6.184905e-05 1.1574935995328777 1.0098976181174333
7.6092830000000005 6.167577e-05 1.1542506961911598 1.007068228510521
7.579199 6.147155e-05 1.1504287564378963 1.0037336374121626
7.549273 6.153205e-05 1.1515610028147079 1.0047215071675768
7.5190600000000005 6.189637e-05 1.1583791846328897 1.0106702792219988
7.488912 6.142871e-05 1.1496270137142168 1.0030341276547752
7.459116 6.14399e-05 1.1498364325068864 1.0032168427384622
7.429412 6.147387e-05 1.1504721748113542 1.0037715193598082
7.399198999999999 6.173407e-05 1.155341769972451 1.008020175729375
7.369249 6.173139e-05 1.1552916142651808 1.0079764155484738
7.3392539999999995 6.172578e-05 1.1551866241466036 1.0078848130802445
7.309245 6.153029e-05 1.1515280647382913 1.0046927691383283
7.279032 6.135122e-05 1.1481768026110906 1.0017688379465592
7.24941 6.162863e-05 1.1533684797580546 1.0062985065225838
7.219273 6.126061e-05 1.1464810531201335 1.000289319293037
7.18919 6.155345e-05 1.1519614998802246 1.0050709354777565
7.158949 6.169744e-05 1.1546562462570364 1.0074220654956425
7.128782 6.150262e-05 1.1510102257755415 1.0042409615989512
7.099004 6.195396e-05 1.159456970894717 1.0116106332585986
7.068875 6.164447e-05 1.1536649224458013 1.0065571487858191
7.038616 6.179234e-05 1.156432282309258 1.0089716330954575
7.008919 6.171357e-05 1.1549581162414655 1.0076854430023336
6.979153 6.141722e-05 1.1494119804767033 1.0028465140433749
6.949264 6.16052e-05 1.152929991615762 1.0059159315082142
6.919207999999999 6.138917e-05 1.1488870298838179 1.002388501702228
6.888828999999999 6.156889e-05 1.1522504566415135 1.0053230463707084
6.858671 6.157978e-05 1.1524542609893393 1.0055008629266828
6.828551 6.140774e-05 1.1492345640196424 1.0026917205676502
6.79868 6.162296e-05 1.1532623667505086 1.0062059243488117
6.768606 6.1623e-05 1.1532631153431543 1.00620657748584
6.738843 6.138507e-05 1.1488102991376206 1.0023215551568199
6.7090510000000005 6.146718e-05 1.1503469726913398 1.0036622821918126
6.678884 6.124326e-05 1.1461563510600068 1.0000060211069803
6.648754 6.205231e-05 1.1612975730626418 1.013216533927111
6.618801 6.152558e-05 1.1514399179542456 1.0046158622532375
6.588421 6.166761e-05 1.1540979832914118 1.0069349885567334
6.558579 6.183873e-05 1.1573004626302545 1.0097291087641131
6.528468 6.159918e-05 1.1528173284225651 1.005817634385444
6.49856 6.151254e-05 1.1511958767517063 1.0044029395819878
6.468643 6.140133e-05 1.149114602048149 1.0025870553588536
6.438597 6.174221e-05 1.1554941085758768 1.0081530891146488
6.408402 6.159006e-05 1.1526466492993168 1.005668719142975
6.378523 6.155012e-05 1.1518991795424598 1.0050165618201443
6.348542 6.171447e-05 1.1549749595759968 1.0077001385854722
6.318477 6.144494e-05 1.1499307551802607 1.0032991380040372
6.288504 6.150453e-05 1.1510459710743797 1.004272148892056
6.258616 6.180071e-05 1.1565889253203971 1.0091083020186444
6.228384 6.139027e-05 1.148907616181578 1.0024064629705085
6.198245 6.153387e-05 1.151595063780093 1.0047512249023678
6.168673 6.149938e-05 1.1509495897712294 1.0041880574996531
6.138875 6.156357e-05 1.1521508938196185 1.0052361791459348
6.108634 6.15589e-05 1.1520634956282185 1.0051599253978722
6.078665 6.162909e-05 1.153377088573481 1.0063060175984098
6.048745 6.194307e-05 1.1592531665468915 1.0114328167026243
6.018671 6.132507e-05 1.147687410168882 1.0013418496142603
5.9886989999999996 6.17572e-05 1.1557746436699001 1.0083978522160317
5.958646 6.149209e-05 1.1508131587615278 1.0040690232762322
5.928662 6.156639e-05 1.1522036696011493 1.005282225306435
5.898588 6.160857e-05 1.1529930605461725 1.0059709583028544
5.868606 6.138584e-05 1.1488247095460529 1.002334128044616
5.838449 6.169839e-05 1.1546740253323746 1.0074375775000661
5.808419 6.170342e-05 1.1547681608575873 1.0075197094813841
5.778347 6.128221e-05 1.1468852931488795 1.0006420132883587
5.748381 6.177665e-05 1.156138646843933 1.0087154400960783
5.71856 6.134854e-05 1.1481266469038203 1.0017250777656583
5.688579 6.150854e-05 1.1511210174871238 1.0043376258791505
5.658588 6.134473e-05 1.1480553434543053 1.0016628664637057
5.628523 6.16516e-05 1.15379835908492 1.006673570461127
5.598514 6.188e-05 1.1580728230925854 1.010402982893137
5.568328999999999 6.176245e-05 1.1558728964546647 1.0084835764510056
5.538245 6.16822e-05 1.1543710324589764 1.007173220287832
5.508134 6.174825e-05 1.1556071460653963 1.0082517128059332
5.478004 6.156542e-05 1.152185516229488 1.005266386733497
5.448334 6.170597e-05 1.1548158836387588 1.007561346966943
5.418254 6.137727e-05 1.1486643235716847 1.0021941934362872
5.3883659999999995 6.187654e-05 1.1580080698287216 1.0103464865401828
5.358439000000001 6.164282e-05 1.153634042999161 1.0065302068833988
5.328069 6.158739e-05 1.1525966807402082 1.005625122246331
5.298096999999999 6.176521e-05 1.1559245493472268 1.0085286429059634
5.268097 6.166312e-05 1.1540139537669176 1.0068616739252982
5.237995 6.166996e-05 1.154141963109354 1.00697336035715
5.2080969999999995 6.154137e-05 1.1517354249011853 1.0048736880951878
5.178004 6.168557e-05 1.1544341013893875 1.0072282470824727
5.147957 6.151086e-05 1.1511644358605817 1.0043755078267964
5.118402 6.180545e-05 1.1566776335489273 1.0091856987565067
5.088051 6.15539e-05 1.15196992154749 1.0050782832693255
5.058153 6.186443e-05 1.1577814334051977 1.0101487493048429
5.027958 6.162619e-05 1.1533228156066588 1.0062586651638528
4.998125 6.183777e-05 1.1572824964067547 1.009713433475432
4.968384 6.18457e-05 1.1574309048987896 1.0098429178913069
4.938051000000001 6.150205e-05 1.1509995583303385 1.004231654396297
4.908362 6.18353e-05 1.1572362708108752 1.0096731022639303
4.878495 6.178785e-05 1.1563482527847642 1.0088983184640226
4.848412000000001 6.13247e-05 1.1476804856869083 1.001335808096748
4.818264 6.187813e-05 1.158037826386393 1.0103724487370607
4.7881800000000005 6.161144e-05 1.1530467720685105 1.0060178208846402
4.758227 6.183713e-05 1.1572705189244217 1.0097029832829783
4.728180999999999 6.131173e-05 1.147437754521499 1.001124028415298
4.698004 6.154073e-05 1.151723447418852 1.0048632379027336
4.667894 6.174077e-05 1.1554671592406272 1.0081295761816276
4.637893 6.16062e-05 1.1529487064319075 1.0059322599339235
4.607829 6.175035e-05 1.1556464471793022 1.0082860024999227
4.578162 6.184874e-05 1.1574877979398726 1.0098925563054635
4.548032 6.171383e-05 1.1549629820936633 1.0076896883930182
4.518032 6.175943e-05 1.1558163777099049 1.0084342646053635
4.488097 6.149546e-05 1.1508762276919386 1.0041240500708724
4.457977 6.170382e-05 1.1547756467840455 1.007526240851668
4.427893 6.19363e-05 1.1591264672415853 1.011322273260572
4.397745 6.147538e-05 1.1505004341837342 1.0037961752826292
4.3677399999999995 6.18671e-05 1.1578314019643068 1.0101923462014868
4.337625 6.185804e-05 1.1576618457300272 1.0100444106645603
4.307736 6.135076e-05 1.1481681937956636 1.001761326870733
4.277643 6.189619e-05 1.1583758159659836 1.0106673401053712
4.247843 6.164284e-05 1.153634417295484 1.006530533451913
4.217764 6.174944e-05 1.1556294166966097 1.0082711436325271
4.187754 6.165257e-05 1.153816512456581 1.0066894090340648
4.157504 6.155991e-05 1.1520823975925254 1.0051764171078386
4.128032 6.170986e-05 1.154888684273565 1.0076248645429522
4.097912 6.164979e-05 1.1537644852676963 1.006644016010593
4.067634 6.19076e-05 1.1585893520182053 1.0108536474427146
4.037597 6.202586e-05 1.1608025661755892 1.0127846470670991
4.00744 6.175593e-05 1.1557508758533952 1.0083771151153809
3.977578 6.199293e-05 1.1601862872799131 1.0122469520084911
3.94731 6.180178e-05 1.1566089501736732 1.0091257734341537
3.917384 6.16099e-05 1.1530179512516463 1.0059926751090478
3.887338 6.206617e-05 1.1615569604144202 1.0134428459074423
3.8573649999999997 6.155662e-05 1.1520208258474063 1.0051226965872548
3.827338 6.170909e-05 1.154874273865133 1.0076122916551558
3.79743 6.173515e-05 1.1553619819738885 1.008037810429141
3.7676260000000004 6.173993e-05 1.1554514387950647 1.0081158603040314
3.737634 6.16805e-05 1.154339217271529 1.0071454619641262
3.707662 6.155069e-05 1.1519098469876625 1.0050258690227987
3.6776709999999997 6.178089e-05 1.1562179976643905 1.0087846726210856
3.647597 6.142145e-05 1.1494911441489994 1.0029155832841252
3.617828 6.190237e-05 1.1584914735297636 1.0107682497762547
3.5876900000000003 6.176825e-05 1.1559814423883095 1.0085782813201198
3.5576529999999997 6.181343e-05 1.1568269777817697 1.0093159995936671
3.5274859999999997 6.187765e-05 1.158028843274643 1.01036461109272
3.497643 6.180342e-05 1.156639642472152 1.009152552052317
3.467199 6.184705e-05 1.1574561699005863 1.0098649612660147
3.437199 6.168924e-05 1.154502784764642 1.007288172404826
3.406968 6.181287e-05 1.1568164974847281 1.00930685567527
3.377277 6.17768e-05 1.1561414540663548 1.0087178893599344
3.3474209999999998 6.196975e-05 1.159752477841657 1.0118684591005491
3.3171060000000003 6.179402e-05 1.1564637232003827 1.008999064850649
3.287089 6.18207e-05 1.1569630344951485 1.0094347072485739
3.257542 6.162962e-05 1.1533870074260386 1.0063146716640359
3.2270689999999997 6.192491e-05 1.1589133054856864 1.0111362924917429
3.197347 6.172938e-05 1.1552539974847282 1.0079435954127982
3.167393 6.194997e-05 1.1593822987782962 1.0115454828400186
3.1374389999999996 6.195258e-05 1.1594311444484364 1.01158810003112
3.107273 6.161413e-05 1.1530971149239426 1.0060617443497986
3.077365 6.2058e-05 1.1614040603665103 1.0133094426693972
3.047141 6.178095e-05 1.156219120553359 1.008785652326628
3.017136 6.177298e-05 1.1560699634686784 1.008655514773725
2.986903 6.175287e-05 1.1556936085159895 1.0083271501327102
2.9570410000000003 6.198914e-05 1.1601153581267212 1.012185067275053
2.9270880000000004 6.210586e-05 1.1622997514672408 1.0140909211238454
2.8970230000000003 6.194913e-05 1.1593665783327338 1.0115317669624226
2.866977 6.194873e-05 1.1593590924062755 1.011525235592139
2.837183 6.163555e-05 1.1534979862857822 1.006411499228492
2.807143 6.174772e-05 1.1555972272128392 1.0082430587403073
2.7766149999999996 6.189475e-05 1.1583488666307338 1.0106438271723497
2.746758 6.172889e-05 1.1552448272248168 1.0079355944842008
2.7170140000000003 6.188014e-05 1.1580754431668456 1.010405268872736
2.686875 6.166966e-05 1.1541363486645102 1.0069684618294372
2.656634 6.158218e-05 1.1524991765480892 1.0055400511483856
2.626782 6.181454e-05 1.1568477512276913 1.0093341241462044
2.5964389999999997 6.176234e-05 1.1558708378248888 1.0084817803241777
2.566764 6.180503e-05 1.1566697733261462 1.0091788408177087
2.536664 6.205557e-05 1.1613585833632765 1.0132697645949236
2.506847 6.193522e-05 1.1591062552401479 1.011304638560806
2.476912 6.181007e-05 1.1567640959995205 1.0092611360832837
2.446847 6.226965e-05 1.1653650512037363 1.0167653539707762
2.417014 6.210768e-05 1.1623338124326261 1.0141206388586363
2.3869000000000002 6.19591e-05 1.159553165049706 1.0116945613667447
2.356921 6.196932e-05 1.1597444304707145 1.011861437877494
2.3269580000000003 6.176536e-05 1.1559273565696484 1.0085310921698198
2.296838 6.209529e-05 1.1621019358605815 1.013918329664098
2.266587 6.150595e-05 1.1510725461133064 1.0042953352565633
2.2368099999999997 6.193107e-05 1.1590285887531435 1.0112368755941123
2.206541 6.178002e-05 1.1562017157743436 1.0087704668907185
2.176319 6.163988e-05 1.153579021439693 1.0064822013118135
2.146617 6.201469e-05 1.1605935216792425 1.0126022585519263
2.1169209999999996 6.171677e-05 1.1550180036531317 1.0077376939646037
2.086995 6.226932e-05 1.1653588753144084 1.0167599655902921
2.056828 6.179349e-05 1.1564538043478256 1.0089904107850232
2.026754 6.195336e-05 1.1594457420050301 1.0116008362031732
1.996662 6.195171e-05 1.1594148625583895 1.0115738943007528
1.966643 6.191e-05 1.1586342675769548 1.0108928356644167
1.936578 6.191899e-05 1.1588025137741043 1.0110396282115437
1.907003 6.195757e-05 1.1595245313810032 1.0116695788754095
1.876865 6.210019e-05 1.1621936384596954 1.0139983389500737
1.846763 6.212622e-05 1.1626807851239664 1.0144233678712875
1.816699 6.214783e-05 1.1630852123008737 1.0147762251508659
1.7865689999999999 6.200694e-05 1.1604484818541136 1.012475713252679
1.756726 6.196328e-05 1.1596313929811948 1.0117628141862096
1.7265979999999999 6.18801e-05 1.1580746945742 1.010404615735708
1.696939 6.180479e-05 1.1566652817702712 1.0091749219955384
1.666689 6.212155e-05 1.1625933869325662 1.0143471141232248
1.636828 6.21238e-05 1.162635495268894 1.014383853081071
1.606652 6.217715e-05 1.163633930710264 1.0152549745926633
1.576673 6.201446e-05 1.1605892172715289 1.012598503014013
1.5467170000000001 6.21083e-05 1.1623454156186366 1.0141307624825764
1.516458 6.225984e-05 1.1651814588573477 1.0166051721145677
1.4866890000000001 6.201436e-05 1.1605873457899145 1.0125968701714423
1.4563 6.217299e-05 1.1635560770750983 1.0151870483417127
1.426532 6.173297e-05 1.1553211836746908 1.0080022144610945
1.3964020000000001 6.195783e-05 1.1595293972332008 1.0116738242660936
1.366523 6.219747e-05 1.1640142157743436 1.015586768203077
1.336467 6.195954e-05 1.15956139956881 1.011701745874057
1.306467 6.245169e-05 1.1687718963348899 1.019737780586902
1.276625 6.163756e-05 1.1535356030662351 1.006444319364168
1.2461710000000001 6.226733e-05 1.1653216328302785 1.0167274720231305
1.216421 6.207812e-05 1.161780602467361 1.013637970594669
1.186437 6.166109e-05 1.1539759626901418 1.0068285272211082
1.156708 6.221565e-05 1.1643544511318717 1.0158836189824727
1.12643 6.162348e-05 1.153272098454904 1.0062144151301804
1.096467 6.200816e-05 1.1604713139298115 1.0124956339320443
1.066495 6.212476e-05 1.1626534614923938 1.0143995283697518
1.0362909999999999 6.208831e-05 1.161971306443885 1.013804357252647
1.006449 6.203461e-05 1.160966320816864 1.012927520792056
0.9765227 6.204634e-05 1.1611858456102522 1.0131190532256265
0.9464764 6.224087e-05 1.1648264387950646 1.0162954218788616
0.9159486 6.177776e-05 1.1561594202898546 1.0087335646486155
0.8861616 6.233815e-05 1.166647016109713 1.017883851131865
0.8562634 6.200749e-05 1.160458775002994 1.012484693886819
0.8260227 6.203695e-05 1.1610101134866446 1.0129657293082157
0.7960412 6.223185e-05 1.164657631153431 1.0161481394789635
0.7662264 6.198839e-05 1.1601013220146121 1.012172820955771
0.7362726 6.196719e-05 1.1597045679123241 1.0118266583307332
0.7061153 6.183628e-05 1.1572546113306978 1.0096891041211253
0.6761638000000001 6.198825e-05 1.1600987019403515 1.0121705349761716
0.6463005 6.167591e-05 1.1542533162654207 1.0070705144901206
0.6161153 6.200306e-05 1.1603758683674688 1.0124123589609269
0.5859764000000001 6.170697e-05 1.1548345984549042 1.0075776753926522
0.5559485 6.195479e-05 1.1594725041921183 1.0116241858519377
0.5261431 6.182496e-05 1.1570427596119288 1.0095042663420954
0.49622629999999995 6.176456e-05 1.155912384716732 1.0085180294292524
0.46601339999999997 6.199661e-05 1.160255157803329 1.0123070406151016
0.43599489999999996 6.186448e-05 1.1577823691460047 1.0101495657261281
0.4062263 6.188614e-05 1.1581877320637197 1.0105032394269924
0.3761986 6.223469e-05 1.1647107812312845 1.016194512207978
0.3460967 6.206656e-05 1.161564259192717 1.013449213993469
0.3156893 6.198421e-05 1.160023094083123 1.012104568136306
0.2860782 6.154958e-05 1.151889073541741 1.0050077444702614
0.2560782 4.929884e-05 0.9226187267936276 0.8049724464959841
0.22596709999999998 2.300389e-05 0.43051357198466866 0.3756173088905237
0.1961523 1.859204e-05 0.3479466103724996 0.30357874392483064
0.1659393 1.530566e-05 0.28644261288777084 0.2499173322422135
0.1359023 1.214148e-05 0.22722556593604012 0.19825125418127607
0.1057264 9.467965e-06 0.1771912242484129 0.1545969631210055
0.07598561 7.272486e-06 0.1361032384117858 0.11874824737311859
0.04593005 4.423968e-06 0.08279374775422202 0.07223643282843868
0.015846719999999998 2.420477e-06 0.04529878203976522 0.039522578875634
-0.0142181 -6.836675e-09 -0.0001279471156725356 -0.00011163213983631121
-0.0440144 -2.174644e-06 -0.04069806264223258 -0.03550851299823308
-0.07416794 -4.349003e-06 -0.08139079156186367 -0.07101237239513901
-0.1040885 -6.326111e-06 -0.11839200428194988 -0.10329543349245453
-0.134144 -8.243854e-06 -0.1542822119415498 -0.13460915759753586
-0.1645051 -1.037091e-05 -0.19408967391304338 -0.1693406334731135
-0.1943663 -1.230713e-05 -0.2303256752305664 -0.20095605790002607
-0.2242829 -1.398075e-05 -0.2616471658282428 -0.22828363773566945
-0.2541996 -1.628012e-05 -0.30467945262905727 -0.26582872995892404
-0.2842737 -1.819696e-05 -0.3405527608096776 -0.2971277094955898
-0.3145699 -2.018174e-05 -0.37769755359923324 -0.32953604227494726
-0.3445329 -2.218073e-05 -0.4151082839262185 -0.3621764019836343
-0.3746162 -2.431398e-05 -0.4550316654689182 -0.3970090161280555
-0.40418529999999997 -2.606104e-05 -0.4877275721643308 -0.4255357555477918
-0.43385700000000005 -2.841733e-05 -0.5318251063001554 -0.46401026176242127
-0.46410700000000005 -3.04933e-05 -0.5706765031740326 -0.49790758368221233
-0.49419029999999997 -3.288491e-05 -0.6154350446161214 -0.5369588098928951
-0.524144 -3.52809e-05 -0.6602755569529283 -0.5760815546081849
-0.5543663 -3.764748e-05 -0.7045656665468916 -0.6147240803233632
-0.5842829 -3.9991e-05 -0.7484242124805361 -0.6529900725416845
-0.6142922 -4.257469e-05 -0.7967774958078808 -0.6951776627626148
-0.64432 -4.490413e-05 -0.8403725371301948 -0.733213750746949
-0.674607 -4.724331e-05 -0.8841498607617675 -0.7714088775976918
-0.7044681 -4.98771e-05 -0.9334407563780088 -0.8144145219466593
-0.7345700000000001 -5.175225e-05 -0.9685338438735173 -0.8450327694155033
-0.7642419 -5.355517e-05 -1.0022751601988258 -0.8744716146953627
-0.7944218 -5.53069e-05 -1.0350584650856385 -0.9030746078631616
-0.8244311 -5.733964e-05 -1.0731008204575394 -0.9362660519395384
-0.8544311 -5.896799e-05 -1.1035750913283022 -0.9628544439433205
-0.8844125 -6.05206e-05 -1.132631902024194 -0.9882061209838783
-0.914394 -6.137216e-05 -1.1485686908611805 -1.0021107551809127
-0.9444774 -6.170527e-05 -1.1548027832674566 -1.0075499170689464
-0.9747367 -6.20425e-05 -1.161113980716253 -1.0130563520709026
-1.004746 -6.185208e-05 -1.1575503054257987 -1.0099470932473325
-1.034672 -6.183032e-05 -1.1571430710264696 -1.0095917867038977
-1.064792 -6.177583e-05 -1.1561233006946934 -1.0087020507869964
-1.094774 -6.189154e-05 -1.1582887920709064 -1.0105914129258229
-1.1245999999999998 -6.19455e-05 -1.1592986435501251 -1.0114724947770979
-1.15469 -6.198298e-05 -1.160000074859264 -1.0120844841726835
-1.1845150000000002 -6.196817e-05 -1.159722908432147 -1.0118426601879285
-1.214672 -6.192633e-05 -1.1589398805246132 -1.0111594788562501
-1.244718 -6.189221e-05 -1.1583013309977237 -1.0106023529710477
-1.274515 -6.214515e-05 -1.1630350565936034 -1.014732464969965
-1.3045419999999999 -6.19416e-05 -1.1592256557671572 -1.0114088139168316
-1.3347090000000001 -6.198072e-05 -1.1599577793747748 -1.0120475819305803
-1.364644 -6.206075e-05 -1.1614555261109107 -1.0133543458400978
-1.3944210000000001 -6.173268e-05 -1.155315756378009 -1.0079974792176392
-1.42432 -6.219524e-05 -1.163972481734339 -1.0155503558137453
-1.4545329999999999 -6.173568e-05 -1.1553719008264456 -1.0080464644947669
-1.4845050000000002 -6.210688e-05 -1.1623188405797096 -1.0141075761180691
-1.514394 -6.220677e-05 -1.1641882635644982 -1.0157386225621736
-1.5445250000000001 -6.182381e-05 -1.1570212375733615 -1.00948548865253
-1.5745239999999998 -6.196059e-05 -1.1595810501257628 -1.0117188907210515
-1.604746 -6.203943e-05 -1.1610565262306858 -1.013006223803975
-1.634894 -6.189088e-05 -1.15827644029225 -1.0105806361648546
-1.664468 -6.214296e-05 -1.1629940711462445 -1.0146967057176617
-1.694403 -6.211997e-05 -1.1625638175230564 -1.0143213152106043
-1.724718 -6.200033e-05 -1.1603247769193912 -1.0123677823587403
-1.754478 -6.19006e-05 -1.1584583483051858 -1.0107393484627492
-1.784653 -6.186894e-05 -1.1578658372260144 -1.0102223905047918
-1.8146900000000001 -6.202717e-05 -1.1608270825847402 -1.0128060373047787
-1.844903 -6.172561e-05 -1.155183442627859 -1.007882037247874
-1.87477 -6.196548e-05 -1.1596725655767153 -1.0117987367227703
-1.904672 -6.186485e-05 -1.1577892936279788 -1.0101556072436406
-1.934709 -6.202674e-05 -1.1608190352137977 -1.0127990160817237
-1.964755 -6.209066e-05 -1.1620152862618272 -1.0138427290530638
-1.994848 -6.178123e-05 -1.15622436070188 -1.0087902242858269
-2.024913 -6.189236e-05 -1.1583041382201453 -1.0106048022349041
-2.0549020000000002 -6.177687e-05 -1.156142764103485 -1.0087190323497341
-2.084644 -6.198394e-05 -1.1600180410827639 -1.0121001594613643
-2.1148200000000004 -6.176353e-05 -1.1558931084561017 -1.0085012111507716
-2.144774 -6.140731e-05 -1.1492265166486997 -1.0026846993445953
-2.1747829999999997 -6.177284e-05 -1.1560673433944177 -1.0086532287941254
-2.20507 -6.191924e-05 -1.1588071924781407 -1.011043710317971
-2.234997 -6.205863e-05 -1.161415850700682 -1.013319729577594
-2.265024 -6.214056e-05 -1.162949155587495 -1.0146575174959591
-2.294968 -6.19492e-05 -1.1593678883698642 -1.0115329099522226
-2.32511 -6.169752e-05 -1.1546577434423277 -1.007423371769699
-2.355228 -6.195653e-05 -1.1595050679722116 -1.0116525973126718
-2.3848939999999996 -6.189293e-05 -1.1583148056653485 -1.0106141094375585
-2.414857 -6.178522e-05 -1.156299032818301 -1.008855374704407
-2.445005 -6.183334e-05 -1.1571995897712295 -1.0096410985495399
-2.474903 -6.161643e-05 -1.1531401590010775 -1.00609929972893
-2.505089 -6.181988e-05 -1.1569476883459093 -1.0094213179394924
-2.534681 -6.172865e-05 -1.1552403356689418 -1.0079316756620302
-2.564839 -6.17917e-05 -1.1564203048269248 -1.0089611829030034
-2.595033 -6.176464e-05 -1.1559138819020238 -1.0085193357033093
-2.625014 -6.174452e-05 -1.1555373398011735 -1.0081908077780375
-2.655311 -6.142787e-05 -1.1496112932686544 -1.0030204117771793
-2.685154 -6.178215e-05 -1.1562415783327338 -1.0088052464374793
-2.715125 -6.172821e-05 -1.1552321011498377 -1.0079244911547183
-2.745209 -6.187429e-05 -1.1579659614923936 -1.0103097475823368
-2.774761 -6.16967e-05 -1.1546423972930884 -1.0074099824606173
-2.804635 -6.19301e-05 -1.1590104353814825 -1.0112210370211745
-2.834959 -6.198716e-05 -1.1600783027907529 -1.0121527369921484
-2.865107 -6.185066e-05 -1.1575237303868724 -1.0099239068828256
-2.895181 -6.197314e-05 -1.1598159210683907 -1.0119238124637036
-2.9250700000000003 -6.187859e-05 -1.1580464352018198 -1.0103799598128866
-2.954987 -6.176016e-05 -1.1558300395256913 -1.0084461843561314
-2.984968 -6.17143e-05 -1.154971778057252 -1.0076973627531016
-3.015116 -6.179192e-05 -1.1564244220864768 -1.0089647751566595
-3.045014 -6.162677e-05 -1.1533336702000234 -1.0062681356507641
-3.075126 -6.157161e-05 -1.1523013609414294 -1.0053674596886377
-3.105119 -6.188767e-05 -1.1582163657324227 -1.0105282219183276
-3.135098 -6.166536e-05 -1.154055874955084 -1.0068982495988872
-3.165218 -6.163332e-05 -1.1534562522457774 -1.0063750868391603
-3.195283 -6.178254e-05 -1.1562488771110306 -1.008811614523506
-3.225044 -6.151763e-05 -1.1512911351658877 -1.0044860512688483
-3.255042 -6.185016e-05 -1.157514372978799 -1.0099157426699705
-3.285292 -6.174665e-05 -1.1555772023595636 -1.0082255873247985
-3.3154679999999996 -6.170988e-05 -1.1548890585698879 -1.0076251911114662
-3.345138 -6.206094e-05 -1.1614590819259787 -1.0133574482409826
-3.374857 -6.18208e-05 -1.1569649059767633 -1.009436340091145
-3.40515 -6.196496e-05 -1.1596628338723196 -1.0117902459414014
-3.435176 -6.176116e-05 -1.1558487543418368 -1.0084625127818407
-3.465061 -6.174609e-05 -1.1555667220625219 -1.008216443406401
-3.4952829999999997 -6.191574e-05 -1.1587416906216308 -1.0109865608279884
-3.525116 -6.147355e-05 -1.1504661860701875 -1.003766294263581
-3.5552829999999997 -6.193944e-05 -1.1591852317642823 -1.0113735445172993
-3.585302 -6.158281e-05 -1.1525109668822608 -1.0055503380565822
-3.6153359999999997 -6.154097e-05 -1.1517279389747268 -1.004867156724904
-3.645209 -6.188154e-05 -1.1581016439094496 -1.0104281286687293
-3.675329 -6.1351e-05 -1.1481726853515386 -1.0017652456929032
-3.705487 -6.189404e-05 -1.1583355791112704 -1.010632233990096
-3.735204 -6.150499e-05 -1.1510545798898066 -1.0042796599678825
-3.7650419999999998 -6.143346e-05 -1.1497159090909086 -1.0031116876768942
-3.795274 -6.165139e-05 -1.1537944289735291 -1.0066701414917278
-3.825246 -6.152939e-05 -1.1515112214037604 -1.00467807355519
-3.855355 -6.174351e-05 -1.1555184378368664 -1.0081743160680712
-3.884913 -6.168038e-05 -1.1543369714935916 -1.0071435025530413
-3.91494 -6.170411e-05 -1.1547810740807276 -1.0075309760951234
-3.944885 -6.179062e-05 -1.1564000928254876 -1.0089435482032376
-3.9750520000000003 -6.168494e-05 -1.1544223110552156 -1.0072179601742757
-4.00494 -6.18242e-05 -1.1570285363516581 -1.0094918567385565
-4.035005 -6.170208e-05 -1.154743083003952 -1.0074978293909336
-4.0653939999999995 -6.196165e-05 -1.1596008878308774 -1.0117361988523035
-4.09527 -6.180479e-05 -1.1566652817702712 -1.0091749219955384
-4.125533000000001 -6.161434e-05 -1.153101045035333 -1.0060651733191972
-4.155346 -6.147208e-05 -1.1504386752904534 -1.0037422914777885
-4.185348 -6.184566e-05 -1.1574301563061438 -1.0098422647542786
-4.2155510000000005 -6.156687e-05 -1.1522126527128993 -1.0052900629507757
-4.245384 -6.15703e-05 -1.1522768445322789 -1.0053460694509586
-4.275209 -6.144679e-05 -1.14996537759013 -1.0033293455915995
-4.305283 -6.149033e-05 -1.1507802206851117 -1.0040402852469839
-4.3351999999999995 -6.151593e-05 -1.1512593199784398 -1.0044582929451422
-4.365524000000001 -6.122612e-05 -1.1458355791112702 -0.9997261518903223
-4.395663 -6.161321e-05 -1.1530798972930885 -1.0060467221981457
-4.425542 -6.147182e-05 -1.1504338094382556 -1.0037380460871042
-4.455680999999999 -6.172057e-05 -1.1550891199544848 -1.0077997419822988
-4.48557 -6.144322e-05 -1.1498985656964902 -1.0032710531118174
-4.515393 -6.163755e-05 -1.1535354159180735 -1.006444156079911
-4.545319999999999 -6.154895e-05 -1.1518772832075692 -1.0049974575620644
-4.575792000000001 -6.166183e-05 -1.1539898116540896 -1.0068406102561331
-4.605563 -6.147524e-05 -1.1504978141094737 -1.00379388930303
-4.635357 -6.15884e-05 -1.152615582704515 -1.0056416139562974
-4.665439999999999 -6.178587e-05 -1.1563111974487956 -1.008865988181118
-4.695653 -6.148007e-05 -1.1505882066714572 -1.0038727555992062
-4.725459 -6.159017e-05 -1.1526487079290928 -1.005670515269803
-4.755394 -6.157048e-05 -1.152280213199185 -1.0053490085675862
-4.785348 -6.147474e-05 -1.1504884567014009 -1.0037857250901752
-4.815551999999999 -6.17226e-05 -1.1551271110312606 -1.007832888686489
-4.845607 -6.138557e-05 -1.1488196565456936 -1.0023297193696745
-4.875680999999999 -6.133057e-05 -1.1477903416576831 -1.0014316559556617
-4.9056999999999995 -6.142443e-05 -1.1495469143011134 -1.0029642419927391
-4.9355910000000005 -6.13313e-05 -1.1478040034734693 -1.0014435757064293
-4.965487 -6.157019e-05 -1.1522747859025027 -1.0053442733241302
-4.995439999999999 -6.158146e-05 -1.1524857018804642 -1.0055282946818747
-5.025385 -6.13204e-05 -1.1476000119774818 -1.0012655958661978
-5.055299 -6.176039e-05 -1.155834343933405 -1.0084499398940445
-5.085163 -6.119837e-05 -1.1453162429632286 -0.9992730380768887
-5.115005 -6.164886e-05 -1.1537470804886807 -1.006628830574683
-5.145273 -6.171373e-05 -1.1549611106120488 -1.0076880555504473
-5.175329 -6.149835e-05 -1.1509303135105995 -1.0041712392211724
-5.2054219999999995 -6.1538e-05 -1.1516723559707747 -1.0048186613005474
-5.235129 -6.142962e-05 -1.1496440441969094 -1.0030489865221706
-5.264996 -6.154273e-05 -1.1517608770511434 -1.0048958947541524
-5.295005 -6.1484e-05 -1.1506617558989094 -1.0039369263122435
-5.325385 -6.134024e-05 -1.1479713139298113 -1.0015895518322706
-5.355348 -6.151479e-05 -1.1512379850880339 -1.0044396785398337
-5.385543999999999 -6.122296e-05 -1.1457764402922501 -0.999674554065081
-5.415412999999999 -6.137411e-05 -1.1486051847526646 -1.002142595611046
-5.4451469999999995 -6.14552e-05 -1.150122769193915 -1.0034666676518151
-5.47508 -6.135341e-05 -1.1482177880584494 -1.0018045971988625
-5.505180999999999 -6.141434e-05 -1.149358081806204 -1.002799488177332
-5.535171999999999 -6.145243e-05 -1.1500709291531914 -1.0034214379126
-5.5652550000000005 -6.122892e-05 -1.1458879805964781 -0.9997718714823087
-5.595153 -6.136396e-05 -1.1484152293687862 -1.0019768620900962
-5.625072 -6.132729e-05 -1.1477289570607252 -1.001378098719335
-5.655228 -6.14154e-05 -1.149377919511318 -1.002816796308584
-5.6852920000000005 -6.118497e-05 -1.145065464426877 -0.9990542371723837
-5.715138 -6.131652e-05 -1.1475273984908367 -1.0012022415744457
-5.745237 -6.141605e-05 -1.1493900841418128 -1.002827409785295
-5.775246 -6.136079e-05 -1.1483559034016044 -1.0019251009805974
-5.805367 -6.145986e-05 -1.1502099802371535 -1.0035427581156204
-5.835271 -6.129076e-05 -1.147045304826925 -1.0007816213281733
-5.864895000000001 -6.142988e-05 -1.1496489100491072 -1.003053231912855
-5.895145 -6.147462e-05 -1.1504862109234635 -1.0037837656790902
-5.925274 -6.123463e-05 -1.1459948421966697 -0.9998651067931088
-5.95528 -6.107526e-05 -1.143012261947538 -0.9972628455878134
-5.98494 -6.128642e-05 -1.1469640825248528 -1.0007107559605948
-6.01519 -6.115929e-05 -1.1445848679482566 -0.9986349232001681
-6.045214 -6.137336e-05 -1.1485911486405551 -1.0021303492917635
-6.074857 -6.112616e-05 -1.1439648460893515 -0.998093962456418
-6.105191 -6.131237e-05 -1.1474497320038322 -1.0011344786077518
-6.135339 -6.124403e-05 -1.1461707614684387 -1.0000185939947766
-6.165228 -6.122379e-05 -1.1457919735896507 -0.9996881066584196
-6.195176 -6.131359e-05 -1.14747256407953 -1.0011543992871172
-6.224921999999999 -6.13758e-05 -1.1486368127919506 -1.0021701906504945
-6.255209 -6.130721e-05 -1.1473531635525207 -1.0010502239310919
-6.284799 -6.104795e-05 -1.1425011603186006 -0.9968169162816918
-6.3146450000000005 -6.154511e-05 -1.15180541831357 -1.0049347564073408
-6.344671999999999 -6.095381e-05 -1.1407393475266494 -0.9952797582854158
-6.374848 -6.150713e-05 -1.1510946295963584 -1.0043146027989003
-6.404895000000001 -6.097345e-05 -1.14110690651575 -0.9956004485663469
-6.435162999999999 -6.132396e-05 -1.1476666367229602 -1.0013237250617228
-6.464732 -6.129769e-05 -1.1471749985028141 -1.000894777318339
-6.4945699999999995 -6.113706e-05 -1.144168837585339 -0.9982719422966497
-6.524552 -6.132951e-05 -1.1477705039525687 -1.00141434782441
-6.554959 -6.099742e-05 -1.141555500658761 -0.9959918409305994
-6.584893 -6.103585e-05 -1.1422747110432383 -0.996619342330609
-6.6150519999999995 -6.103676e-05 -1.1422917415259308 -0.9966342011980044
-6.6446760000000005 -6.117622e-05 -1.1449017097856027 -0.9989113634474271
-6.674607 -6.115047e-05 -1.144419803269852 -0.9984909064854118
-6.704654000000001 -6.109187e-05 -1.1433231150437173 -0.9975340607388453
-6.7347920000000006 -6.133328e-05 -1.1478410588094377 -1.001475905989334
-6.764931 -6.122747e-05 -1.1458608441130669 -0.99974819526503
-6.79483 -6.113308e-05 -1.1440943526170795 -0.9982069551623268
-6.824694999999999 -6.120863e-05 -1.145508256976883 -0.9994405677246665
-6.854625 -6.097303e-05 -1.1410990462929687 -0.995593590627549
-6.8849219999999995 -6.137169e-05 -1.148559894897592 -1.002103080820829
-6.914959 -6.103276e-05 -1.142216882261348 -0.9965688874951669
-6.944895000000001 -6.120399e-05 -1.1454214202299673 -0.9993648038293751
-6.974714 -6.13723e-05 -1.1485713109354407 -1.002113041160512
-7.004385 -6.108432e-05 -1.1431818181818176 -0.9974107811247399
-7.034552 -6.109433e-05 -1.1433691534914356 -0.9975742286660902
-7.064755 -6.124241e-05 -1.1461404434662827 -0.9999921419451273
-7.094591 -6.089872e-05 -1.1397083483051857 -0.994380225313089
-7.124311 -6.096558e-05 -1.1409596209126838 -0.9954719438560146
-7.154339 -6.101682e-05 -1.1419185680919866 -0.9963086123893604
-7.184524000000001 -6.104886e-05 -1.1425181908012931 -0.9968317751490872
-7.214787 -6.105417e-05 -1.1426175664750264 -0.9969184790896037
-7.244524999999999 -6.133551e-05 -1.1478827928494424 -1.0015123183786656
-7.2745500000000005 -6.106575e-05 -1.1428342840459929 -0.9971075622593177
-7.304839 -6.139533e-05 -1.149002313151275 -1.0024890848045975
-7.3345720000000005 -6.140974e-05 -1.1492719936519338 -1.002724377419069
-7.364524 -6.106051e-05 -1.1427362184093897 -0.9970220013086007
-7.394635 -6.118467e-05 -1.145059849982033 -0.9990493386446707
-7.424671999999999 -6.098677e-05 -1.14135618786681 -0.9958179431967952
-7.454497 -6.133378e-05 -1.1478504162175107 -1.0014840702021888
-7.4846260000000004 -6.131337e-05 -1.147468446819978 -1.0011508070334614
-7.514487 -6.124604e-05 -1.1462083782488917 -1.0000514141304524
-7.5445150000000005 -6.124551e-05 -1.1461984593963344 -1.0000427600648263
-7.574413 -6.104296e-05 -1.1424077733860338 -0.9967354374374022
-7.604054 -6.106307e-05 -1.1427841283387226 -0.9970638020784167
-7.633876 -6.105618e-05 -1.1426551832554792 -0.9969512992252795
-7.663829 -6.09989e-05 -1.1415831985866567 -0.9960160070006493
-7.6939589999999995 -6.071784e-05 -1.1363232123607614 -0.991426739670786
-7.7240519999999995 -6.089062e-05 -1.139556758294406 -0.9942479650648433
-7.754135 -6.106128e-05 -1.142750628817822 -0.9970345741963971
-7.784088 -6.101403e-05 -1.14186635375494 -0.9962630560816312
-7.814171999999999 -6.120023e-05 -1.1453510525212596 -0.9993034089487081
-7.844237 -6.091716e-05 -1.1400534495149113 -0.9946813214831688
-7.873912000000001 -6.122765e-05 -1.1458642127799732 -0.9997511343816579
-7.903746 -6.076468e-05 -1.1371998143490234 -0.9921915631310109
-7.933802 -6.118171e-05 -1.1450044541262423 -0.9990010065045715
-7.963774 -6.112865e-05 -1.1440114459815542 -0.9981346202364345
-7.993784 -6.105709e-05 -1.1426722137381717 -0.996966158092675
-8.023876 -6.12556e-05 -1.1463872918912439 -1.0002075138802333
-8.053663 -6.116595e-05 -1.1447095086237866 -0.9987436705153921
-8.083561 -6.114618e-05 -1.1443395167085872 -0.9984208575391189
-8.113737 -6.129268e-05 -1.1470812372739245 -1.0008129719055352
-8.144060999999999 -6.102677e-05 -1.1421047805126356 -0.9964710802251682
-8.173667 -6.119603e-05 -1.145272450293448 -0.999234829560729
-8.203394 -6.094556e-05 -1.1405849502934478 -0.9951450487733137
-8.233422000000001 -6.103045e-05 -1.1421736510360518 -0.9965311688317785
-8.263709 -6.102529e-05 -1.1420770825847402 -0.9964469141551183
-8.293913 -6.099638e-05 -1.1415360372499694 -0.9959748593678617
-8.323545 -6.110734e-05 -1.1436126332494905 -0.9977866614845687
-8.353348 -6.096675e-05 -1.140981517247574 -0.9954910481140943
-8.383403 -6.127619e-05 -1.1467726299556829 -1.0005437161655883
-8.413374 -6.08761e-05 -1.1392850191639712 -0.9940108763235439
-8.443367 -6.118083e-05 -1.1449879850880338 -0.998986637489947
-8.473533 -6.1044e-05 -1.1424272367948252 -0.9967524190001399
-8.503337 -6.087997e-05 -1.1393574455024547 -0.994074067331039
-8.53333 -6.116623e-05 -1.1447147487723075 -0.9987482424745909
-8.563063 -6.0956e-05 -1.1407803329740083 -0.995315517537719
-8.593015 -6.117133e-05 -1.1448101943346503 -0.9988315174457084
-8.623172 -6.088665e-05 -1.139482460474308 -0.9941831412147774
-8.653015 -6.111088e-05 -1.143678883698646 -0.9978444641115796
-8.683247 -6.108915e-05 -1.143272210743801 -0.9974896474209158
-8.712978999999999 -6.078465e-05 -1.137573549227452 -0.992517641792426
-8.742829 -6.100729e-05 -1.1417402158941186 -0.9961530024923505
-8.772736 -6.107098e-05 -1.1429321625344346 -0.9971929599257774
-8.802913 -6.091747e-05 -1.1400592511079164 -0.9946863832951387
-8.832647999999999 -6.106118e-05 -1.1427487573362076 -0.9970329413538263
-8.862357 -6.110754e-05 -1.1436163762127194 -0.9977899271697104
-8.892376 -6.076344e-05 -1.1371766079770027 -0.9921713158831312
-8.922450000000001 -6.090029e-05 -1.1397377305665346 -0.9944058609414527
-8.952354999999999 -6.083601e-05 -1.1385347421846923 -0.9933562697368571
-8.982107 -6.075235e-05 -1.1369690606659477 -0.9919902336420149
-9.012236000000001 -6.106147e-05 -1.1427541846328895 -0.9970376765972817
-9.042063 -6.07544e-05 -1.1370074260390461 -0.9920237069147189
-9.072254999999998 -6.116178e-05 -1.1446314678404594 -0.9986755809801844
-9.102135 -6.073879e-05 -1.1367152877590128 -0.9917688201893964
-9.132017 -6.090267e-05 -1.139782271828961 -0.9944447225946408
-9.161876 -6.080549e-05 -1.137963565995927 -0.9928579261842084
-9.191617 -6.088059e-05 -1.1393690486884653 -0.9940841909549789
-9.22161 -6.093785e-05 -1.1404406590609648 -0.9950191566110949
-9.251626 -6.098178e-05 -1.1412628009342431 -0.9957364643525056
-9.28157 -6.094534e-05 -1.1405808330338958 -0.9951414565196577
-9.31119 -6.092839e-05 -1.140263616900227 -0.9948646897038845
-9.3412 -6.100483e-05 -1.1416941774464 -0.9961128345651055
-9.371229 -6.091309e-05 -1.1399772802131987 -0.9946148647905318
-9.401262000000001 -6.090906e-05 -1.1399018595041317 -0.9945490612349233
-9.430969 -6.077079e-05 -1.137314161875673 -0.9922913298120947
-9.46058 -6.069583e-05 -1.1359112992573954 -0.9910673510209236
-9.490849 -6.093152e-05 -1.140322194274763 -0.9949157976763549
-9.520894 -6.083877e-05 -1.1385863950772543 -0.9934013361918148
-9.550780000000001 -6.064815e-05 -1.1350189768235712 -0.9902888116831029
-9.580727999999999 -6.065158e-05 -1.1350831686429508 -0.9903448181832859
-9.610812 -6.061778e-05 -1.1344506078572278 -0.9897929173943106
-9.64082 -6.07344e-05 -1.1366331297161332 -0.9916971384005324
-9.670968 -6.086948e-05 -1.139161127081087 -0.9939027821453481
-9.700874 -6.091648e-05 -1.1400407234399323 -0.9946702181536866
-9.730812 -6.08556e-05 -1.1389013654329854 -0.9936761435965027
-9.760895 -6.079393e-05 -1.1377472227212837 -0.9926691695830087
-9.790968999999999 -6.076651e-05 -1.1372340624625699 -0.9922214441500589
-9.820704 -6.081711e-05 -1.1381810321595394 -0.9930476624909507
-9.850876 -6.118497e-05 -1.145065464426877 -0.9990542371723837
-9.88082 -6.064241e-05 -1.1349115537788952 -0.9901950865195315
-9.911245999999998 -6.097624e-05 -1.1411591208527962 -0.9956460048740758
-9.940912 -6.104473e-05 -1.1424408986106116 -0.9967643387509078
-9.970709000000001 -6.091408e-05 -1.139995807881183 -0.9946310299319842
-9.992909 -6.066512e-05 -1.1353365672535627 -0.9905659050673901
-9.994474 -6.076987e-05 -1.1372969442448193 -0.9922763076604423
-9.966057000000001 -6.080342e-05 -1.1379248263265056 -0.99282412634299
-9.936808000000001 -6.058582e-05 -1.133852482333213 -0.9892710609086405
-9.907141 -6.071507e-05 -1.136271372320038 -0.9913815099315711
-9.877391 -6.066091e-05 -1.1352577778775896 -0.990497162395154
-9.847455 -6.085186e-05 -1.138831372020601 -0.9936150752843499
-9.81778 -6.049816e-05 -1.1322119415498857 -0.987839711110961
-9.787891 -6.077183e-05 -1.1373336252844646 -0.9923083113748324
-9.758327 -6.120247e-05 -1.1453929737094257 -0.9993399846222968
-9.728501 -6.079664e-05 -1.137797939873038 -0.9927134196166808
-9.698409 -6.080588e-05 -1.137970864774224 -0.9928642942702349
-9.668395 -6.085666e-05 -1.1389212031380997 -0.9936934517277546
-9.638465 -6.07143e-05 -1.1362569619116056 -0.9913689370437749
-9.608326 -6.089512e-05 -1.1396409749670613 -0.9943214429805353
-9.578638999999999 -6.100583e-05 -1.141712892262546 -0.9961291629908149
-9.548705 -6.087206e-05 -1.1392094113067428 -0.9939449094836783
-9.518779 -6.082855e-05 -1.1383951296562456 -0.9932344596810654
-9.488427 -6.062106e-05 -1.1345119924541855 -0.9898464746306371
-9.458979 -6.069382e-05 -1.1358736824769429 -0.9910345308852478
-9.429196 -6.06562e-05 -1.1351696310935435 -0.990420255510063
-9.399058 -6.076202e-05 -1.1371500329380757 -0.9921481295186239
-9.368881 -6.050754e-05 -1.1323874865253318 -0.9879928717441143
-9.339243 -6.067427e-05 -1.1355078078212955 -0.9907153101626306
-9.309520000000001 -6.081756e-05 -1.1381894538268051 -0.9930550102825201
-9.279584999999999 -6.085871e-05 -1.1389595685111986 -0.9937269250004589
-9.249604 -6.103423e-05 -1.1422443930410824 -0.9965928902809598
-9.219566 -6.105773e-05 -1.142684191220505 -0.996976608285129
-9.189345 -6.080663e-05 -1.1379849008863332 -0.992876540589517
-9.159585 -6.083684e-05 -1.138550275482093 -0.9933698223301958
-9.129641 -6.090692e-05 -1.1398618097975801 -0.9945141184039054
-9.099594 -6.100351e-05 -1.141669473889088 -0.9960912810431694
-9.069742 -6.099746e-05 -1.1415562492514069 -0.9959924940676278
-9.039808 -6.101547e-05 -1.1418933030901899 -0.9962865690146527
-9.010026 -6.105718e-05 -1.1426738980716247 -0.9969676276509888
-8.980084999999999 -6.087036e-05 -1.1391775961192951 -0.9939171511599724
-8.949992 -6.075272e-05 -1.1369759851479213 -0.9919962751595272
-8.920318 -6.099313e-05 -1.141475214097496 -0.9959217919843063
-8.890353999999999 -6.090197e-05 -1.139769171457659 -0.9944332926966442
-8.860261000000001 -6.056878e-05 -1.1335335818660912 -0.9889928245345536
-8.830148999999999 -6.103317e-05 -1.1422245553359678 -0.9965755821497079
-8.800381999999999 -6.089114e-05 -1.1395664899988016 -0.9942564558462121
-8.770483 -6.099208e-05 -1.1414555635405432 -0.9959046471373115
-8.740611000000001 -6.109187e-05 -1.1433231150437173 -0.9975340607388453
-8.710835 -6.101997e-05 -1.1419775197628452 -0.9963600469303447
-8.680742 -6.092355e-05 -1.1401730371900822 -0.9947856601234515
-8.650909 -6.113938e-05 -1.144212255958797 -0.9983098242442955
-8.620706 -6.092353e-05 -1.1401726628937592 -0.9947853335549374
-8.590817999999999 -6.086511e-05 -1.1390793433345308 -0.9938314269249985
-8.561169 -6.110142e-05 -1.1435018415379081 -0.9976899972043693
-8.530854 -6.07668e-05 -1.1372394897592522 -0.9922261793935145
-8.501159 -6.110462e-05 -1.1435617289495745 -0.9977422481666394
-8.471048000000001 -6.086902e-05 -1.1391525182656599 -0.9938952710695218
-8.441021000000001 -6.092673e-05 -1.1402325503054254 -0.9948375845172072
-8.411007 -6.069638e-05 -1.1359215924062758 -0.9910763316550638
-8.381298000000001 -6.073072e-05 -1.1365642591927172 -0.991637049793922
-8.351029 -6.101994e-05 -1.1419769583183608 -0.9963595570775734
-8.321195 -6.066506e-05 -1.135335444364594 -0.9905649253618476
-8.291178 -6.126917e-05 -1.1466412519463405 -1.000429090617109
-8.260983 -6.105917e-05 -1.1427111405557546 -0.9970001212181503
-8.231159 -6.110706e-05 -1.1436073931009696 -0.99778208952537
-8.201261 -6.107188e-05 -1.142949005868966 -0.997207655508916
-8.171326 -6.083046e-05 -1.138430874955084 -0.9932656469741703
-8.141432 -6.125696e-05 -1.146412744041202 -1.000229720539198
-8.111335 -6.107117e-05 -1.1429357183495024 -0.9971960623266622
-8.081372 -6.092814e-05 -1.1402589381961907 -0.9948606075974573
-8.051548 -6.113672e-05 -1.1441624745478496 -0.9982663906319087
-8.021474 -6.081285e-05 -1.138101307042759 -0.9929781033974291
-7.991585 -6.105125e-05 -1.1425629192118811 -0.9968708000865325
-7.961501 -6.098315e-05 -1.1412884402323624 -0.9957588342957272
-7.931289 -6.075738e-05 -1.1370631961911601 -0.9920723656233327
-7.901521 -6.101677e-05 -1.1419176323511793 -0.996307795968075
-7.871585 -6.091148e-05 -1.1399471493592042 -0.9945885760251398
-7.841629 -6.098604e-05 -1.1413425260510235 -0.9958060234460272
-7.811483 -6.080177e-05 -1.1378939468798652 -0.9927971844405696
-7.781455 -6.106433e-05 -1.1428077090070663 -0.9970843758948106
-7.751492 -6.119604e-05 -1.1452726374416093 -0.999234992844986
-7.721762 -6.099482e-05 -1.1415068421367822 -0.9959493870237552
-7.6919830000000005 -6.115968e-05 -1.1445921667265533 -0.9986412912861946
-7.661872000000001 -6.101027e-05 -1.1417959860462323 -0.9962016612009642
-7.631761 -6.113869e-05 -1.1441993427356565 -0.9982985576305561
-7.601677 -6.102894e-05 -1.1421453916636717 -0.9965065129089574
-7.571885 -6.116229e-05 -1.1446410123966937 -0.9986839084772962
-7.541872000000001 -6.108903e-05 -1.1432699649658637 -0.9974876880098309
-7.511837000000001 -6.105864e-05 -1.1427012217031975 -0.9969914671525244
-7.482279 -6.064715e-05 -1.1350002620074255 -0.9902724832573936
-7.452214 -6.107723e-05 -1.143049130135345 -0.9972950125864608
-7.42227 -6.073268e-05 -1.1366009402323627 -0.9916690535083124
-7.392084 -6.096854e-05 -1.1410150167684747 -0.995520275996114
-7.3618999999999994 -6.123023e-05 -1.145912497005629 -0.9997932617199878
-7.332083 -6.11112e-05 -1.1436848724398128 -0.9978496892078068
-7.302131 -6.077836e-05 -1.1374558330338957 -0.9924149359947143
-7.272261 -6.089072e-05 -1.1395586297760205 -0.9942495979074143
-7.2421869999999995 -6.138348e-05 -1.148780542579949 -1.002295592959942
-7.212076 -6.103548e-05 -1.142267786561264 -0.9966133008130962
-7.182167000000001 -6.134268e-05 -1.1480169780812068 -1.0016293931910016
-7.151937 -6.098301e-05 -1.1412858201581022 -0.9957565483161281
-7.121891 -6.126083e-05 -1.1464851703796854 -1.0002929115466932
-7.091885 -6.136043e-05 -1.1483491660677918 -1.001919222747342
-7.062149000000001 -6.076523e-05 -1.1372101074979035 -0.9922005437651509
-7.032001 -6.117127e-05 -1.1448090714456816 -0.998830537740166
-7.001992 -6.128004e-05 -1.1468446819978435 -1.0006065806045694
-6.971890999999999 -6.091225e-05 -1.1399615597676362 -0.9946011489129362
-6.9422619999999995 -6.105095e-05 -1.1425573047670374 -0.9968659015588198
-6.912363 -6.095786e-05 -1.1408151425320392 -0.9953458884095383
-6.882187 -6.121973e-05 -1.1457159914360995 -0.9996218132500398
-6.852178 -6.091579e-05 -1.140027810216792 -0.9946589515399472
-6.822082999999999 -6.097121e-05 -1.1410649853275836 -0.9955638728927579
-6.792177 -6.124472e-05 -1.1461836746915792 -1.0000298606085158
-6.7622610000000005 -6.113062e-05 -1.144048314169361 -0.9981667872350817
-6.732437 -6.137304e-05 -1.1485851598993886 -1.0021251241955367
-6.7022889999999995 -6.112151e-05 -1.143877822194274 -0.9980180352768697
-6.672298 -6.150721e-05 -1.15109612678165 -1.004315909072957
-6.642325 -6.122778e-05 -1.1458666457060722 -0.999753257077
-6.612297 -6.135162e-05 -1.148184288537549 -1.0017753693168432
-6.582326 -6.128949e-05 -1.1470215370104198 -1.0007608842275224
-6.552122000000001 -6.101241e-05 -1.1418360357527844 -0.9962366040319822
-6.522076 -6.112086e-05 -1.1438656575637798 -0.9980074218001588
-6.49213 -6.138808e-05 -1.148866630734219 -1.0023707037182048
-6.462566 -6.066581e-05 -1.1353494804767033 -0.9905771716811297
-6.43252 -6.136473e-05 -1.1484296397772182 -1.0019894349778922
-6.4023069999999995 -6.108671e-05 -1.1432265465924059 -0.9974498060621853
-6.372381000000001 -6.118876e-05 -1.145136393580069 -0.999116121905822
-6.342159 -6.12124e-05 -1.1455788118337518 -0.9995021258895903
-6.312214 -6.146575e-05 -1.1503202105042512 -1.0036389325430481
-6.282289 -6.132535e-05 -1.1476926503174028 -1.0013464215734589
-6.252298 -6.190597e-05 -1.1585588468678878 -1.0108270321088082
-6.222417999999999 -6.09932e-05 -1.1414765241346263 -0.995922934974106
-6.192422 -6.118241e-05 -1.145017554497544 -0.9990124364025678
-6.162751 -6.150016e-05 -1.1509641873278231 -1.0042007936717063
-6.132446 -6.120206e-05 -1.145385300634806 -0.999333289967756
-6.10252 -6.144699e-05 -1.149969120553359 -1.0033326112767413
-6.072631 -6.116239e-05 -1.144642883878308 -0.998685541319867
-6.042298 -6.140007e-05 -1.1490910213798056 -1.00256648154246
-6.012611 -6.118577e-05 -1.1450804362797935 -0.9990672999129512
-5.982659 -6.133279e-05 -1.1478318885495264 -1.0014679050607365
-5.952659 -6.09198e-05 -1.140102856629536 -0.9947244285270415
-5.9223159999999995 -6.124416e-05 -1.1461731943945377 -1.0000207166901187
-5.892103 -6.108877e-05 -1.1432650991136657 -0.9974834426191463
-5.862422 -6.124134e-05 -1.1461204186130072 -0.9999746705296185
-5.832946 -6.118093e-05 -1.1449898565696486 -0.998988270332518
-5.802761 -6.127662e-05 -1.1467806773266254 -1.0005507373886435
-5.772455 -6.140655e-05 -1.149212293388429 -1.0026722897410563
-5.742546999999999 -6.145998e-05 -1.150212226015091 -1.0035447175267056
-5.712545 -6.128378e-05 -1.1469146754102282 -1.0006676489167223
-5.682983 -6.143451e-05 -1.1497355596478616 -1.003128832523889
-5.652584 -6.140025e-05 -1.1490943900467119 -1.0025694206590876
-5.622554 -6.148269e-05 -1.1506372394897588 -1.0039155360745644
-5.592751 -6.130818e-05 -1.1473713169241821 -1.00106606250403
-5.562455 -6.146538e-05 -1.1503132860222776 -1.0036328910255359
-5.532622 -6.145399e-05 -1.1501001242663786 -1.0034469102567065
-5.502705 -6.131029e-05 -1.1474108051862493 -1.0011005154822765
-5.4724639999999996 -6.141437e-05 -1.1493586432506882 -1.0027999780301031
-5.442455 -6.130825e-05 -1.147372626961312 -1.0010672054938294
-5.412381 -6.136682e-05 -1.1484687537429628 -1.0020235613876247
-5.382511 -6.129196e-05 -1.1470677626062997 -1.0008012154390247
-5.352604 -6.141471e-05 -1.1493650062881777 -1.0028055296948444
-5.322501 -6.116935e-05 -1.1447731389986817 -0.9987991871628039
-5.2923469999999995 -6.14266e-05 -1.1495875254521495 -1.0029996746765284
-5.262742 -6.137329e-05 -1.148589838603425 -1.002129206301964
-5.23252 -6.140002e-05 -1.1490900856389983 -1.0025656651211745
-5.202733 -6.142692e-05 -1.149593514193316 -1.0030048997727552
-5.172668 -6.136544e-05 -1.1484429272966816 -1.0020010281601457
-5.1423440000000005 -6.178048e-05 -1.1562103245897706 -1.0087779779665447
-5.112316 -6.122794e-05 -1.1458696400766553 -0.9997558696251134
-5.08247 -6.160142e-05 -1.1528592496107313 -1.0058542100590326
-5.052798 -6.1513e-05 -1.1512044855671333 -1.0044104506578142
-5.022575 -6.161993e-05 -1.1532056608575871 -1.0061564492189123
-4.992890999999999 -6.154426e-05 -1.151789510719846 -1.0049208772454876
-4.962789 -6.153664e-05 -1.1516469038208166 -1.0047964546415828
-4.932837 -6.161874e-05 -1.1531833902263737 -1.0061370183923182
-4.903187 -6.151509e-05 -1.1512435995328776 -1.0044445770675465
-4.873048 -6.137846e-05 -1.148686594202898 -1.0022136242628814
-4.842705 -6.138902e-05 -1.148884222661396 -1.0023860524383719
-4.812603 -6.13653e-05 -1.1484403072224214 -1.0019987421805465
-4.782846999999999 -6.112087e-05 -1.143865844711941 -0.9980075850844158
-4.753001 -6.145886e-05 -1.150191265421008 -1.0035264296899111
-4.722946 -6.140527e-05 -1.149188338423763 -1.0026513893561484
-4.692622 -6.172853e-05 -1.1552380898910044 -1.0079297162509453
-4.662629 -6.116181e-05 -1.1446320292849437 -0.9986760708329555
-4.632779 -6.157024e-05 -1.15227572164331 -1.005345089745416
-4.602806999999999 -6.151765e-05 -1.1512915094622105 -1.0044863778373625
-4.572603 -6.154184e-05 -1.1517442208647737 -1.004881362455271
-4.542667000000001 -6.164223e-05 -1.1536230012576352 -1.0065205731122304
-4.512696 -6.131599e-05 -1.1475174796382797 -1.0011935875088198
-4.482937 -6.168198e-05 -1.1543669151994245 -1.0071696280341762
-4.452826 -6.175469e-05 -1.1557276694813745 -1.0083568678675012
-4.422779 -6.153507e-05 -1.1516175215594677 -1.0047708190132192
-4.392761 -6.183946e-05 -1.1573141244460408 -1.0097410285148807
-4.362474 -6.163975e-05 -1.1535765885135938 -1.0064800786164712
-4.3323990000000006 -6.153288e-05 -1.1515765361121086 -1.0047350597609155
-4.3026670000000005 -6.170417e-05 -1.1547821969696965 -1.0075319558006661
-4.272937 -6.144138e-05 -1.149864130434782 -1.0032410088085122
-4.242964 -6.14716e-05 -1.1504296921787034 -1.0037344538334478
-4.212594 -6.146477e-05 -1.1503018699844287 -1.0036229306858533
-4.182789 -6.143231e-05 -1.149694387052341 -1.0030929099873285
-4.152474 -6.193014e-05 -1.159011183974128 -1.0112216901582025
-4.122548 -6.167647e-05 -1.1542637965624623 -1.0070796584085178
-4.092611 -6.180202e-05 -1.156613441729548 -1.0091296922563238
-4.062418 -6.169261e-05 -1.1545658536950527 -1.0073431991994664
-4.032363 -6.16933e-05 -1.1545787669181933 -1.0073544658132056
-4.00227 -6.152708e-05 -1.151467990178464 -1.0046403548918013
-3.972526 -6.191217e-05 -1.1586748787279908 -1.010928268348206
-3.9426129999999997 -6.155278e-05 -1.151948960953407 -1.0050599954325312
-3.912538 -6.191944e-05 -1.1588109354413698 -1.0110469760031129
-3.8823719999999997 -6.153413e-05 -1.151599929632291 -1.0047554702930523
-3.8523620000000003 -6.184207e-05 -1.157362970116181 -1.0097836457059823
-3.822288 -6.167369e-05 -1.154211769373577 -1.0070342653850457
-3.792233 -6.148562e-05 -1.1506920739010655 -1.0039633783618926
-3.762498 -6.20085e-05 -1.160477676967301 -1.0125011855967856
-3.732585 -6.154147e-05 -1.1517372963827999 -1.0048753209377588
-3.702788 -6.165986e-05 -1.153952943466283 -1.006808443257486
-3.6726959999999997 -6.182826e-05 -1.1571045185052096 -1.0095581501469364
-3.6426030000000003 -6.147387e-05 -1.1504721748113542 -1.0037715193598082
-3.612714 -6.184954e-05 -1.1575027697927889 -1.009905619046031
-3.5821680000000002 -6.163344e-05 -1.1534584980237148 -1.0063770462502453
-3.552592 -6.189853e-05 -1.1584196086357643 -1.0107055486215308
-3.522733 -6.168245e-05 -1.154375711163013 -1.0071773023942594
-3.492779 -6.178282e-05 -1.1562541172595515 -1.0088161864827048
-3.46277 -6.203281e-05 -1.1609326341478015 -1.012898129625779
-3.4324369999999997 -6.159238e-05 -1.1526900676727747 -1.0057066010906204
-3.40239 -6.185363e-05 -1.1575793133908245 -1.0099724023071819
-3.3722510000000003 -6.166213e-05 -1.1539954260989334 -1.006845508783846
-3.342686 -6.166834e-05 -1.154111645107198 -1.0069469083075009
-3.312779 -6.18858e-05 -1.15818136902623 -1.010497687762251
-3.282603 -6.175038e-05 -1.1556470086237867 -1.008286492352694
-3.2523530000000003 -6.203331e-05 -1.1609419915558745 -1.012906293838634
-3.222288 -6.192517e-05 -1.1589181713378842 -1.0111405378824272
-3.192455 -6.165281e-05 -1.1538210040124561 -1.006693327856235
-3.162403 -6.180742e-05 -1.1567145017367346 -1.0092178657551543
-3.1327420000000004 -6.163195e-05 -1.153430612947658 -1.0063527168959385
-3.102325 -6.180759e-05 -1.156717683255479 -1.0092206415875247
-3.072409 -6.19428e-05 -1.159248113546532 -1.0114284080276827
-3.042261 -6.173764e-05 -1.1554085818660913 -1.0080784682091573
-3.012103 -6.208575e-05 -1.161923396514552 -1.013762556482831
-2.982122 -6.18235e-05 -1.1570154359803564 -1.0094804268405602
-2.952111 -6.18731e-05 -1.1579436908611807 -1.0102903167557429
-2.9225749999999997 -6.190683e-05 -1.158574941609773 -1.0108410745549183
-2.892584 -6.184107e-05 -1.1573442553000355 -1.009767317280273
-2.862437 -6.187037e-05 -1.1578925994131029 -1.010245740153556
-2.832342 -6.162099e-05 -1.1532254985627015 -1.0061737573501641
-2.8021480000000003 -6.186539e-05 -1.1577993996286975 -1.0101644245935237
-2.7723069999999996 -6.20882e-05 -1.161969247814109 -1.0138025611258188
-2.742335 -6.189004e-05 -1.1582607198466877 -1.0105669202872585
-2.712372 -6.187821e-05 -1.1580393235716844 -1.0103737550111171
-2.6822510000000004 -6.223001e-05 -1.164623195891723 -1.0161180951756585
-2.6521399999999997 -6.182774e-05 -1.157094786800814 -1.0095496593655675
-2.6220100000000004 -6.197182e-05 -1.1597912175110785 -1.0119022589417672
-2.5919830000000004 -6.194333e-05 -1.159258032399089 -1.0114370620933086
-2.562103 -6.183823e-05 -1.157291105222182 -1.0097209445512585
-2.532101 -6.188435e-05 -1.1581542325428191 -1.0104740115449726
-2.502399 -6.175238e-05 -1.155684438256078 -1.0083191492041128
-2.47251 -6.196165e-05 -1.1596008878308774 -1.0117361988523035
-2.442335 -6.174325e-05 -1.1555135719846683 -1.0081700706773866
-2.4124090000000002 -6.19308e-05 -1.1590235357527843 -1.0112324669191708
-2.382418 -6.187632e-05 -1.1580039525691692 -1.0103428942865267
-2.3523159999999996 -6.211636e-05 -1.1624962570367703 -1.0142623695937933
-2.322159 -6.177703e-05 -1.1561457584740684 -1.0087216448978478
-2.2921300000000002 -6.218158e-05 -1.1637168373457896 -1.015327309518556
-2.262381 -6.2083e-05 -1.1618719307701515 -1.0137176533121304
-2.2323069999999996 -6.170823e-05 -1.1548581791232477 -1.0075982492090458
-2.202075 -6.234964e-05 -1.1668620493472268 -1.0180714647432652
-2.171834 -6.214474e-05 -1.163027383518984 -1.0147257703154242
-2.14196 -6.196593e-05 -1.1596809872439808 -1.0118060845143395
-2.112158 -6.206741e-05 -1.161580166786441 -1.013463093155322
-2.082057 -6.215273e-05 -1.1631769148999873 -1.0148562344368417
-2.0519830000000003 -6.221861e-05 -1.1644098469876627 -1.0159319511225722
-2.021969 -6.191904e-05 -1.1588034495149115 -1.0110404446328292
-1.992103 -6.198925e-05 -1.1601174167564972 -1.0121868634018807
-1.96201 -6.199916e-05 -1.1603028805845006 -1.0123486781006603
-1.932131 -6.189213e-05 -1.1582998338124322 -1.0106010466969912
-1.902196 -6.224986e-05 -1.1649946849922141 -1.0164422144259886
-1.8719459999999999 -6.213425e-05 -1.162831065097616 -1.0145544851297332
-1.841677 -6.215634e-05 -1.1632444753862732 -1.0149151800536524
-1.8119880000000002 -6.205555e-05 -1.1613582090669536 -1.0132694380264093
-1.782177 -6.210346e-05 -1.1622548359084914 -1.0140517329021432
-1.7519829999999998 -6.226636e-05 -1.1653034794586172 -1.0167116334501924
-1.7220630000000001 -6.205506e-05 -1.1613490388070422 -1.0132614370978117
-1.691973 -6.201467e-05 -1.1605931473829196 -1.012601931983412
-1.6619179999999998 -6.214396e-05 -1.1630127859623902 -1.0147130341433708
-1.631927 -6.20486e-05 -1.1612281410947414 -1.0131559554677296
-1.601964 -6.247088e-05 -1.1691310336567247 -1.0200511230762639
-1.571827 -6.242523e-05 -1.168276702299676 -1.0193057304426332
-1.541807 -6.20418e-05 -1.1611008803449507 -1.0130449221729059
-1.51176 -6.242085e-05 -1.168194731404958 -1.0192342119380262
-1.481436 -6.2286e-05 -1.1656710384477178 -1.0170323237311236
-1.45179 -6.222343e-05 -1.1645000524014848 -1.016010654134491
-1.4219359999999999 -6.202267e-05 -1.1607428659120849 -1.0127325593890868
-1.391816 -6.210137e-05 -1.1622157219427471 -1.0140176064924107
-1.3616030000000001 -6.206358e-05 -1.1615084890406033 -1.0134005552848553
-1.331818 -6.216177e-05 -1.163346096837944 -1.015003843405254
-1.301881 -6.210077e-05 -1.16220449305306 -1.0140078094369853
-1.2719639999999999 -6.219366e-05 -1.1639429123248288 -1.0155245569011244
-1.241621 -6.227363e-05 -1.165439536171996 -1.0168303411050992
-1.211809 -6.215755e-05 -1.1632671203138096 -1.0149349374487606
-1.181779 -6.226795e-05 -1.165333236016289 -1.0167375956470706
-1.15189 -6.195231e-05 -1.1594260914480772 -1.0115836913561784
-1.121875 -6.217613e-05 -1.1636148415977956 -1.01523831959844
-1.091834 -6.20173e-05 -1.1606423673493829 -1.0126448757430278
-1.061899 -6.211147e-05 -1.162404741585818 -1.014182523592075
-1.031501 -6.227763e-05 -1.1655143954365788 -1.0168956548079366
-1.0018529999999999 -6.209633e-05 -1.162121399269373 -1.0139353112268357
-0.971837 -6.27466e-05 -1.1742910827644022 -1.0245531966128394
-0.9418622 -6.217007e-05 -1.1635014298119528 -1.0151393693386412
-0.9115382 -6.229521e-05 -1.165843401904419 -1.0171827085319065
-0.8816953999999999 -6.233249e-05 -1.166541090250329 -1.0177914322423505
-0.8517789 -6.202543e-05 -1.160794518804647 -1.0127776258440446
-0.8217789 -6.219722e-05 -1.1640095370703072 -1.0155826860966497
-0.7914456 -6.19896e-05 -1.1601239669421481 -1.0121925783508792
-0.7617426 -6.222876e-05 -1.1645998023715411 -1.016097684643522
-0.7317604 -6.221201e-05 -1.1642863292011014 -1.0158241835128905
-0.701853 -6.212094e-05 -1.1625819708947174 -1.0143371537835422
-0.6713992 -6.24668e-05 -1.1690546772068506 -1.01998450309937
-0.6415937 -6.236695e-05 -1.167186002814708 -1.018354109792294
-0.6112048 -6.213371e-05 -1.1628209590968974 -1.0145456677798503
-0.5812604 -6.226433e-05 -1.1652654883818416 -1.0166784867460026
-0.5515938 -6.204749e-05 -1.16120736764882 -1.0131378309151924
-0.5215659 -6.244655e-05 -1.1686757021799012 -1.019653852478756
-0.4911863 -6.222042e-05 -1.1644437208048861 -1.015961505573106
-0.46145949999999997 -6.237677e-05 -1.167369782309258 -1.0185144549327592
-0.43167700000000003 -6.21744e-05 -1.1635824649658637 -1.0152100714219627
-0.4017696 -6.194152e-05 -1.1592241585818657 -1.0114075076427749
-0.3717882 -6.215001e-05 -1.1631260106000711 -1.014811821118912
-0.3415659 -6.211494e-05 -1.1624696819978437 -1.0142391832292865
-0.31147840000000004 -6.207129e-05 -1.161652780273086 -1.0135264474470742
-0.28137150000000005 -6.16168e-05 -1.1531470834830513 -1.0061053412464422
-0.251353 -6.008374e-05 -1.124456147442807 -0.9810728849285018
-0.2212614 -3.212455e-05 -0.6012050470116178 -0.5245433281205514
-0.1915659 -2.020747e-05 -0.3781790858186607 -0.3299561726684483
-0.1617048 -1.671363e-05 -0.3127925125763563 -0.27290726578817426
-0.131177 -1.378493e-05 -0.2579824305306024 -0.2250862054132691
-0.1011215 -1.094268e-05 -0.2047902443406395 -0.17867673744093523
-0.07117702 -7.997649e-06 -0.149674530632411 -0.1305890175457711
-0.04107272 -6.054025e-06 -0.11329996481614558 -0.09885269745490666
-0.01149183 -3.659796e-06 -0.06849240927057129 -0.05975870709729106
0.01883224 -1.071192e-06 -0.02004716133668702 -0.017490878992425102
0.04871187 8.675037e-07 0.016235172251167797 0.014164969718016047
0.07882298 3.345152e-06 0.0626039046592406 0.054621065918405674
0.1087767 5.324491e-06 0.09964687013414776 0.08694055573347871
0.138573 7.514471e-06 0.14063194319678995 0.12269948146839
0.16895259999999998 9.641874e-06 0.1804458992094861 0.15743662330768882
0.1989804 1.159225e-05 0.2169468274643669 0.18928319292894258
0.2287292 1.335063e-05 0.2498545858785482 0.2179947701277085
0.2585915 1.566552e-05 0.2931773266259431 0.2557932795179718
0.2885082 1.760646e-05 0.32950166187567353 0.2874857741142324
0.3185822 1.945167e-05 0.3640344277757814 0.31761514851733913
0.3489619 2.171829e-05 0.4064538043478259 0.3546254847986133
0.37882299999999997 2.36924e-05 0.4433989100491075 0.3868595932756522
0.4087767 2.565072e-05 0.4800485088034493 0.4188358759107409
0.43883229999999995 2.755323e-05 0.5156536336687025 0.44990086910699206
0.4689434 2.97541e-05 0.5568425110791709 0.48583761139787796
0.49883229999999995 3.199665e-05 0.5988114220265898 0.5224549224723286
0.528786 3.418248e-05 0.6397188286022275 0.5581460852405462
0.5589156000000001 3.678243e-05 0.6883764148401003 0.6005991756635101
0.5889619 3.908676e-05 0.7315015271289971 0.6382252568782829
0.6189434 4.15204e-05 0.7770466522936875 0.6779627668215289
0.6491537 4.399142e-05 0.8232913372859022 0.7183106333177894
0.6790545 4.643426e-05 0.8690086387591324 0.758198364777561
0.7087386 4.894859e-05 0.9160638624386149 0.7992534153912925
0.7388415 5.093022e-05 0.9531497035573118 0.8316103136296655
0.7689433999999999 5.323648e-05 0.9963109354413698 0.8692679087060574
0.7992952 5.519841e-05 1.0330280946819974 0.9013031369579567
0.8291630999999999 5.682839e-05 1.0635328707030776 0.927918144295645
0.8588786 5.887455e-05 1.101826378907653 0.9613287158450409
0.8890916 6.032878e-05 1.1290420259911362 0.9850740023643152
0.9190452 6.160688e-05 1.1529614325068864 1.0059433632634056
0.9492119 6.217256e-05 1.1635480297041556 1.0151800271186575
0.9792668999999999 6.219681e-05 1.1640018639956875 1.0155759914421087
1.009203 6.234388e-05 1.1667542520062277 1.0179774130111794
1.0391839999999999 6.225416e-05 1.1650751587016406 1.0165124266565388
1.0693789999999999 6.217417e-05 1.16357816055815 1.0152063158840496
1.099647 6.230478e-05 1.1660225026949331 1.0173389715659449
1.1292760000000002 6.214893e-05 1.163105798598634 1.0147941864191463
1.159008 6.235617e-05 1.1669842570966578 1.0181780893631471
1.189073 6.215004e-05 1.1631265720445556 1.0148123109716836
1.219008 6.246394e-05 1.169001152832674 1.0199378038018412
1.249221 6.245922e-05 1.1689128189004665 1.019860733632493
1.279107 6.22167e-05 1.1643741016888243 1.0159007638294673
1.308953 6.265193e-05 1.1725193511198941 1.0230073845509375
1.3390730000000002 6.231545e-05 1.166222189783207 1.0175131958682635
1.369156 6.250859e-05 1.1698367693735772 1.0206668680097628
1.399268 6.262666e-05 1.1720464277158935 1.0225947652332628
1.429369 6.237804e-05 1.1673935501257628 1.01853519203341
1.459425 6.263013e-05 1.172111368127919 1.0226514248704741
1.489221 6.223159e-05 1.164652765301233 1.0161438940882792
1.519277 6.248107e-05 1.169321737633249 1.020217509734242
1.5493599999999998 6.229495e-05 1.1658385360522212 1.017178463141222
1.5795219999999999 6.257626e-05 1.171103200982153 1.0217718125775128
1.6093510000000002 6.25192e-05 1.1700353335728826 1.0208401126065387
1.6393140000000002 6.245178e-05 1.1687735806683428 1.0197392501452158
1.669203 6.234555e-05 1.166785505749191 1.018004681482114
1.699166 6.208696e-05 1.1619460414420884 1.0137823138779392
1.729221 6.249609e-05 1.1696028341717566 1.020462762688396
1.7593599999999998 6.225203e-05 1.1650352961432502 1.0164776471097778
1.78949 6.234e-05 1.1666816385195828 1.0179140587194273
1.819267 6.230488e-05 1.1660243741765475 1.0173406044085158
1.8490820000000001 6.223527e-05 1.164721635824649 1.0162039826948894
1.879305 6.237735e-05 1.1673806369026225 1.0185239254196705
1.9095730000000002 6.221663e-05 1.1643727916516944 1.0158996208396678
1.9396289999999998 6.23541e-05 1.166945517427236 1.0181442895219288
1.969573 6.236442e-05 1.1671386543298592 1.018312798875249
1.99962 6.21131e-05 1.1624352467361354 1.014209138925981
2.0296659999999997 6.237388e-05 1.1673156964905973 1.0184672657824594
2.059971 6.23227e-05 1.1663578722002628 1.0176315769546558
2.089777 6.253784e-05 1.1703841777458375 1.0211444744617606
2.119675 6.205505e-05 1.1613488516588808 1.0132612738135547
2.149527 6.220263e-05 1.164110784225655 1.015671022879737
2.179465 6.273272e-05 1.174031321116301 1.0243265580639942
2.209425 6.201954e-05 1.1606842885375488 1.0126814514166165
2.239554 6.232229e-05 1.1663501991256433 1.017624882300115
2.269619 6.203682e-05 1.1610076805605456 1.0129636066128735
2.2994899999999996 6.236126e-05 1.1670795155108389 1.0182612010500074
2.329619 6.208366e-05 1.1618842825488078 1.0137284300730984
2.3598139999999996 6.209101e-05 1.1620218364474781 1.0138484440020619
2.3897399999999998 6.213627e-05 1.1628688690262299 1.014587468549666
2.41974 6.19931e-05 1.1601894687986578 1.0122497278408618
2.449703 6.255452e-05 1.1706963408791464 1.0214168326025919
2.479638 6.183663e-05 1.1572611615163486 1.0096948190701234
2.509462 6.24147e-05 1.1680796352856624 1.019133792119914
2.5393600000000003 6.216134e-05 1.1633380494670014 1.014996822182199
2.569693 6.197226e-05 1.1597994520301826 1.0119094434490794
2.5996750000000004 6.235086e-05 1.1668848814229242 1.0180913854226306
2.6294899999999997 6.185444e-05 1.1575944723919027 1.0099856283320066
2.6596100000000003 6.217494e-05 1.1635925709665824 1.0152188887718459
2.689823 6.214371e-05 1.1630081072583536 1.0147089520369434
2.7197489999999998 6.206537e-05 1.1615419885615037 1.0134297831668748
2.749758 6.239774e-05 1.1677622320038321 1.0188568620198837
2.7798510000000003 6.212861e-05 1.1627255135345544 1.0144623928087326
2.809606 6.226222e-05 1.1652260001197743 1.0166440337677558
2.839629 6.199838e-05 1.160288283027907 1.012335941928607
2.8695079999999997 6.2379e-05 1.1674115163492627 1.0185508673220909
2.89973 6.219013e-05 1.1638768490238345 1.0154669175583704
2.929869 6.191975e-05 1.158816737034375 1.011052037815083
2.959518 6.227371e-05 1.1654410333572878 1.016831647379156
2.9901280000000003 6.191734e-05 1.1587716343274637 1.011012686309123
3.01988 6.212125e-05 1.1625877724877225 1.014342215595512
3.0495639999999997 6.18236e-05 1.157017307461971 1.0094820596831309
3.079767 6.208805e-05 1.161966440591687 1.0138001118619624
3.109878 6.201225e-05 1.1605478575278472 1.0125624171931955
3.140022 6.187044e-05 1.1578939094502332 1.010246883143356
3.17011 6.221331e-05 1.1643106584620908 1.0158454104663126
3.199897 6.186905e-05 1.1578678958557906 1.01022418663162
3.229861 6.221074e-05 1.1642625613845965 1.0158034464122399
3.2595639999999997 6.184759e-05 1.1574662759013052 1.0098737786158978
3.290073 6.199945e-05 1.1603083078811829 1.012353413344116
3.319962 6.216719e-05 1.1634475311414536 1.0150923434725985
3.3501469999999998 6.180786e-05 1.1567227362558385 1.0092250502624662
3.380147 6.197424e-05 1.1598365073661512 1.011941773731984
3.409869 6.192356e-05 1.1588880404838897 1.0111142491170353
3.440444 6.216689e-05 1.1634419166966097 1.0150874449448857
3.470173 6.215686e-05 1.163254207090669 1.0149236708350213
3.499962 6.190526e-05 1.1585455593484244 1.0108154389265545
3.530045 6.191272e-05 1.1586851718768707 1.010937248982346
3.560323 6.222272e-05 1.1644867648820212 1.0159990609522374
3.590388 6.171811e-05 1.155043081506767 1.0077595740550542
3.620418 6.199619e-05 1.1602472975805478 1.0123001826763036
3.6502489999999996 6.175249e-05 1.155686496885854 1.0083209453309407
3.680379 6.193648e-05 1.1591298359084914 1.0113252123771999
3.7103420000000003 6.198812e-05 1.1600962690142527 1.0121684122808294
3.740229 6.15466e-05 1.1518333033896269 1.0049590857616475
3.7699059999999998 6.191295e-05 1.1586894762845843 1.0109410045202591
3.800258 6.200677e-05 1.160445300335369 1.0124729374203083
3.830277 6.186945e-05 1.157875381782249 1.0102307180019037
3.860229 6.195512e-05 1.1594786800814463 1.0116295742324217
3.8899899999999996 6.177801e-05 1.156164098993891 1.0087376467550428
3.920295 6.183278e-05 1.157189109474188 1.0096319546311425
3.950332 6.182182e-05 1.1569839950892318 1.0094529950853683
3.980221 6.206206e-05 1.1614800425200618 1.013375736077777
4.010163 6.191996e-05 1.1588206671457653 1.0110554667844815
4.040045 6.170887e-05 1.154870156605581 1.0076086994015
4.070268 6.211267e-05 1.162427199365193 1.014202117702926
4.100397 6.169221e-05 1.1545583677685944 1.0073366678291826
4.130823 6.20755e-05 1.161731569649059 1.0135951901193103
4.160786 6.196557e-05 1.1596742499101687 1.0118002062810842
4.190531 6.168554e-05 1.154433539944903 1.0072277572297013
4.2204250000000005 6.150677e-05 1.1510878922625458 1.004308724565645
4.250879 6.186166e-05 1.1577295933644742 1.010103519565628
4.280588 6.159965e-05 1.1528261243861535 1.0058253087455271
4.310508 6.162615e-05 1.1533220670140134 1.0062580120268245
4.340369 6.170092e-05 1.154721373817223 1.0074788884171109
4.370536 6.183336e-05 1.1571999640675523 1.0096414251180539
4.400758 6.174879e-05 1.155617252066115 1.008260530155816
4.430878 6.142975e-05 1.149646477123008 1.0030511092175125
4.460541 6.203027e-05 1.1608850985147916 1.0128566554244776
4.49048 6.163553e-05 1.1534976119894593 1.006411172659978
4.52037 6.176742e-05 1.1559659090909085 1.008564728726781
4.550832000000001 6.19452e-05 1.1592930291052816 1.0114675962493853
4.580832999999999 6.187957e-05 1.1580647757216427 1.010395961670082
4.610592 6.178137e-05 1.1562269807761403 1.008792510265426
4.640592 6.161015e-05 1.1530226299556827 1.005996757215475
4.6708050000000005 6.188027e-05 1.1580778760929447 1.0104073915680785
4.700953 6.167099e-05 1.1541612393699838 1.0069901786356306
4.730795 6.160003e-05 1.1528332360162887 1.0058315135472968
4.761018 6.147189e-05 1.150435119475386 1.0037391890769038
4.791314000000001 6.145818e-05 1.150178539346029 1.003515326360429
4.82089 6.175113e-05 1.1556610447358957 1.008298738671976
4.850879 6.132079e-05 1.1476073107557787 1.0012719639522245
4.880879 6.130227e-05 1.147260712360761 1.0009695615080876
4.911138 6.156864e-05 1.152245777937477 1.005318964264281
4.940956 6.135282e-05 1.1482067463169234 1.001794963427694
4.970823 6.141795e-05 1.1494256422924896 1.0028584337941426
5.0007399999999995 6.150169e-05 1.1509928209965261 1.0042257761630415
5.030805 6.137952e-05 1.1487064319080125 1.0022309323941332
5.06071 6.141027e-05 1.1492819125044909 1.002733031484695
5.090555 6.16123e-05 1.153062866810396 1.0060318633307503
5.120832999999999 6.159791e-05 1.15279356060606 1.005796897284793
5.150767 6.145825e-05 1.150179849383159 1.0035164693502285
5.180916 6.156584e-05 1.1521933764522692 1.005273244672295
5.2111469999999995 6.176294e-05 1.155882066714576 1.0084915773796033
5.241055 6.163123e-05 1.153417138280033 1.0063409604294278
5.27098 6.134196e-05 1.1480035034135818 1.0016176367244907
5.301138 6.15767e-05 1.152396619355611 1.0054505713754982
5.3310640000000005 6.117589e-05 1.1448955338962745 0.9989059750669431
5.360946 6.125017e-05 1.1462856704395732 1.0001188505286318
5.390638 6.140456e-05 1.1491750509042993 1.0026397961738946
5.4207399999999994 6.105087e-05 1.1425558075817457 0.9968645952847629
5.450805 6.177184e-05 1.1560486285782725 1.0086369003684164
5.4810550000000005 6.121773e-05 1.1456785618038083 0.9995891563986213
5.510888 6.140371e-05 1.1491591433105757 1.002625917012042
5.540851 6.135933e-05 1.1483285797700318 1.0019012614790619
5.570805 6.140048e-05 1.149098694454425 1.0025731761970005
5.600814000000001 6.138889e-05 1.148881789735297 1.0023839297430295
5.630879 6.126885e-05 1.1466352632051737 1.000423865520882
5.661212000000001 6.176528e-05 1.1559258593843567 1.008529785895763
5.691268 6.155483e-05 1.151987326326506 1.0050934687052353
5.721175000000001 6.133067e-05 1.1477922131392977 1.0014332887982327
5.751045 6.145381e-05 1.1500967555994723 1.0034439711400789
5.781083 6.160944e-05 1.1530093424362193 1.0059851640332216
5.811305 6.139183e-05 1.1489368112947653 1.002431935314615
5.840897 6.148454e-05 1.1506718618996281 1.0039457436621266
5.8712219999999995 6.126318e-05 1.1465291501976278 1.00033128334711
5.901175 6.110458e-05 1.1435609803569284 0.9977415950296109
5.931109999999999 6.113035e-05 1.144043261169002 0.9981623785601403
5.961527 6.115637e-05 1.1445302206851113 0.9985872441970968
5.991484000000001 6.11405e-05 1.14423321655288 0.9983281120810897
6.021018 6.110756e-05 1.1436167505090422 0.9977902537382245
6.05124 6.13095e-05 1.1473960204814941 1.001087616025966
6.081128 6.1122e-05 1.1438869924541857 0.9980260362054675
6.111295 6.139741e-05 1.149041239968858 1.002523047930073
6.14149 6.120415e-05 1.1454244146005506 0.9993674163774887
6.171407 6.147818e-05 1.1505528356689416 1.0038418948746153
6.201295 6.101179e-05 1.1418244325667737 0.9962264804080423
6.231536 6.137102e-05 1.1485473559707744 1.0020921407756038
6.261277 6.129429e-05 1.1471113681279193 1.0008392606709273
6.291092 6.155654e-05 1.1520193286621148 1.0051213903131981
6.3211189999999995 6.120741e-05 1.1454854249011852 0.999420647045301
6.351388 6.108063e-05 1.1431127605102402 0.9973505292338725
6.381296 6.140751e-05 1.149230259611929 1.0026879650297373
6.411267 6.142128e-05 1.1494879626302545 1.0029128074517546
6.441009 6.073494e-05 1.1366432357168519 0.9917059557504154
6.471203 6.138357e-05 1.1487822269134025 1.0022970625182561
6.501286 6.094709e-05 1.1406135839621507 0.9951700312646491
6.5313609999999995 6.108914e-05 1.1432720235956395 0.9974894841366587
6.560981 6.141318e-05 1.1493363726194747 1.002780547203509
6.591175 6.117037e-05 1.1447922281111504 0.9988158421570275
6.621305 6.110949e-05 1.1436528701042035 0.9978217675998435
6.651314 6.096245e-05 1.140901043538148 0.9954208358835444
6.68124 6.119058e-05 1.145170454545454 0.999145839640613
6.71125 6.086269e-05 1.139034053479458 0.9937919121347819
6.741406 6.096574e-05 1.140962615283267 0.9954745564041281
6.771295 6.119934e-05 1.14533439633489 0.9992888766498268
6.8014589999999995 6.11337e-05 1.1441059558030895 0.9982170787862663
6.831555000000001 6.118834e-05 1.1451285333572876 0.9991092639670239
6.861536 6.111502e-05 1.1437563630374892 0.9979120637940163
6.891629 6.127873e-05 1.1468201655886927 1.0005851903668903
6.921722 6.142461e-05 1.1495502829680198 1.0029671811093668
6.95149 6.104413e-05 1.1424296697209242 0.9967545416954822
6.9814799999999995 6.125113e-05 1.146303636663073 1.0001345258173127
7.011749 6.100635e-05 1.1417226239669416 0.9961376537721838
7.041654 6.082902e-05 1.1384039256198342 0.9932421340411488
7.071555 6.136898e-05 1.1485091777458372 1.0020588307871567
7.1013969999999995 6.081331e-05 1.138109915858186 0.9929856144732553
7.131435000000001 6.10718e-05 1.1429475086836742 0.9972063492348592
7.161564 6.105111e-05 1.142560299137621 0.9968685141069333
7.191618999999999 6.107915e-05 1.1430850625823445 0.9973263631638226
7.2218230000000005 6.109219e-05 1.143329103784884 0.9975392858350723
7.25187 6.091298e-05 1.1399752215834227 0.9946130686637038
7.28172 6.128518e-05 1.1469408761528324 1.0006905087127154
7.3117030000000005 6.110281e-05 1.1435278551323507 0.9977126937161054
7.341489999999999 6.118388e-05 1.1450450652772781 0.9990364391883605
7.371888 6.11284e-05 1.1440067672775178 0.9981305381300072
7.401814 6.101419e-05 1.1418693481255233 0.9962656686297447
7.431573 6.12273e-05 1.1458576625943222 0.9997454194326595
7.461768 6.093744e-05 1.1404329859863451 0.995012461956554
7.491795 6.115613e-05 1.1445257291292366 0.9985833253749268
7.521738999999999 6.09968e-05 1.1415438974727505 0.9959817173066595
7.5515550000000005 6.097253e-05 1.1410896888848958 0.9955854264146943
7.581582999999999 6.113636e-05 1.1441557372140372 0.9982605123986533
7.611407 6.083311e-05 1.1384804692178698 0.9933089173022999
7.641425 6.100881e-05 1.14176866241466 0.9961778216994287
7.671684 6.079383e-05 1.137745351239669 0.9926675367404376
7.701888 6.094828e-05 1.140635854593364 0.9951894620912431
7.7318050000000005 6.081385e-05 1.1381200218589047 0.9929944318231383
7.761795 6.080186e-05 1.1378956312133184 0.9927986539988836
7.791434000000001 6.096569e-05 1.1409616795424595 0.9954737399828424
7.821768 6.112616e-05 1.1439648460893515 0.998093962456418
7.851555 6.102938e-05 1.142153626182776 0.9965136974162696
7.881657000000001 6.092825e-05 1.1402609968259667 0.9948624037242854
7.911600999999999 6.108028e-05 1.1431062103245893 0.9973448142848743
7.941953000000001 6.092462e-05 1.140193062043358 0.9948031315389605
7.971962 6.057147e-05 1.1335839247215231 0.9890367479997118
8.002069 6.105491e-05 1.142631415438974 0.9969305621246285
8.031721 6.075083e-05 1.1369406141454061 0.9919654144349367
8.061833 6.072952e-05 1.1365418014133424 0.9916174556830709
8.091918 6.109277e-05 1.1433399583782484 0.9975487563219838
8.121314 6.061256e-05 1.1343529165169475 0.9897076830121079
8.15161 6.085418e-05 1.1388747903940586 0.9936529572319955
8.182184 6.068094e-05 1.135632635644987 0.9908242207621117
8.212313 6.063905e-05 1.1348486719966457 0.990140223009148
8.242126 6.096123e-05 1.14087821146245 0.995400915204179
8.271832 6.061101e-05 1.1343239085519219 0.9896823739522586
8.302296 6.06924e-05 1.135847107438016 0.9910113445207407
8.33225 6.071533e-05 1.1362762381722358 0.9913857553222555
8.36221 6.085314e-05 1.138855326985267 0.9936359756692578
8.392185 6.110934e-05 1.1436500628817816 0.9978193183359872
8.422092000000001 6.074279e-05 1.1367901470235953 0.9918341338922336
8.45254 6.084238e-05 1.13865395556354 0.9934602818086253
8.482369 6.07283e-05 1.1365189693376447 0.9915975350037054
8.512106 6.089751e-05 1.1396857033776493 0.9943604679179805
8.541953 6.078873e-05 1.1376499056773262 0.9925842617693201
8.572018 6.065316e-05 1.1351127380524608 0.9903706170959066
8.602092 6.087311e-05 1.1392290618636958 0.9939620543306731
8.632183999999999 6.067386e-05 1.1355001347466758 0.9907086155080896
8.662323 6.057981e-05 1.1337400062881777 0.9891729270701275
8.692555 6.058468e-05 1.1338311474428069 0.9892524465033319
8.722286 6.097024e-05 1.1410468319559222 0.9955480343198199
8.751972 6.027543e-05 1.1280435905497659 0.9842028808527227
8.782008 6.098787e-05 1.14137677416457 0.9958359044650753
8.812194 6.053878e-05 1.1329721373817219 0.988502971763274
8.842129000000002 6.067732e-05 1.1355648880105396 0.9907651118610439
8.872073 6.104192e-05 1.1423883099772423 0.9967184558746645
8.902231 6.055721e-05 1.1333170514432862 0.9888039046490967
8.931918 6.097836e-05 1.141198796263025 0.9956806211365797
8.961999 6.059695e-05 1.134060778236914 0.9894527962867854
8.992135000000001 6.061848e-05 1.1344637082285298 0.9898043472923072
9.021832 6.073077e-05 1.1365651949335245 0.9916378662152076
9.05199 6.0572e-05 1.1335938435740802 0.9890454020653376
9.082453 6.071199e-05 1.1362137306863092 0.9913312183803863
9.112399 6.081534e-05 1.1381479069349618 0.9930187611774454
9.142073 6.062881e-05 1.1346570322793144 0.9899730199298845
9.172041 6.063165e-05 1.134710182357168 0.9900193926588989
9.202157 6.039815e-05 1.1303402727871597 0.9862067052557713
9.232211999999999 6.083928e-05 1.1385959396334884 0.9934096636889264
9.262437 6.045624e-05 1.1314274164570601 0.987155223505226
9.292129000000001 6.053595e-05 1.1329191744520297 0.9884567623185164
9.322277 6.056325e-05 1.1334300889328057 0.9889025283403811
9.352518 6.062334e-05 1.1345546622349978 0.9898837034412545
9.382371 6.04387e-05 1.1310991585818655 0.9868688229182845
9.41249 6.043666e-05 1.1310609803569285 0.9868355129298374
9.442399 6.054013e-05 1.1329974023835183 0.9885250151379814
9.471981 6.03168e-05 1.1288178224937113 0.9848783878243175
9.502129 6.070464e-05 1.1360761767876386 0.9912112044514226
9.532379 6.053461e-05 1.1328940965983945 0.988434882228066
9.562443 6.081829e-05 1.1382031156425914 0.9930669300332878
9.592452999999999 6.094823e-05 1.1406349188525566 0.9951886456699577
9.622489999999999 6.046913e-05 1.1316686504371776 0.9873656969126192
9.652415999999999 6.066139e-05 1.1352667609893394 0.9905050000394944
9.682563 6.051728e-05 1.1325697688345904 0.9881519106105232
9.712465 6.076511e-05 1.137207861719966 0.9921985843540657
9.742647000000002 6.041629e-05 1.1306797595520415 0.9865029028981384
9.772583000000001 6.070302e-05 1.1360458587854827 0.9911847524017736
9.802654 6.057822e-05 1.133710249730506 0.9891469648732497
9.832675 6.053191e-05 1.1328435665948013 0.9883907954786508
9.862626 6.064575e-05 1.1349740612648216 0.9902496234614004
9.892721 6.067526e-05 1.1355263354892797 0.9907314753040829
9.922925 6.052855e-05 1.1327806848125517 0.9883359319682673
9.952712 6.021553e-05 1.1269225730626418 0.9832248081527339
9.982776 6.048861e-05 1.1320332150556949 0.987683774645437
10.00466 6.035424e-05 1.1295185052102041 0.9854897240828746
