Sample Co_thickness Ms
0.6 1.189816473423658
0.7 1.0681890988733094
0.8 0.919786903939022
0.9 1.4945521216766404
1.0 1.1232420013528701
1.1 1.5446395755469142
1.2 1.3963981792034268
1.0 1.0334876399973303
1.1 1.2879821717239934
1.2 1.097283659634288
0.6 1.193781967295473
0.7 1.21146509009009
0.8 1.0814544897852827
0.9 1.6016128747607408
0.6 1.121586275945974
0.7 1.142809059059059
0.8 1.1412271992912237
0.9 1.1257450324066178
0.9 1.4310596644209448
1.0 1.153405798532296
1.1 1.2510780021343315
1.2 0.7389113578581344
