Ms(MA/m):0.9714013548505719
H(kOe) moment(emu) M(MA/m) M_norm()
9.992796 6.639938e-05 0.9887039518746834 1.017811995976445
9.948071 6.614243e-05 0.9848778998778996 1.013873302687951
9.899923000000001 6.61667e-05 0.9852392864587984 1.0142453287090125
9.851744 6.578982e-05 0.9796274457250066 1.0084682719798141
9.803600000000001 6.507085e-05 0.9689217963608207 0.9974474418041833
9.754727 6.518609e-05 0.970637749784091 0.9992139139371509
9.705738 6.590094e-05 0.9812820512820511 1.0101715901281598
9.656377 6.689638e-05 0.9961044104946543 1.0254303285873865
9.60747 6.466313e-05 0.9628507400458618 0.9911976499085432
9.558047 6.508565e-05 0.9691421721909524 0.9976743056324365
9.508813 6.468005e-05 0.9631026832246343 0.9914570104473303
9.459358 6.479886e-05 0.9648717948717948 0.9932782058145455
9.409756999999999 6.529826e-05 0.972307990112868 1.000933327154393
9.360188 6.653315e-05 0.9906958217933827 1.0198625077538406
9.310461 6.361047e-05 0.9471763602251406 0.9750618068376508
9.26051 6.449033e-05 0.9602777033264835 0.9885488614273145
9.210692 6.379325e-05 0.9498980017272697 0.97786357511658
9.160655 6.528496e-05 0.9721099496709251 1.0007294562817057
9.110972 6.459813e-05 0.9618828732243365 0.9902012885006737
9.060905 6.368208e-05 0.9482426516572856 0.9761594905363821
9.01098 6.516824e-05 0.9703719586646414 0.9989402977659128
8.961219999999999 6.616035e-05 0.9851447333154649 1.0141479918637821
8.911081 6.531978e-05 0.9726284284820869 1.001263199423583
8.860868 6.720792e-05 1.0007433217189314 1.0302058121721203
8.811528000000001 6.338931e-05 0.9438832305905475 0.9716717254689669
8.761313 6.469557e-05 0.9633337800410969 0.9916949108942554
8.711227000000001 6.453088e-05 0.9608815033205276 0.9891704376594548
8.661608 6.72834e-05 1.0018672384526042 1.0313628176962124
8.611164 6.594557e-05 0.9819466035319694 1.0108557071994402
8.561339 6.48468e-05 0.9655856338783165 0.9940130606744418
8.511414 6.488479e-05 0.9661513148098512 0.994595395595749
8.461339 6.62599e-05 0.9866270585782779 1.015673957681527
8.411340000000001 6.610113e-05 0.9842629321897614 1.0132402299780279
8.361443 6.353096e-05 0.9459924357485331 0.9738430269062704
8.31159 6.417946e-05 0.9556487685755978 0.9837836480294003
8.260978999999999 6.554874e-05 0.976037702135263 1.004772844161211
8.210953 6.546456e-05 0.9747842401500936 1.0034824794948345
8.161387 6.554071e-05 0.9759181333571576 1.0046497552057465
8.111113 6.634062e-05 0.9878290002680244 1.0169112852637308
8.061109 6.562688e-05 0.9772012269573245 1.0059706238598407
8.011179 6.485421e-05 0.9656959706959706 0.994126645874939
7.961155 6.47475e-05 0.9641070311802018 0.9924909270159581
7.911227 6.452583e-05 0.9608063075136245 0.9890930280423817
7.861535 6.463903e-05 0.962491884808958 0.9908282297557794
7.810961 6.551517e-05 0.975537836147592 1.0042582618156388
7.760906 6.599407e-05 0.982668781083415 1.0115991460960814
7.711294 6.517501e-05 0.970472765716668 0.9990440726387017
7.661076 6.490108e-05 0.9663938771255842 0.9948450990931983
7.611155 6.614354e-05 0.9848944280651597 1.0138903174750702
7.560665 6.601637e-05 0.9830008338544921 1.0119409747021657
7.511037999999999 6.429038e-05 0.9573003960808836 0.9854839004503372
7.460850000000001 6.39154e-05 0.9517168468387979 0.9797359681315226
7.41085 6.674254e-05 0.9938136930819856 1.0230721710645148
7.361046999999999 6.732974e-05 1.0025572530450577 1.0320731467368383
7.31097 6.342932e-05 0.9444789898448434 0.9722850242371033
7.260991 6.394926e-05 0.9522210310015187 0.9802549957818375
7.210896 6.502701e-05 0.9682690074153487 0.9967754343561678
7.160507 6.432063e-05 0.9577508264093628 0.9859475917209226
7.110679 6.373532e-05 0.9490354090354087 0.9769755871726125
7.06117 6.621952e-05 0.9860257899282289 1.0150549873176846
7.010729 6.528561e-05 0.9721196283391403 1.0007394198957844
6.960609000000001 6.601966e-05 0.9830498228059201 1.011991405918041
6.910462000000001 6.610239e-05 0.9842816939158401 1.0132595440607033
6.86046 6.404463e-05 0.9536411149825783 0.9817168878967379
6.810755 6.47764e-05 0.9645373596593109 0.992933924626534
6.760979 6.57237e-05 0.9786429018136334 1.0074547424984552
6.710452 6.662997e-05 0.9921374966496916 1.0213466263924549
6.660198 6.429236e-05 0.9573298787932932 0.9855142511516846
6.610359000000001 6.551365e-05 0.9755152029542272 1.004234962287332
6.560453000000001 6.552532e-05 0.9756889722743379 1.004413847481637
6.5104239999999995 6.499291e-05 0.9677612495905178 0.9962527278329624
6.460566 6.519057e-05 0.9707044581434824 0.9992825862311087
6.410498 6.600053e-05 0.9827649721552159 1.0116981690913864
6.360358 6.252929e-05 0.9310773102236516 0.958488791038259
6.310632 6.650717e-05 0.9903089728699483 1.0194642697634335
6.260627 6.526925e-05 0.9718760237052919 1.0004886433937423
6.21034 6.712421e-05 0.9994968581553947 1.0289226519651546
6.160546999999999 6.633768e-05 0.987785222907174 1.016866219070821
6.110442 6.570452e-05 0.9783573066499894 1.0071607392399484
6.060377000000001 6.348336e-05 0.9452836594300007 0.9731133837829691
6.010553 6.63855e-05 0.9884972750826408 1.0175992344942721
5.960566 6.695106e-05 0.9969186098454388 1.0262684984609602
5.9104790000000005 6.479175e-05 0.9647659251317785 0.9931692192051615
5.860472 6.402082e-05 0.9532865779207242 0.9813519130487168
5.810442 6.594557e-05 0.9819466035319694 1.0108557071994402
5.760283 6.446751e-05 0.9599379076208343 0.9881990619299671
5.710641 6.469835e-05 0.9633751749605406 0.9917375245052381
5.660526 6.460663e-05 0.9620094404240744 0.9903315819155489
5.610283000000001 6.490108e-05 0.9663938771255842 0.9948450990931983
5.560257 6.497149e-05 0.9674423002471781 0.9959243884274768
5.510198 6.661629e-05 0.9919337979094074 1.021136930637691
5.460154999999999 6.363269e-05 0.9475072217755143 0.9754024091527717
5.409972 6.328184e-05 0.9422829744780962 0.9700243568458323
5.360035 6.412433e-05 0.9548278686083562 0.9829385802691564
5.309915 6.384953e-05 0.950736025492123 0.9787262708094246
5.259933 6.553019e-05 0.9757614878346585 1.004488497944042
5.209887 6.705349e-05 0.998443819053575 1.0278386107533923
5.160019 6.693746e-05 0.9967161023258583 1.02606002899716
5.109896 6.495088e-05 0.9671354120134606 0.9956084652179968
5.059755 6.547427e-05 0.9749288245629707 1.0036313205605332
5.010007 6.442827e-05 0.959353613865809 0.9875975662123548
4.960063 6.603797e-05 0.9833224634444145 1.0122720732623194
4.910037999999999 6.423962e-05 0.9565445665445663 0.9847058188339762
4.860227 6.453352e-05 0.9609208136037402 0.9892109052612512
4.810118 6.63433e-05 0.9878689061615891 1.0169523660110091
4.759887 6.385824e-05 0.9508657196462073 0.9788597832380792
4.7099899999999995 6.447099e-05 0.9599897257214328 0.9882524055868808
4.6596459999999995 6.290353e-05 0.9366498406742307 0.9642253801656608
4.609953000000001 6.468084e-05 0.9631144465290805 0.9914691200705952
4.560118 6.495594e-05 0.9672107567229518 0.9956860281214402
4.510151 6.446349e-05 0.9598780487804877 0.9881374408090496
4.459915 6.476112e-05 0.9643098365049582 0.9926997030524992
4.409812 6.567957e-05 0.9779857946931116 1.006778289745697
4.359525 6.495028e-05 0.9671264778581851 0.9955992680357703
4.309604 6.469101e-05 0.9632658804610023 0.9916250123093341
4.259813 6.380092e-05 0.9500122100122098 0.9779811457627087
4.209566 6.48503e-05 0.965637749784091 0.9940667109040964
4.159563 6.610448e-05 0.9843128145567167 1.0132915809121257
4.109746 6.637591e-05 0.9883544775008187 1.0174522328650186
4.059764 6.684828e-05 0.9953881890467254 1.0246930211455627
4.009479 6.473449e-05 0.9639133089133088 0.9922915014480137
3.959368 6.477661e-05 0.9645404866136573 0.9929371436403133
3.909528 6.461034e-05 0.9620646832841954 0.9903884511589828
3.8594609999999996 6.433652e-05 0.9579874326215788 0.9861911637635542
3.809462 6.42263e-05 0.9563462282974476 0.9845016413885482
3.759618 6.647291e-05 0.9897988326037106 1.0189391106583012
3.709211 6.594459e-05 0.9819320110783525 1.010840685135137
3.659425 6.468948e-05 0.9632430983650494 0.9916015594946566
3.609424 6.517269e-05 0.9704382203162689 0.9990085102007592
3.5590189999999997 6.49432e-05 0.9670210548259328 0.9954907412854979
3.5097069999999997 6.556539e-05 0.9762856249441614 1.005028065967996
3.459424 6.424786e-05 0.9566672622770183 0.9848321268032201
3.409245 6.496086e-05 0.9672840167962117 0.9957614450156973
3.35934 6.545785e-05 0.9746843265135947 1.0033796243402684
3.3092260000000002 6.672302e-05 0.9935230352303522 1.022772956069413
3.259313 6.523518e-05 0.9713687125882245 0.9999663967296479
3.2092080000000003 6.523992e-05 0.971439292414902 1.0000390544692372
3.159424 6.225758e-05 0.9270314780070875 0.9543238470669936
3.108822 6.465735e-05 0.96276467435004 0.991109050386428
3.0588870000000004 6.647679e-05 0.9898566068078262 1.0189985857700323
3.009406 6.703087e-05 0.998107001399684 1.0274918769834536
2.9591089999999998 6.432782e-05 0.9578578873700823 0.9860578046212701
2.908766 6.652208e-05 0.9905309866285474 1.0196928197417618
2.858877 6.711326e-05 0.9993338098216146 1.028754803389521
2.808831 6.49096e-05 0.9665207421304981 0.9949756990808144
2.758641 6.594262e-05 0.9819026772685309 1.01081048772016
2.708831 6.474715e-05 0.9641018195896244 0.9924855619929926
2.6589899999999997 6.413299e-05 0.9549568182495011 0.9830713262659588
2.608794 6.526952e-05 0.9718800440751658 1.000492782125744
2.558683 6.500556e-05 0.9679496113642454 0.9964466350915708
2.508538 6.707328e-05 0.9987384972750826 1.028141964480496
2.458507 6.528648e-05 0.97213258286429 1.0007527558100129
2.408717 6.345338e-05 0.9448372494713957 0.9726538312443855
2.359028 6.383103e-05 0.9504605557044579 0.9784426910241079
2.309109 6.420016e-05 0.9559569969326066 0.9841009508162142
2.258553 6.397154e-05 0.95255278596742 0.9805965178151811
2.208528 6.406198e-05 0.9538994609726315 0.9819828397494538
2.15847 6.310449e-05 0.9396421870812114 0.9673058230660528
2.108632 6.546292e-05 0.9747598201256736 1.0034573405300822
2.05884 6.475188e-05 0.9641722505137137 0.9925580664462114
2.008702 6.510428e-05 0.9694195777122604 0.9979598781405691
1.958764 6.746579e-05 1.0045830727538043 1.0341586078066947
1.908877 6.502115e-05 0.9681817504988235 0.9966856085430891
1.858972 6.332086e-05 0.9428639923761875 0.9706224802632951
1.8088309999999999 6.328517e-05 0.9423325590398759 0.9700754012071894
1.758679 6.389386e-05 0.9513961106644032 0.9794057892895918
1.708618 6.497118e-05 0.9674376842669524 0.9959196365499929
1.658544 6.517529e-05 0.97047693498913 0.9990483646570741
1.608528 6.202998e-05 0.9236424551058695 0.9508350492757456
1.558526 6.477431e-05 0.9645062390184339 0.9929018877751116
1.5083769999999999 6.437404e-05 0.9585461151314807 0.9867662942254505
1.458785 6.342358e-05 0.9443935197593734 0.97219703786047
1.408285 6.419086e-05 0.9558185175258344 0.9839583944917036
1.3585 6.476276e-05 0.9643342565293783 0.9927248420172518
1.3087010000000001 6.432714e-05 0.9578477619941034 0.9860473811480802
1.258613 6.376668e-05 0.9495023675511479 0.9774562932303171
1.208701 6.311844e-05 0.9398499061913695 0.9675196575528188
1.1585809999999999 6.439657e-05 0.9588815926620803 0.9871116484180552
1.108453 6.179888e-05 0.9202013162988771 0.947292601254843
1.058507 6.450192e-05 0.960450281425891 0.9887265203306561
1.008443 6.355083e-05 0.9462883051907441 0.9741476069243378
0.9583588 6.221189e-05 0.9263511420828493 0.9536234816404465
0.9079902 6.332283e-05 0.9428933261860091 0.9706526776782721
0.8585280000000001 6.24767e-05 0.9302942315137435 0.9576826580161072
0.8084698 6.478575e-05 0.9646765835790223 0.9930772473828966
0.7584430999999999 6.377112e-05 0.9495684803001875 0.9775243523787931
0.7082569 6.409229e-05 0.9543507847166383 0.982447450738262
0.6584903000000001 6.36054e-05 0.9471008666130616 0.9749840906478369
0.6087544 6.25317e-05 0.9311131957473419 0.9585257330535354
0.5585161000000001 6.283446e-05 0.9356213704994191 0.9631666312050214
0.5084808 6.186222e-05 0.9211444652908066 0.9482635171252194
0.4585091 6.147438e-05 0.9153694273206466 0.9423184585340171
0.4083217 5.942808e-05 0.8848994907531492 0.9109514685505775
0.3583487 5.469357e-05 0.8144014115965335 0.8383778831786893
0.30833089999999996 4.262305e-05 0.6346682450340985 0.6533532631645628
0.258118 2.909498e-05 0.4332317817683671 0.44598638822673864
0.2083016 2.228394e-05 0.33181363352095056 0.3415824281735664
0.1582661 1.431698e-05 0.21318353732987877 0.21945978998832283
0.1079698 1.085898e-05 0.1616930224247297 0.1664533630896598
0.05793362 9.007469e-06 0.13412354447720298 0.1380722229874127
0.008145713 5.868569e-06 0.08738451115280382 0.08995716416953727
-0.04202096 1.401617e-06 0.020870439858244733 0.02148487826790727
-0.0918211 -2.155712e-06 -0.032099109562524195 -0.03304412681971389
-0.1417432 -5.959539e-06 -0.08873907799517555 -0.09135161028144338
-0.1920287 -8.696094e-06 -0.1294870901456267 -0.1332992686277912
-0.24170619999999998 -9.811244e-06 -0.1460919622383037 -0.1503929982275726
-0.2919561 -1.397719e-05 -0.20812397629470797 -0.21425127240709183
-0.3424377 -1.668029e-05 -0.24837383483724942 -0.25568611120112766
-0.39235430000000004 -1.967564e-05 -0.29297537151195685 -0.3016007441713157
-0.4419438 -2.267928e-05 -0.3377003484320557 -0.34764245154259976
-0.4918821 -2.479815e-05 -0.36925087108013926 -0.38012184071633315
-0.5421784000000001 -2.586913e-05 -0.38519804044194283 -0.3965385044178745
-0.5918306 -2.86692e-05 -0.4268918073796122 -0.4394597611460814
-0.6419654 -3.38742e-05 -0.5043956043956043 -0.5192453169608706
-0.692271 -3.758901e-05 -0.5597100866613062 -0.5761882911388412
-0.7422362 -3.821903e-05 -0.5690912475058816 -0.5858456390493951
-0.7920765 -4.259387e-05 -0.6342337472825276 -0.6529059735356145
-0.8422432 -4.87015e-05 -0.7251779385925726 -0.7465276170055629
-0.8925381 -5.135257e-05 -0.76465305697013 -0.7871649068141917
-0.9424155 -5.673346e-05 -0.8447759016051697 -0.869646616598676
-0.9919249 -5.987693e-05 -0.8915829834122516 -0.9178317272878431
-1.041938 -6.140299e-05 -0.9143064117454359 -0.9412241471354352
-1.0923640000000001 -6.142456e-05 -0.9146275946275945 -0.9415547858364776
-1.1421890000000001 -6.13711e-05 -0.9138315613925369 -0.9407353169000975
-1.192215 -6.308129e-05 -0.9392967330772206 -0.9669501986866285
-1.242472 -6.391542e-05 -0.9517171446439738 -0.9797362747042636
-1.292057 -6.331527e-05 -0.9427807558295362 -0.9705367931822183
-1.342382 -6.411684e-05 -0.9547163405699989 -0.9828237687776957
-1.392114 -6.30178e-05 -0.9383513505464723 -0.9659769835206956
-1.442197 -6.278219e-05 -0.9348430566723248 -0.9623654033467239
-1.492401 -6.342018e-05 -0.944342892879478 -0.9721449204945198
-1.5423589999999998 -6.541499e-05 -0.9740461300217396 -1.0027226389565562
-1.5922619999999998 -6.451528e-05 -0.9606492152833614 -0.9889313109215659
-1.642038 -6.594703e-05 -0.9819683433098065 -1.0108780870095246
-1.6920119999999998 -6.487233e-05 -0.965965782185294 -0.9944044007781789
-1.741925 -6.399188e-05 -0.9528556538312635 -0.980908302292659
-1.7921040000000001 -6.521514e-05 -0.971070311802019 -0.9996592108432834
-1.8426690000000001 -6.400272e-05 -0.9530170642365763 -0.9810744647182176
-1.892538 -6.307448e-05 -0.9391953304148425 -0.9668458106683581
-1.9421140000000001 -6.535485e-05 -0.9731506298579468 -1.0018007747247213
-1.992271 -6.403506e-05 -0.953498615205932 -0.9815701928402254
-2.042491 -6.571698e-05 -0.9785428392745465 -1.0073517340575184
-2.0927710000000004 -6.414884e-05 -0.9551928288513654 -0.9833142851631086
-2.142727 -6.747401e-05 -1.0047054706810803 -1.0342846092031974
-2.19234 -6.383525e-05 -0.9505233925965633 -0.9785073778724344
-2.2426880000000002 -6.361804e-05 -0.9472890794842014 -0.975177844620075
-2.292491 -6.463733e-05 -0.9624665713690101 -0.9908021710728042
-2.342567 -6.625611e-05 -0.9865706244974537 -1.0156158621471298
-2.392916 -6.528412e-05 -0.9720974418535393 -1.0007165802265887
-2.442444 -6.378414e-05 -0.9497623514696683 -0.9777239312331077
-2.4924560000000002 -6.384677e-05 -0.9506949283778551 -0.9786839637711828
-2.5426979999999997 -6.499612e-05 -0.9678090473212422 -0.9963019327578739
-2.592264 -6.29763e-05 -0.9377334048065753 -0.9653408450833634
-2.642401 -6.294107e-05 -0.9372088209893086 -0.9648008172002981
-2.692482 -6.542954e-05 -0.9742627832871733 -1.0029456706255486
-2.742382 -6.395026e-05 -0.9522359212603113 -0.9802703244188816
-2.792538 -6.52766e-05 -0.9719854671074182 -1.0006013088760166
-2.842349 -6.649349e-05 -0.9901052741296642 -1.0192545740086696
-2.892493 -6.544791e-05 -0.9745363173411952 -1.0032272576880494
-2.9427800000000004 -6.370334e-05 -0.9485592185592185 -0.9764853773599408
-2.9926039999999996 -6.364044e-05 -0.9476226212811576 -0.9755212060898638
-3.042502 -6.723495e-05 -1.001145805414098 -1.0306201452314234
-3.092808 -6.703786e-05 -0.998211084308645 -1.0275990241563921
-3.142576 -6.450077e-05 -0.9604331576282793 -0.9887088923980554
-3.192623 -6.538334e-05 -0.9735748533309507 -1.002237487594109
-3.2425100000000002 -6.325725e-05 -0.9419168230143838 -0.9696474256609168
-3.292697 -6.488908e-05 -0.9662151940200718 -0.9946611554486685
-3.3426799999999997 -6.534308e-05 -0.9729753715119568 -1.0016203566667117
-3.392512 -6.540654e-05 -0.9739203073349413 -1.0025931119735332
-3.442482 -6.491394e-05 -0.9665853658536585 -0.9950422253655861
-3.492512 -6.630851e-05 -0.9873508740581909 -1.016419082728243
-3.542604 -6.605712e-05 -0.9836076119002948 -1.012565616661715
-3.592521 -6.4981e-05 -0.9675839066082966 -0.9960701637657664
-3.64267 -6.46829e-05 -0.9631451204621934 -0.991500697062906
-3.692678 -6.44175e-05 -0.9591932457786114 -0.9874324767913892
-3.7426329999999997 -6.598025e-05 -0.9824629977069 -1.0113873043321313
-3.792762 -6.378089e-05 -0.949713958128592 -0.9776741131627144
-3.8425949999999998 -6.525168e-05 -0.971614401858304 -1.0002193192408764
-3.892567 -6.548265e-05 -0.9750536049316536 -1.0037597745389633
-3.942688 -6.61433e-05 -0.9848908544030494 -1.0138866386021794
-3.992283 -6.494862e-05 -0.9671017600285892 -0.9955738224982771
-4.042373 -6.495924e-05 -0.9672598945769677 -0.995736612623686
-4.092783 -6.583403e-05 -0.9802857440662316 -1.0091459510235359
-4.142808 -6.57893e-05 -0.9796197027904343 -1.0084603010885511
-4.192897 -6.446578e-05 -0.9599121474731229 -0.9881725433878807
-4.2429939999999995 -6.538869e-05 -0.9736545162154916 -1.0023194958022952
-4.292746 -6.496737e-05 -0.9673809523809523 -0.9958612344428548
-4.342836 -6.447008e-05 -0.9599761755859315 -0.9882384565271706
-4.393057 -6.58712e-05 -0.9808392149855562 -1.0097157164624668
-4.442688 -6.594846e-05 -0.9819896363798801 -1.0109000069604979
-4.492975 -6.420461e-05 -0.956023258584234 -0.9841691632510606
-4.54302 -6.656898e-05 -0.9912293397659251 -1.0204117328191324
-4.592984 -6.515931e-05 -0.9702389886536227 -0.9988034130371085
-4.642887 -6.708076e-05 -0.9988498764108519 -1.0282566226855863
-4.692916 -6.475094e-05 -0.9641582536704486 -0.9925436575273899
-4.742984000000001 -6.575547e-05 -0.9791159653354774 -1.0079417332973477
-4.792954 -6.488823e-05 -0.966202537300098 -0.9946481261071809
-4.84252 -6.559944e-05 -0.9767926382560527 -1.0055500060593492
-4.8929290000000005 -6.534046e-05 -0.9729363590339198 -1.001580195637656
-4.943234 -6.675329e-05 -0.993973763364007 -1.023236953912739
-4.993207999999999 -6.523411e-05 -0.9713527800113164 -0.9999499950880107
-5.0424809999999995 -6.634817e-05 -0.9879414217219092 -1.0170270164734139
-5.09229 -6.407066e-05 -0.954028708418952 -0.982115892318997
-5.142632 -6.395741e-05 -0.9523423866106792 -0.9803799241737473
-5.193 -6.840926e-05 -1.018631585216951 -1.0486207169987367
-5.242801999999999 -6.686043e-05 -0.9955691056910567 -1.0248792640856492
-5.292463 -6.544702e-05 -0.9745230650108697 -1.0032136152010802
-5.342549 -6.395041e-05 -0.9522381547991302 -0.9802726237144382
-5.3926419999999995 -6.502665e-05 -0.9682636469221834 -0.996769916046832
-5.442381999999999 -6.523394e-05 -0.9713502486673217 -0.9999473892197133
-5.492576 -6.502993e-05 -0.9683124869710235 -0.9968201939763367
-5.542669 -6.441305e-05 -0.9591269841269839 -0.9873642643565428
-5.592501 -6.500459e-05 -0.9679351678132165 -0.9964317663136381
-5.6426229999999995 -6.295233e-05 -0.9373764853033144 -0.9649734176534153
-5.692491 -6.324464e-05 -0.9417290568510078 -0.96945413154779
-5.742336 -6.531481e-05 -0.9725544238958871 -1.0011870160974734
-5.792623 -6.544618e-05 -0.9745105571934838 -1.0032007391459632
-5.842529000000001 -6.595562e-05 -0.9820962506328359 -1.0110097600017338
-5.892512 -6.527935e-05 -0.972026415319098 -1.000643462627888
-5.942614 -6.419992e-05 -0.9559534232704963 -0.9840972719433235
-5.992274 -6.595537e-05 -0.9820925280681376 -1.0110059278424728
-6.042002999999999 -6.56199e-05 -0.9770972929509515 -1.0058636299732726
-6.092207999999999 -6.612243e-05 -0.9845800947020458 -1.0135667299470683
-6.142021 -6.556975e-05 -0.9763505464724974 -1.0050948988255084
-6.192494 -6.707803e-05 -0.9988092260043478 -1.0282147755064557
-6.24254 -6.609791e-05 -0.9842149855564487 -1.0131908717667455
-6.292331 -6.521445e-05 -0.9710600375234519 -0.9996486340837227
-6.342150999999999 -6.42278e-05 -0.9563685636856367 -0.9845246343441144
-6.392321 -6.467621e-05 -0.9630455046308704 -0.9913981484810808
-6.441972 -6.511774e-05 -0.9696200005956103 -0.9981662015951833
-6.49179 -6.610351e-05 -0.9842983710056878 -1.0132767121341928
-6.541802 -6.596434e-05 -0.9822260936895082 -1.0111434257167589
-6.591725 -6.43433e-05 -0.9580883885761932 -0.9862950919227135
-6.64203 -6.398781e-05 -0.9527950504779772 -0.9808459147398894
-6.691916 -6.344713e-05 -0.9447441853539412 -0.9725580272628596
-6.742216 -6.615365e-05 -0.9850449685815539 -1.0140452899955865
-6.792039 -6.606263e-05 -0.9836896572262424 -1.0126500774518281
-6.8418209999999995 -6.506509e-05 -0.9688360284701746 -0.9973591488548088
-6.891755 -6.644066e-05 -0.989318621757646 -1.0184447621136272
-6.941716 -6.693517e-05 -0.9966820036332229 -1.0260249264183288
-6.991944 -6.628506e-05 -0.9870016974895022 -1.0160596261895578
-7.0421689999999995 -6.656015e-05 -0.9910978587807854 -1.0202763809540325
-7.091812 -6.470075e-05 -0.963410911581643 -0.9917743132341441
-7.141725 -6.4404e-05 -0.9589922272849101 -0.9872255401912933
-7.192208 -6.467011e-05 -0.9629546740522349 -0.9913046437951114
-7.242218 -6.605164e-05 -0.9835260132821106 -1.0124816157307128
-7.291892 -6.509037e-05 -0.969212454212454 -0.997746656799285
-7.341831 -6.541523e-05 -0.9740497036838499 -1.0027263178294468
-7.391303 -6.485505e-05 -0.9657084785133565 -0.9941395219300562
-7.4413540000000005 -6.515961e-05 -0.9702434557312605 -0.9988080116282219
-7.491652 -6.274725e-05 -0.934322791030108 -0.9618298207684015
-7.541529000000001 -6.595365e-05 -0.9820669168230143 -1.0109795625867568
-7.591400999999999 -6.657199e-05 -0.991274159444891 -1.0204578720166353
-7.641246 -6.49233e-05 -0.966724738675958 -0.9951857014083192
-7.691327 -6.708674e-05 -0.9989389201584322 -1.0283482879351102
-7.741283999999999 -6.640431e-05 -0.9887773608505315 -1.0178875661570725
-7.790938 -6.632258e-05 -0.9875603799994043 -1.0166347566514544
-7.841484 -6.552682e-05 -0.975711307662527 -1.0044368404372033
-7.891133 -6.533468e-05 -0.972850293338098 -1.0014915961155408
-7.940679 -6.520723e-05 -0.9709525298549688 -0.9995379613242641
-7.991021 -6.415488e-05 -0.9552827660144732 -0.9834068701308553
-8.04092 -6.704799e-05 -0.9983619226302151 -1.0277543032496494
-8.091169 -6.508509e-05 -0.9691338336460285 -0.9976657215956919
-8.140944000000001 -6.368376e-05 -0.9482676672920575 -0.9761852426466163
-8.19065 -6.641533e-05 -0.988941451502427 -1.018056487737299
-8.240716 -6.786497e-05 -1.0105269662586733 -1.0402774931419774
-8.290929 -6.52321e-05 -0.971322850591143 -0.999919184527552
-8.340661 -6.690662e-05 -0.9962568867446915 -1.0255872938307184
-8.390522 -6.696812e-05 -0.9971726376604423 -1.0265300050089334
-8.440661 -6.397393e-05 -0.9525883736859346 -0.9806331532577167
-8.490171 -6.452797e-05 -0.9608381726674409 -0.9891258313256562
-8.540188 -6.644727e-05 -0.9894170463682657 -1.0185460844044891
-8.589991 -6.608348e-05 -0.9840001191220703 -1.0129696795341987
-8.639744 -6.511802e-05 -0.9696241698680721 -0.9981704936135556
-8.689841 -6.558301e-05 -0.9765479913040886 -1.005298156552714
-8.739426 -6.646452e-05 -0.9896739033324398 -1.0188105033935007
-8.789586 -6.356979e-05 -0.9465706244974537 -0.9744382378826948
-8.839633 -6.7238e-05 -1.0011912207034157 -1.030666897574408
-8.889144 -6.656961e-05 -0.9912387206289643 -1.0204213898604702
-8.939337 -6.634573e-05 -0.9879050894904551 -1.0169896145990263
-8.989066999999999 -6.53885e-05 -0.9736516870663211 -1.0023165833612568
-9.03917 -6.50468e-05 -0.9685636856368562 -0.9970787880832715
-9.089435 -6.424569e-05 -0.9566349504154381 -0.9847988636608342
-9.138859 -6.464258e-05 -0.9625447452276717 -0.990882646417286
-9.18867 -6.689304e-05 -0.9960546770302866 -1.025379130939659
-9.238783999999999 -6.717441e-05 -1.000244349146788 -1.0296921495447708
-9.288559 -6.645678e-05 -0.9895586527293844 -1.018691859742779
-9.338369 -6.512945e-05 -0.9697943655260727 -0.9983456999349702
-9.388031000000002 -6.344696e-05 -0.9447416540099465 -0.9725554213945621
-9.438336999999999 -6.612415e-05 -0.9846057059471692 -1.013593095202784
-9.487821 -6.418136e-05 -0.9556770600673038 -0.9838127724397842
-9.537744 -6.49966e-05 -0.9678161946454629 -0.9963092905036552
-9.587614 -6.614209e-05 -0.9848728371899101 -1.013868090951356
-9.637504000000002 -6.478284e-05 -0.9646332529259356 -0.9930326410490982
-9.687707 -6.450834e-05 -0.9605458768873402 -0.9888249301804796
-9.737548 -6.455273e-05 -0.9612068554751481 -0.9895053683788694
-9.787605 -6.648523e-05 -0.9899822805920365 -1.0191279594666849
-9.837521 -6.438451e-05 -0.9587020161410403 -0.9869267850553027
-9.887717 -6.543921e-05 -0.9744067720896987 -1.0030938985457654
-9.937911 -6.566648e-05 -0.9777908812055152 -1.006577637886789
-9.989751 -6.535566e-05 -0.9731626909675689 -1.001813190920727
-9.993732 -6.417144e-05 -0.9555293487000802 -0.9836607123603062
-9.945962 -6.478193e-05 -0.9646197027904343 -0.9930186919893881
-9.897193 -6.379977e-05 -0.9499950862145983 -0.9779635178301079
-9.847610000000001 -6.448791e-05 -0.9602416689002053 -0.9885117661256678
-9.798624 -6.706051e-05 -0.9985483486702996 -1.0279462177854422
-9.74911 -6.625473e-05 -0.9865500759403197 -1.015594708628009
-9.699249 -6.338271e-05 -0.9437849548825158 -0.9715705564644757
-9.64898 -6.466693e-05 -0.9629073230292742 -0.9912558987293111
-9.599577 -6.589231e-05 -0.9811535483486703 -1.010039303990469
-9.549897000000001 -6.595921e-05 -0.9821497066619016 -1.0110647898087224
-9.500021 -6.4823e-05 -0.9652312457190504 -0.9936482391127912
-9.450286 -6.56692e-05 -0.9778313827094313 -1.006619331779549
-9.400568 -6.48861e-05 -0.9661708210488695 -0.9946154761102769
-9.350973 -6.487377e-05 -0.9659872241579557 -0.9944264740155225
-9.301286 -6.480041e-05 -0.9648948747729235 -0.993301965201964
-9.251397 -6.45017e-05 -0.9604470055689567 -0.9887231480305066
-9.201672 -6.449594e-05 -0.9603612376783106 -0.9886348550811321
-9.151935 -6.607965e-05 -0.983943089430894 -1.0129109708543194
-9.102087 -6.523254e-05 -0.9713294023050119 -0.9999259291278515
-9.051814 -6.495561e-05 -0.9672058429375502 -0.9956809696712158
-9.001888999999998 -6.386896e-05 -0.9510253432204651 -0.9790241062271925
-8.952511000000001 -6.513346e-05 -0.9698540754638315 -0.9984071677695174
-8.902489 -6.496329e-05 -0.967320200125078 -0.9957986936037148
-8.852222 -6.660801e-05 -0.9918105065666039 -1.0210100095229653
-8.802558000000001 -6.689363e-05 -0.9960634622829744 -1.025388174835515
-8.752989 -6.677202e-05 -0.9942526579111944 -1.0235240592845762
-8.702842 -6.424127e-05 -0.9565691354715743 -0.9847311110850991
-8.652964 -6.515377e-05 -0.9701564966199112 -0.998718492387884
-8.602841 -6.625278e-05 -0.9865210399356739 -1.0155648177857728
-8.553144 -6.757428e-05 -1.006198516930224 -1.0358216116396142
-8.502671 -6.530687e-05 -0.972436195241073 -1.001065306719343
-8.453134 -6.61451e-05 -0.9849176568688763 -1.013914230148859
-8.403268 -6.679665e-05 -0.9946194049852584 -1.0239016036149733
-8.353464 -6.628726e-05 -0.9870344560588462 -1.016093349191055
-8.303851 -6.543013e-05 -0.9742715685398611 -1.0029547145214046
-8.253597 -6.704262e-05 -0.9982819619404983 -1.0276719884687224
-8.203711 -6.583769e-05 -0.9803402424134129 -1.0092020538351174
-8.153481 -6.351158e-05 -0.9457038625331307 -0.9735459579203548
-8.103148000000001 -6.611997e-05 -0.9845434646654156 -1.0135290214999395
-8.053644 -6.657149e-05 -0.9912667143154947 -1.0204502076981132
-8.004055000000001 -6.379588e-05 -0.9499371631078947 -0.9779038894320061
-7.953527 -6.470071e-05 -0.9634103159712913 -0.9917737000886623
-7.903681 -6.518765e-05 -0.9706609785878076 -0.9992378266109397
-7.853907 -6.683543e-05 -0.9951968492212392 -1.0244960481595455
-7.803481 -6.400753e-05 -0.953088686381369 -0.9811481954624
-7.753785 -6.503711e-05 -0.968419399029155 -0.9969302535903137
-7.7041379999999995 -6.532139e-05 -0.972652401798743 -1.0012878785292239
-7.653675 -6.451925e-05 -0.9607083296107685 -0.9889921656106313
-7.603794 -6.630902e-05 -0.9873584680901752 -1.0164269003331359
-7.554129 -6.529838e-05 -0.9723097769439231 -1.0009351665908381
-7.503925000000001 -6.57872e-05 -0.9795884332469696 -1.0084281109507585
-7.454238 -6.42391e-05 -0.9565368236099941 -0.9846978479427133
-7.40449 -6.554934e-05 -0.9760466362905386 -1.0047820413434376
-7.35424 -6.550297e-05 -0.9753561749903211 -1.0040712524437003
-7.30411 -6.744684e-05 -1.0043009023496825 -1.033868130134708
-7.254436 -6.442327e-05 -0.9592791625718453 -0.9875209230271339
-7.20412 -6.338405e-05 -0.943804907829298 -0.9715910968381148
-7.154134 -6.46258e-05 -0.9622948866851304 -0.9906254318876853
-7.104203 -6.61259e-05 -0.9846317639000565 -1.0136199203176113
-7.054163 -6.639613e-05 -0.9886555585336072 -1.0177621779060515
-7.004203 -6.480213e-05 -0.9649204860180468 -0.9933283304576799
-6.954266 -6.491086e-05 -0.9665395038565769 -0.9949950131634901
-6.904277 -6.500677e-05 -0.9679676285773844 -0.9964651827423942
-6.854144 -6.538838e-05 -0.973649900235266 -1.0023147439248115
-6.804388 -6.509529e-05 -0.9692857142857142 -0.9978220736935423
-6.754129 -6.555069e-05 -0.9760667381399087 -1.0048027350034472
-6.703925 -6.49733e-05 -0.9674692516155928 -0.9959521332605266
-6.654455 -6.482071e-05 -0.9651971470264152 -0.9936131365339601
-6.60462 -6.407549e-05 -0.954100628368921 -0.9821899296359203
-6.554323 -6.462666e-05 -0.9623076923076923 -0.9906386145155434
-6.504073999999999 -6.65234e-05 -0.9905506417701538 -1.0197130535426602
-6.454474 -6.657537e-05 -0.9913244885196103 -1.0205096828098446
-6.404693 -6.694809e-05 -0.9968743857768246 -1.0262229724089393
-6.354425 -6.546662e-05 -0.9748149140832066 -1.0035140564871456
-6.304436 -6.460997e-05 -0.9620591738884421 -0.9903827795632765
-6.254879 -6.395743e-05 -0.952342684415855 -0.9803802307464882
-6.204935000000001 -6.593841e-05 -0.9818399892790136 -1.0107459541582042
-6.154898 -6.495922e-05 -0.9672595967717917 -0.995736306050945
-6.10473 -6.471873e-05 -0.9636786384347358 -0.9920499221281979
-6.05424 -6.630902e-05 -0.9873584680901752 -1.0164269003331359
-6.004785 -6.579932e-05 -0.979768903183537 -1.0086138940317335
-5.95524 -6.476925e-05 -0.964430894308943 -0.9928243248716684
-5.904536 -6.469056e-05 -0.9632591798445456 -0.9916181144226643
-5.854653 -6.493029e-05 -0.966828821584919 -0.9952928485812578
-5.80474 -6.387636e-05 -0.9511355311355308 -0.9791375381413191
-5.754832 -6.563428e-05 -0.9773114148723903 -1.0060840557739674
-5.70499 -6.701911e-05 -0.9979318919562821 -1.0273116122118144
-5.654993 -6.692181e-05 -0.9964830697757525 -1.0258201358274188
-5.6048599999999995 -6.384638e-05 -0.9506891211769258 -0.9786779856027356
-5.554323 -6.468356e-05 -0.9631549480329967 -0.9915108139633553
-5.5048509999999995 -6.518347e-05 -0.9705987373060541 -0.9991737529080951
-5.454823 -6.382193e-05 -0.9503250543494444 -0.9783032004270061
-5.40436 -6.772443e-05 -1.0084342892879474 -1.0381232064917927
-5.354672 -6.604898e-05 -0.9834864051937221 -1.0124408415561754
-5.305172 -6.517093e-05 -0.9704120134607938 -0.9989815317995615
-5.254944 -6.409455e-05 -0.9543844367015096 -0.9824820934579818
-5.204833 -6.402297e-05 -0.9533185919771284 -0.9813848696183617
-5.154955 -6.491525e-05 -0.9666048720926769 -0.9950623058801138
-5.104944000000001 -6.507092e-05 -0.968922838678936 -0.9974485148087763
-5.054709 -6.591025e-05 -0.9814206795914111 -1.0103142997390409
-5.004917000000001 -6.689399e-05 -0.9960688227761396 -1.0253936931448508
-4.954841 -6.331337e-05 -0.9427524643378299 -0.9705076687718343
-4.905304 -6.430016e-05 -0.9574460228118763 -0.985633814520629
-4.85512 -6.615564e-05 -0.9850746001965511 -1.0140757939833043
-4.805125 -6.514481e-05 -0.9700230799011286 -0.9985811477999684
-4.755109999999999 -6.650503e-05 -0.9902771077161321 -1.0194314664801591
-4.705105 -6.484696e-05 -0.9655880163197234 -0.9940155132563689
-4.655073000000001 -6.561309e-05 -0.976995890288573 -1.0057592419550019
-4.605087 -6.489463e-05 -0.9662978349563712 -0.9947462293842634
-4.555258 -6.498324e-05 -0.9676172607879924 -0.9961044999127454
-4.5053410000000005 -6.522318e-05 -0.9711900294827122 -0.9997824530851182
-4.455342 -6.580554e-05 -0.9798615205932276 -1.008709238154148
-4.405147 -6.592656e-05 -0.9816635397123201 -1.010564309809231
-4.355002000000001 -6.552987e-05 -0.9757567229518447 -1.0044835927801878
-4.305134 -6.472261e-05 -0.9637364126388515 -0.9921093972399292
-4.255296 -6.518748e-05 -0.970658447243813 -0.9992352207426423
-4.2048879999999995 -6.527749e-05 -0.9719987194377436 -1.0006149513629858
-4.154898 -6.454889e-05 -0.9611496768813841 -0.9894465064126199
-4.105147 -6.515119e-05 -0.970118079752226 -0.99867894450431
-4.0544899999999995 -6.572151e-05 -0.9786102921468773 -1.0074211727833284
-4.0045399999999995 -6.678081e-05 -0.9943835432859821 -1.023658798004194
-3.954786 -6.41858e-05 -0.9557431728163434 -0.9838808315882602
-3.9046999999999996 -6.543843e-05 -0.9743951576878405 -1.003081942208871
-3.854758 -6.475929e-05 -0.9642825873313677 -0.9926716516467086
-3.804518 -6.458316e-05 -0.9616599660502098 -0.9899718188041228
-3.754907 -6.52563e-05 -0.9716831948539264 -1.0002901375440203
-3.704768 -6.744561e-05 -1.0042825873313677 -1.0338492759111437
-3.654502 -6.457592e-05 -0.9615521605765506 -0.989860839471923
-3.6048139999999997 -6.195671e-05 -0.9225514458441286 -0.9497119200395208
-3.554681 -6.574595e-05 -0.9789742100717709 -1.0077958046726874
-3.5048690000000002 -6.558659e-05 -0.9766012984305666 -1.005353033073332
-3.45487 -6.521089e-05 -0.97100702820215 -0.9995940641358457
-3.404869 -6.613148e-05 -0.9847148515441198 -1.0137054541123176
-3.3548229999999997 -6.618074e-05 -0.985448345692248 -1.0144605427731124
-3.305055 -6.63217e-05 -0.9875472765716666 -1.0166212674508555
-3.254681 -6.603235e-05 -0.9832387801899996 -1.0121859263221313
-3.204656 -6.509361e-05 -0.9692606986509423 -0.997796321583308
-3.154549 -6.550701e-05 -0.9754163316358435 -1.0041331801373587
-3.104619 -6.533082e-05 -0.9727928169391582 -1.0014324275765503
-3.054397 -6.616204e-05 -0.9851698978528244 -1.0141738972603869
-3.004634 -6.530561e-05 -0.9724174335149943 -1.0010459926366673
-2.9549160000000003 -6.330152e-05 -0.9425760147711366 -0.9703260244228613
-2.904462 -6.563029e-05 -0.9772520027398075 -1.0060228945121612
-2.854332 -6.549163e-05 -0.9751873194556121 -1.0038974256996198
-2.804656 -6.465799e-05 -0.9627742041156674 -0.9911188607141365
-2.7546060000000003 -6.36176e-05 -0.9472825277703324 -0.9751711000197755
-2.704545 -6.652461e-05 -0.990568658983293 -1.0197316011934836
-2.6542489999999996 -6.513251e-05 -0.9698399297179783 -0.9983926055643253
-2.604464 -6.414425e-05 -0.9551244825635068 -0.983243926719076
-2.5548040000000003 -6.547541e-05 -0.9749457994579943 -1.0036487952067636
-2.50462 -6.58771e-05 -0.9809270675124332 -1.0098061554210274
-2.454416 -6.483402e-05 -0.9653953363709459 -0.9938171606930176
-2.4046529999999997 -6.518204e-05 -0.9705774442359807 -0.9991518329571221
-2.355054 -6.595736e-05 -0.9821221596831351 -1.0110364318301908
-2.304907 -6.476959e-05 -0.9644359569969325 -0.9928295366082633
-2.254944 -6.464494e-05 -0.9625798862384226 -0.9909188220007102
-2.204638 -6.528685e-05 -0.9721380922600433 -1.0007584274057193
-2.154672 -6.465356e-05 -0.9627082402692159 -0.9910509548520309
-2.104943 -6.342631e-05 -0.9444341701658773 -0.9722388850396003
-2.054601 -6.488284e-05 -0.9661222788052054 -0.9945655047535129
-2.0042940000000002 -6.48294e-05 -0.9653265433753236 -0.9937463423898737
-1.954728 -6.456371e-05 -0.9613703505166917 -0.9896736768136141
-1.9048969999999998 -6.30017e-05 -0.9381116173799098 -0.9657301924642848
-1.854129 -6.555794e-05 -0.9761746925161557 -1.004913867622017
-1.8043699999999998 -6.521707e-05 -0.9710990500014889 -0.9996887951127785
-1.754379 -6.367476e-05 -0.948133654962923 -0.9760472849132189
-1.704247 -6.43472e-05 -0.9581464605854848 -0.9863548736071857
-1.6543050000000001 -6.402913e-05 -0.9534103159712914 -0.9814792940225536
-1.6043699999999999 -6.41151e-05 -0.9546904315196996 -0.982797096949239
-1.5543889999999998 -6.371895e-05 -0.9487916554989725 -0.9767246573841999
-1.504156 -6.56702e-05 -0.977846272968224 -1.0066346604165932
-1.4543789999999999 -6.281609e-05 -0.9353478364453972 -0.9628850441425205
-1.404295 -6.352596e-05 -0.9459179844545695 -0.9737663837210497
-1.354125 -6.271846e-05 -0.9338941004794662 -0.9613885093079004
-1.304351 -6.407085e-05 -0.9540315375681229 -0.9821188047600355
-1.254249 -6.283548e-05 -0.9356365585633877 -0.9631822664148065
-1.2043320000000002 -6.404474e-05 -0.9536427529110454 -0.9817185740468127
-1.1543420000000002 -6.271497e-05 -0.9338421334762796 -0.9613350123646163
-1.104445 -6.419416e-05 -0.9558676553798504 -0.9840089789939493
-1.054564 -6.266485e-05 -0.9330958337055896 -0.9605667410759636
-1.004027 -6.403028e-05 -0.953427439768903 -0.9814969219551544
-0.9544451 -6.369949e-05 -0.9485018910628664 -0.9764263621073207
-0.9043692999999999 -6.511706e-05 -0.9696098752196312 -0.9981557781219933
-0.8542119 -6.388513e-05 -0.951266118705143 -0.9792719702881962
-0.8041378 -6.257711e-05 -0.9317893623991184 -0.9592218064617102
-0.7541903999999999 -6.338621e-05 -0.94383707078829 -0.97162420669413
-0.7044989 -6.267332e-05 -0.9332219541975637 -0.9606965746317275
-0.6541656 -6.195668e-05 -0.9225509991363648 -0.9497114601804094
-0.6040677 -6.348432e-05 -0.9452979540784417 -0.9731280992745315
-0.5544072999999999 -6.127309e-05 -0.9123721671282645 -0.9392329571834006
-0.5042397000000001 -6.101522e-05 -0.9085324160933916 -0.9352801615488262
-0.4537397 -6.119384e-05 -0.9111921141189432 -0.9380181626976518
-0.4040111 -6.032914e-05 -0.8983165073408975 -0.9247634902455772
-0.3545866 -5.61301e-05 -0.8357917150600076 -0.860397930151719
-0.3040082 -4.588255e-05 -0.683203043568897 -0.7033169556099624
-0.2539711 -3.341711e-05 -0.4975894160040501 -0.512238750254361
-0.2038791 -2.533942e-05 -0.3773105214568629 -0.38841877208921904
-0.15386000000000002 -1.83002e-05 -0.2724947139581286 -0.2805171236353131
-0.1040394 -1.234582e-05 -0.1838324548080645 -0.18924459379238046
-0.05417482 -1.02857e-05 -0.1531567348640519 -0.15766576204499078
-0.0038322210000000002 -6.040781e-06 -0.0899487924000119 -0.09259693941218404
0.046205869999999996 -2.326179e-06 -0.03463740730813901 -0.035657153590718624
0.09613074 2.335588e-06 0.0347775097531195 0.03580138073666701
0.1462233 3.774787e-06 0.05620755531731141 0.057862339841967446
0.1962153 6.867991e-06 0.10226616337591944 0.10527694126147351
0.2461122 8.742767e-06 0.1301820631942583 0.1340147021045527
0.2961308 1.128943e-05 0.16810253432204647 0.1730515749053132
0.3461965 1.420203e-05 0.21147190208165814 0.217697763160098
0.3960567 1.860727e-05 0.27706706572560225 0.28522408821245954
0.4463067 1.890716e-05 0.2815325054349444 0.28982099317562904
0.49638519999999997 2.240753e-05 0.33365392060514004 0.3434768944258526
0.5462697 2.534115e-05 0.3773362816045743 0.3884452906313054
0.5963808 2.981548e-05 0.4439602132285058 0.4570306712170471
0.6465643999999999 2.973402e-05 0.4427472527472527 0.4557820004434308
0.6966493 3.379118e-05 0.5031594151106346 0.5179727335134654
0.746338 3.794753e-05 0.5650485422436641 0.581683914091909
0.7963345000000001 4.161024e-05 0.6195872420262662 0.6378282662798795
0.8463003 4.650791e-05 0.6925148158074986 0.7129028720718907
0.8960937999999999 5.206184e-05 0.7752142708240268 0.7980370492104943
0.9467789 5.471983e-05 0.8147924297924296 0.8387804131874688
0.9965833000000001 5.993609e-05 0.8924638911224276 0.918738569455375
1.046566 6.093157e-05 0.9072868459453824 0.9339979210600833
1.0969090000000001 6.132373e-05 0.9131262098335268 0.9400091993633163
1.146913 6.227884e-05 0.9273480449090202 0.9546497338905521
1.196881 6.305026e-05 0.9388346883468833 0.9664745510791487
1.246649 6.307852e-05 0.939255487060365 0.9669077383620164
1.296584 6.299456e-05 0.93800530093213 0.9656207459957896
1.346319 6.422218e-05 0.9562848804312216 0.9844384874039263
1.396186 6.398339e-05 0.9527292355341134 0.9807781621641543
1.446631 6.507147e-05 0.9689310283212722 0.9974569455591507
1.496423 6.267912e-05 0.9333083176985614 0.9607854807265835
1.546566 6.483022e-05 0.9653387533875337 0.99375891187225
1.597001 6.517784e-05 0.9705149051490513 0.9990874526815365
1.6468099999999999 6.559141e-05 0.9766730694779475 1.0054269171038848
1.696686 6.501593e-05 0.9681040233479256 0.9966055930577186
1.746895 6.390331e-05 0.9515368236099941 0.9795506449096588
1.796807 6.274985e-05 0.9343615057029688 0.9618696752247162
1.84664 6.505111e-05 0.9686278626522529 0.9971448545089319
1.8969090000000002 6.409889e-05 0.95444906042467 0.9825486197427534
1.946923 6.402062e-05 0.9532835998689656 0.9813488473213079
1.996807 6.353467e-05 0.946047678608654 0.9738998961497043
2.0468 6.380042e-05 0.9500047648828135 0.9779734814441865
2.0968899999999997 6.602208e-05 0.9830858572321985 1.012028501219688
2.146677 6.282731e-05 0.9355149051490513 0.9630570314501559
2.196612 6.659669e-05 0.9916419488370707 1.0208364893516257
2.246983 6.513403e-05 0.9698625629113433 0.9984159050926326
2.2971120000000003 6.357182e-05 0.9466008517228026 0.9744693550158943
2.3469830000000003 6.375577e-05 0.9493399148277195 0.9772890578001654
2.397131 6.397445e-05 0.9525961166205067 0.9806411241489795
2.4471309999999997 6.53374e-05 0.9728907948420142 1.001533290008301
2.496725 6.553934e-05 0.9758977337026115 1.004628754972996
2.546659 6.550175e-05 0.9753380088745939 1.0040525515065064
2.5967510000000003 6.498688e-05 0.9676714613299977 0.9961602961515861
2.647036 6.460834e-05 0.9620349027666099 0.9903577938848944
2.69702 6.650975e-05 0.9903473897376334 1.0195038176470073
2.746866 6.481542e-05 0.9651183775574018 0.9935320480439965
2.796936 6.449303e-05 0.9603179070252239 0.9885902487473337
2.84681 6.518332e-05 0.9705965037672353 0.9991714536125385
2.896677 6.692816e-05 0.9965776229190862 1.0259174726726494
2.9468159999999997 6.458537e-05 0.9616928735221417 0.9900056950919904
2.997177 6.464736e-05 0.9626159206647011 0.9909559173023571
3.046942 6.541339e-05 0.9740223056076713 1.0026981131372856
3.096955 6.538395e-05 0.9735839363888144 1.002246838062706
3.14726 6.471381e-05 0.9636053783614758 0.9919745052339408
3.197197 6.479016e-05 0.9647422496202984 0.9931448466722614
3.247409 6.516126e-05 0.9702680246582683 0.9988333038793447
3.297225 6.513295e-05 0.9698464814318472 0.9983993501646248
3.347334 6.43809e-05 0.9586482623067988 0.9868714486755734
3.3969609999999997 6.372094e-05 0.9488212871139698 0.9767551613719178
3.447353 6.279994e-05 0.9351073587658952 0.9626374866542576
3.497262 6.518894e-05 0.9706801870216503 0.9992576005527266
3.5472420000000002 6.38749e-05 0.9511137913576937 0.9791151583312347
3.597508 6.460613e-05 0.962001995294678 0.9903239175970268
3.647205 6.637559e-05 0.9883497126180051 1.0174473277011646
3.6975569999999998 6.461938e-05 0.9621992912236813 0.9905270220378618
3.7472440000000002 6.641319e-05 0.9889095863486106 1.0180236844540245
3.797122 6.424132e-05 0.956569879984514 0.9847318775169515
3.847298 6.558072e-05 0.9765138926114535 1.005263053973883
3.89764 6.502053e-05 0.9681725185383719 0.9966761047881216
3.9473949999999998 6.671409e-05 0.9933900652193335 1.0226360713406086
3.9974830000000003 6.500825e-05 0.9679896661603977 0.9964878691252196
4.047291 6.439921e-05 0.9589209029452932 0.9871521160198519
4.097501 6.572712e-05 0.9786938264987043 1.007507166437146
4.147433 6.697764e-05 0.9973143929241488 1.0266759336335938
4.197520000000001 6.506223e-05 0.9687934423300275 0.9973153089528626
4.24781 6.307364e-05 0.9391828225974566 0.9668329346132408
4.297244 6.497423e-05 0.9674830995562701 0.9959663888929776
4.347409 6.738576e-05 1.0033914053426247 1.0329318569840513
4.397955 6.577946e-05 0.9794731826439141 1.0083094673000368
4.447848 6.439751e-05 0.9588955895053454 0.9871260573368766
4.497751 6.568244e-05 0.9780285297358466 1.0068222829340137
4.5478190000000005 6.506236e-05 0.9687953780636707 0.9973173016756784
4.598001 6.391269e-05 0.9516764942374697 0.979694427525133
4.647942 6.584081e-05 0.980386700020846 1.0092498791826952
4.697826 6.623991e-05 0.9863294023050119 1.0153675382270146
4.747937 6.3925e-05 0.9518597933232077 0.9798831230471464
4.798316 6.504217e-05 0.9684947437386461 0.9970078164937571
4.848102 6.425214e-05 0.9567309925846511 0.984897733369769
4.898039 6.580197e-05 0.9798083623693379 1.0086545149199007
4.947922999999999 6.487245e-05 0.9659675690163493 0.9944062402146243
4.997492 6.467076e-05 0.9629643527204501 0.9913146074091902
5.047825 6.529786e-05 0.9723020340093509 1.0009271956995751
5.097582999999999 6.522101e-05 0.9711577176211322 0.9997491899427325
5.14776 6.652827e-05 0.9906231573304743 1.0197877040050651
5.197932 6.612251e-05 0.9845812859227491 1.0135679562380315
5.2474549999999995 6.286464e-05 0.9360707585097827 0.963629249471014
5.297763 6.445261e-05 0.9597160427648231 0.9879706652380094
5.347696 6.539656e-05 0.97377170255219 1.0024401321758325
5.397825 6.418825e-05 0.9557796539503857 0.9839183867490185
5.448011 6.419377e-05 0.9558618481789212 0.9840030008255021
5.49814 6.581652e-05 0.9800250156347716 1.008877546588893
5.547825 6.658403e-05 0.991453438160755 1.0206424288066467
5.597999 6.46612e-05 0.9628220018463919 0.991168065639048
5.648149 6.501648e-05 0.9681122129902616 0.9966140238080928
5.698083 6.388081e-05 0.9512017927871584 0.9792057505761655
5.747955 6.512108e-05 0.9696697340599777 0.9982173992429106
5.798093 6.534113e-05 0.972946335507311 1.0015904658244756
5.8482330000000005 6.491936e-05 0.9666660710563149 0.9951253065783653
5.898140000000001 6.595717e-05 0.9821193305339646 1.0110335193891524
5.947983 6.406905e-05 0.954004735102296 0.982091213213356
5.998158999999999 6.390228e-05 0.9515214866434378 0.9795348564135036
6.047946 6.477282e-05 0.9644840525328329 0.9928790481059159
6.098404 6.528365e-05 0.9720904434319065 1.0007093757671779
6.1479610000000005 6.571635e-05 0.9785334584115071 1.0073420770161807
6.1980200000000005 6.600629e-05 0.9828507400458618 1.0117864620407608
6.248223 6.484285e-05 0.9655268173560855 0.9939525125581176
6.298064999999999 6.479193e-05 0.9647686053783613 0.9931719783598294
6.347881 6.464033e-05 0.9625112421453883 0.9908481569839367
6.398055 6.562231e-05 0.9771331784746417 1.005900571988549
6.44826 6.543264e-05 0.9743089430894307 1.0029931894003854
6.498357 6.563358e-05 0.9773009916912355 1.0060733257280365
6.547923 6.61343e-05 0.984756842073915 1.0137486808687821
6.598102 6.54274e-05 0.9742309181333569 1.002912867342274
6.648149 6.496769e-05 0.9673857172637659 0.9958661396067089
6.698244 6.607627e-05 0.9838927603561748 1.0128591600611103
6.7483249999999995 6.518715e-05 0.9706535334584113 0.9992301622924176
6.79847 6.451801e-05 0.9606898656898655 0.9889731581006965
6.848197 6.425088e-05 0.956712230858572 0.9848784192870933
6.898474 6.577506e-05 0.9794076655052264 1.0082420212970427
6.948612 6.531914e-05 0.9726188987164595 1.0012533890958746
6.998461 6.620614e-05 0.9858265582655825 1.014849890154034
7.048391 6.619253e-05 0.985623901843414 1.014641267403863
7.098576 6.593859e-05 0.9818426695255963 1.010748713312872
7.148461 6.445323e-05 0.9597252747252746 0.9879801689929767
7.198511000000001 6.555979e-05 0.9762022394949224 1.004942225600549
7.248714 6.395045e-05 0.952238750409482 0.9802732368599201
7.298733 6.470289e-05 0.9634427767354594 0.9918071165174186
7.348612 6.528136e-05 0.9720563447392714 1.0006742731883467
7.398862 6.678551e-05 0.9944535275023078 1.0237308425983016
7.4484889999999995 6.587271e-05 0.9808616992763333 1.0097388627044037
7.4980389999999995 6.591777e-05 0.9815326543375322 1.0104295710896127
7.548289 6.708933e-05 0.9989774859287053 1.0283879891050547
7.598335 6.526829e-05 0.9718617290568509 1.00047392790218
7.6485389999999995 6.587049e-05 0.9808286429018134 1.0097048331301655
7.698527 6.505233e-05 0.9686460287679797 0.9971635554461256
7.748511000000001 6.493131e-05 0.9668440096488875 0.9953084837910429
7.798376 6.610368e-05 0.9843009023496826 1.0132793180024904
7.8487979999999995 6.572502e-05 0.9786625569552396 1.0074749762993533
7.898631 6.538353e-05 0.9735776824801214 1.0022404000351475
7.9487879999999995 6.305016e-05 0.9388331993210041 0.9664730182154442
7.998743999999999 6.667028e-05 0.9927377229816253 1.0219645237517045
8.048834 6.565799e-05 0.9776644629083652 1.0064474977582842
8.098797 6.553877e-05 0.9758892462550997 1.0046200176498807
8.149084 6.453066e-05 0.9608782274635931 0.989167065359305
8.198611999999999 6.567351e-05 0.9778955597248279 1.0066853982052093
8.248334999999999 6.444355e-05 0.9595811370201613 0.9878317877863894
8.298465 6.647057e-05 0.9897639893981357 1.0189032416476178
8.348640999999999 6.678492e-05 0.9944447422496202 1.0237217987024456
8.398565000000001 6.544009e-05 0.9744198755174364 1.0031073877463643
8.44866 6.496568e-05 0.9673557878435927 0.9958353290462503
8.498622 6.507215e-05 0.9689411536972511 0.9974673690323406
8.549095 6.610953e-05 0.9843880103636199 1.0133689905291985
8.599009 6.570324e-05 0.9783382471187346 1.0071411185845318
8.6489 6.427139e-05 0.9570176300664104 0.9851928096328688
8.699131 6.587514e-05 0.9808978826051995 1.0097761112924208
8.748631999999999 6.452655e-05 0.9608170284999551 0.9891040646610535
8.798604 6.485297e-05 0.9656775067750675 0.9941076383650043
8.848271 6.69986e-05 0.9976264927484437 1.026997221866039
8.898405 6.479077e-05 0.9647513326781617 0.9931541971408582
8.948414000000001 6.496927e-05 0.9674092438726583 0.9958903588532387
8.998408999999999 6.342427e-05 0.9444037940379402 0.9722076146200304
9.048584 6.416927e-05 0.9554970368385 0.9836274492179203
9.098604 6.647156e-05 0.9897787307543404 1.0189184169982914
9.148938 6.558241e-05 0.9765390571488131 1.0052889593704875
9.198641 6.549525e-05 0.9752412221924416 1.0039529153657196
9.248558000000001 6.589639e-05 0.9812143006045443 1.0101018448296089
9.298594999999999 6.567659e-05 0.9779414217219093 1.0067326104073053
9.348733 6.423029e-05 0.9564056404300306 0.9845628026503545
9.399104 6.61957e-05 0.9856711039637867 1.0146898591832927
9.44916 6.542943e-05 0.9742611453587062 1.0029439844754737
9.498839 6.546545e-05 0.9747974924804191 1.003496121981804
9.549021 6.416212e-05 0.9553905714881322 0.9835178494630548
9.599027 6.439279e-05 0.958825307483844 0.9870537061700284
9.648798000000001 6.514648e-05 0.9700479466333122 0.9986067466238321
9.699281999999998 6.374207e-05 0.9491359182822597 0.9770790554726606
9.748669 6.386356e-05 0.9509449358229843 0.9789413315871539
9.798937 6.465032e-05 0.9626599958307274 0.9910012900680076
9.849037000000001 6.563609e-05 0.9773383662408051 1.0061118006070173
9.898983 6.515881e-05 0.9702315435242264 0.9987957487185866
9.94916 6.322513e-05 0.9414385479019624 0.9691550698390587
10.001 6.784426e-05 1.0102185889990767 1.0399600370687931
nan nan nan nan
