Ms(MA/m):0.7998003409420748
H(kOe) moment(emu) M(MA/m) M_norm()
9.992967 5.281683e-05 0.7904406020519764 0.9882974057261921
9.948071 5.429583e-05 0.8125748658924014 1.015972142416543
9.900248 5.375643e-05 0.8045023696682464 1.0058790031530034
9.852044 5.384653e-05 0.8058507788447321 1.0075649353881628
9.803711 5.454223e-05 0.8162624132962424 1.0205827273526504
9.754902 5.29153e-05 0.7919142741009058 0.9901399556395787
9.706053 5.413963e-05 0.8102372242346093 1.0130493608945468
9.656748 5.336005e-05 0.7985702672334475 0.9984620240256732
9.607175999999999 5.338388e-05 0.7989268997603692 0.9989079259697781
9.55834 5.390701e-05 0.8067559041165839 1.0086966244179345
9.508609 5.306e-05 0.7940798102589244 0.9928475515821709
9.459271000000001 5.377283e-05 0.804747807076619 1.0061858765010236
9.409692 5.407636e-05 0.8092903446719428 1.0118654659720325
9.359978 5.344591e-05 0.7998552218604513 1.0000686182732954
9.310424000000001 5.425189e-05 0.8119172732263106 1.0151499463853235
9.260647 5.418624e-05 0.8109347753080388 1.0139215174037672
9.210915000000002 5.379344e-05 0.8050562500636042 1.0065715264828952
9.160977999999998 5.417131e-05 0.8107113374722461 1.013642150386332
9.111517 5.338735e-05 0.7989788307242139 0.9989728558793896
9.061358 5.343053e-05 0.799625049461624 0.9997808309505791
9.011265999999999 5.314735e-05 0.7953870637724207 0.9944820263961683
8.961191999999999 5.441647e-05 0.8143803274135027 1.0182295327034425
8.911147000000001 5.379965e-05 0.8051491870334818 1.0066877266957734
8.861387 5.30926e-05 0.7945676919365431 0.9934575559203085
8.811266 5.361759e-05 0.802424532486634 1.0032810582969598
8.761393 5.375371e-05 0.8044616629761261 1.0058281070855268
8.711646 5.524177e-05 0.8267315160189812 1.0336723725888697
8.661890999999999 5.42307e-05 0.8116001501358586 1.014753443565534
8.611878 5.279338e-05 0.790089656489395 0.9878586142621023
8.561266 5.232264e-05 0.7830447049273656 0.979050226466554
8.511582 5.281381e-05 0.7903954056511664 0.9882408961218615
8.461776 5.248628e-05 0.7854936913606629 0.9821122237025304
8.411007 5.291799e-05 0.7919545318221572 0.9901902903533699
8.361600000000001 5.271444e-05 0.7889082644761677 0.9863815055979128
8.311896 5.244708e-05 0.7849070360918702 0.9813787215536043
8.261794 5.304774e-05 0.7938963308304703 0.9926181450427364
8.211617 5.438138e-05 0.8138551811537593 1.0175729360094163
8.161459 5.350511e-05 0.8007411910418937 1.00117635621249
8.111563 5.359399e-05 0.8020713420697078 1.002839460064443
8.061276 5.459414e-05 0.8170392825565238 1.0215540563462921
8.011146 5.278738e-05 0.7899998623156002 0.9877463435250218
7.961233 5.294962e-05 0.7924278967750124 0.9907821442556793
7.911471 5.253069e-05 0.7861583179037012 0.9829432142748216
7.861221 5.431937e-05 0.8129271583675898 1.016412617941689
7.810943 5.301493e-05 0.793405306356769 0.992004211228801
7.760563 5.321587e-05 0.7964125132371577 0.995764158213628
7.710903 5.295445e-05 0.7925001810849172 0.9908725221990292
7.661214 5.354471e-05 0.8013338325889395 1.0019173430772217
7.611350000000001 5.39245e-05 0.8070176541331958 1.0090238936165243
7.561154999999999 5.329062e-05 0.797531198985685 0.9971628644797563
7.51097 5.423115e-05 0.8116068846988932 1.0147618638708151
7.460934 5.380948e-05 0.8052962998215489 1.0068716635866903
7.411176 5.331914e-05 0.797958020625123 0.997696524716679
7.361211 5.367124e-05 0.8032274420573161 1.004284945804355
7.310933 5.391151e-05 0.8068232497469301 1.0087808274707448
7.261101 5.413896e-05 0.8102271972185356 1.0130368239955727
7.210906 5.336703e-05 0.7986747277889621 0.9985926323164769
7.1607330000000005 5.315244e-05 0.7954632391631901 0.9945772694047916
7.111026 5.322762e-05 0.7965883601608392 0.9959840217404107
7.06085 5.38354e-05 0.8056842106523427 1.0073566731708783
7.010714 5.261608e-05 0.7874362386537578 0.9845410139813725
6.961183 5.373541e-05 0.8041877907460518 1.0054856813374313
6.9108220000000005 5.283084e-05 0.7906502714477873 0.9885595578972751
6.86078 5.290272e-05 0.7917260056498493 0.9899045613274998
6.811026 5.276732e-05 0.7896996504612127 0.9873709850273825
6.760933 5.254894e-05 0.7864314418489936 0.9832847044334414
6.710497999999999 5.406735e-05 0.8091555037542943 1.0116968727485165
6.660799 5.413037e-05 0.8100986418930527 1.0128760897236524
6.610869 5.340066e-05 0.7991780241330821 0.9992219097978132
6.560359 5.351654e-05 0.8009122489429729 1.0013902319666286
6.510629 5.402881e-05 0.808578725844619 1.0109757203806693
6.460942 5.425283e-05 0.811931340980205 1.015167535467466
6.410761000000001 5.17923e-05 0.7751077979056407 0.9691266160160059
6.360627999999999 5.300258e-05 0.793220480015708 0.9917731206283101
6.310506999999999 5.449267e-05 0.815520713420697 1.0196553710643652
6.260332 5.350306e-05 0.8007105113658471 1.0011379970439878
6.210686 5.369615e-05 0.803600237535521 1.0047510564811342
6.160656 5.305589e-05 0.7940183012498749 0.9927706461272707
6.110685999999999 5.201747e-05 0.7784776235912042 0.973339949660743
6.060804 5.421429e-05 0.8113545630705297 1.0144463830996187
6.010804 5.357049e-05 0.8017196482223446 1.0023997330108776
5.960818000000001 5.361083e-05 0.8023233643841586 1.0031545665998491
5.9108410000000005 5.27713e-05 0.7897592139298301 0.987445457949646
5.860804 5.387377e-05 0.8062584443937606 1.0080746445345083
5.810424 5.391546e-05 0.8068823642446782 1.0088547390393228
5.760705 5.290203e-05 0.791715679319863 0.9898916501927356
5.710711 5.341519e-05 0.7993954756906219 0.9994937920994433
5.6602939999999995 5.300202e-05 0.7932120992261538 0.9917626420261827
5.609850000000001 5.282205e-05 0.7905187229831779 0.9883950812674521
5.5603549999999995 5.41493e-05 0.8103819425113753 1.0132303038991415
5.510359 5.334532e-05 0.7983498225367812 0.9981863993661405
5.460229 5.35311e-05 0.8011301494713816 1.001662675621944
5.4103270000000006 5.349571e-05 0.8006005135029484 1.001000465391064
5.3606549999999995 5.287327e-05 0.791285265913473 0.9893534991263295
5.30985 5.308015e-05 0.7943813690259187 0.9932245941408663
5.259665 5.2138e-05 0.7802814388857859 0.9755952816507958
5.210158000000001 5.333625e-05 0.7982140836773947 0.9980166834352537
5.160211 5.340484e-05 0.7992405807408257 0.9993001250779793
5.1100259999999995 5.261974e-05 0.7874910130997727 0.9846094991309918
5.05997 5.34018e-05 0.7991950850261031 0.9992432412378586
5.009767 5.403038e-05 0.8086022219867619 1.0110050978902054
4.95995 5.410674e-05 0.8097450025052574 1.01243393013745
4.91035 5.246458e-05 0.7851689357654383 0.9817061778700891
4.860119 5.304868e-05 0.7939103985843647 0.9926357341248789
4.810192 5.341014e-05 0.799319898927678 0.9993992975624005
4.760232 5.262665e-05 0.7875944260565929 0.9847387975965295
4.710452 5.336429e-05 0.7986337217829291 0.9985413620132101
4.659924 5.391982e-05 0.8069476146776359 1.0089363224416015
4.610251 5.394552e-05 0.8073322330553904 1.0094172154320964
4.5602849999999995 5.45521e-05 0.8164101247121348 1.0207674127151478
4.509822 5.352098e-05 0.800978696631581 1.0014733123120683
4.4598130000000005 5.269033e-05 0.7885474415544689 0.9859303643527442
4.4101859999999995 5.300659e-05 0.7932804924551942 0.991848154904259
4.359961 5.290593e-05 0.7917740455328296 0.989964626171838
4.309618 5.281135e-05 0.7903585900399104 0.9881948651196585
4.259846 5.256659e-05 0.7866955863769068 0.9836149675183533
4.209729 5.27454e-05 0.789371602412949 0.9869608226012483
4.159554 5.381974e-05 0.8054498478587382 1.0070636465470981
4.10979 5.208558e-05 0.7794969371207318 0.9746144096445022
4.0601 5.312527e-05 0.7950566212128558 0.994068870083712
4.009924 5.324601e-05 0.7968635793035204 0.9963281315495625
3.959674 5.351289e-05 0.8008576241539144 1.0013219339349047
3.909544 5.357201e-05 0.8017423960797061 1.002428174930938
3.85935 5.369647e-05 0.8036050265581234 1.0047570442537785
3.809137 5.42243e-05 0.8115043696838108 1.014633688112648
3.759239 5.340781e-05 0.7992850288568543 0.9993556990928342
3.709327 5.471345e-05 0.818824839702434 1.0237865599531384
3.6600070000000002 5.450894e-05 0.8157642052886372 1.0199598118797486
3.6096179999999998 5.331737e-05 0.7979315313438535 0.9976634048492402
3.559497 5.413249e-05 0.8101303691677936 1.012915758717421
3.509442 5.321714e-05 0.7964315196706109 0.99578792218631
3.4592669999999996 5.377163e-05 0.8047298482418599 1.0061634223536073
3.40944 5.411999e-05 0.8099432979723876 1.0126818613485031
3.359452 5.230869e-05 0.7828359334732925 0.9787891970028418
3.309127 5.269106e-05 0.7885583665122805 0.985944023959089
3.259044 5.255163e-05 0.7864716995702451 0.9833350391472326
3.209299 5.437314e-05 0.8137318638217478 1.0174187508638257
3.159174 5.317721e-05 0.7958339394440063 0.9950407604310391
3.109101 5.355258e-05 0.8014516126135671 1.0020646048606923
3.059507 5.329048e-05 0.7975291037882964 0.9971602448292244
3.0092890000000003 5.289445e-05 0.7916022393469688 0.9897498148282239
2.958961 5.329497e-05 0.7975962997616863 0.9972442607641396
2.909421 5.452702e-05 0.8160347850656724 1.0202981210341513
2.859229 5.280561e-05 0.7902726869469802 0.9880874594478515
2.80884 5.277072e-05 0.7897505338263632 0.9874346051117282
2.759006 5.285436e-05 0.791002264609063 0.9889996591866307
2.709387 5.254748e-05 0.7864095919333702 0.9832573852207519
2.6589609999999997 5.231492e-05 0.7829291697570827 0.9789057714515104
2.608969 5.278804e-05 0.7900097396747175 0.9877586933061007
2.5592020000000004 5.306884e-05 0.7942121070083155 0.9930129638014695
2.5089420000000002 5.28223e-05 0.790522464407086 0.9883997592148305
2.458757 5.225094e-05 0.7819716645505173 0.9777085911584417
2.409148 5.273292e-05 0.7891848305314557 0.9867272994681208
2.359266 5.182785e-05 0.775639828385375 0.969791820133208
2.308646 5.308282e-05 0.7944213274332574 0.9932745546188672
2.259016 5.302467e-05 0.7935510722322292 0.9921864640586616
2.209424 5.355612e-05 0.8015045911761062 1.00213084459557
2.158859 5.345504e-05 0.7999918586615758 1.0002394569115531
2.108748 5.314348e-05 0.7953291465303232 0.9944096117707514
2.058893 5.37851e-05 0.8049314361620294 1.0064154701583532
2.009248 5.311795e-05 0.7949470723208262 0.9939318997844737
1.959174 5.254335e-05 0.7863477836104081 0.9831801055300614
1.908831 5.197805e-05 0.7778876758693721 0.972602330918124
1.85895 5.23578e-05 0.7835708987858031 0.979708132985846
1.809118 5.308753e-05 0.7944918158596863 0.9933626871474753
1.758998 5.308547e-05 0.7944609865266835 0.9933241408610778
1.708378 5.225591e-05 0.7820460440578108 0.9778015887523235
1.658751 5.261277e-05 0.7873867022012142 0.9844790779580831
1.608924 5.227531e-05 0.7823363785530805 0.9781645974688837
1.558628 5.250153e-05 0.7857219182190582 0.9823975784926101
1.508424 5.288219e-05 0.7914187599185147 0.9895204082887893
1.458733 5.188211e-05 0.7764518670303929 0.9708071218322063
1.408961 5.240044e-05 0.7842090360475716 0.9805060036906982
1.358683 5.335875e-05 0.7985508118291252 0.9984376986993057
1.308433 5.254441e-05 0.7863636472477785 0.9831999400269457
1.258629 5.230943e-05 0.7828470080880605 0.9788030437270817
1.20912 5.184839e-05 0.775947223773666 0.9701761602898137
1.1590630000000002 5.208321e-05 0.7794614684220829 0.9745700627033553
1.109053 5.125624e-05 0.7670852871048982 0.9590959741294409
1.0587570000000002 5.200879e-05 0.7783477213531144 0.9731775313277666
1.008619 5.336957e-05 0.7987127406558686 0.998640160261841
0.9588497 5.226307e-05 0.7821531984385391 0.9779355651652395
0.9084515 5.260931e-05 0.7873349208943259 0.9844143351663667
0.8587892 5.206239e-05 0.7791498826390147 0.974180483245686
0.8085071 5.183263e-05 0.7757113644104981 0.9698812624870821
0.758433 5.189485e-05 0.7766425299927506 0.9710455100306072
0.7083868 5.119239e-05 0.7661297274387648 0.9579012263690089
0.6585345 5.129148e-05 0.7676126782189864 0.9597553775918939
0.6086478 5.136831e-05 0.7687624926144292 0.96119300438021
0.5584793 5.048339e-05 0.7555190492353426 0.9446345676039926
0.5082756 5.040741e-05 0.7543819556811876 0.9432128458367629
0.4582704 4.988229e-05 0.7465231695906642 0.9333869109274747
0.4083034 4.587886e-05 0.6866090547247599 0.8584755714357557
0.3582515 4.049756e-05 0.6060741568177422 0.757781818527178
0.3082849 3.05607e-05 0.4573621345152641 0.5718453857828355
0.2579886 2.318471e-05 0.3469753131871125 0.43382741344972997
0.2082609 1.732684e-05 0.2593082137125281 0.32421618301274074
0.158433 1.28095e-05 0.19170307820414043 0.239688667772179
0.10796080000000001 8.257737e-06 0.12358277855499622 0.15451703660119678
0.058317520000000005 4.550149e-06 0.06809614501639341 0.08514143034270756
0.008386695 2.110163e-06 0.03158005719290243 0.0394849258950111
-0.04200219 -2.547411e-07 -0.003812377767680921 -0.004766661843617583
-0.09186174 -1.731221e-06 -0.025908926558542506 -0.03239424295321593
-0.14170590000000002 -4.697421e-06 -0.07030017294357872 -0.08789715300792825
-0.1920763 -5.970726e-06 -0.08935606802088251 -0.11172296815431602
-0.2415787 -8.726496e-06 -0.13059808307397783 -0.16328835634171895
-0.29151150000000003 -1.111796e-05 -0.16638800541399004 -0.20803692733864518
-0.3419089 -1.423511e-05 -0.21303832355474778 -0.2663643820204085
-0.3919837 -1.521101e-05 -0.22764334592247648 -0.28462521740655705
-0.4418995 -1.759707e-05 -0.2633523936432908 -0.32927266989295273
-0.49180779999999996 -1.961239e-05 -0.2935130593653228 -0.36698291353514234
-0.54203 -2.215689e-05 -0.3315932719021459 -0.4145950619520446
-0.5920392000000001 -2.362191e-05 -0.3535183153176289 -0.44200820782499806
-0.6425114999999999 -2.755179e-05 -0.412331703269765 -0.5155432951980049
-0.6922014000000001 -2.998967e-05 -0.448816273338254 -0.5611603926169861
-0.7416041 -3.343666e-05 -0.5004028765264261 -0.6256597439518566
-0.7922337 -3.646483e-05 -0.5457215470698066 -0.6823222236027157
-0.8422297 -4.048667e-05 -0.6059111803923047 -0.7575780471393767
-0.8918912 -4.320714e-05 -0.6466249063895738 -0.8084829091569559
-0.9421448 -4.705413e-05 -0.7041977878307344 -0.8804669762971952
-0.99203 -5.017812e-05 -0.7509504713296182 -0.9389224196192303
-1.0421230000000001 -5.016511e-05 -0.7507557676294396 -0.9386789792376606
-1.0924280000000002 -5.014422e-05 -0.7504431342476775 -0.9382880899547253
-1.142558 -5.099067e-05 -0.7631108473157826 -0.9541266841883613
-1.192697 -4.979955e-05 -0.7452849079340336 -0.9318386974631342
-1.2427059999999999 -5.056858e-05 -0.7567939768462729 -0.946228624952641
-1.292249 -5.2229e-05 -0.7816433171883408 -0.9772980544965172
-1.3422239999999999 -5.11933e-05 -0.7661433462217904 -0.9579182540974661
-1.3920789999999998 -5.130287e-05 -0.7677831374922401 -0.9599685048744516
-1.441882 -5.179974e-05 -0.7752191426811462 -0.9692658317299857
-1.492243 -5.281663e-05 -0.7904376089128499 -0.9882936633682894
-1.542135 -5.214867e-05 -0.7804411228581845 -0.9757949364449041
-1.592104 -5.224537e-05 -0.7818883056258444 -0.9776043664908519
-1.64215 -5.226789e-05 -0.7822253330914877 -0.9780257559906942
-1.6923540000000001 -5.313848e-05 -0.7952543180521607 -0.9943160528231842
-1.74223 -5.324339e-05 -0.7968243691809633 -0.9962791066610374
-1.7919559999999999 -5.30146e-05 -0.7934003676772101 -0.9919980363382616
-1.842363 -5.253061e-05 -0.7861571206480505 -0.9829417173316605
-1.8928260000000001 -5.185765e-05 -0.7760858061152226 -0.970349431460708
-1.9423050000000002 -5.273069e-05 -0.7891514570301953 -0.9866855721775059
-1.9919280000000001 -5.256111e-05 -0.7866135743648408 -0.9835124269118198
-2.042336 -5.29751e-05 -0.7928092226997276 -0.9912589206524813
-2.092493 -5.181481e-05 -0.7754446757143275 -0.9695478183979529
-2.142614 -5.27614e-05 -0.7896110535430685 -0.9872602112334631
-2.1927800000000004 -5.276762e-05 -0.7897041401699025 -0.9873765985642365
-2.242484 -5.270363e-05 -0.7887464853063806 -0.9861792311532727
-2.292132 -5.329365e-05 -0.7975765450434513 -0.9972195612019819
-2.342419 -5.326226e-05 -0.797106771857548 -0.9966321981291556
-2.3929650000000002 -5.291199e-05 -0.7918647376483623 -0.9900780196162893
-2.442484 -5.348399e-05 -0.8004251155501358 -1.0007811632179666
-2.492252 -5.245287e-05 -0.7849936874695821 -0.981487062814887
-2.542364 -5.235348e-05 -0.7835062469806707 -0.9796272980551479
-2.5928359999999997 -5.342542e-05 -0.7995485747569421 -0.9996852137061656
-2.642286 -5.200522e-05 -0.7782942938197065 -0.9731107302392037
-2.692169 -5.264598e-05 -0.7878837129531687 -0.9851004964878239
-2.7424749999999998 -5.300531e-05 -0.7932613363647846 -0.9918242038136819
-2.792353 -5.211862e-05 -0.7799914037044287 -0.9752326471700257
-2.842586 -5.310619e-05 -0.7947710757401882 -0.9937118491397959
-2.8929839999999998 -5.204216e-05 -0.7788471266163699 -0.9738019437438294
-2.9426729999999997 -5.198656e-05 -0.7780150339392045 -0.9727615682468832
-2.992549 -5.222677e-05 -0.7816099436870805 -0.9772563272059023
-3.0426509999999998 -5.176794e-05 -0.7747432335600336 -0.9686707968234588
-3.092882 -5.324424e-05 -0.7968370900222509 -0.9962950116821236
-3.142777 -5.327326e-05 -0.7972713945095052 -0.9968380278138033
-3.192549 -5.404966e-05 -0.808890760598556 -1.0113658611920242
-3.242305 -5.322358e-05 -0.7965278987504841 -0.9959084261107765
-3.292595 -5.205183e-05 -0.7789918448931359 -0.9739828867484241
-3.3425219999999998 -5.217122e-05 -0.7807785992946966 -0.9762168872984317
-3.39215 -5.273799e-05 -0.7892607066083124 -0.9868221682409539
-3.442752 -5.33504e-05 -0.798425848270594 -0.9982814552568687
-3.4925509999999997 -5.332127e-05 -0.7979898975568203 -0.9977363808283426
-3.5422860000000003 -5.392735e-05 -0.8070603063657483 -1.0090772222166373
-3.592734 -5.238753e-05 -0.7840158289169564 -0.98026443448808
-3.642673 -5.286187e-05 -0.7911146569832629 -0.9891401847258766
-3.692502 -5.387756e-05 -0.8063151643802077 -1.008145562216764
-3.7425129999999998 -5.399724e-05 -0.8081062588335017 -1.0103849891857306
-3.792447 -5.368032e-05 -0.803363330573659 -1.0044548488531369
-3.842513 -5.339819e-05 -0.7991410588648699 -0.999175691677715
-3.89229 -5.346995e-05 -0.800214997183456 -1.0005184496931983
-3.942475 -5.278397e-05 -0.7899488292934934 -0.987682536322781
-3.9924560000000002 -5.313271e-05 -0.7951679659883614 -0.9942080857976918
-4.042598 -5.248319e-05 -0.7854474473611587 -0.9820544042729339
-4.092641 -5.342014e-05 -0.7994695558840027 -0.9995864154575348
-4.142843 -5.187251e-05 -0.7763081963523212 -0.9706274886528774
-4.192715 -5.350429e-05 -0.8007289191714752 -1.0011610125450892
-4.24273 -5.231524e-05 -0.7829339587796851 -0.9789117592241547
-4.292502000000001 -5.375493e-05 -0.8044799211247977 -1.0058509354687333
-4.342678 -5.338284e-05 -0.7989113354369115 -0.9988884657086841
-4.393345 -5.354935e-05 -0.8014032734166743 -1.002004165780564
-4.44289 -5.470509e-05 -0.8186997264869466 -1.0236301293928063
-4.492854 -5.351993e-05 -0.8009629826511669 -1.001453664933079
-4.542607 -5.348137e-05 -0.8003859054275788 -1.0007321383294414
-4.592669 -5.456396e-05 -0.8165876178623358 -1.020989334538777
-4.642579 -5.364222e-05 -0.8027931375700619 -1.0037419296726755
-4.692419 -5.410116e-05 -0.8096614939236282 -1.0123295183519654
-4.74278 -5.322313e-05 -0.7965211641874494 -0.9959000058054953
-4.792598 -5.349354e-05 -0.800568037943426 -1.0009598608078198
-4.842716 -5.311906e-05 -0.7949636842429781 -0.9939526698708336
-4.892585 -5.218687e-05 -0.7810128124313448 -0.9765097268043167
-4.942845 -5.40134e-05 -0.8083481044749224 -1.0106873717042675
-4.993113 -5.277723e-05 -0.7898479605049306 -0.9875564188614606
-5.042513 -5.268189e-05 -0.7884211310833307 -0.9857724368492509
-5.0919099999999995 -5.431896e-05 -0.8129210224323804 -1.0164049461079885
-5.141993 -5.366846e-05 -0.8031858374234578 -1.0042329270295076
-5.19254 -5.306085e-05 -0.7940925311002122 -0.9928634566032574
-5.242475000000001 -5.341574e-05 -0.7994037068232197 -0.9995040835836756
-5.292268 -5.398406e-05 -0.8079090109650658 -1.0101383677999436
-5.342651 -5.323399e-05 -0.796683691642018 -0.9961032158396111
-5.392392 -5.36374e-05 -0.8027210029171135 -1.0036517388472208
-5.442567 -5.35377e-05 -0.801228923062556 -1.0017861734327327
-5.492919 -5.297799e-05 -0.7928524735601055 -0.9913129977241751
-5.542504 -5.445698e-05 -0.8149865877435742 -1.0189875472966312
-5.592188 -5.358847e-05 -0.8019887314298165 -1.002736170986329
-5.642901 -5.311079e-05 -0.7948399179400977 -0.9937979233715576
-5.692711 -5.378122e-05 -0.8048733692629753 -1.006342868415041
-5.742206 -5.355916e-05 -0.8015500868908287 -1.0021877284356906
-5.792188 -5.355367e-05 -0.8014679252218064 -1.0020850007112618
-5.842558 -5.37258e-05 -0.8040439704110238 -1.0053058610402072
-5.892390000000001 -5.397552e-05 -0.8077812039243645 -1.009978569117499
-5.942558 -5.491027e-05 -0.821770387916817 -1.0274694143651701
-5.9926260000000005 -5.428384e-05 -0.812395427201768 -1.0157477880602772
-6.042262 -5.341025e-05 -0.7993215451541975 -0.9994013558592469
-6.092595 -5.358022e-05 -0.8018652644408486 -1.0025817987228434
-6.142579 -5.280009e-05 -0.7901900763070888 -0.9879841703697374
-6.192697 -5.376643e-05 -0.8046520266245711 -1.0060661210481376
-6.2422960000000005 -5.296015e-05 -0.7925854855500221 -0.9909791793992556
-6.292438 -5.283457e-05 -0.7907060934924965 -0.9886293528721602
-6.3423620000000005 -5.244954e-05 -0.7849438517031261 -0.9814247525558073
-6.392060000000001 -5.320843e-05 -0.7963011684616521 -0.9956249424996481
-6.441984000000001 -5.298013e-05 -0.792884500148759 -0.9913530409537339
-6.491787 -5.382183e-05 -0.80548112616261 -1.0071027541871813
-6.541761999999999 -5.393492e-05 -0.8071735966816862 -1.009218870463254
-6.591872 -5.457168e-05 -0.8167031530326186 -1.0211337895538206
-6.642067 -5.240178e-05 -0.7842290900797192 -0.9805310774886463
-6.692336 -5.325786e-05 -0.7970409227967652 -0.9965498662552966
-6.741909 -5.284286e-05 -0.7908301591092897 -0.9887844736072264
-6.791567 -5.41124e-05 -0.8098297083425372 -1.0125398388660962
-6.8415029999999994 -5.273073e-05 -0.7891520556580207 -0.9866863206490865
-6.89178 -5.354721e-05 -0.8013712468280207 -1.0019641225510052
-6.941749 -5.30406e-05 -0.7937894757636546 -0.9924845428656105
-6.99153 -5.290495e-05 -0.7917593791511098 -0.9899462886181147
-7.041947 -5.291795e-05 -0.7919539331943318 -0.9901895418817893
-7.091777 -5.400893e-05 -0.8082812078154453 -1.0106037300051425
-7.141104 -5.360958e-05 -0.802304657264618 -1.0031311768629574
-7.191317 -5.327171e-05 -0.797248197681275 -0.9968090245400575
-7.241364 -5.442127e-05 -0.8144521627525386 -1.0183193492931069
-7.291243000000001 -5.31758e-05 -0.7958128378131646 -0.9950143768078251
-7.341567 -5.287157e-05 -0.7912598242308979 -0.9893216890841569
-7.391757999999999 -5.273648e-05 -0.7892381084079072 -0.9867939134387885
-7.441595 -5.368223e-05 -0.803391915052317 -1.0044905883711075
-7.4914179999999995 -5.241702e-05 -0.784457167281158 -0.9808162451608308
-7.541206 -5.404603e-05 -0.8088364351234101 -1.0112979373960904
-7.590947 -5.330336e-05 -0.7977218619480426 -0.9974012526781573
-7.6407110000000005 -5.229514e-05 -0.7826331482974725 -0.978535652254935
-7.690892 -5.182652e-05 -0.7756199240101838 -0.9697669334531551
-7.741142 -5.324707e-05 -0.7968794429408909 -0.9963479660464467
-7.791164 -5.352046e-05 -0.8009709144698521 -1.0014635821815212
-7.841021 -5.422919e-05 -0.8115775519354534 -1.0147251887633688
-7.890862 -5.322528e-05 -0.7965533404330593 -0.9959402361529492
-7.940873 -5.368668e-05 -0.8034585123978816 -1.0045738558344421
-7.990918 -5.41099e-05 -0.809792294103456 -1.0124930593923127
-8.040362 -5.493827e-05 -0.8221894273945262 -1.0279933444715461
-8.090401 -5.350865e-05 -0.8007941696044327 -1.0012425959473676
-8.140901 -5.449144e-05 -0.8155023056150691 -1.0196323555632636
-8.190673 -5.335472e-05 -0.7984905000757263 -0.9983622901875666
-8.240493 -5.283051e-05 -0.7906453327682287 -0.9885533830067357
-8.290589 -5.277347e-05 -0.7897916894893524 -0.9874860625328901
-8.34079 -5.303755e-05 -0.7937438303919754 -0.9924274719075945
-8.390477 -5.393817e-05 -0.8072222351924918 -1.0092796837791727
-8.440401 -5.392205e-05 -0.8069809881788963 -1.0089780497322163
-8.490221 -5.336204e-05 -0.798600048967756 -0.9984992604868048
-8.540142 -5.28514e-05 -0.7909579661499909 -0.9889442722896711
-8.590191999999998 -5.432848e-05 -0.8130634958548015 -1.0165830823441564
-8.640127 -5.187656e-05 -0.7763688074196328 -0.9707032714004068
-8.689476 -5.261797e-05 -0.7874645238185032 -0.984576379263553
-8.739540000000002 -5.216893e-05 -0.7807443278516983 -0.976174037300446
-8.789702 -5.328853e-05 -0.797499920681813 -0.9971237568396731
-8.839004000000001 -5.326305e-05 -0.7971185947570977 -0.9966469804428711
-8.889012000000001 -5.385601e-05 -0.8059926536393278 -1.00774232315275
-8.93904 -5.3833e-05 -0.8056482929828247 -1.0073117648760461
-8.989467000000001 -5.371315e-05 -0.8038546543612731 -1.0050691569028625
-9.039309 -5.404356e-05 -0.8087994698551979 -1.0112517192759922
-9.089004000000001 -5.432247e-05 -0.8129735520240504 -1.0164706244891808
-9.138975 -5.388755e-05 -0.806464671679576 -1.0083324929940032
-9.188824 -5.32962e-05 -0.7976147075673141 -0.9972672762652411
-9.238883 -5.373091e-05 -0.8041204451157057 -1.0054014782846208
-9.288476000000001 -5.382597e-05 -0.8055430841425284 -1.0071802209957668
-9.338280000000001 -5.302417e-05 -0.7935435893844129 -0.9921771081639049
-9.388309 -5.341445e-05 -0.7993844010758538 -0.9994799453752032
-9.437891 -5.42733e-05 -0.8122376887698018 -1.0155505657988058
-9.48766 -5.461513e-05 -0.8173534125078495 -1.021946816808179
-9.53767 -5.294993e-05 -0.7924325361406583 -0.9907879449104285
-9.587354 -5.376477e-05 -0.8046271835698212 -1.0060350594775453
-9.637401 -5.387705e-05 -0.806307531875435 -1.0081360192041124
-9.687202 -5.363121e-05 -0.8026283652611483 -1.0035359128701327
-9.737513000000002 -5.37866e-05 -0.804953884705478 -1.0064435378426233
-9.787863999999999 -5.287606e-05 -0.7913270202042876 -0.989405705019072
-9.83757 -5.371255e-05 -0.8038456749438935 -1.0050579298291544
-9.887336999999999 -5.413053e-05 -0.8101010364043538 -1.0128790836099746
-9.937503000000001 -5.317129e-05 -0.7957453425258622 -0.9949299866371196
-9.989751 -5.287306e-05 -0.7912821231173902 -0.9893495696505318
-9.99359 -5.430648e-05 -0.8127342505508872 -1.016171422974861
-9.946174999999998 -5.213221e-05 -0.780194787508074 -0.9754869403895131
-9.897351 -5.427043e-05 -0.8121947372233366 -1.0154968629629022
-9.847674999999999 -5.426532e-05 -0.8121182625186547 -1.0154012457184887
-9.797887000000001 -5.232713e-05 -0.7831119009007552 -0.9791342424014693
-9.748521 -5.312516e-05 -0.7950549749863364 -0.9940668117868655
-9.699137 -5.327145e-05 -0.7972443066004105 -0.9968041594747841
-9.649408 -5.409783e-05 -0.8096116581571721 -1.0122672080928856
-9.600036 -5.387678e-05 -0.8063034911376142 -1.0081309670209437
-9.549841 -5.334714e-05 -0.7983770601028322 -0.9982204548230549
-9.500035 -5.349694e-05 -0.8006189213085765 -1.0010234808921656
-9.450370000000001 -5.32111e-05 -0.7963411268689908 -0.995674902977649
-9.400665 -5.2066e-05 -0.7792039088002479 -0.9742480328058294
-9.350833 -5.367383e-05 -0.8032662032090043 -1.0043334093391947
-9.301601 -5.308602e-05 -0.7944692176592812 -0.9933344323453102
-9.251294 -5.443248e-05 -0.8146199282005787 -1.0185291084535524
-9.201174000000002 -5.344865e-05 -0.7998962278664843 -1.0001198885765623
-9.151428 -5.315579e-05 -0.795513374243559 -0.9946399538996616
-9.101906000000001 -5.385484e-05 -0.8059751437754379 -1.0077204303590193
-9.051591 -5.243409e-05 -0.7847126317056043 -0.9811356554078249
-9.001684 -5.203377e-05 -0.7787215644300135 -0.9736449518298118
-8.951974 -5.349227e-05 -0.8005490315099728 -1.0009360968351377
-8.902174 -5.305915e-05 -0.7940670894176368 -0.9928316465610845
-8.852276 -5.466268e-05 -0.8180650313351735 -1.0228365623995421
-8.802436 -5.428221e-05 -0.8123710331178872 -1.0157172878433705
-8.753138000000002 -5.317093e-05 -0.7957399548754345 -0.9949232503928948
-8.703035 -5.386224e-05 -0.8060858899231181 -1.0078588976014184
-8.65273 -5.416681e-05 -0.8106439918419 -1.0135579473335214
-8.603276 -5.266255e-05 -0.7881316945297988 -0.9854105508400614
-8.553211 -5.325043e-05 -0.7969297276782159 -0.9964108376592119
-8.503221 -5.292527e-05 -0.7920634820863616 -0.9903265121810275
-8.453192 -5.32164e-05 -0.796420445055843 -0.9957740754620701
-8.402983 -5.292179e-05 -0.7920114014655606 -0.9902613951535207
-8.353137 -5.339484e-05 -0.7990909237845011 -0.9991130071828451
-8.303063 -5.254207e-05 -0.7863286275199985 -0.9831561544394842
-8.253172000000001 -5.278148e-05 -0.7899115647113686 -0.9876359439668926
-8.203378 -5.346735e-05 -0.8001760863748115 -1.0004697990404634
-8.153692 -5.497809e-05 -0.8227853613946112 -1.0287384479299704
-8.103407 -5.382651e-05 -0.80555116561817 -1.007190325362104
-8.053597 -5.441665e-05 -0.8143830212387165 -1.0182329008255548
-8.003601 -5.537269e-05 -0.8286908248911843 -1.0361221200719668
-7.953082 -5.402698e-05 -0.8085513386216115 -1.0109414778058596
-7.903446 -5.388262e-05 -0.806390890800108 -1.008240243871702
-7.8538689999999995 -5.301012e-05 -0.7933333213607767 -0.9919142075212414
-7.803851 -5.368752e-05 -0.8034710835822128 -1.0045895737376334
-7.753545 -5.349036e-05 -0.8005204470313148 -1.0009003573171673
-7.703918 -5.357351e-05 -0.8017648446231548 -1.0024562426152082
-7.654175 -5.32891e-05 -0.7975084511283236 -0.9971344225596959
-7.604026 -5.231983e-05 -0.7830026513226382 -0.9789976463380213
-7.553591 -5.297969e-05 -0.7928779152426807 -0.991344807766348
-7.503852 -5.459992e-05 -0.8171257842772796 -1.0216622104896798
-7.454305000000001 -5.339975e-05 -0.7991644053500565 -0.999204882069356
-7.404304 -5.318918e-05 -0.796013078820727 -0.9952647405515147
-7.354012 -5.454482e-05 -0.8163011744479304 -1.02063119088749
-7.304305 -5.437795e-05 -0.8138038488177399 -1.0175087545713852
-7.254434 -5.377278e-05 -0.8047470587918373 -1.0061849409115478
-7.204229000000001 -5.329804e-05 -0.7976422444472779 -0.9973017059579459
-7.154138 -5.469167e-05 -0.8184988868515588 -1.023379017177536
-7.1041099999999995 -5.278804e-05 -0.7900097396747175 -0.9877586933061007
-7.054173 -5.35938e-05 -0.8020684985875376 -1.0028359048244355
-7.0042860000000005 -5.344082e-05 -0.7997790464696821 -0.9999733752646722
-6.954541 -5.333632e-05 -0.7982151312760889 -0.9980179932605197
-6.904323000000001 -5.317055e-05 -0.7957342679110941 -0.9949161399128796
-6.85421 -5.211098e-05 -0.7798770657897965 -0.9750896890981432
-6.8044899999999995 -5.270458e-05 -0.7887607027172315 -0.9861970073533105
-6.754128 -5.409878e-05 -0.8096258755680229 -1.0122849842929234
-6.704201 -5.269378e-05 -0.7885990732044008 -0.9859949200265654
-6.654350999999999 -5.395671e-05 -0.8074996991895177 -1.0096266003567516
-6.604456 -5.164399e-05 -0.7728882355863889 -0.9663514705132702
-6.554465 -5.345053e-05 -0.7999243633742734 -1.0001550667408476
-6.50449 -5.305001e-05 -0.7939303029595561 -0.9926606208049319
-6.45488 -5.372069e-05 -0.8039674957063419 -1.0052102437957937
-6.404739999999999 -5.357038e-05 -0.8017180019958251 -1.0023976747140313
-6.354203 -5.436276e-05 -0.8135765199010826 -1.0172245224886765
-6.304418 -5.275878e-05 -0.7895718434205115 -0.9872111863449379
-6.254462 -5.458773e-05 -0.8169433524475197 -1.0214341137755112
-6.204184000000001 -5.381832e-05 -0.80542859657094 -1.007037075805989
-6.154371 -5.386716e-05 -0.8061595211456299 -1.0079509596058247
-6.104756999999999 -5.246784e-05 -0.7852177239332003 -0.9817671783039029
-6.054665 -5.293171e-05 -0.7921598611662347 -0.990447016105494
-6.004993000000001 -5.405151e-05 -0.8089184471354761 -1.011400478002624
-5.9547110000000005 -5.390218e-05 -0.8066836198066791 -1.0086062464745846
-5.904238 -5.248621e-05 -0.7854926437619688 -0.9821109138772645
-5.854488999999999 -5.224599e-05 -0.7818975843571365 -0.9776159678003502
-5.804767 -5.388053e-05 -0.8063596124962361 -1.008201136231619
-5.754953 -5.264653e-05 -0.7878919440857666 -0.9851107879720563
-5.705078 -5.309373e-05 -0.7945846031726077 -0.9934787002424585
-5.654971 -5.303725e-05 -0.7937393406832857 -0.9924218583707405
-5.60436 -5.353822e-05 -0.8012367052242848 -1.0017959035632795
-5.554378 -5.370918e-05 -0.8037952405496122 -1.0049948710984942
-5.504738000000001 -5.414361e-05 -0.8102967877032267 -1.01312383381681
-5.454628 -5.313769e-05 -0.7952424951526111 -0.9943012705094686
-5.404625 -5.37025e-05 -0.8036952697027873 -1.0048698763445445
-5.354869 -5.43186e-05 -0.8129156347819527 -1.0163982098637638
-5.304323 -5.273561e-05 -0.789225088252707 -0.9867776341819119
-5.254541000000001 -5.322685e-05 -0.7965768365752023 -0.9959696136624854
-5.204684 -5.304291e-05 -0.7938240465205655 -0.9925277670993865
-5.15489 -5.372244e-05 -0.8039936856736987 -1.0052429894274422
-5.104888 -5.372842e-05 -0.8040831805335809 -1.0053548859287325
-5.054739 -5.300221e-05 -0.7932149427083238 -0.9917661972661902
-5.005203000000001 -5.398772e-05 -0.8079637854110806 -1.0102068529495627
-4.955191 -5.30916e-05 -0.7945527262409104 -0.993438844130795
-4.905008 -5.230998e-05 -0.7828552392206582 -0.9788133352113141
-4.854795 -5.323432e-05 -0.7966886303215769 -0.9961093907301506
-4.804937 -5.23419e-05 -0.7833329442252468 -0.9794106155325826
-4.755119 -5.370068e-05 -0.8036680321367361 -1.00483582088763
-4.704786 -5.357051e-05 -0.8017199475362573 -1.002400107246668
-4.654654000000001 -5.27134e-05 -0.78889270015271 -0.9863620453368189
-4.6048230000000006 -5.327219e-05 -0.7972553812151786 -0.9968180061990239
-4.55488 -5.319265e-05 -0.7960650097845717 -0.9953296704611263
-4.505172 -5.50061e-05 -0.8232045505292768 -1.0292625651542415
-4.455156 -5.417086e-05 -0.8107046029092114 -1.0136337300810507
-4.404859999999999 -5.495796e-05 -0.8224841019415297 -1.0283617796070654
-4.354484 -5.287393e-05 -0.7912951432725905 -0.9893658489074084
-4.305088 -5.354065e-05 -0.8012730718646717 -1.001841373211797
-4.254924 -5.331018e-05 -0.7978239279922561 -0.9975288670826389
-4.204852 -5.236548e-05 -0.7836858353282605 -0.979851839529309
-4.154869 -5.377439e-05 -0.8047711535618055 -1.0062150668926644
-4.104638 -5.227628e-05 -0.7823508952778441 -0.9781827479047117
-4.0544459999999996 -5.296573e-05 -0.7926689941316514 -0.9910835911847407
-4.004452000000001 -5.387935e-05 -0.8063419529753898 -1.0081790563199933
-3.954531 -5.375815e-05 -0.8045281106647342 -1.0059111874309665
-3.904388 -5.264311e-05 -0.7878407614067034 -0.9850467936519204
-3.8544650000000003 -5.315517e-05 -0.7955040955122668 -0.9946283525901632
-3.8049340000000003 -5.415248e-05 -0.8104295334234867 -1.013289807389794
-3.75461 -5.275643e-05 -0.7895366740357751 -0.9871672136395814
-3.704597 -5.35814e-05 -0.8018829239616949 -1.002603878634469
-3.6549899999999997 -5.366574e-05 -0.8031451307313375 -1.004182030962031
-3.605082 -5.413608e-05 -0.8101840960151141 -1.012982934041774
-3.5547020000000003 -5.235647e-05 -0.7835509944106119 -0.9796832463057931
-3.50448 -5.237422e-05 -0.7838166355080883 -0.9800153805696563
-3.454446 -5.279442e-05 -0.7901052208128527 -0.9878780745231962
-3.404823 -5.272593e-05 -0.7890802203189847 -0.986596504059422
-3.35486 -5.434577e-05 -0.813322252732287 -1.0169066091848435
-3.304536 -5.37851e-05 -0.8049314361620294 -1.0064154701583532
-3.254569 -5.286294e-05 -0.7911306702775897 -0.9891602063406559
-3.204758 -5.27927e-05 -0.7900794798163648 -0.9878458902452332
-3.154465 -5.163463e-05 -0.7727481566752689 -0.9661763281634246
-3.104276 -5.236058e-05 -0.7836125034196614 -0.9797601517606933
-3.054578 -5.294611e-05 -0.7923753671833423 -0.9907164658744873
-3.004693 -5.385571e-05 -0.8059881639306382 -1.007736709615896
-2.95471 -5.263403e-05 -0.7877048728903606 -0.9848768906031385
-2.904471 -5.373333e-05 -0.8041566620991363 -1.0054467608152433
-2.854597 -5.345928e-05 -0.8000553132110575 -1.00031879489909
-2.8046930000000003 -5.2701e-05 -0.7887071255268674 -0.9861300191468524
-2.754493 -5.209681e-05 -0.7796650018826845 -0.974824543040738
-2.704378 -5.249253e-05 -0.785587226958366 -0.9822291723869894
-2.654172 -5.370875e-05 -0.8037888053004901 -1.0049868250290035
-2.6045819999999997 -5.326525e-05 -0.7971515192874893 -0.9966881463798009
-2.5542860000000003 -5.311935e-05 -0.7949680242947117 -0.9939580962897925
-2.504221 -5.224726e-05 -0.7819165907905898 -0.9776397317730323
-2.454342 -5.318995e-05 -0.7960246024063641 -0.9952791486294401
-2.4043780000000003 -5.315656e-05 -0.7955248978291959 -0.9946543619775869
-2.3546060000000004 -5.267985e-05 -0.7883906010642405 -0.9857342647986436
-2.304795 -5.465523e-05 -0.8179535369027116 -1.022697159567667
-2.2546559999999998 -5.236606e-05 -0.7836945154317273 -0.9798626923672268
-2.204554 -5.327356e-05 -0.797275884218195 -0.9968436413506573
-2.154341 -5.273256e-05 -0.789179442881028 -0.986720563223896
-2.104276 -5.175047e-05 -0.7744817828573345 -0.9683439018606594
-2.053915 -5.151152e-05 -0.7709057298859553 -0.9638727197564272
-2.004191 -5.318359e-05 -0.7959294205821416 -0.9951601416481347
-1.9543320000000002 -5.192996e-05 -0.7771679755664066 -0.9717024809604236
-1.9043409999999998 -5.404602e-05 -0.8088362854664537 -1.0112977502781952
-1.854238 -5.204591e-05 -0.7789032479749917 -0.9738721129545048
-1.804406 -5.417067e-05 -0.8107017594270413 -1.0136301748410432
-1.754267 -5.384979e-05 -0.8058995670124939 -1.0076259358219763
-1.704239 -5.352101e-05 -0.80097914560245 -1.0014738736657536
-1.65437 -5.198181e-05 -0.7779439468849503 -0.9726726872466944
-1.604452 -5.19509e-05 -0.7774813572329505 -0.9720943058328345
-1.554341 -5.185713e-05 -0.7760780239534937 -0.9703397013301609
-1.5043140000000002 -5.358761e-05 -0.8019758609315726 -1.0027200788473476
-1.4542950000000001 -5.269571e-05 -0.7886279569969714 -0.9860310337803263
-1.4040730000000001 -5.263224e-05 -0.7876780842951785 -0.9848433964999095
-1.35404 -5.118357e-05 -0.7659977300032864 -0.9577361883855005
-1.304276 -5.271289e-05 -0.7888850676479374 -0.986352502324167
-1.254249 -5.160325e-05 -0.7722785331463219 -0.9655891522084934
-1.203924 -5.225681e-05 -0.7820595131838799 -0.9778184293628854
-1.154116 -5.215691e-05 -0.780564440190196 -0.9759491215904946
-1.10436 -5.159645e-05 -0.7721767664160212 -0.9654619120398021
-1.054078 -5.114845e-05 -0.7654721347726741 -0.9570790303377892
-1.0043039999999999 -5.322394e-05 -0.7965332864009117 -0.9959151623550013
-0.9541744 -5.178147e-05 -0.7749457194219409 -0.9689239673355754
-0.9041629 -5.139787e-05 -0.7692048785773251 -0.9617461248782269
-0.8544152 -5.248834e-05 -0.7855245206936659 -0.982150769988928
-0.8044177 -5.066408e-05 -0.7582232007791739 -0.9480156008511729
-0.7543781 -5.27471e-05 -0.7893970440955241 -0.9869926326434212
-0.7038781000000001 -5.198417e-05 -0.7779792659266429 -0.9727168470699461
-0.6541629 -5.221758e-05 -0.7814724089442179 -0.9770843658602739
-0.6043687999999999 -5.230131e-05 -0.7827254866395249 -0.9786511039962328
-0.5540214 -5.151899e-05 -0.7710175236323299 -0.9640124968240924
-0.5043689 -5.106417e-05 -0.7642108259447693 -0.9555020007175979
-0.4539337 -5.084101e-05 -0.7608710813074271 -0.9513262777697826
-0.4038893 -4.766848e-05 -0.713391962942543 -0.8919625641847659
-0.3542207 -4.205296e-05 -0.6293517998044881 -0.7868861359363545
-0.3037299 -3.351161e-05 -0.5015245554140798 -0.6270621925758876
-0.2536063 -2.565007e-05 -0.3838711405715818 -0.47995871084454006
-0.2039059 -2.046674e-05 -0.30629900142892463 -0.38296933090593444
-0.1535911 -1.409997e-05 -0.21101585944697565 -0.2638356707855647
-0.10344289999999999 -8.799224e-06 -0.1316865081859362 -0.1646492273694511
-0.05382324 -6.613062e-06 -0.09896907309066157 -0.12374222418320946
-0.004109578 -5.810646e-06 -0.08696035946403653 -0.10872758488900744
0.04582771 -2.022393e-08 -0.0003026651808724042 -0.0003784259212941804
0.09592745999999999 3.472192e-07 0.005196376864950161 0.006497092585418774
0.14636269999999998 3.004126e-06 0.044958835357593326 0.056212573383798356
0.1964315 5.163161e-06 0.07727029602744588 0.0966119818559094
0.2460293 7.776362e-06 0.11637866681991538 0.14550964892417326
0.2963071 1.080975e-05 0.16177542836310607 0.20226976669271338
0.3464126 1.263588e-05 0.18910473412843082 0.2364399268768587
0.396159 1.623174e-05 0.24291928042540883 0.30372490231659227
0.44659410000000005 1.767968e-05 0.2645887097594893 0.33081845082465655
0.49676170000000003 2.034607e-05 0.30449309093695426 0.38071137926534976
0.5464597999999999 2.179985e-05 0.32624991993352837 0.40791420462417244
0.5962240000000001 2.332623e-05 0.3490932584330198 0.43647550590166945
0.6465479000000001 2.647041e-05 0.39614809932672324 0.49530874025398064
0.6965825 2.99713e-05 0.44854135350948554 0.5608166570436245
0.7465200999999999 3.337158e-05 0.4994289090546649 0.6244419806903231
0.7965353000000001 3.535222e-05 0.5290705644521627 0.6615032994721872
0.8462329999999999 3.929667e-05 0.5881020025896639 0.7353110176184046
0.896073 4.38331e-05 0.6559928332276754 0.8201957409207775
0.946159 4.637559e-05 0.6940429647162774 0.8677702786407578
0.9966682 4.981129e-05 0.7454606052007587 0.9320583738720217
1.0466110000000002 4.960596e-05 0.7423876989165435 0.9282162821312309
1.0966310000000001 5.036341e-05 0.7537234650733587 0.9423895270981723
1.1469369999999999 5.133862e-05 0.7683181611111011 0.9606374513495565
1.196658 4.991095e-05 0.7469520864274908 0.9339231908149294
1.246363 5.135128e-05 0.7685076268178082 0.9608743426047965
1.2965920000000002 5.134569e-05 0.7684239685792227 0.9607697437014164
1.346354 5.056767e-05 0.7567803580632474 0.9462115972241838
1.396318 5.150318e-05 0.7707809159843805 0.9637166634318852
1.446622 5.380483e-05 0.805226709336858 1.006784653765453
1.496403 5.178666e-05 0.7750233913822735 0.9690210815231501
1.5466030000000002 5.205558e-05 0.7790479662517577 0.9740530559590996
1.596946 5.26172e-05 0.7874530002328662 0.9845619711856276
1.6470850000000001 5.2381e-05 0.7839181029244764 0.9801422465025573
1.696799 5.248053e-05 0.7854076386107763 0.9820046309128283
1.746863 5.342841e-05 0.7995933221868832 0.9997411619568106
1.796826 5.354225e-05 0.8012970169776837 1.0018713120750187
1.846611 5.232657e-05 0.7831035201112011 0.9791237637993417
1.897016 5.404924e-05 0.8088844750063903 1.0113580022404285
1.946733 5.332399e-05 0.7980306042489405 0.9977872768958191
1.996807 5.215411e-05 0.7805225362424251 0.9758967285798571
2.047187 5.297571e-05 0.7928183517740635 0.9912703348440846
2.0968470000000003 5.223052e-05 0.7816660650457022 0.9773264964165777
2.146474 5.173988e-05 0.7743232961405865 0.9681457440097123
2.1970479999999997 5.263436e-05 0.7877098115699195 0.984883065493678
2.247122 5.23154e-05 0.7829363532909863 0.9789147531104768
2.296894 5.184099e-05 0.7758364776259857 0.9700376930474144
2.346816 5.269175e-05 0.7885686928422668 0.9859569350938532
2.397354 5.379759e-05 0.8051183577004789 1.0066491804093758
2.4471860000000003 5.294657e-05 0.7923822514033332 0.9907250732976634
2.497122 5.415667e-05 0.8104922396881867 1.0133682097878554
2.5470639999999998 5.249017e-05 0.7855519079166734 0.9821850125637376
2.5967890000000002 5.300274e-05 0.7932228745270091 0.9917761145146324
2.647122 5.337445e-05 0.7987857732505549 0.9987314737946664
2.697354 5.345364e-05 0.7999709066876904 1.0002132604062344
2.746715 5.365006e-05 0.8029104686238204 1.0038886301024608
2.7967890000000004 5.289249e-05 0.7915729065835292 0.9897131397207776
2.847141 5.309759e-05 0.7946423707577489 0.9935509277499803
2.896928 5.30158e-05 0.7934183265119692 0.9920204904856776
2.9469279999999998 5.478173e-05 0.8198466974002191 1.0250642009411148
2.997344 5.411968e-05 0.8099386586067415 1.012676060693754
3.0474 5.348387e-05 0.80042331966666 1.0007789178032251
3.097585 5.357888e-05 0.8018452104087012 1.0025567249248952
3.147545 5.276625e-05 0.789683637166886 0.9873509634126032
3.1969369999999997 5.395497e-05 0.8074736588791173 1.009594041842998
3.246856 5.378701e-05 0.8049600206406874 1.0064512096763238
3.2969 5.224568e-05 0.7818929449914905 0.9776101671456011
3.34702 5.389389e-05 0.8065595541898859 1.0084511257395183
3.3973069999999996 5.365636e-05 0.803004752506305 1.0040065143763952
3.447789 5.305478e-05 0.794001689327723 0.9927498760409108
3.497432 5.357162e-05 0.8017365594584094 1.0024208773330279
3.54752 5.349623e-05 0.8006082956646774 1.0010101955216109
3.5976109999999997 5.34431e-05 0.7998131682557242 1.000016038144763
3.647641 5.428494e-05 0.8124118894669637 1.015768371028742
3.697507 5.294037e-05 0.7922894640904118 0.9906090602026801
3.7473069999999997 5.372053e-05 0.8039651011950406 1.0052072499094715
3.797281 5.317834e-05 0.7958508506800711 0.9950619047531892
3.847104 5.362054e-05 0.8024686812887498 1.0033362580760246
3.8973069999999996 5.266897e-05 0.7882277742957592 0.9855306805287375
3.947564 5.284442e-05 0.7908535055944762 0.9888136639988674
3.9973069999999997 5.37895e-05 0.8049972852228121 1.0064978020322122
4.047696 5.359241e-05 0.8020476962706085 1.002809895437012
4.097809 5.327259e-05 0.7972613674934316 0.9968254909148293
4.147751 5.416164e-05 0.8105666191954801 1.013461207381737
4.19763 5.13093e-05 0.767879366915157 0.960088821681023
4.247399000000001 5.382597e-05 0.8055430841425284 1.0071802209957668
4.297576 5.394494e-05 0.8073235529519236 1.0094063625941785
4.347918 5.30166e-05 0.7934302990684753 0.9920354599172885
4.397866 5.38825e-05 0.8063890949166319 1.0082379984569605
4.447557 5.233643e-05 0.7832510818701373 0.9793082620439441
4.4973090000000004 5.358167e-05 0.8018869646995157 1.0026089308176378
4.547548 5.331984e-05 0.7979684966120658 0.9977096229693384
4.597779999999999 5.457102e-05 0.8166932756735011 1.0211214397727417
4.6477520000000005 5.403741e-05 0.8087074308270581 1.0111366417704846
4.698011 5.346464e-05 0.8001355293396476 1.000419090090882
4.7479499999999994 5.309042e-05 0.7945350667200641 0.9934167642191691
4.797816 5.455063e-05 0.816388125139555 1.020739906384563
4.848002 5.296274e-05 0.7926242467017104 0.9910276429340955
4.8982790000000005 5.340229e-05 0.799202418216963 0.9992524100147201
4.948345000000001 5.38328e-05 0.8056452998436981 1.0073080225181434
4.998082999999999 5.239094e-05 0.7840668619390633 0.9803282416903208
5.047421999999999 5.307564e-05 0.7943138737386163 0.9931402039701608
5.097613 5.189439e-05 0.7766356457727597 0.9710369026074311
5.147937 5.278873e-05 0.790020066004704 0.9877716044408649
5.198139 5.307525e-05 0.7943080371173196 0.9931329063722506
5.248187 5.417705e-05 0.8107972405651764 1.0137495560581389
5.2977430000000005 5.479438e-05 0.8200360134499699 1.0253009050784596
5.347789 5.315692e-05 0.7955302854796236 0.9946610982218118
5.398159 5.310047e-05 0.7946854719611706 0.9936048177037791
5.448076 5.37985e-05 0.8051319764835044 1.006666208137833
5.497809 5.383909e-05 0.8057394340692263 1.0074257196741827
5.547641 5.37097e-05 0.803803022711341 1.0050046012290412
5.597983 5.303381e-05 0.79368785869031 0.9923574898148144
5.6483810000000005 5.243855e-05 0.7847793787081251 0.9812191099890548
5.697969 5.331211e-05 0.7978528117848268 0.9975649808363998
5.748178 5.366401e-05 0.8031192400778935 1.004149659566173
5.798539 5.332127e-05 0.7979898975568203 0.9977363808283426
5.848375 5.460844e-05 0.8172532920040682 1.021821634936334
5.898131 5.428321e-05 0.8123859988135197 1.0157359996328839
5.948594 5.320959e-05 0.7963185286685859 0.9956466481754837
5.9985550000000005 5.451362e-05 0.8158342447441973 1.0200473830546715
6.0481869999999995 5.425593e-05 0.8119777346366658 1.0152255420149576
6.098446 5.384492e-05 0.8058266840747638 1.007534809407046
6.148224 5.38349e-05 0.8056767278045264 1.0073473172761216
6.198224 5.531173e-05 0.827778516085429 1.0349814493832286
6.248085 5.26726e-05 0.7882820997709051 0.9855986043246713
6.298529 5.31164e-05 0.7949238754925958 0.9939028965107278
6.3483 5.454988e-05 0.8163769008678308 1.0207258725424282
6.3981319999999995 5.276617e-05 0.7896824399112354 0.9873494664694421
6.448526 5.411621e-05 0.8098867276428969 1.0126111307841423
6.498335 5.348033e-05 0.8003703411041211 1.0007126780683475
6.547931999999999 5.388484e-05 0.806424114644412 1.0082817840444218
6.598104 5.374264e-05 0.8042959927254746 1.0056209675756131
6.648067 5.175162e-05 0.7744989934073118 0.9683654204185999
6.698594 5.237788e-05 0.7838714099541031 0.9800838657192754
6.748649 5.367776e-05 0.8033250183928399 1.0044069466719825
6.798045 5.239551e-05 0.7841352551681036 0.9804137545683971
6.847974 5.319812e-05 0.7961468721396814 0.9954320239497648
6.898206 5.299682e-05 0.793134277608865 0.9916653407207129
6.948224 5.35998e-05 0.8021582927613324 1.0029481755615162
6.998261 5.382415e-05 0.8055158465764773 1.0071461655388523
7.048479 5.384062e-05 0.8057623315835442 1.0074543487121383
7.098539 5.288348e-05 0.7914380656658807 0.9895445464972616
7.148623 5.371499e-05 0.8038821912412368 1.0051035865955673
7.198724 5.352586e-05 0.8010517292262676 1.0015646258448936
7.248363 5.296796e-05 0.7927023676329118 0.9911253184753556
7.298547999999999 5.233035e-05 0.7831600904406918 0.9791944943637025
7.3487610000000005 5.313372e-05 0.7951830813409502 0.9942269847051003
7.39846 5.356295e-05 0.8016068068772758 1.0022586461179464
7.448372 5.320159e-05 0.7961988031035261 0.9954969538593763
7.498253 5.355092e-05 0.8014267695588172 1.0020335432901
7.548298 5.359367e-05 0.8020665530471054 1.0028334722917989
7.598428 5.495273e-05 0.8224058313533719 1.0282639169479102
7.648668 5.431075e-05 0.8127981540712378 1.0162513223160834
7.698965 5.501863e-05 0.8233920706955515 1.0294970238768446
7.748545 5.310334e-05 0.7947284235076357 0.9936585205396826
7.798576 5.362924e-05 0.8025988828407523 1.0034990506447912
7.848762 5.316196e-05 0.7956057125856112 0.9947554056409594
7.898326 5.408499e-05 0.8094194986252511 1.0120269487155333
7.948622 5.425919e-05 0.8120265228044277 1.0152865424487714
7.998965 5.301863e-05 0.7934606794306092 0.9920734448500007
8.048983 5.404016e-05 0.8087485864900475 1.0111880991916466
8.098946 5.358136e-05 0.8018823253338696 1.0026031301628886
8.14896 5.215517e-05 0.7805383998797956 0.9759165630767414
8.198857 5.482876e-05 0.8205505340658144 1.0259442164019312
8.248928 5.284622e-05 0.7908804438466146 0.9888473452199915
8.299206 5.25318e-05 0.786174929825853 0.9829639843611814
8.348848 5.482021e-05 0.8204225773681567 1.0257842306015914
8.398447 5.418089e-05 0.8108547088364052 1.0138214093298705
8.448872 5.255905e-05 0.7865827450318379 0.9834738806254222
8.498959999999999 5.333552e-05 0.7982031587195829 0.9980030238289089
8.548928 5.244407e-05 0.7848619893480164 0.9813223990671689
8.598854 5.282795e-05 0.7906070205874095 0.9885054808255813
8.648882 5.407467e-05 0.809265052646324 1.0118338430477547
8.699271000000001 5.282895e-05 0.790621986283042 0.9885241926150947
8.748866 5.216502e-05 0.7806858119817753 0.9761008742034485
8.798641 5.369986e-05 0.8036557602663176 1.0048204772202292
8.849021 5.347064e-05 0.8002253235134424 1.0005313608279625
8.898716 5.290258e-05 0.7917239104524608 0.9899019416769681
8.94866 5.305529e-05 0.7940093218324955 0.9927594190535627
8.99878 5.299049e-05 0.7930395447555113 0.9915468950930929
9.048781000000002 5.254909e-05 0.7864336867033386 0.9832875112018685
9.098706 5.273827e-05 0.7892648970030894 0.9868274075420177
9.149188 5.342628e-05 0.7995614452551859 0.999701305845147
9.199036 5.311845e-05 0.7949545551686424 0.9939412556792304
9.248826999999999 5.270617e-05 0.7887844981732871 0.9862267590986368
9.299064 5.25314e-05 0.7861689435476001 0.9829564996453761
9.348753 5.37036e-05 0.803711731967983 1.0048904593130092
9.398854 5.279781e-05 0.7901559545210467 0.9879415074896467
9.449067 5.475431e-05 0.8194363380259767 1.024551123672657
9.49897 5.442227e-05 0.814467128448171 1.0183380610826203
9.548585999999998 5.482256e-05 0.8204577467528931 1.025828203306948
9.599049 5.194503e-05 0.777393508599588 0.9719844676283907
9.648956 5.22394e-05 0.7817989604229185 0.9774926571074568
9.699335999999999 5.357375e-05 0.8017684363901065 1.0024607334446916
9.749234 5.394448e-05 0.8073166687319325 1.0093977551710023
9.798965 5.309589e-05 0.7946169290751739 0.9935191177078077
9.84931 5.433597e-05 0.8131755889150888 1.016723233647612
9.899225 5.297801e-05 0.7928527728740181 0.9913133719599654
9.94897 5.377777e-05 0.8048217376130434 1.0062783127412198
10.00123 5.353835e-05 0.801238650764717 1.0017983360959162
nan nan nan nan
