Ms(MA/m):0.8385404872600417
H(kOe) moment(emu) M(MA/m) M_norm()
9.99276 5.923595e-05 0.836953929346312 0.998107953118741
9.947861999999999 5.950264e-05 0.8407220337392923 1.002601599460485
9.900029 5.965923e-05 0.8429345181477697 1.0052400938946735
9.851464 5.994365e-05 0.8469531324619604 1.010032485407362
9.803259 5.808746e-05 0.8207267359221337 0.9787562418171185
9.754714 6.002271e-05 0.8480701834699058 1.011364622644522
9.705611999999999 5.93719e-05 0.8388747879920267 1.0003986697566356
9.656065 5.818099e-05 0.8220482358054269 0.980332194205072
9.607249 5.934238e-05 0.8384576953313317 0.9999012666293782
9.558259 5.972683e-05 0.8438896490374372 1.0063791335763335
9.508647999999999 5.931204e-05 0.838029016763395 0.9993900467485858
9.459476 5.893318e-05 0.832676045034704 0.9930063696214599
9.409685999999999 5.926928e-05 0.8374248540882147 0.9986695536008375
9.359646000000001 5.957739e-05 0.8417781880884442 1.00386111449309
9.310167 5.98412e-05 0.8455056005145274 1.0083062337004673
9.260589 5.953839e-05 0.8412271510367128 1.0032039762152092
9.21077 5.925881e-05 0.8372769218335576 0.9984931372477758
9.160677 5.935762e-05 0.838673023656162 1.0001580560487346
9.110890999999999 6.005636e-05 0.8485456295414638 1.0119316150304374
9.060992 5.868858e-05 0.8292200536794865 0.9888849331401873
9.010926999999999 5.920804e-05 0.8365595846254447 0.9976376780075704
8.961362 5.78395e-05 0.8172232706055362 0.9745781903457515
8.911352999999998 6.036788e-05 0.8529471439608319 1.0171806333977556
8.86151 5.976475e-05 0.8444254266015823 1.0070180741788268
8.811352999999999 5.919187e-05 0.8363311161863038 0.9973652183677414
8.761447 6.059151e-05 0.8561068469320801 1.0209487316819217
8.711481 5.935101e-05 0.8385796299404713 1.0000466795354837
8.661560999999999 5.956266e-05 0.8415700656327517 1.003612918420444
8.61152 5.970066e-05 0.8435198890465704 1.005938176942176
8.56141 5.867097e-05 0.828971239256897 0.988588209933175
8.51151 5.915988e-05 0.8358791245123324 0.9968261964828848
8.461589 5.951786e-05 0.8409370794810193 1.002858051885853
8.411074000000001 5.952312e-05 0.8410113988372272 1.0029466813048697
8.361372 6.024574e-05 0.8512214089480507 1.0151226111090286
8.311695 5.919341e-05 0.8363528750852696 0.997391166904868
8.261379999999999 5.89819e-05 0.8333644174747131 0.993827286977828
8.211167 6.012448e-05 0.8495081075918213 1.0130794165558024
8.161353 5.958476e-05 0.8418823199620662 1.00398529677791
8.111417000000001 5.881397e-05 0.8309917084465787 0.9909977169520712
8.061342999999999 5.985999e-05 0.8457710873402206 1.0086228395528105
8.011223 5.845182e-05 0.8258748349008219 0.9848955983024682
7.960963 6.049601e-05 0.854757512613097 1.0193395853860854
7.911287000000001 6.00577e-05 0.8485645626093952 1.0119541936276772
7.861084 5.871472e-05 0.8295893897956982 0.9893253842833617
7.810918 6.001309e-05 0.8479342609971455 1.0112025285359783
7.760779 5.929814e-05 0.8378326215064958 0.9991558359264693
7.7106069999999995 5.879803e-05 0.8307664897131274 0.9907291327431116
7.660556 5.948241e-05 0.8404362009301507 1.0022607300409587
7.610787 5.924428e-05 0.8370716252088998 0.9982483111150166
7.560834 5.959845e-05 0.842075748096379 1.0042159691631454
7.511089 5.960718e-05 0.8421990956210358 1.004363067039194
7.461001 5.963131e-05 0.8425400321353507 1.0047696502865087
7.410992 5.933937e-05 0.8384151665742621 0.9998505490340853
7.360919 5.826363e-05 0.8232158691888906 0.9817246533662018
7.311305999999999 5.883384e-05 0.8312724547598582 0.9913325204798017
7.261075 6.036092e-05 0.8528488050408306 1.017063359489703
7.210834 5.867618e-05 0.8290448521553462 0.9886759968672201
7.160473 5.873077e-05 0.8298161627362184 0.9895958219592589
7.110636 5.946017e-05 0.8401219685191121 1.0018859927255723
7.060612 5.878814e-05 0.8306267523684704 0.9905624892157209
7.010636000000001 6.017482e-05 0.85021936926321 1.0139276304252516
6.960955 5.881791e-05 0.8310473773179586 0.9910641047678365
6.910787999999999 5.921e-05 0.836587277769583 0.9976707034184588
6.860315 5.916008e-05 0.8358819503433669 0.9968295664227714
6.810720999999999 5.950311e-05 0.8407286744422234 1.0026095188192186
6.760973 5.882978e-05 0.8312150903898574 0.9912641107001043
6.710519000000001 5.909986e-05 0.8350310926188729 0.9958148775229257
6.660476 6.00483e-05 0.8484317485507726 1.0117958064530086
6.6107510000000005 6.045316e-05 0.8541520783139511 1.0186175757653881
6.560399 6.046345e-05 0.8542974673206771 1.0187909591725521
6.510306 5.984634e-05 0.8455782243721146 1.0083928411555523
6.460315 5.981237e-05 0.8450982569709014 1.0078204568658187
6.410229999999999 6.037866e-05 0.8530994562535925 1.0173622731576417
6.360532 5.959062e-05 0.8419651168113775 1.0040840360165864
6.310325 5.95921e-05 0.8419860279610331 1.004108973571747
6.260238999999999 5.943971e-05 0.8398328860042806 1.0015412478751764
6.210787 5.830154e-05 0.8237515054614838 0.9823634254717009
6.1608339999999995 5.966731e-05 0.8430486817215642 1.0053762394660908
6.110612 5.961418e-05 0.842297999707244 1.0044810149352241
6.06013 5.93837e-05 0.8390415120230634 1.000597496209943
6.010645 5.902824e-05 0.8340191625254114 0.9946081020495458
5.960594 5.849326e-05 0.8264603470911744 0.9855938498469651
5.910569000000001 6.054922e-05 0.8555093249598309 1.020236157892907
5.8606300000000005 5.949196e-05 0.8405711343620491 1.0024216446705423
5.809963 5.927525e-05 0.837509205144595 0.9987701463064516
5.759825 5.882964e-05 0.8312131123081333 0.9912617517421837
5.710088 5.972382e-05 0.8438471202803678 1.0063284159810406
5.66064 5.95302e-05 0.8411114332558491 1.0030659771768542
5.61014 5.939007e-05 0.8391315147415129 1.0007048287953302
5.56023 5.926714e-05 0.8373946176961453 0.9986334952440513
5.510473 6.012928e-05 0.8495759275366497 1.01316029511308
5.460075 6.015925e-05 0.8499993783171726 1.0136652806050823
5.409962999999999 5.985407e-05 0.8456874427415987 1.008523089332168
5.359899 5.916477e-05 0.8359482160811263 0.9969085915131114
5.3098149999999995 5.927439e-05 0.8374970540711466 0.9987556555649394
5.260371 5.947845e-05 0.8403802494756671 1.0021940052312046
5.210185999999999 5.961704e-05 0.8423384090910376 1.0045292050756018
5.159705 5.927611e-05 0.8375213562180435 0.9987846370479638
5.10973 5.929975e-05 0.8378553694463238 0.9991829639425562
5.0596760000000005 5.941653e-05 0.8395053721873799 1.001150671842323
5.009575 5.911059e-05 0.8351826984538749 0.9959956747978402
4.960164 5.993787e-05 0.8468714659450626 1.00993509414464
4.9100839999999994 5.944151e-05 0.8398583184835914 1.0015715773341556
4.860107 5.953948e-05 0.841242551815851 1.003222342387591
4.810084 5.948458e-05 0.8404668611968752 1.002297293888728
4.7599920000000004 5.981566e-05 0.8451447418914192 1.0078758923769526
4.709843 5.975541e-05 0.8442934602922701 1.006860697986124
4.659777 5.918499e-05 0.8362339075987163 0.9972492924356435
4.609705 5.983398e-05 0.8454035880141814 1.0081845788705623
4.559824 5.900522e-05 0.8336939093733381 0.9942202219686017
4.509926999999999 5.838118e-05 0.8248767513794296 0.9837053355345323
4.460028 5.933866e-05 0.8384051348740895 0.999838585747488
4.409547 5.905245e-05 0.8343612293721401 0.9950160332728148
4.359457 5.908485e-05 0.8348190139997322 0.9955619635344388
4.309994 5.995359e-05 0.8470935762643759 1.0101999714197243
4.26001 5.907347e-05 0.834658224213868 0.9953702139548931
4.209714 5.962466e-05 0.8424460732534529 1.0046575997852802
4.159758 6.006468e-05 0.8486631841124999 1.0120718045297186
4.109769 5.954309e-05 0.841293558066024 1.0032831698025435
4.059428 5.854677e-05 0.8272163981844602 0.9864954772636162
4.00938 5.888218e-05 0.8319554581209017 0.9921470349503851
3.959241 5.961038e-05 0.8422443089175882 1.0044169860773793
3.909305 5.944285e-05 0.8398772515515227 1.0015941559313957
3.85951 5.932945e-05 0.8382750053549499 0.9996834000157114
3.8091019999999998 5.833727e-05 0.8242563401758007 0.9829654652324362
3.759277 5.864271e-05 0.8285719493317193 0.988112037427203
3.7094630000000004 5.947081e-05 0.8402723027301485 1.0020652735275377
3.659852 5.940506e-05 0.8393433107775502 1.0009574057898285
3.6096120000000003 5.934597e-05 0.8385084189984013 0.9999617570503421
3.559065 5.866191e-05 0.8288432291110333 0.9884355516563135
3.509381 5.961664e-05 0.8423327574289685 1.0045224651958289
3.459574 5.896415e-05 0.8331136249703995 0.9935282048128949
3.409277 5.864049e-05 0.8285405826072362 0.988074631094462
3.3591860000000002 5.876275e-05 0.8302680131186381 0.9901346753471211
3.30907 5.975331e-05 0.8442637890664078 1.006825313617315
3.259362 5.934309e-05 0.8384677270315042 0.9999132299159754
3.209223 5.848406e-05 0.8263303588635865 0.9854388326121829
3.159409 5.957587e-05 0.8417567117725817 1.003835502949952
3.109343 5.914344e-05 0.8356468412012948 0.996549187424209
3.059126 5.932992e-05 0.838281646057881 0.9996913193744449
3.008917 5.827708e-05 0.823405906325962 0.9819512818235736
2.9590880000000004 5.891443e-05 0.8324111233752179 0.9926904377570943
2.9093620000000002 5.96008e-05 0.8421089516110346 1.0042555659568126
2.8592600000000004 5.864518e-05 0.8286068483449957 0.988153656184802
2.808528 5.884843e-05 0.8314785991338264 0.9915783575945268
2.758711 5.884326e-05 0.831405551401584 0.991491244648459
2.708723 5.934774e-05 0.8385334276030567 0.9999915810183381
2.6588049999999996 5.938355e-05 0.8390393926497876 1.0005949687550282
2.609047 5.888929e-05 0.8320559164141788 0.9922668363133527
2.559037 5.962426e-05 0.8424404215913838 1.004650859905507
2.508861 5.903221e-05 0.8340752552714467 0.9946749953562941
2.458815 6.000464e-05 0.847814869635937 1.0110601485757709
2.4087959999999997 5.976812e-05 0.844473041854514 1.0070748576659154
2.358991 5.88376e-05 0.8313255803833072 0.9913958753496691
2.308683 5.91867e-05 0.8362580684540615 0.9972781054216736
2.258963 5.896235e-05 0.8330881924910889 0.993497875353916
2.208528 5.878738e-05 0.8306160142105392 0.9905496834441518
2.1586819999999998 5.912862e-05 0.835437447121637 0.9962994748786143
2.108806 5.824044e-05 0.822888214080438 0.9813339088363544
2.059107 5.866877e-05 0.8289401551155173 0.9885511405944227
2.008982 5.856248e-05 0.8274383672122216 0.9867601860417061
1.958852 5.854576e-05 0.8272021277377358 0.9864784590671891
1.908824 5.878508e-05 0.8305835171536422 0.9905109291354564
1.858616 5.87995e-05 0.830787259571231 0.9907539018012779
1.808602 5.843167e-05 0.8255901324240941 0.9845560768588965
1.758786 5.835881e-05 0.8245606821782185 0.9833284077582197
1.708686 5.855467e-05 0.8273280185103238 0.9866285898891357
1.6586859999999999 5.840766e-05 0.8252508914084 0.9841515155755138
1.608598 5.833106e-05 0.8241685981221789 0.9828608285989583
1.55826 5.845417e-05 0.8259080384154776 0.9849351950961353
1.5083810000000002 5.902502e-05 0.8339736666457557 0.9945538460173721
1.4588240000000001 5.827717e-05 0.8234071779499276 0.9819527982965226
1.4084169999999998 5.809357e-05 0.8208130650602384 0.9788591934806532
1.358362 5.823527e-05 0.8228151663481956 0.9812467958902866
1.308324 5.731149e-05 0.8097629353828523 0.9656813805482176
1.258361 5.804737e-05 0.8201602980912642 0.978080737366856
1.208361 5.761256e-05 0.8140168001306666 0.9707543195564629
1.1584539999999999 5.758028e-05 0.813560711001695 0.9702104112587707
1.108579 5.772927e-05 0.8156658138308606 0.9727208479772695
1.05851 5.842911e-05 0.8255539617868523 0.9845129416283483
1.008616 5.804416e-05 0.8201149435031603 0.9780266498316765
0.9584170000000001 5.763207e-05 0.8142924599480839 0.9710830571923974
0.9083057999999999 5.764778e-05 0.8145144289758455 0.9713477659704874
0.8585598999999999 5.690582e-05 0.8040311610039841 0.9588459629792975
0.8086392 5.686369e-05 0.8034358996965624 0.9581360851421918
0.7580837 5.666992e-05 0.8006980932987678 0.9548711188830904
0.7083524 5.662689e-05 0.800090115751691 0.9541460763164953
0.6583985 5.516219e-05 0.7793951421703853 0.9294663215572145
0.6081299 5.288385e-05 0.7472041227744463 0.8910769773513978
0.5583429 4.837491e-05 0.683496609850508 0.815102693590688
0.5086299 4.28892e-05 0.6059881620286303 0.7226701289149631
0.4582596 3.636746e-05 0.5138414855732849 0.6127807701358328
0.4081259 3.069476e-05 0.4336910270256829 0.5171974801631611
0.3580836 2.61547e-05 0.3695438147927734 0.44069883375610136
0.3078521 2.155979e-05 0.30462161839864677 0.3632759813351504
0.25811649999999997 1.756557e-05 0.2481866642251487 0.295974574866512
0.2084355 1.498326e-05 0.21170080553139473 0.25246342752409484
0.1577781 1.102629e-05 0.15579216238807592 0.1857896723593298
0.10817310000000001 7.955504e-06 0.11240455049223153 0.13404785123675667
0.05834286 5.955426e-06 0.0841451380729302 0.10034713809452082
0.008046567 2.936165e-06 0.041485530897353955 0.049473497735224775
-0.042444180000000005 2.402558e-06 0.03394611479316896 0.040482380169965304
-0.09187412 -6.234936e-07 -0.008809437823522332 -0.010505679758299396
-0.1415923 -2.902441e-06 -0.04100903926831323 -0.04890525847155168
-0.1923886 -6.512044e-06 -0.09200968016679187 -0.10972598409342939
-0.241827 -7.905658e-06 -0.11170026862349815 -0.13320796111882732
-0.292009 -9.505481e-06 -0.13430441603919094 -0.1601644978145718
-0.34216660000000004 -1.190785e-05 -0.16824786042203224 -0.20064369339134427
-0.3920368 -1.47799e-05 -0.20882750053549504 -0.24903687264743252
-0.4418836 -1.691667e-05 -0.23901825543364927 -0.28504080490454214
-0.49202749999999995 -1.72465e-05 -0.24367847468422757 -0.2905983412684758
-0.5422868 -2.105515e-05 -0.2974914815323465 -0.354772949013362
-0.5918741 -2.366033e-05 -0.3343004740048978 -0.39866944898180817
-0.6418979 -2.683622e-05 -0.37917311662600306 -0.45218224091357057
-0.6921387 -3.015901e-05 -0.426121332141963 -0.5081702536920171
-0.7422312 -3.425399e-05 -0.4839799399906522 -0.5771694358755084
-0.7924163999999999 -3.771484e-05 -0.5328788266697413 -0.6354837181576529
-0.8423238 -4.163559e-05 -0.5882757118127085 -0.7015471772089604
-0.892044 -4.616369e-05 -0.6522539393497537 -0.7778443012108034
-0.9423609000000001 -4.869975e-05 -0.6880863246167751 -0.8205761499544517
-0.9923835 -5.312403e-05 -0.750597663263801 -0.8951239381611772
-1.0420740000000002 -5.405792e-05 -0.7637927399879394 -0.9108597039645122
-1.092537 -5.513027e-05 -0.778944139537276 -0.9289284791513183
-1.142487 -5.56813e-05 -0.7867297279120331 -0.9382131690297961
-1.192148 -5.652627e-05 -0.798668440158224 -0.952450659559563
-1.241978 -5.554935e-05 -0.7848653858870086 -0.9359898511896328
-1.292028 -5.661327e-05 -0.7998976766582401 -0.95391658341022
-1.341827 -5.724438e-05 -0.808814727779219 -0.9645505972192798
-1.391991 -5.750446e-05 -0.8124894384565087 -0.9689328670477728
-1.442435 -5.761873e-05 -0.8141039770180816 -0.9708582822019634
-1.492054 -5.76514e-05 -0.8145655765175703 -0.9714087618824343
-1.542139 -5.839455e-05 -0.8250656581840872 -0.9839306160159493
-1.592223 -5.761395e-05 -0.8140364396563564 -0.9707777406386744
-1.6423699999999999 -5.797571e-05 -0.8191478028315958 -0.9768732879054987
-1.692296 -5.778619e-05 -0.8164700453432849 -0.9736799328689868
-1.742412 -5.802522e-05 -0.8198473373041912 -0.9777075165244186
-1.792102 -5.767837e-05 -0.8149466398325752 -0.971863198276138
-1.8424719999999999 -5.839666e-05 -0.8250954707015015 -0.9839661688817527
-1.892497 -5.842645e-05 -0.8255163782340931 -0.9844681214278569
-1.942129 -5.907565e-05 -0.8346890257721443 -0.9954069462996566
-1.992426 -5.790196e-05 -0.8181057776376167 -0.9756306225723267
-2.042488 -5.899337e-05 -0.8335264788845429 -0.9940205530303227
-2.0926199999999997 -5.628448e-05 -0.7952521517290413 -0.9483765707336965
-2.142393 -5.751922e-05 -0.8126979847868562 -0.9691815686114015
-2.1923049999999997 -5.855755e-05 -0.8273687104772208 -0.9866771170235022
-2.2428049999999997 -5.83975e-05 -0.8251073391918463 -0.9839803226292761
-2.292506 -5.98636e-05 -0.8458220935903937 -1.008683666967763
-2.342685 -5.902065e-05 -0.8339119222376514 -0.9944802128308505
-2.39262 -5.864568e-05 -0.8286139129225819 -0.9881620810345184
-2.442259 -5.898994e-05 -0.8334780158823009 -0.9939627585612679
-2.4926570000000003 -5.833909e-05 -0.8242820552382149 -0.982996131685404
-2.5422800000000003 -5.925935e-05 -0.8372845515773507 -0.9985022360854694
-2.5923890000000003 -5.84104e-05 -0.8252896052935729 -0.9841976837519598
-2.642393 -5.947855e-05 -0.8403816623911845 -1.002195690201148
-2.692518 -5.838198e-05 -0.8248880547035677 -0.9837188152940786
-2.74274 -5.716314e-05 -0.8076668752129971 -0.9631817276373558
-2.792563 -5.908049e-05 -0.8347574108831797 -0.9954884988449116
-2.8424630000000004 -5.885891e-05 -0.8316266726800352 -0.991754942444583
-2.892176 -5.857266e-05 -0.8275822020118787 -0.9869317159819325
-2.942055 -5.95538e-05 -0.8414448813179225 -1.0034636300834692
-2.992194 -5.740926e-05 -0.8111443428840772 -0.9673287756617664
-3.0422040000000004 -5.873169e-05 -0.8298291615589771 -0.989611323682737
-3.092574 -5.936053e-05 -0.8387141394977143 -1.0002070886740841
-3.142884 -5.977538e-05 -0.844575619521067 -1.0071971864837979
-3.1925 -5.962651e-05 -0.8424722121905223 -1.004688771729231
-3.242593 -5.870672e-05 -0.8294763565543174 -0.989190586687899
-3.2924119999999997 -5.892417e-05 -0.8325487413465991 -0.9928545538295701
-3.3424899999999997 -5.901463e-05 -0.8338268647235123 -0.9943787776402647
-3.392741 -5.84861e-05 -0.8263591823401386 -0.9854732059990259
-3.4428180000000004 -5.881384e-05 -0.8309898716564061 -0.9909955264911449
-3.492676 -5.976828e-05 -0.8444753025193416 -1.0070775536178247
-3.542497 -5.919834e-05 -0.8364225318202705 -0.9974742359230718
-3.5927130000000003 -5.767768e-05 -0.8149368907155061 -0.9718515719835292
-3.642912 -5.915056e-05 -0.8357474407861236 -0.9966691572841707
-3.692723 -5.898552e-05 -0.833415565016438 -0.9938882828897748
-3.7426950000000003 -5.966036e-05 -0.8429504840931146 -1.0052591340550325
-3.792761 -6.091014e-05 -0.8606088196447254 -1.0263175514122074
-3.8427800000000003 -5.847724e-05 -0.8262339980253094 -0.9853239176620509
-3.892714 -5.997181e-05 -0.8473510094716206 -1.0105069729433906
-3.942843 -5.884974e-05 -0.8314971083271026 -0.9916004307007839
-3.9924690000000003 -5.844785e-05 -0.8258187421547867 -0.9848287049957198
-4.0424169999999995 -5.819109e-05 -0.8221909402726703 -0.9805023761693437
-4.093092 -5.855343e-05 -0.8273104983579097 -0.9866076962618391
-4.142798 -5.897307e-05 -0.8332396570345391 -0.9936785041318359
-4.192787 -5.799021e-05 -0.8193526755815985 -0.9771176085472748
-4.2431019999999995 -5.822589e-05 -0.8226826348726767 -0.9810887457096066
-4.292944 -5.851359e-05 -0.8267475928158334 -0.9859364042364347
-4.3426279999999995 -5.944444e-05 -0.8398997169082472 -1.0016209469534938
-4.392546 -5.976456e-05 -0.8444227420620994 -1.0070148727359345
-4.442768 -5.979156e-05 -0.8448042292517597 -1.0074698146206214
-4.492629 -5.982048e-05 -0.8452128444193512 -1.007957107928219
-4.543053 -5.952155e-05 -0.8409892160636061 -1.0029202272767601
-4.592759 -5.901443e-05 -0.8338240388924778 -0.9943754077003782
-4.642926 -5.971596e-05 -0.8437360651207112 -1.0061959773434985
-4.693223 -5.963082e-05 -0.842533108849316 -1.0047613939337865
-4.7429120000000005 -5.912146e-05 -0.835336282370601 -0.9961788310306751
-4.792861 -5.916223e-05 -0.835912328026988 -0.996865793276552
-4.84279 -5.843997e-05 -0.8257074044120267 -0.9846959293641889
-4.893027 -5.959961e-05 -0.8420921379163793 -1.0042355148144875
-4.942921 -5.942183e-05 -0.8395802567097946 -1.0012399752493173
-4.992555 -5.931195e-05 -0.8380277451394295 -0.9993885302756368
-5.042667000000001 -5.940434e-05 -0.8393331377858259 -1.0009452740062368
-5.092535 -5.867274e-05 -0.8289962478615526 -0.9886180339011712
-5.141978 -5.960081e-05 -0.8421090929025864 -1.004255734453807
-5.192546 -5.911705e-05 -0.83527397279629 -0.9961045238561763
-5.242384 -5.893457e-05 -0.8326956845603941 -0.9930297907036717
-5.292129 -5.904245e-05 -0.834219937820414 -0.9948475362784864
-5.342639 -5.889362e-05 -0.8321170956560763 -0.9923397955118969
-5.392987 -5.877549e-05 -0.8304480185555371 -0.9903493405178955
-5.442731 -5.957457e-05 -0.8417383438708574 -1.0038135983406893
-5.4925820000000005 -5.857812e-05 -0.8276593471991212 -0.9870237153408359
-5.542324 -5.932934e-05 -0.8382734511478809 -0.9996815465487738
-5.592537 -5.917238e-05 -0.8360557389519898 -0.9970368177257953
-5.642469 -5.82196e-05 -0.8225937624866411 -0.980982761100174
-5.692574 -5.974888e-05 -0.8442011969089931 -1.0067506694488275
-5.7425630000000005 -5.889924e-05 -0.8321965015081462 -0.9924344908227094
-5.792787000000001 -5.788132e-05 -0.8178141518748543 -0.9752828447760329
-5.842516 -5.915614e-05 -0.8358262814719868 -0.9967631786070059
-5.892546 -5.86789e-05 -0.8290832834574157 -0.9887218280496773
-5.942279999999999 -6.039675e-05 -0.8533550526706648 -1.0176670842203817
-5.992074 -6.012099e-05 -0.8494587968402689 -1.0130206111047817
-6.042277 -5.949678e-05 -0.8406392368899809 -1.0025028602218087
-6.092345999999999 -6.065234e-05 -0.8569663234412292 -1.0219736988984212
-6.142306 -6.006206e-05 -0.8486261657259476 -1.0120276583172045
-6.192591999999999 -5.998456e-05 -0.8475311562000712 -1.0107218066111594
-6.242147 -5.837098e-05 -0.8247326339966691 -0.9835334686003173
-6.292518 -5.984717e-05 -0.845589951570908 -1.0084068264060815
-6.342233 -5.924837e-05 -0.8371294134535556 -0.9983172263856969
-6.392 -5.97751e-05 -0.8445716633576187 -1.0071924685679567
-6.442509 -5.921492e-05 -0.8366567932130322 -0.9977536039396684
-6.492025 -5.896222e-05 -0.8330863557009165 -0.9934956848929897
-6.541944 -5.946046e-05 -0.8401260659741122 -1.001890879138408
-6.592035 -6.012505e-05 -0.8495161612102696 -1.0130890208844792
-6.641861 -6.002883e-05 -0.8481566538995621 -1.0114677428050511
-6.692323999999999 -5.953566e-05 -0.8411885784430915 -1.0031579765357574
-6.7422889999999995 -5.936207e-05 -0.8387358983966802 -1.0002330372112107
-6.792044 -6.042073e-05 -0.8536938698117036 -1.018071140012781
-6.8415919999999995 -5.964141e-05 -0.8426827366025939 -1.0049398322507803
-6.8916379999999995 -5.904972e-05 -0.8343226567785189 -0.9949700335933631
-6.941602 -5.939647e-05 -0.8392219413346175 -1.0008126668717003
-6.991327 -6.018129e-05 -0.8503107848971766 -1.014036647980582
-7.041852 -5.930016e-05 -0.8378611623999446 -0.9991898723193237
-7.0919170000000005 -5.913489e-05 -0.8355260369245691 -0.9964051224940582
-7.141818 -5.984258e-05 -0.8455250987486657 -1.0083294862856846
-7.191852 -5.948473e-05 -0.8404689805701511 -1.002299821343643
-7.242083 -5.933988e-05 -0.8384223724434001 -0.9998591423807961
-7.291724 -5.970506e-05 -0.8435820573293298 -1.0060123156196805
-7.341574 -5.864033e-05 -0.8285383219424085 -0.9880719351425528
-7.391685000000001 -6.017528e-05 -0.8502258686745893 -1.0139353812869907
-7.4416850000000005 -5.97763e-05 -0.8445886183438257 -1.007212688207276
-7.491516 -5.955393e-05 -0.8414467181080949 -1.0034658205443954
-7.541315 -6.097222e-05 -0.8614859575978403 -1.0273635807529982
-7.591610999999999 -5.888636e-05 -0.8320145179895232 -0.9922174666940144
-7.641515999999999 -5.963342e-05 -0.8425698446527649 -1.0048052031523118
-7.691345999999999 -6.027928e-05 -0.8516953008125396 -1.015687750028006
-7.741157 -5.968923e-05 -0.8433583928029476 -1.0057455848776586
-7.791317 -6.01889e-05 -0.8504183077680401 -1.0141648741932658
-7.841054 -5.869015e-05 -0.8292422364531075 -0.9889113871682969
-7.890778 -5.906917e-05 -0.8345974688466258 -0.9952977602473319
-7.941194 -5.866341e-05 -0.8288644228437921 -0.9884608262054627
-7.991389 -5.935302e-05 -0.838608029542368 -1.0000805474313437
-8.040893 -5.876041e-05 -0.8302349508955342 -0.9900952470504483
-8.090354999999999 -5.930655e-05 -0.8379514477014975 -0.9992975418986996
-8.140546 -5.943777e-05 -0.8398054754432459 -1.0015085594582767
-8.190778 -5.986954e-05 -0.845906020772119 -1.008783754182394
-8.240741 -5.913766e-05 -0.8355651746843972 -0.996451796161487
-8.290601 -5.87778e-05 -0.8304806569039858 -0.9903882633235853
-8.340425999999999 -6.097848e-05 -0.8615744061092208 -1.0274690598714478
-8.390214 -5.852637e-05 -0.8269281634189393 -0.9861517433951863
-8.44012 -6.040675e-05 -0.8534963442223908 -1.0178355812147102
-8.490185 -6.04139e-05 -0.8535973676818749 -1.017956056565655
-8.539823 -5.931276e-05 -0.8380391897551193 -0.9994021785321775
-8.589852 -5.905371e-05 -0.8343790321076575 -0.9950372638941002
-8.640056000000001 -5.887641e-05 -0.8318739328955557 -0.9920498121846576
-8.689968 -6.022872e-05 -0.8509809307270131 -1.0148358292246815
-8.739833 -5.958835e-05 -0.8419330436291358 -1.0040457871988737
-8.789667 -6.02981e-05 -0.8519612115128878 -1.016004861371332
-8.839704 -5.925605e-05 -0.8372379253652812 -0.9984466320773411
-8.889280000000001 -6.054889e-05 -0.8555046623386239 -1.020230597492094
-8.939315 -6.070144e-05 -0.857660064960204 -1.0228010191405736
-8.98949 -6.038861e-05 -0.8532400413475598 -1.0175299276669985
-9.039045 -5.986181e-05 -0.8457968024026347 -1.0086535060057782
-9.089139 -5.984087e-05 -0.8455009378933205 -1.0083006732996547
-9.139063 -5.985597e-05 -0.8457142881364267 -1.0085551037610905
-9.188769 -5.992588e-05 -0.8467020573745431 -1.0097330662484403
-9.239083 -6.029075e-05 -0.8518573622223693 -1.0158810160805005
-9.28861 -5.874788e-05 -0.8300579125812215 -0.9898841203165547
-9.338231 -5.958718e-05 -0.8419165125175839 -1.0040260730505375
-9.387922 -5.947558e-05 -0.8403396988003218 -1.0021456465938325
-9.437852999999999 -5.966486e-05 -0.8430140652913913 -1.0053349577024804
-9.487536 -5.963015e-05 -0.8425236423153505 -1.0047501046351666
-9.537591 -5.948114e-05 -0.8404182569030815 -1.002239330922679
-9.587324 -5.96678e-05 -0.8430556050075987 -1.005384495818813
-9.63739 -5.936831e-05 -0.8388240643249572 -1.0003381793356716
-9.688037 -6.001879e-05 -0.8480147971816293 -1.0112985718227454
-9.737554 -6.00544e-05 -0.8485179363973255 -1.011898589619549
-9.787666 -5.958373e-05 -0.8418677669322384 -1.003967941587494
-9.837667 -5.917784e-05 -0.8361328841392321 -0.9971288170846986
-9.887797 -5.966772e-05 -0.843054474675185 -1.0053831478428583
-9.937724 -5.872567e-05 -0.8297441040448381 -0.9895098884921513
-9.989821 -5.840918e-05 -0.8252723677242624 -0.9841771271186518
-9.993787000000001 -5.942748e-05 -0.8396600864365198 -1.0013351760511129
-9.946107 -6.017259e-05 -0.8501878612471749 -1.0138900555955164
-9.896959 -6.02015e-05 -0.8505963351232149 -1.0143771804061197
-9.847993 -5.97266e-05 -0.8438863993317476 -1.006375258145464
-9.798382 -5.909356e-05 -0.8349420789412856 -0.9957087244164988
-9.748826 -5.954495e-05 -0.8413198382946451 -1.0033145102434886
-9.699374 -6.009491e-05 -0.8490903084733675 -1.0125811709435732
-9.649632 -5.930328e-05 -0.837905245364083 -0.999242443381554
-9.600132 -5.891837e-05 -0.8324667922465979 -0.9927568255728596
-9.550373 -5.863643e-05 -0.8284832182372354 -0.9880062213147648
-9.500289 -5.941345e-05 -0.8394618543894483 -1.00109877476807
-9.450845 -5.912305e-05 -0.8353587477273255 -0.9962056220527733
-9.401058 -5.912186e-05 -0.8353419340326701 -0.9961855709104482
-9.351197 -5.895934e-05 -0.8330456637340193 -0.993447157758623
-9.301409 -5.903908e-05 -0.8341723225674824 -0.9947907527913977
-9.2514 -5.954374e-05 -0.8413027420168863 -1.0032941221071747
-9.201381999999999 -5.976208e-05 -0.8443877017572714 -1.006973085481341
-9.151931000000001 -5.985672e-05 -0.8457248850028062 -1.008567741035665
-9.102021 -5.895442e-05 -0.8329761482905702 -0.9933642572374135
-9.051939 -5.930635e-05 -0.8379486218704629 -0.999294171958813
-9.002483 -5.906558e-05 -0.8345467451795562 -0.995237269826368
-8.952399999999999 -6.018378e-05 -0.8503459664935565 -1.0140786037321698
-8.902289000000001 -5.974376e-05 -0.8441288556345093 -1.0066643989877315
-8.852613 -5.936594e-05 -0.8387905782271982 -1.0002982455480158
-8.802419 -5.912734e-05 -0.835419361803016 -0.9962779072633402
-8.752854 -5.955234e-05 -0.8414242527513706 -1.0034390295222972
-8.702622 -5.980835e-05 -0.8450414577671076 -1.0077527210740986
-8.652789 -6.045815e-05 -0.8542225827982624 -1.0187016557655582
-8.602836 -5.894963e-05 -0.8329084696372934 -0.9932835471771302
-8.553042999999999 -5.962258e-05 -0.8424166846106939 -1.00462255241046
-8.503575999999999 -6.027983e-05 -0.8517030718478845 -1.015697017362694
-8.453185 -5.922128e-05 -0.8367466546399299 -0.9978607680280612
-8.403030000000001 -5.925913e-05 -0.8372814431632127 -0.9984985291515942
-8.353335999999999 -5.864404e-05 -0.8285907411080988 -0.9881344475274486
-8.303493 -5.886263e-05 -0.8316792331372774 -0.9918176233264732
-8.253364 -5.925427e-05 -0.8372127754690739 -0.9984166396123506
-8.203641 -5.922517e-05 -0.8368016170535514 -0.997926313358855
-8.15361 -5.961702e-05 -0.8423381265079343 -1.0045288680816133
-8.103399999999999 -5.879654e-05 -0.8307454372719203 -0.9907040266909568
-8.053581 -5.987165e-05 -0.8459358332895331 -1.0088193070481974
-8.003928 -5.879532e-05 -0.8307281997026097 -0.9906834700576487
-7.953577 -6.050042e-05 -0.8548198221874082 -1.0194138925605842
-7.903487 -5.919969e-05 -0.8364416061797535 -0.9974969830173062
-7.85353 -5.881775e-05 -0.8310451166531311 -0.9910614088159273
-7.803515 -5.853983e-05 -0.8271183418475624 -0.9863785403495524
-7.753863999999999 -5.957836e-05 -0.8417918933689617 -1.0038774587015398
-7.704308 -5.978416e-05 -0.8446996735034824 -1.0073451268448181
-7.653733 -6.026577e-05 -0.8515044159261578 -1.0154601105886683
-7.603619 -5.918625e-05 -0.8362517103342338 -0.9972705230569289
-7.554178 -5.956323e-05 -0.8415781192512002 -1.003622522749121
-7.504252 -5.882256e-05 -0.8311130778895113 -0.9911424558701992
-7.454212999999999 -5.987215e-05 -0.8459428978671194 -1.0088277318979137
-7.404132 -6.14246e-05 -0.8678777048148206 -1.0349860477824264
-7.354043 -5.949403e-05 -0.8406003817132564 -1.0024565235483682
-7.30415 -6.053709e-05 -0.8553379383075874 -1.0200317710387865
-7.254085 -5.952136e-05 -0.8409865315241234 -1.0029170258338678
-7.204421 -5.897403e-05 -0.8332532210235049 -0.9936946798432914
-7.154299 -5.88109e-05 -0.8309483319401988 -0.9909459883748124
-7.104431 -5.8289e-05 -0.8235743258556194 -0.982152130240813
-7.05415 -5.871082e-05 -0.829534286090525 -0.9892596704555737
-7.00427 -6.000152e-05 -0.8477707866717985 -1.0110075775135403
-6.954585 -6.065831e-05 -0.8570506744976097 -1.0220742916040353
-6.904572 -6.00549e-05 -0.8485250009749118 -1.0119070144692652
-6.854678 -5.944331e-05 -0.8398837509629021 -1.0016019067931348
-6.804289 -5.866507e-05 -0.8288878772413787 -0.9884887967065212
-6.754113 -5.878016e-05 -0.8305140017101931 -0.9904280286142468
-6.704015 -5.95952e-05 -0.8420298283420682 -1.0041612076399888
-6.654525 -6.010081e-05 -0.8491736704888858 -1.012680584170227
-6.604706 -5.995565e-05 -0.8471226823240314 -1.010234681800556
-6.554271 -5.981695e-05 -0.845162968501592 -1.0078976284892212
-6.503919 -6.025581e-05 -0.8513636895406387 -1.0152922875823172
-6.454458 -5.954996e-05 -0.8413906253620598 -1.0033989272376471
-6.404706 -6.033901e-05 -0.852539235250999 -1.0166941825751294
-6.35428 -5.881364e-05 -0.8309870458253716 -0.9909921565512583
-6.304854000000001 -5.829977e-05 -0.8237264968568282 -0.9823336015037047
-6.254881999999999 -5.909546e-05 -0.8349689243361136 -0.9957407388454212
-6.204874 -5.903271e-05 -0.8340823198490329 -0.9946834202060106
-6.155058 -5.790844e-05 -0.818197334563135 -0.9757398086246515
-6.104761000000001 -5.939033e-05 -0.8391351883218577 -1.0007092097171828
-6.054678 -5.99272e-05 -0.8467207078593709 -1.0097553078516917
-6.004817 -5.955414e-05 -0.8414496852306812 -1.0034693589812764
-5.95494 -5.999002e-05 -0.8476083013873137 -1.0108138059700627
-5.905076 -5.902449e-05 -0.8339661781935143 -0.9945449156766727
-5.854863 -5.922878e-05 -0.8368526233037245 -0.9979871407738076
-5.804696 -5.874559e-05 -0.8300255568158764 -0.9898455345048536
-5.754771 -5.841126e-05 -0.8253017563670213 -0.9842121744934721
-5.704585 -6.003975e-05 -0.848310944274047 -1.0116517415228576
-5.6546959999999995 -5.942482e-05 -0.8396225028837607 -1.0012903558506214
-5.604902 -5.995352e-05 -0.8470925872235138 -1.010198791940764
-5.554854000000001 -6.03039e-05 -0.852043160612889 -1.0161025896280425
-5.504724 -5.952976e-05 -0.8411052164275732 -1.0030585633091036
-5.454585 -5.906939e-05 -0.8346005772607639 -0.9953014671812072
-5.404419 -5.8315e-05 -0.8239416838901069 -0.982590222426067
-5.354647 -5.91152e-05 -0.8352478338592205 -0.9960733519122256
-5.304465 -5.89485e-05 -0.8328925036919483 -0.993264507016771
-5.254779 -5.934549e-05 -0.8385016370039184 -0.9999536691946143
-5.204891 -5.886374e-05 -0.8316949164995189 -0.9918363264928436
-5.1546 -5.954291e-05 -0.841291014818093 -1.0032801368566455
-5.104724 -6.00847e-05 -0.8489460497990552 -1.012409135512364
-5.054493000000001 -5.920439e-05 -0.8365080132090646 -0.9975761766046405
-5.004659999999999 -5.880979e-05 -0.8309326485779571 -0.9909272852084419
-4.955176000000001 -5.910334e-05 -0.8350802620788736 -0.9958735144769522
-4.905428 -5.908416e-05 -0.8348092648826633 -0.9955503372418303
-4.8551779999999995 -5.99345e-05 -0.846823850692131 -1.0098783106575513
-4.805109000000001 -6.008308e-05 -0.8489231605676757 -1.0123818389992827
-4.755373 -6.049026e-05 -0.8546762699708546 -1.0192426996143467
-4.705002 -5.917098e-05 -0.8360359581347482 -0.9970132281465893
-4.655119 -5.873764e-05 -0.8299132300322543 -0.9897115793943625
-4.605308 -6.059226e-05 -0.8561174437984597 -1.0209613689564963
-4.555076 -5.939239e-05 -0.8391642943815133 -1.0007439200980144
-4.505251 -5.930245e-05 -0.8378935181652897 -0.9992284581310248
-4.455104 -6.008428e-05 -0.8489401155538828 -1.0124020586386022
-4.40526 -6.007227e-05 -0.84877042440026 -1.012199693748414
-4.3552979999999994 -5.916571e-05 -0.8359614974869886 -0.9969244302305783
-4.305243000000001 -6.043592e-05 -0.8539084916787755 -1.0183270869471661
-4.254845 -6.003712e-05 -0.848273784595943 -1.0116074268133495
-4.2049970000000005 -6.017103e-05 -0.8501658197651057 -1.013863770064401
-4.155279999999999 -6.013438e-05 -0.84964798622803 -1.0132462285801873
-4.104946 -5.819066e-05 -0.822184864735946 -0.9804951307985876
-4.0544 -5.9088e-05 -0.8348635208385259 -0.9956150400876523
-4.004316 -5.922221e-05 -0.8367597947542403 -0.9978764382485337
-3.954685 -5.89959e-05 -0.8335622256471296 -0.9940631827698878
-3.905011 -5.907994e-05 -0.8347496398478347 -0.9954792315102236
-3.8547979999999997 -5.920893e-05 -0.8365721595735482 -0.9976526742400655
-3.8048539999999997 -5.870632e-05 -0.8294707048922484 -0.9891838468081259
-3.7554000000000003 -6.077072e-05 -0.8586389328305616 -1.023968366317281
-3.705104 -5.885295e-05 -0.8315424629152065 -0.9916545182359632
-3.6549490000000002 -5.771509e-05 -0.8154654624105131 -0.9724819192393118
-3.605104 -5.871242e-05 -0.8295568927388013 -0.9892866299746662
-3.554659 -5.939822e-05 -0.8392466673561695 -1.000842153845708
-3.504687 -5.966244e-05 -0.8429798727358736 -1.005294181429853
-3.455062 -5.976558e-05 -0.8444371538003755 -1.007032059429356
-3.404835 -5.961229e-05 -0.8422712956039679 -1.004449169003296
-3.3548829999999996 -5.796866e-05 -0.819048192287629 -0.9767544975244971
-3.3048629999999997 -5.792784e-05 -0.8184714401734835 -0.9760666927936485
-3.2546039999999996 -5.929112e-05 -0.8377334348371842 -0.9990375510364508
-3.204492 -6.022676e-05 -0.8509532375828748 -1.0148028038137933
-3.154468 -5.996215e-05 -0.8472145218326533 -1.0103442048468694
-3.1047040000000004 -5.885437e-05 -0.8315625263155516 -0.9916784448091579
-3.054706 -5.998863e-05 -0.8475886618616236 -1.010790384887851
-3.0046370000000002 -5.778262e-05 -0.8164196042593187 -0.9736197794420115
-2.954873 -5.948726e-05 -0.8405047273327377 -1.002342451083208
-2.90478 -5.99575e-05 -0.8471488212611007 -1.0102658537445068
-2.854668 -5.836927e-05 -0.8247084731413239 -0.9835046556142872
-2.8047220000000004 -5.909001e-05 -0.8348919204404228 -0.9956489079835122
-2.75477 -5.983927e-05 -0.8454783312450442 -1.008273713780562
-2.704391 -5.954405e-05 -0.8413071220549897 -1.003299345513999
-2.654449 -5.891066e-05 -0.8323578564602172 -0.9926269143902324
-2.604326 -5.83381e-05 -0.824268067374594 -0.9829794504829656
-2.5545619999999998 -5.946788e-05 -0.8402309043054929 -1.0020159039081995
-2.504705 -5.83888e-05 -0.8249844155418448 -0.9838337302442105
-2.454741 -5.850521e-05 -0.8266291904954869 -0.9857952037551874
-2.4051129999999996 -5.913555e-05 -0.835535362166983 -0.9964162432956838
-2.3546129999999996 -5.926303e-05 -0.8373365468683859 -0.9985642429793823
-2.304492 -5.851293e-05 -0.8267382675734195 -0.985925283434809
-2.254647 -5.995594e-05 -0.8471267797790315 -1.0102395682133916
-2.204974 -5.807208e-05 -0.8205094295155791 -0.9784970934398415
-2.154524 -5.893028e-05 -0.8326350704847036 -0.9929575054931048
-2.104918 -5.918453e-05 -0.8362274081873369 -0.9972415415739043
-2.054703 -5.834069e-05 -0.8243046618864911 -0.9830230912044966
-2.004307 -5.704665e-05 -0.8060209699269412 -0.9612189061504243
-1.954543 -5.935527e-05 -0.8386398201415064 -1.0001184592550674
-1.904511 -5.949502e-05 -0.8406143695768772 -1.002473204750807
-1.854392 -5.920066e-05 -0.836455311460271 -0.997513327225756
-1.804252 -5.855708e-05 -0.8273620697742897 -0.9866691976647689
-1.7541410000000002 -5.824626e-05 -0.8229704457635425 -0.9814319740870535
-1.7040899999999999 -5.833249e-05 -0.8241888028140757 -0.9828849236691473
-1.654215 -5.816921e-05 -0.8218817943574938 -0.9801337047457531
-1.604619 -5.837092e-05 -0.8247317862473588 -0.9835324576183514
-1.554279 -5.798678e-05 -0.8193042125793565 -0.9770598140782202
-1.504335 -5.877666e-05 -0.8304645496670889 -0.9903690546662318
-1.454344 -5.834038e-05 -0.8243002818483876 -0.9830178677976724
-1.404015 -5.83242e-05 -0.8240716721176949 -0.982745239660849
-1.354039 -5.767888e-05 -0.8149538457017134 -0.9718717916228488
-1.304128 -5.845437e-05 -0.825910864246512 -0.9849385650360218
-1.2541220000000002 -5.778651e-05 -0.8164745666729402 -0.9736853247728053
-1.204232 -5.674369e-05 -0.8017404010758505 -0.9561141212102511
-1.154622 -5.703381e-05 -0.8058395515745249 -0.9610025560097065
-1.104233 -5.878805e-05 -0.8306254807445048 -0.9905609727427719
-1.0544580000000001 -5.765671e-05 -0.8146406023315368 -0.9714982337864226
-1.0042419999999999 -5.725009e-05 -0.8088954052552547 -0.9646468090030412
-0.954345 -5.708604e-05 -0.8065775173491897 -0.9618826158110838
-0.9042424 -5.73739e-05 -0.8106447359571741 -0.9667329702898212
-0.8546469 -5.744768e-05 -0.8116871850258085 -0.9679761411139761
-0.8044924 -5.752879e-05 -0.812833200801858 -0.9693428202349739
-0.7541776 -5.658075e-05 -0.7994381965320273 -0.9533686311846641
-0.7040757 -5.698502e-05 -0.8051501900936539 -0.9601804591743783
-0.6544487 -5.477421e-05 -0.7739133125465204 -0.9229289751712613
-0.6042979 -5.209876e-05 -0.7361114643399905 -0.8778484468236694
-0.5541406 -4.972113e-05 -0.7025175611269642 -0.8377860959611659
-0.5040016 -4.392531e-05 -0.6206275209945118 -0.7401282709943229
-0.4541845 -3.790918e-05 -0.5356246866859841 -0.638758288745431
-0.404159 -3.172253e-05 -0.44821254883742495 -0.5345150957492512
-0.35395530000000003 -2.702196e-05 -0.38179746590776154 -0.45531190408622624
-0.3039581 -2.260139e-05 -0.31933854642642584 -0.38082662826439656
-0.2538905 -1.779583e-05 -0.2514400434951913 -0.29985438665791775
-0.2042128 -1.438768e-05 -0.20328576329369827 -0.242428083535884
-0.1540386 -1.096932e-05 -0.15498722441789295 -0.1848297449826409
-0.1040996 -8.217531e-06 -0.11610677063464211 -0.13846292743004546
-0.054371960000000004 -5.493924e-06 -0.07762450470246543 -0.09257096810686628
-0.003958092 -3.183154e-06 -0.04497527680427899 -0.0536351881484425
0.046091 -1.482373e-06 -0.020944678140671004 -0.02497753949735739
0.09597588 1.055931e-06 0.014919412950557567 0.017792119971818215
0.14593360000000002 2.96047e-06 0.041828940013823965 0.049883029679939954
0.1964058 4.931709e-06 0.06968088172710273 0.08309781434023213
0.2462966 7.91818e-06 0.11187719390456943 0.13341895305512536
0.29600420000000005 1.03792e-05 0.14664932736743888 0.17488640035333336
0.3459984 1.16372e-05 0.16442380457456832 0.1960833222398461
0.3963318 1.39639e-05 0.19729810991465427 0.23528751791023503
0.4462778 1.558827e-05 0.2202490857023688 0.2626576641779574
0.4959706 1.828608e-05 0.25836686181855795 0.3081149518048676
0.5461929 1.975596e-05 0.2791350244236577 0.3328819880072105
0.5960891 2.272381e-05 0.32106823760265546 0.3828893684689649
0.6462762 2.608458e-05 0.36855307843207075 0.43951733283187067
0.6962967 2.914874e-05 0.41184707054574154 0.4911475078460018
0.7464521 3.294635e-05 0.4655040915207549 0.5551360949091494
0.7964193 3.568556e-05 0.5042068146610897 0.6012909600925792
0.8464520999999999 4.021487e-05 0.5682021384758937 0.677608472230736
0.8965231 4.491255e-05 0.6345763881471084 0.7567629682623999
0.9463225 4.750859e-05 0.6712562401413822 0.80050546197803
0.9964151 5.114396e-05 0.7226209469811932 0.8617603538051937
1.0464570000000002 5.460564e-05 0.7715315608590754 0.9200886213378674
1.096545 5.484449e-05 0.7749063095720506 0.9241131720474013
1.146636 5.589043e-05 0.7896845581332788 0.9417369466721859
1.1963599999999999 5.639639e-05 0.7968333454844069 0.9502622205972258
1.246434 5.704518e-05 0.8060002000688373 0.961194137092258
1.296797 5.607553e-05 0.7922998647557268 0.9448558260372046
1.3465909999999999 5.755862e-05 0.8132546735006566 0.9698454467690555
1.3962970000000001 5.832035e-05 0.8240172748702804 0.9826803683180326
1.446137 5.77141e-05 0.8154514745468922 0.9724652380368733
1.49661 5.840547e-05 0.8252199485585721 0.9841146147337559
1.546948 5.657853e-05 0.7994068298075441 0.9533312248519232
1.596989 5.734497e-05 0.8102359794980308 0.966245508485229
1.646882 5.806479e-05 0.820406427974371 0.978374259130976
1.696804 5.843378e-05 0.8256199449415083 0.9845916297246997
1.746806 5.90656e-05 0.8345470277626597 0.9952376068203567
1.796448 5.869394e-05 0.8292957859512116 0.9889752475291473
1.846295 5.811462e-05 0.8211104837766217 0.9792138796537145
1.896906 5.734054e-05 0.8101733873406162 0.9661708643167416
1.947073 5.913024e-05 0.8354603363530165 0.9963267713916955
1.996674 5.797446e-05 0.8191301413876302 0.9768522257812077
2.046628 5.867248e-05 0.8289925742812077 0.9886136529793187
2.096514 5.979981e-05 0.8449207947819335 1.007608824640942
2.1463229999999998 5.753223e-05 0.8128818050956517 0.9694007832010227
2.19686 5.856058e-05 0.8274115218173939 0.9867281716127838
2.246532 5.81852e-05 0.8221077195487035 0.9804031314396843
2.296721 5.865423e-05 0.8287347171993077 0.9883061459646693
2.346948 5.87772e-05 0.8304721794108821 0.9903781535039256
2.396517 5.822853e-05 0.8227199358423324 0.9811332289161093
2.446844 5.980538e-05 0.844999494176245 1.007702677466783
2.496684 5.948975e-05 0.8405399089291175 1.0023844068347958
2.5471 5.824888e-05 0.8230074641500947 0.9814761202995675
2.596636 5.78937e-05 0.817989070815891 0.9754914440550114
2.646573 5.947874e-05 0.8403843469306672 1.0021988916440403
2.697036 5.779904e-05 0.8166516049872529 0.9738964515066988
2.7469 5.912469e-05 0.8353819195418085 0.9962332555598432
2.796313 5.878997e-05 0.8306526087224363 0.990593324165683
2.847415 5.849491e-05 0.8264836601972092 0.9856216518510292
2.89748 5.914702e-05 0.8356974235768128 0.9966095093481786
2.947033 5.724768e-05 0.8088613539912887 0.9646062012274081
2.996823 5.824807e-05 0.8229960195344049 0.981462472043027
3.046938 5.783833e-05 0.8172067394939841 0.9745584761974151
3.096767 5.910093e-05 0.8350462108149076 0.9958329067013189
3.147156 5.877665e-05 0.8304644083755373 0.9903688861692376
3.197344 5.919089e-05 0.8363172696142347 0.9973487056622973
3.247082 5.803908e-05 0.8200431673948836 0.9779410533585577
3.2973339999999998 5.885512e-05 0.8315731231819311 0.9916910820837325
3.34723 5.868166e-05 0.8291222799256921 0.988768333220112
3.397249 5.872018e-05 0.8296665349829405 0.9894173836422651
3.447425 5.907946e-05 0.8347428578533519 0.9954711436544958
3.4972779999999997 5.856235e-05 0.8274365304220492 0.9867579955807798
3.547304 5.887569e-05 0.8318637599038314 0.9920376804010661
3.597563 5.94608e-05 0.8401308698868708 1.001896608036215
3.647401 5.995978e-05 0.8471810357348942 1.0103042710592136
3.69748 5.937704e-05 0.8389474118496139 1.0004852772117203
3.747203 6.00317e-05 0.8481972045749075 1.0115161014424234
3.797036 6.000069e-05 0.8477590594730053 1.010993592263011
3.847108 5.91487e-05 0.8357211605575027 0.9966378168432256
3.896869 5.963937e-05 0.8426539131260419 1.0049054588639372
3.947425 5.805882e-05 0.8203220769179905 0.978273666425362
3.9976100000000003 5.832626e-05 0.8241007781773504 0.9827799500416807
4.047259 5.884566e-05 0.8314394613739984 0.9915316839270979
4.097258 5.854887e-05 0.8272460694103226 0.9865308616324253
4.147665 5.982126e-05 0.8452238651603858 1.0079702506937767
4.197305999999999 5.993905e-05 0.8468881383481663 1.0099549767899707
4.247952000000001 5.994825e-05 0.8470181265757541 1.0101099940247529
4.297806 5.896369e-05 0.8331071255590201 0.993520453951156
4.347757 5.887479e-05 0.8318510436641762 0.9920225156715765
4.397947 5.928828e-05 0.837693308036494 0.9989896978900614
4.447617 5.934553e-05 0.8385022021701253 0.9999543431825916
4.497693 5.922687e-05 0.8368256366173447 0.9979549578478908
4.548193 5.888225e-05 0.8319564471617636 0.9921482144293454
4.598033 5.944602e-05 0.8399220409734198 1.0016475694785978
4.647702000000001 6.001782e-05 0.8480010919011118 1.0112822276142956
4.698054 5.786797e-05 0.8176255276533001 0.9750579012886045
4.74825 5.844562e-05 0.8257872341387519 0.9847911301659845
4.797656 5.858187e-05 0.8277123315310184 0.9870869017137089
4.847970999999999 5.927471e-05 0.8375015754008018 0.9987610474687578
4.897787 5.910059e-05 0.835041406902149 0.9958271778035117
4.947665 5.914487e-05 0.8356670458931917 0.9965732824943979
4.997388 5.969522e-05 0.8434430264424314 1.0058465145772615
5.047485 5.950886e-05 0.840809917084466 1.0027064045909573
5.097461 5.827234e-05 0.8233389341304438 0.981871414248262
5.1474709999999995 5.886499e-05 0.8317125779434845 0.9918573886171346
5.197804 5.830009e-05 0.8237310181864835 0.9823389934075233
5.247952000000001 5.934688e-05 0.8385212765296083 0.9999770902768259
5.2976090000000005 5.857586e-05 0.8276274153084311 0.9869856350201176
5.347711 5.901448e-05 0.8338247453502364 0.9943762501853499
5.397906 5.861838e-05 0.82822818698637 0.9877020842400019
5.447794 5.98548e-05 0.8456977570248748 1.008535389612754
5.498211 5.895285e-05 0.8329539655169492 0.993337803209304
5.547844 5.922633e-05 0.8368180068735516 0.9979458590101971
5.597776 5.994908e-05 0.8470298537745474 1.010123979275282
5.648276 5.919889e-05 0.8364303028556154 0.9974835032577599
5.6982669999999995 5.877639e-05 0.8304607347951923 0.9903645052473851
5.7484340000000005 5.929288e-05 0.837758302150288 0.9990672065074526
5.798108 5.841496e-05 0.8253540342411599 0.9842745183813736
5.847906 5.912024e-05 0.8353190448012905 0.996158274397367
5.897970999999999 5.931397e-05 0.8380562860328781 0.9994225666684912
5.9481459999999995 5.966587e-05 0.8430283357381156 1.0053519758989076
5.998388 6.023631e-05 0.8510881710147731 1.0149637184433768
6.048508 5.886713e-05 0.8317428143355541 0.9918934469739209
6.098287 5.9097e-05 0.8349906832350794 0.9957666873825478
6.14786 5.974235e-05 0.8441089335257161 1.0066406409115312
6.198193 6.027762e-05 0.8516718464149531 1.0156597795269475
6.248014 5.978542e-05 0.8447174762389998 1.0073663574661036
6.298174 5.905764e-05 0.8344345596874858 0.9951034832128712
6.347970999999999 5.861485e-05 0.8281783110686107 0.987642604801004
6.398471 6.010299e-05 0.8492044720471622 1.0127173165149908
6.448278 5.931118e-05 0.8380168656899466 0.9993755560070735
6.498025999999999 6.005074e-05 0.8484662236893938 1.0118369197196246
6.54808 5.942328e-05 0.8396007439847949 1.0012644073134949
6.598304 5.982492e-05 0.8452755778683175 1.0080319205937007
6.648461 5.93461e-05 0.8385102557885736 0.9999639475112683
6.698438 6.034421e-05 0.8526127068578965 1.0167818010121803
6.748099 5.937568e-05 0.8389281961985792 1.0004623616204917
6.798249 5.815161e-05 0.821633121226456 0.9798371500357352
6.848165 5.973696e-05 0.8440327773793357 1.0065498210315882
6.898286 5.891909e-05 0.8324769652383223 0.9927689573564513
6.948406 5.933785e-05 0.8383936902583998 0.9998249374909475
6.9985230000000005 5.901734e-05 0.8338651547340301 0.9944244403257277
7.048341000000001 5.822433e-05 0.8226605933906074 0.9810624601784913
7.098202000000001 5.932718e-05 0.8382429321727082 0.999645151197999
7.148591000000001 5.940432e-05 0.8393328552027224 1.0009449370122483
7.198401 5.997076e-05 0.8473361738586894 1.0104892807589863
7.248332 6.062472e-05 0.8565760761753621 1.0215083102000861
7.298545 5.946247e-05 0.8401544655760091 1.0019247470342678
7.3483909999999995 5.862987e-05 0.828390530979303 0.9878956872864852
7.398406 5.827093e-05 0.8233190120216506 0.9818476561720617
7.448684 5.885709e-05 0.8316009576176211 0.9917242759916153
7.498388 5.909553e-05 0.8349699133769756 0.9957419183243815
7.5484160000000005 5.932734e-05 0.8382451928375358 0.9996478471499082
7.598591000000001 5.943827e-05 0.8398125400208322 1.0015169843079932
7.648466999999999 5.880706e-05 0.830894075984336 0.9908812855289901
7.69857 5.899567e-05 0.8335589759414398 0.9940593073390181
7.748396 5.937878e-05 0.8389719965796143 1.0005145956887336
7.7987020000000005 5.722305e-05 0.8085133528993875 0.9641911931303773
7.848878 6.02248e-05 0.8509255444387365 1.0147697784029048
7.89841 5.958704e-05 0.8419145344358596 1.0040237140926167
7.948424 5.894847e-05 0.8328920798172932 0.9932640015257881
7.998749 5.985723e-05 0.8457320908719442 1.008576334382376
8.048674 5.959001e-05 0.8419564980267223 1.0040737576999323
8.098453000000001 6.003994e-05 0.8483136288135297 1.01165494296575
8.148655 5.937224e-05 0.8388795919047854 1.0004043986544429
8.198720999999999 5.942196e-05 0.839582093499967 1.0012421657102435
8.248599 5.929326e-05 0.8377636712292537 0.9990736093932371
8.298525999999999 5.989915e-05 0.8463243850567795 1.0092826737826004
8.348851 5.779687e-05 0.8166209447205283 0.9738598876589295
8.398994 5.79847e-05 0.8192748239365975 0.9770247667033999
8.448896000000001 5.960945e-05 0.8422311688032776 1.0044013158569067
8.499129 5.997954e-05 0.8474602278411049 1.0106372211200065
8.54908 5.877739e-05 0.830474863950365 0.9903813549468178
8.599035 5.83341e-05 0.8242115507539036 0.9829120516852342
8.649091 5.911339e-05 0.8352222600883582 0.9960428539562521
8.698806000000001 6.004056e-05 0.8483223888897368 1.0116653897793983
8.748415000000001 5.936059e-05 0.8387149872470248 1.0002080996560503
8.798684999999999 5.994095e-05 0.8469149837429942 1.0099869912188932
8.848542 5.924589e-05 0.8370943731487275 0.9982754391311034
8.898499 6.031687e-05 0.8522264157554776 1.0163211302296864
8.948552 6.015705e-05 0.8499682941757927 1.01362821126633
8.998322 5.97307e-05 0.8439443288679552 1.0064443419131386
9.048563 5.947689e-05 0.840358207993598 1.0021677197000893
9.098578999999999 5.953438e-05 0.8411704931244707 1.0031364089204835
9.148573 5.821826e-05 0.8225748294187097 0.980960182502934
9.198684 5.871912e-05 0.8296515580784576 0.9893995229608662
9.249101000000001 5.892154e-05 0.832511581668495 0.9928102391200617
9.299286 5.821699e-05 0.8225568853916405 0.9809387833846543
9.348995 6.082061e-05 0.8593438363821225 1.0248089978219852
9.398619 5.977608e-05 0.8445855099296877 1.0072089812734009
9.448776 5.973946e-05 0.8440681002672672 1.0065919452801702
9.498702 5.85924e-05 0.8278611115349859 0.9872643290487367
9.548941999999998 5.91616e-05 0.8359034266592292 0.9968551779659093
9.598919 5.934057e-05 0.8384321215604692 0.9998707686734046
9.648665999999999 5.914168e-05 0.835621973888191 0.9965195319532072
9.698806000000001 5.900496e-05 0.8336902357929934 0.9942158410467492
9.748776 5.914111e-05 0.8356139202697427 0.9965099276245305
9.799138000000001 5.98621e-05 0.8458008998576347 1.0086583924186137
9.849277 5.785775e-05 0.817481127687436 0.9748856973604008
9.899082 5.987422e-05 0.8459721452183266 1.0088626107757397
9.949033 5.959394e-05 0.8420120256065506 1.0041399770187034
10.00093 5.970184e-05 0.843536561449674 1.0059580595875068
nan nan nan nan
