Ms(MA/m):0.9530615111680714
H(kOe) moment(emu) M(MA/m) M_norm()
9.993723 6.343232e-05 0.9456219439475252 0.9921940324592186
9.948737 6.665722e-05 0.9936973762671437 1.0426371903837235
9.900349 6.372587e-05 0.9499980620155039 0.9967856753035668
9.852065 6.415875e-05 0.9564512522361359 1.0035566865604615
9.803744 6.479751e-05 0.9659736135957067 1.0135480263092467
9.755246999999999 6.361119e-05 0.9482884615384615 0.9949918766273963
9.706099 6.217085e-05 0.9268164877757901 0.9724624034390862
9.656562 6.507635e-05 0.970130441264162 1.0179095786537127
9.607744 6.572292e-05 0.9797692307692307 1.028023080659743
9.558553 6.36187e-05 0.9484004174120452 0.995109346352353
9.508999 6.271672e-05 0.9349540846750147 0.9810007787735925
9.459506 6.528038e-05 0.9731720333929637 1.021100969863157
9.409924 6.558924e-05 0.9777763864042933 1.0259320882719642
9.360395 6.320291e-05 0.9422019976147883 0.9886056530181629
9.310669 6.490034e-05 0.9675065593321407 1.0151564699600193
9.260857 6.56904e-05 0.9792844364937389 1.027514410159664
9.210979 6.295947e-05 0.9385728980322003 0.9847978194837458
9.161209999999999 6.252051e-05 0.9320290697674418 0.9779317062391365
9.111348 6.518755e-05 0.9717881633870005 1.019648943955336
9.061506 6.225056e-05 0.9280047704233749 0.9737092092681544
9.011479999999999 6.504649e-05 0.9696853011329754 1.0174425152732587
8.961829 6.511111e-05 0.9706486285032796 1.018453286728213
8.91157 6.240373e-05 0.9302881633870006 0.9761050598369462
8.86181 6.437096e-05 0.9596147883124626 1.0068760274836401
8.811866 6.491927e-05 0.9677887596899225 1.0154525687474267
8.761386 6.352132e-05 0.9469487179487179 0.9935861503714891
8.711683 6.253237e-05 0.9322058735837806 0.9781172176822773
8.661663 6.240243e-05 0.9302687835420393 0.9760847255303625
8.611895 6.484128e-05 0.9666261180679786 1.0142326667701465
8.562163 6.446614e-05 0.9610336911150864 1.0083648115610548
8.511645 6.556998e-05 0.977489266547406 1.0256308276990391
8.461829 6.369585e-05 0.9495505366726296 0.9963161092392256
8.411755999999999 6.529331e-05 0.9733647883124625 1.0213032180047934
8.361904000000001 6.270998e-05 0.9348536076326773 0.980895353214843
8.312052 6.585931e-05 0.9818024746571258 1.0301564622558619
8.261989 6.35626e-05 0.9475641025641025 0.9942318428143939
8.212005999999999 6.422638e-05 0.9574594514013118 1.0046145397560442
8.16157 6.548798e-05 0.9762668455575433 1.024348202206835
8.111499 6.534159e-05 0.974084525939177 1.0220584028677644
8.061599 6.611898e-05 0.9856735241502682 1.0342181617870894
8.011469 6.405388e-05 0.9548878950506856 1.0019163336901267
7.9612 6.491721e-05 0.9677580500894454 1.0154203466923788
7.911688 6.620291e-05 0.986924716756112 1.0355309759036833
7.861708999999999 6.676069e-05 0.9952398628503278 1.0442556447700453
7.811015 6.591406e-05 0.982618664281455 1.0310128493985224
7.761244 6.381318e-05 0.9512996422182469 0.9981513586172786
7.711265 6.478392e-05 0.9657710196779964 1.0133354545965751
7.661272 6.522024e-05 0.9722754919499106 1.0201602735570454
7.611728 6.521402e-05 0.9721827668455576 1.0200629817209292
7.561274 6.337407e-05 0.9447535778175312 0.9912828991065248
7.511006 6.564939e-05 0.9786730769230768 1.0268729409958188
7.460987 6.227975e-05 0.9284399224806201 0.9741657926598306
7.411042 6.274777e-05 0.9354169648181275 0.9814864558654577
7.361461 6.455948e-05 0.9624251639833034 1.0098248147737663
7.311719 6.429572e-05 0.9584931425163984 1.0056991403856714
7.2616819999999995 6.214907e-05 0.926491800834824 0.9721217255949373
7.211536 6.269188e-05 0.9345837805605246 0.9806122371001003
7.161543 6.529754e-05 0.973427847346452 1.0213693827100623
7.11145 6.571104e-05 0.9795921288014311 1.0278372563811164
7.061154 6.351814e-05 0.946901311866428 0.9935364095292304
7.01114 6.390571e-05 0.9526790399522957 0.9995986919928108
6.960997 6.575315e-05 0.9802198867024448 1.0284959314966862
6.910989 6.447051e-05 0.9610988372093023 1.008433166114725
6.861098 6.299801e-05 0.9391474358974358 0.9854006534650818
6.810922 6.219324e-05 0.9271502683363148 0.972812622765555
6.760765 6.604059e-05 0.9845049194991056 1.0329920031000908
6.71081 6.388574e-05 0.952381335718545 0.9992863257601362
6.6612089999999995 6.434399e-05 0.9592127310673823 1.0064541688308994
6.610691 6.354119e-05 0.9472449314251639 0.9938969524267341
6.560688 6.292442e-05 0.9380503875968992 0.9842495752947
6.510691 6.453518e-05 0.9620629099582588 1.0094447196583938
6.460876 6.376301e-05 0.9505517292784735 0.9973666108008897
6.411172 6.500648e-05 0.9690888491353608 1.016816687883709
6.360876 6.273566e-05 0.935236434108527 0.981297033978743
6.310999 6.450123e-05 0.9615567978533095 1.0089136814210726
6.261071 6.550532e-05 0.97652534287418 1.0246194305731133
6.210801999999999 6.363544e-05 0.9486499701848539 0.9953711896540544
6.160921999999999 6.511204e-05 0.9706624925462135 1.0184678335783075
6.110866 6.382174e-05 0.95142725104353 0.998285252205245
6.060792999999999 6.461397e-05 0.9632374776386403 1.0106771350551105
6.010552 6.368999e-05 0.9494631782945735 0.9962244484418559
5.960838 6.284518e-05 0.9368691115086464 0.9830101210995504
5.910608 6.404283e-05 0.9547231663685152 1.001743492084165
5.860829 6.477648e-05 0.9656601073345258 1.013219079795819
5.810839 6.411086e-05 0.9557373285629099 1.0028076019894656
5.7601629999999995 6.408383e-05 0.9553343768634467 1.0023848048302673
5.710423 6.509267e-05 0.970373732856291 1.01816485241021
5.660876 6.035426e-05 0.8997355396541443 0.944047712672217
5.610479000000001 6.17008e-05 0.9198091830649969 0.9651099874316398
5.560478 6.263141e-05 0.9336823196183661 0.9796663790084713
5.5102910000000005 6.379178e-05 0.9509806201550388 0.9978166246473618
5.459997 6.159951e-05 0.9182991949910554 0.9635256321132818
5.410329 6.496875e-05 0.9685263864042933 1.016226523739552
5.3603950000000005 6.432158e-05 0.9588786523553964 1.0061036366689446
5.309829 6.375926e-05 0.9504958258795468 0.9973079541472827
5.260357 6.41764e-05 0.9567143709004174 1.0038327638767715
5.21033 6.42717e-05 0.9581350626118068 1.0053234249671015
5.160121 6.441295e-05 0.9602407573047109 1.0075328255862948
5.110255 6.239285e-05 0.930125968992248 0.9759348773326146
5.060089 6.243902e-05 0.9308142516398331 0.9766570580518229
5.010036 6.203466e-05 0.9247862254025044 0.9703321501978265
4.960395 6.327369e-05 0.9432571556350625 0.9897127778027752
4.910497 6.360601e-05 0.9482112403100775 0.9949108522365474
4.860117 6.199003e-05 0.9241209004174119 0.9696340578110328
4.8097650000000005 6.535533e-05 0.9742893559928443 1.0222733208465802
4.760206 6.261328e-05 0.933412045319022 0.9793827936404997
4.7101999999999995 6.181451e-05 0.9215043231961836 0.966888613586744
4.6597550000000005 6.413461e-05 0.9560913834227787 1.003179094128976
4.609640000000001 6.335961e-05 0.9445380143112702 0.9910567190502166
4.560033000000001 6.324726e-05 0.9428631484794275 0.9892993657081539
4.510036 6.363683e-05 0.9486706917113894 0.9953929317203246
4.460413 6.231968e-05 0.9290351818723912 0.974790368707437
4.409987 6.078697e-05 0.9061861955873582 0.9508160648274815
4.359662999999999 6.546363e-05 0.9759038461538461 1.0239673250027475
4.309933 6.403751e-05 0.9546438580799046 1.0016602778449148
4.260131 6.280911e-05 0.936331395348837 0.9824459223007235
4.210033 6.379133e-05 0.9509739117471675 0.9978095858489289
4.159672 6.228822e-05 0.9285661896243291 0.9742982784881107
4.109791 6.336768e-05 0.9446583184257602 0.9911829481687786
4.059681 6.394905e-05 0.9533251341681573 1.0002766064907636
4.009621 6.243496e-05 0.9307537268932619 0.9765935524481845
3.959607 6.289547e-05 0.9376188133571856 0.9837967459288549
3.9091810000000002 6.444859e-05 0.9607720632081098 1.0080902984221747
3.859479 6.136669e-05 0.9148284138342279 0.9598839142218795
3.8094870000000003 6.244483e-05 0.9309008646392367 0.9767479367604779
3.759659 6.411585e-05 0.9558117173524149 1.0028856544431985
3.709672 6.241793e-05 0.9304998509242696 0.9763271730319377
3.659459 6.252797e-05 0.9321402802623734 0.9780483938753787
3.609098 6.292953e-05 0.9381265652951699 0.9843295047613484
3.559489 6.294138e-05 0.9383032200357782 0.9845148597867462
3.509709 6.347647e-05 0.9462801132975552 0.9928846167943507
3.4595149999999997 6.271894e-05 0.9349871794871795 0.9810355035125279
3.409246 6.471561e-05 0.9647526833631483 1.0122669649944718
3.359697 6.442203e-05 0.9603761180679785 1.0076748528968948
3.309395 6.608505e-05 0.9851677101967801 1.0336874363852544
3.259366 6.387772e-05 0.9522617769827072 0.9991608787302888
3.209385 6.271789e-05 0.93497152653548 0.9810190796495178
3.159339 6.485273e-05 0.966796809779368 1.0144117650858262
3.1090459999999998 6.530637e-05 0.973559481216458 1.0215074995770885
3.059564 6.12865e-05 0.9136329755515802 0.9586296003411495
3.009574 6.213572e-05 0.9262927847346452 0.9719129079080967
2.9593939999999996 6.406556e-05 0.9550620155038759 1.0020990296138943
2.9090979999999997 6.403609e-05 0.9546226893261777 1.0016380665254156
2.859061 6.068887e-05 0.9047237626714371 0.949281606769125
2.8087910000000003 6.293012e-05 0.9381353607632678 0.9843387334081826
2.759149 6.283634e-05 0.9367373285629099 0.9828718478147812
2.709357 6.340451e-05 0.9452073643410853 0.9917590347160699
2.6587460000000003 6.297309e-05 0.9387759391771019 0.9850108604496461
2.6090459999999998 6.145472e-05 0.9161407274895645 0.9612608596130835
2.559274 5.872027e-05 0.8753767143709004 0.9184892098916464
2.509177 6.370583e-05 0.9496993142516399 0.9964722141466916
2.4587559999999997 6.366424e-05 0.9490793082886105 0.9958216727537552
2.408904 6.400784e-05 0.954201550387597 1.001196186401577
2.358978 6.254595e-05 0.9324083184257603 0.9783296329772058
2.308792 6.140165e-05 0.9153495825879546 0.9604307506512386
2.2588470000000003 6.056577e-05 0.9028886404293381 0.9473561043533891
2.208987 6.131184e-05 0.9140107334525939 0.9590259629017892
2.15881 6.275921e-05 0.9355875074537865 0.9816653977633945
2.109163 6.396501e-05 0.9535630590339893 1.0005262492085147
2.058654 6.328851e-05 0.9434780858676207 0.9899445888978298
2.00897 6.173624e-05 0.9203375074537864 0.9656643319126608
1.9589960000000002 6.353534e-05 0.9471577221228384 0.9938054480471075
1.909187 6.354511e-05 0.9473033691115086 0.9939582681819712
1.859135 6.198607e-05 0.9240618664281456 0.9695721163848241
1.8090650000000001 6.155708e-05 0.9176666666666666 0.9628619516299375
1.759145 6.364805e-05 0.9488379546809779 0.9955684324279165
1.708857 6.169111e-05 0.9196647286821704 0.9649584186387196
1.658838 6.164207e-05 0.9189336612999403 0.9641913460272843
1.6087829999999999 6.225779e-05 0.9281125521765056 0.9738222992963085
1.558838 6.332067e-05 0.9439575134168158 0.9904476283591626
1.508432 6.041924e-05 0.9007042337507454 0.9450641151659174
1.458385 5.981291e-05 0.8916653249850924 0.9355800381575248
1.408209 6.368646e-05 0.9494105545617174 0.9961692329785942
1.358395 6.339679e-05 0.9450922778771615 0.9916382802185112
1.3085429999999998 6.20455e-05 0.9249478234943351 0.9705017070311862
1.258687 6.232161e-05 0.9290639534883721 0.9748205573318266
1.208524 6.260918e-05 0.9333509242695288 0.9793186623658895
1.158753 6.124541e-05 0.9130204233750745 0.9579868798353609
1.108885 5.977059e-05 0.8910344364937388 0.934918078269353
1.058744 6.140996e-05 0.915473464519976 0.9605607337956316
1.008978 6.13559e-05 0.9146675611210495 0.9597151394772346
0.9584222 6.248142e-05 0.9314463327370304 0.9773202692819383
0.9085833 6.214083e-05 0.926368962432916 0.9719928373747451
0.8588759 6.239658e-05 0.9301815742397138 0.9759932211507357
0.8086444 5.892488e-05 0.8784269528920692 0.9216896733301819
0.7581815000000001 5.906501e-05 0.8805159511031603 0.9238815551621645
0.7079592 6.075714e-05 0.9057415026833631 0.9503494707002564
0.6583002 5.778884e-05 0.8614913536076326 0.903919992059893
0.6081259 5.676298e-05 0.8461982707215264 0.8878737214814463
0.5582908 5.296537e-05 0.7895851222420989 0.8284723630003525
0.5081166 4.705554e-05 0.701483899821109 0.7360321360175075
0.4584795 4.335976e-05 0.6463887895050685 0.6782235794128912
0.4086074 3.3727e-05 0.5027877161598091 0.5275501216533159
0.35810739999999996 2.975807e-05 0.4436206022659511 0.46546901439997307
0.3081021 2.223312e-05 0.3314418604651163 0.34776544491750744
0.2582092 1.858021e-05 0.2769858378056052 0.29062745117692523
0.2081722 1.725273e-05 0.2571963327370304 0.26986330863556834
0.1580172 1.002618e-05 0.1494660107334526 0.15682724460278244
0.1081351 7.843685e-06 0.11693030709600477 0.1226891504124378
0.05781106 7.090572e-06 0.10570322003577817 0.11090912684767683
0.007847395 5.016079e-06 0.0747775641025641 0.0784603755647595
-0.042068579999999994 5.254668e-06 0.07833434704830053 0.08219233085207064
-0.09187903 -1.296789e-06 -0.019331976744186043 -0.02028408084646372
-0.1417445 -2.078486e-06 -0.030985181872391177 -0.03251120888767795
-0.19186019999999998 -5.948937e-06 -0.08868421288014311 -0.09305192985020644
-0.2415408 -9.387943e-06 -0.13995144603458556 -0.1468440855019538
-0.2917167 -1.072404e-05 -0.15986940966010732 -0.16774301321241222
-0.3420779 -1.152206e-05 -0.1717659511031604 -0.18022546193544656
-0.3921334 -1.271401e-05 -0.18953503279666067 -0.19886967480657858
-0.4421241 -1.694806e-05 -0.252654442456768 -0.26509772926105785
-0.49205829999999995 -1.866323e-05 -0.2782234645199761 -0.29192603127891054
-0.5420131 -2.308998e-05 -0.34421556350626115 -0.36116825564006977
-0.5922168 -2.296411e-05 -0.3423391472868217 -0.35919942550953626
-0.6425131000000001 -2.831156e-05 -0.422056648777579 -0.4428430314642617
-0.6922281 -3.124383e-05 -0.4657696779964222 -0.4887089369767701
-0.7424113 -3.164075e-05 -0.47168679189028023 -0.4949174700300103
-0.7923979000000001 -3.635792e-05 -0.5420083482409064 -0.5687023784819738
-0.8424020000000001 -4.119192e-05 -0.6140715563506262 -0.6443147154248424
-0.8923224000000001 -4.517405e-05 -0.673435450208706 -0.7066022940988815
-0.9422847000000001 -4.765382e-05 -0.7104028026237329 -0.745390296742824
-0.9921334 -5.250909e-05 -0.7827830948121646 -0.8213353342249509
-1.042115 -5.546615e-05 -0.8268656827668455 -0.8675889993222365
-1.0923 -5.742856e-05 -0.8561204531902206 -0.8982845736168279
-1.142541 -5.880708e-05 -0.8766708407871198 -0.9198470723182105
-1.192407 -5.966655e-05 -0.8894834525939176 -0.9332907080716832
-1.2424300000000001 -5.916086e-05 -0.8819448419797257 -0.925380819228357
-1.292558 -5.887028e-05 -0.8776129994036971 -0.9208356324536655
-1.342504 -6.115347e-05 -0.9116498211091233 -0.9565487751066625
-1.3924670000000001 -6.102057e-05 -0.9096686046511628 -0.9544699833028341
-1.4423510000000002 -6.103951e-05 -0.909950954084675 -0.9547662385079847
-1.491985 -6.074721e-05 -0.9055934704830054 -0.9501941478815054
-1.5421610000000001 -6.358998e-05 -0.9479722719141325 -0.9946601145945958
-1.592332 -6.229872e-05 -0.9287227191413238 -0.9744625171182101
-1.6422809999999999 -6.249009e-05 -0.9315755813953488 -0.9774558834650774
-1.6924359999999998 -6.262041e-05 -0.9335183363148478 -0.9794943194912242
-1.742615 -6.067389e-05 -0.9045004472271915 -0.9490472929901833
-1.792492 -6.324669e-05 -0.9428546511627908 -0.9892904498968057
-1.842133 -6.202721e-05 -0.9246751639833034 -0.9702156189793274
-1.8927260000000001 -6.34597e-05 -0.946030113297555 -0.9926223042394204
-1.9426240000000001 -6.319353e-05 -0.9420621645796063 -0.9884589331752742
-1.9922449999999998 -6.307685e-05 -0.9403227489564698 -0.9866338509505133
-2.042436 -6.188696e-05 -0.9225843768634465 -0.9680218601344293
-2.0925320000000003 -6.327162e-05 -0.9432262969588551 -0.9896803993299843
-2.142846 -6.07123e-05 -0.9050730471079307 -0.9496480935408609
-2.192967 -6.377195e-05 -0.9506850029815145 -0.9975064482630883
-2.242794 -6.385334e-05 -0.9518983303518187 -0.9987795322729726
-2.2923560000000003 -6.338858e-05 -0.9449698867024448 -0.9915098612515477
-2.342717 -6.34756e-05 -0.9462671437090041 -0.9928710084507137
-2.392926 -6.377052e-05 -0.9506636851520572 -0.9974840805258464
-2.44231 -6.323714e-05 -0.9427122838401908 -0.9891410709522868
-2.492569 -6.233447e-05 -0.9292556648777578 -0.9750217105492623
-2.5425500000000003 -6.303548e-05 -0.9397060226595111 -0.9859867507479221
-2.59255 -6.213341e-05 -0.9262583482409064 -0.9718767754094748
-2.642893 -6.095187e-05 -0.9086444543828265 -0.9533953934087556
-2.6924360000000003 -6.164676e-05 -0.9190035778175312 -0.9642647059487287
-2.742254 -6.496655e-05 -0.9684935897435897 -1.0161921118361026
-2.7925410000000004 -6.124155e-05 -0.9129628801431127 -0.9579265025865815
-2.8428649999999998 -6.344806e-05 -0.9458565891472868 -0.9924402339866246
-2.8926149999999997 -6.365742e-05 -0.9489776386404294 -0.9957149958530623
-2.942337 -6.298278e-05 -0.9389203935599285 -0.9851624292425664
-2.9927449999999998 -6.312002e-05 -0.9409663088849134 -0.9873091063468359
-3.042681 -6.246728e-05 -0.9312355396541443 -0.9770990945934045
-3.092467 -6.323733e-05 -0.9427151162790698 -0.9891440428894028
-3.142985 -6.418119e-05 -0.956785778175313 -1.0039076879756452
-3.192757 -6.370003e-05 -0.9496128503279666 -0.9963814918557796
-3.242569 -6.336928e-05 -0.9446821705426356 -0.991207975007651
-3.2927939999999998 -6.462402e-05 -0.9633872987477637 -1.0108343348867768
-3.342634 -6.141194e-05 -0.9155029815146094 -0.960591704508736
-3.39281 -6.241415e-05 -0.9304435002981515 -0.9762680471251018
-3.442927 -6.546076e-05 -0.9758610614192009 -1.0239224331105203
-3.492708 -6.11796e-05 -0.9120393559928445 -0.9569574946689956
-3.542773 -6.375219e-05 -0.9503904293381037 -0.9971973668030157
-3.5929360000000004 -6.231498e-05 -0.9289651162790697 -0.9747168523682496
-3.642847 -6.29874e-05 -0.938989266547406 -0.98523469423981
-3.692958 -6.330968e-05 -0.9437936791890281 -0.9902757252596587
-3.743115 -6.452238e-05 -0.9618720930232558 -1.0092445049474155
-3.7928420000000003 -6.241492e-05 -0.9304549791293977 -0.9762800912913091
-3.842356 -6.428504e-05 -0.9583339296362552 -1.005532086236199
-3.892874 -6.468063e-05 -0.9642312164579606 -1.0117198157296268
-3.942757 -6.440842e-05 -0.9601732259988073 -1.0074619683487376
-3.992569 -6.373878e-05 -0.9501905187835421 -0.9969876106097176
-4.042745 -6.444623e-05 -0.9607368813357186 -1.008053383834838
-4.093282 -6.356541e-05 -0.9476059928443648 -0.9942757962001632
-4.142945 -6.336148e-05 -0.9445658914728682 -0.9910859691681485
-4.1926890000000006 -6.44557e-05 -0.9608780560524747 -1.0082015114374132
-4.242859999999999 -6.279144e-05 -0.9360679785330949 -0.982169532148928
-4.2930969999999995 -6.294041e-05 -0.9382887596899224 -0.9844996872656799
-4.3428320000000005 -6.499526e-05 -0.9689215861657722 -1.0166411871761172
-4.393115 -6.568796e-05 -0.9792480620155039 -1.0274762442303838
-4.4433549999999995 -6.243501e-05 -0.930754472271914 -0.9765943345368991
-4.492841 -6.105152e-05 -0.9101299940369708 -0.9549540962172697
-4.542680000000001 -6.489088e-05 -0.9673655336911151 -1.015008498775187
-4.5929210000000005 -6.399419e-05 -0.9539980620155039 -1.0009826761824479
-4.64306 -6.16429e-05 -0.9189460345855694 -0.9642043286999493
-4.6929359999999996 -6.393356e-05 -0.9530942158616577 -1.0000343154069313
-4.743106 -6.247983e-05 -0.9314226296958854 -0.9772953988608089
-4.793069 -6.342536e-05 -0.9455181872391173 -0.9920851657101242
-4.843216999999999 -6.466464e-05 -0.9639928443649373 -1.0114697037586466
-4.892983 -6.280548e-05 -0.9362772808586761 -0.9823891426600321
-4.943004 -6.346749e-05 -0.9461462432915921 -0.99274415366118
-4.9933559999999995 -6.18658e-05 -0.9222689326177699 -0.9676908801903437
-5.0429260000000005 -6.48596e-05 -0.9668992248062015 -1.0145192240752339
-5.092699 -6.592839e-05 -0.98283228980322 -1.0312369960241723
-5.142671999999999 -6.286293e-05 -0.9371337209302326 -0.98328776259329
-5.192483 -6.18064e-05 -0.9213834227787715 -0.9667617587972102
-5.2425500000000005 -6.601577e-05 -0.9841349135360763 -1.0326037742620846
-5.29281 -6.219002e-05 -0.9271022659511031 -0.9727622562523247
-5.342765999999999 -6.500848e-05 -0.969118664281455 -1.0168479714322993
-5.392736 -6.353496e-05 -0.9471520572450806 -0.9937995041728753
-5.442794 -6.363773e-05 -0.9486841085271317 -0.9954070093171902
-5.492874 -6.430645e-05 -0.9586531007751937 -1.0058669766238586
-5.543106 -6.299709e-05 -0.9391337209302325 -0.9853862630327304
-5.592841999999999 -6.236391e-05 -0.9296945438282647 -0.9754822043845123
-5.642865 -6.280308e-05 -0.936241502683363 -0.9823516024017236
-5.692823000000001 -6.319816e-05 -0.9421311866428145 -0.9885313545902608
-5.742615 -6.523585e-05 -0.9725081991651758 -1.020404441653793
-5.792736 -6.468016e-05 -0.9642242098986283 -1.0117124640957078
-5.84281 -6.499566e-05 -0.968927549194991 -1.0166474438858353
-5.892577 -6.492352e-05 -0.9678521168753726 -1.0155190462881813
-5.942606 -6.072536e-05 -0.905267740011926 -0.9498523751131558
-5.992735 -6.692712e-05 -0.997720930232558 -1.046858905265991
-6.042634 -6.557126e-05 -0.9775083482409065 -1.025650849170137
-6.092485 -6.22405e-05 -0.9278548002385211 -0.9735518530187449
-6.14268 -6.580982e-05 -0.9810646988670244 -1.0293823508459936
-6.192521 -6.354756e-05 -0.947339892665474 -0.9939965905289946
-6.242301 -6.475892e-05 -0.9653983303518187 -1.0129444102391958
-6.292504 -6.205995e-05 -0.9251632379248658 -0.9707277306697514
-6.342477 -6.364551e-05 -0.9488000894454383 -0.9955287023212067
-6.3923890000000005 -6.3081e-05 -0.9403846153846154 -0.9866987643138383
-6.442245 -6.394292e-05 -0.9532337507453786 -1.0001807224143342
-6.492216999999999 -6.259997e-05 -0.933213625521765 -0.979174601624631
-6.542245 -6.612666e-05 -0.98578801431127 -1.0343382906136764
-6.59237 -6.456853e-05 -0.9625600775193799 -1.0099663728311379
-6.642347 -6.317247e-05 -0.9417482110912343 -0.9881295174086179
-6.692087000000001 -6.416343e-05 -0.9565210196779965 -1.003629890064163
-6.74218 -6.280212e-05 -0.9362271914132378 -0.9823365862984003
-6.792707999999999 -6.378975e-05 -0.9509503577817531 -0.9977848718455424
-6.842229000000001 -6.493959e-05 -0.9680916815742396 -1.0157704096011047
-6.892207999999999 -6.488487e-05 -0.9672759391771021 -1.014914491711673
-6.942114999999999 -6.489499e-05 -0.9674268038163385 -1.01507278646754
-6.9918190000000005 -6.277834e-05 -0.9358726893261776 -0.981964624905661
-7.042458 -6.37848e-05 -0.95087656529517 -0.9977074450627814
-7.092049 -6.506406e-05 -0.9699472271914132 -1.017717341247625
-7.1416710000000005 -6.370595e-05 -0.9497011031604055 -0.996474091159607
-7.192041000000001 -6.502038e-05 -0.9692960644007155 -1.0170341085464119
-7.242282 -6.38799e-05 -0.9522942754919499 -0.9991949777982524
-7.292059 -6.406845e-05 -0.9551050983899821 -1.0021442343416074
-7.341782 -6.339371e-05 -0.9450463625521766 -0.991590103553682
-7.391587 -6.3893e-05 -0.952489564698867 -0.9993998850415193
-7.44193 -6.335858e-05 -0.9445226595110315 -0.9910406080226926
-7.491841999999999 -6.559079e-05 -0.9777994931425165 -1.0259563330221217
-7.5413559999999995 -6.335319e-05 -0.9444423076923076 -0.9909562988592416
-7.591448000000001 -6.613057e-05 -0.9858463029218844 -1.0343994499511706
-7.641763 -6.424759e-05 -0.957775641025641 -1.0049463017888447
-7.691893 -6.445422e-05 -0.960855992844365 -1.0081783616114566
-7.7418130000000005 -6.381832e-05 -0.951376267143709 -0.9982317573371556
-7.791282 -6.454776e-05 -0.9622504472271914 -1.009641493179027
-7.8413699999999995 -6.448937e-05 -0.9613799940369707 -1.0087281699779318
-7.891144000000001 -6.432004e-05 -0.958855694692904 -1.00607954833653
-7.941245 -6.460861e-05 -0.9631575730471079 -1.0105932951448884
-7.991568 -6.466084e-05 -0.9639361955873583 -1.0114102650163252
-8.040944999999999 -6.366333e-05 -0.9490657423971377 -0.9958074387391467
-8.091042 -6.46528e-05 -0.9638163387000597 -1.011284505150992
-8.14131 -6.320192e-05 -0.9421872391174717 -0.9885901676616108
-8.191257 -6.33649e-05 -0.9446168753726891 -0.991139464036238
-8.241088 -6.474303e-05 -0.9651614490161001 -1.0126958624456455
-8.291077999999999 -6.480464e-05 -0.9660799045915325 -1.0136595521599712
-8.340781999999999 -6.289799e-05 -0.9376563804412642 -0.9838361632000787
-8.391088 -6.456356e-05 -0.9624859868813357 -1.0098886332128907
-8.441097 -6.487583e-05 -0.9671411747167561 -1.0147730900720444
-8.490662 -6.455927e-05 -0.9624220333929635 -1.0098215300011644
-8.54056 -6.354784e-05 -0.9473440667859272 -0.994000970225797
-8.590588 -6.39088e-05 -0.9527251043530113 -0.999647025075383
-8.640822 -6.303053e-05 -0.9396322301729277 -0.9859093239651608
-8.690190000000001 -6.463452e-05 -0.9635438282647584 -1.0109985735168763
-8.740013999999999 -6.269836e-05 -0.9346803816338699 -0.9807135957975331
-8.790171 -6.252243e-05 -0.9320576923076923 -0.9779617384457833
-8.839785 -6.369231e-05 -0.9494977638640428 -0.9962607373582207
-8.889513 -6.479608e-05 -0.9659522957662492 -1.0135256585720045
-8.939885 -6.523249e-05 -0.9724581097197376 -1.0203518852921611
-8.989407 -6.389592e-05 -0.9525330948121644 -0.999445559022461
-9.039402 -6.274145e-05 -0.9353227489564699 -0.9813875998519123
-9.089579 -6.337707e-05 -0.9447983005366726 -0.9913298244294104
-9.1392 -6.393477e-05 -0.9531122540250446 -1.0000532419538286
-9.188745 -6.387434e-05 -0.952211389385808 -0.9991080095331712
-9.239374 -6.3982e-05 -0.9538163387000596 -1.0007920029537896
-9.289105 -6.411859e-05 -0.9558525641025641 -1.0029285129047674
-9.338698 -6.467162e-05 -0.964096899224806 -1.011578883343227
-9.388781000000002 -6.438762e-05 -0.9598631484794274 -1.0071366194433977
-9.438445 -6.361606e-05 -0.948361061419201 -0.9950680520682138
-9.488050999999999 -6.383808e-05 -0.9516708407871198 -0.9985408387972282
-9.538069 -6.362114e-05 -0.9484367918902802 -0.9951475122816333
-9.588217 -6.348659e-05 -0.9464309779367918 -0.9930429115502176
-9.637908 -6.349709e-05 -0.9465875074537864 -0.993207150180317
-9.687902 -6.384965e-05 -0.9518433214072749 -0.9987218141258234
-9.737757 -6.604915e-05 -0.9846325283243887 -1.0331258966880574
-9.787727 -6.461768e-05 -0.9632927847346452 -1.0107351660377455
-9.838263999999999 -6.349142e-05 -0.9465029815146093 -0.9931184613200633
-9.887965 -6.395612e-05 -0.9534305307096005 -1.0003871938350306
-9.938179 -6.268445e-05 -0.9344730172927848 -0.9804960187170874
-9.990187 -6.537505e-05 -0.9745833333333331 -1.0225817766356808
-9.994151 -6.402315e-05 -0.9544297853309481 -1.001435661966036
-9.946887 -6.626153e-05 -0.9877985986881336 -1.0364478967128665
-9.897396 -6.439065e-05 -0.9599083184257603 -1.0071840140195123
-9.848066999999999 -6.220363e-05 -0.9273051580202744 -0.972975140800482
-9.798701 -6.55776e-05 -0.977602862254025 -1.0257500180191685
-9.749274 -6.541312e-05 -0.9751508646392367 -1.0231772589830983
-9.699905000000001 -6.268756e-05 -0.9345193798449613 -0.9805446646351453
-9.649973 -6.33686e-05 -0.9446720333929635 -0.9911973386011301
-9.600221 -6.469686e-05 -0.9644731663685151 -1.0119736817264373
-9.550511 -6.641293e-05 -0.9900556052474657 -1.0388160613411557
-9.500793999999999 -6.384149e-05 -0.9517216756112103 -0.9985941772475747
-9.450739 -6.23418e-05 -0.929364937388193 -0.975136364754846
-9.401142 -6.285337e-05 -0.9369912045319022 -0.983138227231028
-9.351424000000002 -6.408378e-05 -0.9553336314847943 -1.0023840227415524
-9.301377 -6.395386e-05 -0.9533968395945139 -1.0003518434251233
-9.251774 -6.473777e-05 -0.9650830351818723 -1.012613586712853
-9.201896000000001 -6.382001e-05 -0.9514014609421586 -0.9982581919357144
-9.152388 -6.581694e-05 -0.9811708407871199 -1.0294937202789753
-9.102572 -6.3451e-05 -0.9459004174120452 -0.9924862208030525
-9.052517 -6.350598e-05 -0.9467200357781752 -0.993346205553801
-9.002359 -6.422115e-05 -0.9573814847942754 -1.0045327332764804
-8.952767 -6.498954e-05 -0.9688363148479426 -1.0165517162271487
-8.902811999999999 -6.409115e-05 -0.9554435002981514 -1.002499302618108
-8.852767 -6.476029e-05 -0.9654187537268933 -1.0129658394699803
-8.802869000000001 -6.339412e-05 -0.9450524746571259 -0.9915965166811431
-8.752868000000001 -6.38264e-05 -0.9514967203339295 -0.9983581428734606
-8.703155 -6.233171e-05 -0.9292145199761479 -0.9749785392522079
-8.653246 -6.402095e-05 -0.9543969886702445 -1.0014012500625866
-8.603304 -6.376887e-05 -0.9506390876565295 -0.9974582715982593
-8.553198 -6.328183e-05 -0.943378503279666 -0.989840101845538
-8.503424 -6.280113e-05 -0.9362124329159214 -0.9823211009418482
-8.453369 -6.459835e-05 -0.9630046213476446 -1.01043281054062
-8.403581 -6.445354e-05 -0.9608458556946929 -1.0081677252049357
-8.353331 -6.384351e-05 -0.9517517889087657 -0.9986257736316511
-8.303792999999999 -6.343373e-05 -0.9456429636255217 -0.9922160873609748
-8.253795 -6.40982e-05 -0.9555485986881335 -1.0026095771268888
-8.203736000000001 -6.489897e-05 -0.9674861359570661 -1.0151350407292348
-8.154221 -6.177664e-05 -0.9209397734048897 -0.9662962595941859
-8.103934 -6.528738e-05 -0.9732763864042934 -1.0212104622832232
-8.05434 -6.636147e-05 -0.9892884615384615 -1.038011135635926
-8.004239 -6.443131e-05 -0.9605144603458557 -1.007820008562354
-7.954001 -6.209451e-05 -0.9256784436493739 -0.9712683103893927
-7.904154999999999 -6.311596e-05 -0.9409057841383421 -0.9872456007431974
-7.854137 -6.489283e-05 -0.967394603458557 -1.0150390002350627
-7.803972 -6.201053e-05 -0.9244265056648776 -0.9699547141840839
-7.754211000000001 -6.41093e-05 -0.9557140727489565 -1.0027832008215651
-7.7044250000000005 -6.506866e-05 -0.9700158020274299 -1.0177892934093828
-7.654183 -6.320111e-05 -0.9421751639833035 -0.9885774978244316
-7.603868 -6.276303e-05 -0.9356444543828264 -0.9817251493412019
-7.554378 -6.432382e-05 -0.9589120453190221 -1.0061386742433658
-7.504766 -6.412654e-05 -0.9559710793082886 -1.003052865010414
-7.454637 -6.464374e-05 -0.9636812760882527 -1.0111427906758776
-7.404415 -6.340176e-05 -0.9451663685152057 -0.9917160198367582
-7.3542380000000005 -6.355967e-05 -0.9475204233750746 -0.994186012415709
-7.3044530000000005 -6.36273e-05 -0.9485286225402504 -0.9952438656112916
-7.254524999999999 -6.330201e-05 -0.9436793381037567 -0.9901557528508146
-7.204765 -6.454258e-05 -0.9621732259988074 -1.009560468788178
-7.154813 -6.258766e-05 -0.9330301132975551 -0.9789820513830574
-7.104952 -6.257922e-05 -0.9329042933810375 -0.9788500348080061
-7.054488999999999 -6.661483e-05 -0.9930654442456768 -1.0419741355713512
-7.004444 -6.458668e-05 -0.9628306499701849 -1.010250271034595
-6.954683 -6.486579e-05 -0.966991502683363 -1.0146160466581209
-6.904576 -6.276699e-05 -0.935703488372093 -0.981787090767411
-6.854785 -6.47717e-05 -0.9655888491353608 -1.0131443121146881
-6.804785 -6.373655e-05 -0.9501572748956469 -0.9969527294530393
-6.754396 -6.601847e-05 -0.9841751639833034 -1.0326460070526815
-6.704680000000001 -6.365934e-05 -0.9490062611806799 -0.995745028059709
-6.654961 -6.468351e-05 -0.9642741502683363 -1.0117648640395966
-6.604897 -6.315845e-05 -0.9415392069171138 -0.9879102197329995
-6.554997999999999 -6.405185e-05 -0.9548576326774001 -1.0018845808883077
-6.504831 -6.401089e-05 -0.9542470184853905 -1.0012438938131771
-6.454757 -6.738424e-05 -1.004535480023852 -1.0540090731318006
-6.404803 -6.474605e-05 -0.9652064698867024 -1.0127431006040168
-6.354997999999999 -6.449832e-05 -0.9615134168157424 -1.0088681638578736
-6.304915 -6.226709e-05 -0.9282511926058437 -0.9739677677972537
-6.254766 -6.490882e-05 -0.9676329755515801 -1.0152891122060423
-6.2047740000000005 -6.502149e-05 -0.9693126118067977 -1.0170514709158793
-6.155118000000001 -6.420977e-05 -0.9572118366129992 -1.0043547298850013
-6.1051139999999995 -6.249371e-05 -0.9316295468097793 -0.9775125066880258
-6.05509 -6.401883e-05 -0.9543653846153846 -1.0013680895010808
-6.005236 -6.184207e-05 -0.9219151759093619 -0.967319700886319
-5.955072 -6.425537e-05 -0.9578916219439475 -1.0050679947928611
-5.905302 -6.363977e-05 -0.948714519976148 -0.9954389185367525
-5.855313 -6.51811e-05 -0.9716920095408468 -1.0195480545111322
-5.805007 -6.469193e-05 -0.964399672033393 -1.0118965677791623
-5.754692 -6.285222e-05 -0.9369740608228981 -0.9831202391905886
-5.705227 -6.332705e-05 -0.9440526237328564 -0.9905474228791658
-5.6555349999999995 -6.358927e-05 -0.9479616875372688 -0.9946490089348461
-5.604655 -6.399336e-05 -0.9539856887298745 -1.0009696935097827
-5.554708 -6.42299e-05 -0.9575119260584378 -1.0046695988015633
-5.505053 -6.227597e-05 -0.9283835718545019 -0.9741066667529947
-5.454897 -6.209644e-05 -0.9257072152653547 -0.9712984990137823
-5.405118000000001 -6.534183e-05 -0.9740881037567084 -1.0220621568935955
-5.354963 -6.285834e-05 -0.9370652951699462 -0.9832159668492749
-5.305118 -6.430656e-05 -0.958654740608229 -1.0058686972190312
-5.2550479999999995 -6.533616e-05 -0.9740035778175312 -1.0219734680333417
-5.205220000000001 -6.294401e-05 -0.938342426952892 -0.9845559976531425
-5.154757 -6.50618e-05 -0.9699135360763267 -1.017681990837718
-5.104812 -6.439151e-05 -0.9599211389385808 -1.0071974659454062
-5.054868000000001 -6.392896e-05 -0.953025641025641 -0.9999623632451736
-5.005377 -6.261781e-05 -0.9334795766249254 -0.9794536508780569
-4.955646 -6.281394e-05 -0.9364033989266546 -0.9825214720705692
-4.905479000000001 -6.279173e-05 -0.9360723017292785 -0.9821740682634734
-4.855585 -6.208954e-05 -0.9256043530113297 -0.9711905707711457
-4.8055259999999995 -6.285451e-05 -0.9370081991651759 -0.9831560588537245
-4.755563 -6.444032e-05 -0.96064877757901 -1.0079609409487535
-4.7052380000000005 -6.080488e-05 -0.9064531902206321 -0.951096209005108
-4.654980999999999 -6.327816e-05 -0.9433237924865832 -0.9897826965338746
-4.605127 -6.321505e-05 -0.9423829755515802 -0.9887955441581063
-4.555133 -6.334155e-05 -0.9442687835420392 -0.9907742286064458
-4.505358 -6.563934e-05 -0.9785232558139534 -1.0267157411641523
-4.455303 -6.242183e-05 -0.9305579904591532 -0.9763881759516887
-4.40547 -6.401398e-05 -0.954293082886106 -1.0012922268957491
-4.355118 -6.256172e-05 -0.9326434108527131 -0.9785763037578405
-4.305255 -6.449309e-05 -0.961435450208706 -1.0087863573783098
-4.25534 -6.315691e-05 -0.9415162492546213 -0.9878861314005849
-4.204775 -6.431773e-05 -0.9588212581991651 -1.0060434158379081
-4.155265 -6.209705e-05 -0.9257163088849136 -0.9713080404961024
-4.105433 -6.290648e-05 -0.9377829457364342 -0.9839689618638447
-4.054914 -6.276948e-05 -0.9357406082289803 -0.9818260387854059
-4.004646 -6.382434e-05 -0.9514660107334525 -0.9983259208184125
-3.9549160000000003 -6.081829e-05 -0.9066531007751937 -0.9513059651984063
-3.904924 -6.172311e-05 -0.920141771019678 -0.9654589554161652
-3.8545529999999997 -6.406923e-05 -0.9551167262969589 -1.0021564349255576
-3.804868 -6.426669e-05 -0.9580603756708408 -1.0052450596778826
-3.755035 -6.237447e-05 -0.9298519677996422 -0.9756473815210694
-3.704775 -6.19135e-05 -0.9229800238521167 -0.9684369928242232
-3.655189 -6.306686e-05 -0.9401738223017293 -0.9864775896253046
-3.605331 -6.403973e-05 -0.9546769528920691 -1.00169500258385
-3.555016 -6.068455e-05 -0.9046593619558736 -0.9492140343041698
-3.505208 -6.268281e-05 -0.9344485688729873 -0.9804703662072431
-3.455127 -6.390125e-05 -0.9526125521765056 -0.9995289296794544
-3.404877 -6.428416e-05 -0.9583208109719736 -1.0055183214748191
-3.354746 -6.710404e-05 -1.0003583780560525 -1.049626247974293
-3.3050070000000003 -6.324906e-05 -0.9428899821109122 -0.9893275209018851
-3.254572 -6.296636e-05 -0.9386756112104949 -0.9849055913086397
-3.204906 -6.144663e-05 -0.9160201252236135 -0.9611343176590356
-3.155081 -6.33482e-05 -0.9443679189028027 -0.9908782464055087
-3.10472 -6.266509e-05 -0.9341844066785927 -0.9801931939667328
-3.054386 -6.242549e-05 -0.9306125521765057 -0.9764454248456093
-3.004868 -6.45182e-05 -0.9618097793679188 -1.0091791223308615
-2.954636 -6.425181e-05 -0.9578385509838997 -1.0050123100763704
-2.904738 -6.342516e-05 -0.945515205724508 -0.9920820373552651
-2.854614 -6.019288e-05 -0.8973297555158021 -0.941523443136462
-2.8047199999999997 -6.338255e-05 -0.9448799940369706 -0.9914155413525478
-2.754746 -6.109264e-05 -0.9107429934406678 -0.9555972859762871
-2.7049879999999997 -6.382709e-05 -0.9515070065593322 -0.9983689356977243
-2.654636 -6.426798e-05 -0.9580796064400715 -1.0052652375667233
-2.604651 -6.338358e-05 -0.9448953488372092 -0.9914316523800719
-2.554674 -6.242326e-05 -0.9305793082886106 -0.9764105436889309
-2.5047829999999998 -6.293131e-05 -0.9381531007751939 -0.9843573471195939
-2.455053 -6.098672e-05 -0.9091639833035181 -0.9539405092429424
-2.404831 -5.983088e-05 -0.891933214072749 -0.9358611208416091
-2.354585 -6.177297e-05 -0.9208850626118068 -0.9662388542825227
-2.304516 -6.215218e-05 -0.9265381633870005 -0.9721703715129952
-2.2548310000000003 -6.218759e-05 -0.9270660405485986 -0.9727242467407873
-2.204748 -6.338117e-05 -0.9448594215861656 -0.9913939557040204
-2.154368 -6.389475e-05 -0.9525156529516993 -0.9994272581465357
-2.1046419999999997 -6.144032e-05 -0.9159260584376864 -0.9610356180632331
-2.0547750000000002 -6.078992e-05 -0.9062301729278474 -0.9508622080616522
-2.0043130000000002 -6.238938e-05 -0.9300742397137746 -0.9758806003758105
-1.954793 -6.248538e-05 -0.9315053667262969 -0.977382210708147
-1.9048399999999999 -6.366496e-05 -0.9490900417412046 -0.9958329348312479
-1.8542480000000001 -6.166121e-05 -0.919218992248062 -0.9644907295872941
-1.804633 -6.113176e-05 -0.9113261776982706 -0.9562091921867143
-1.754674 -6.183975e-05 -0.9218805903398926 -0.9672834119699543
-1.7043030000000001 -6.251925e-05 -0.9320102862254025 -0.9779119976035248
-1.654425 -6.328894e-05 -0.943484496124031 -0.9899513148607768
-1.6046369999999999 -6.265687e-05 -0.9340618664281455 -0.9800646185820263
-1.5543209999999998 -6.26728e-05 -0.9342993440667859 -0.9803137920465486
-1.5043030000000002 -6.116051e-05 -0.911754770423375 -0.9566588931977006
-1.454099 -6.304113e-05 -0.9397902504472272 -0.9860751267726898
-1.404161 -6.013733e-05 -0.8965016398330351 -0.940654542574365
-1.354414 -6.250809e-05 -0.9318439177101967 -0.9777374354023904
-1.304553 -6.315394e-05 -0.9414719737626712 -0.9878396753309282
-1.254349 -6.555858e-05 -0.977319320214669 -1.0254525114720743
-1.204053 -6.28535e-05 -0.9369931425163983 -0.9831402606616864
-1.1545 -6.261927e-05 -0.9335013416815741 -0.9794764878685278
-1.104627 -6.042849e-05 -0.900842128801431 -0.9452088015781477
-1.054246 -6.094895e-05 -0.9086009242695289 -0.9533497194278137
-1.0044629999999999 -6.284997e-05 -0.936940518783542 -0.9830850451984243
-0.9547661000000001 -6.226512e-05 -0.9282218246869408 -0.9739369535018921
-0.9044512 -5.860853e-05 -0.8737109421586166 -0.9167413980319038
-0.8544698 -6.180777e-05 -0.9214038461538461 -0.9667831880279946
-0.8042291 -6.217495e-05 -0.9268776088252833 -0.9725265347136964
-0.7540664 -6.225097e-05 -0.9280108825283243 -0.9737156223956154
-0.7045345999999999 -6.033887e-05 -0.8995061121049492 -0.9438069857658142
-0.6541549999999999 -5.839837e-05 -0.8705779666070362 -0.9134541227460301
-0.6041041 -5.658052e-05 -0.8434782349433512 -0.885019723343549
-0.5541702000000001 -5.491644e-05 -0.8186708407871198 -0.8589905595744367
-0.504155 -4.998348e-05 -0.7451323792486583 -0.7818303126473177
-0.45407580000000003 -4.466666e-05 -0.6658714967203339 -0.6986658142392536
-0.4042661 -3.71933e-05 -0.5544618366129994 -0.5817692038926758
-0.3542645 -2.915313e-05 -0.4346024150268336 -0.45600667945785084
-0.30382170000000003 -2.355406e-05 -0.35113387000596297 -0.36842729025497384
-0.2537928 -2.190507e-05 -0.3265514311270125 -0.3426341608599757
-0.2042457 -1.711403e-05 -0.25512865235539656 -0.2676937945408278
-0.15423830000000002 -1.271835e-05 -0.18959973166368513 -0.19893756010701963
-0.10413649999999999 -9.40252e-06 -0.14016875372689325 -0.14707209564585455
-0.05375682 -7.774046e-06 -0.1158921586165772 -0.1215998728922962
-0.003830548 -6.166898e-06 -0.0919334824090638 -0.09646122661735675
0.04607652 -1.762613e-06 -0.02627628205128205 -0.027570394715738612
0.09597134 -7.489479e-08 -0.0011164995527728086 -0.001171487401064416
0.1461691 1.493789e-06 0.022268768634466304 0.023365510382612895
0.19631720000000003 6.324592e-06 0.09428431723315443 0.09892784057305984
0.2461223 7.261789e-06 0.10825564997018486 0.11358726451717353
0.2959191 8.847024e-06 0.13188765652951698 0.1383831525919829
0.3461228 1.115253e-05 0.1662571556350626 0.1744453570801511
0.3960846 1.452445e-05 0.21652429934406678 0.22718816866153244
0.446308 1.38518e-05 0.20649672033392963 0.216666729181884
0.49651850000000003 1.5815e-05 0.2357632677400119 0.24737466047816858
0.5461136 2.200185e-05 0.32799418604651165 0.34414797177626266
0.5960951 2.203098e-05 0.3284284436493739 0.3446036166614811
0.6465469 2.577888e-05 0.3843005366726297 0.4032274225423617
0.6960673 2.982879e-05 0.44467486583184257 0.4665752006781278
0.7463542999999999 3.161608e-05 0.47131902206320814 0.4945315874581484
0.7966042999999999 3.51824e-05 0.52448419797257 0.5503151599625115
0.8464431 3.896303e-05 0.5808442158616578 0.6094509211160732
0.8964747 4.256393e-05 0.6345248956469888 0.6657753861755634
0.9467261 4.662047e-05 0.694998062015504 0.7292268692749064
0.996734 5.236573e-05 0.7806459451401312 0.8190929294619947
1.0467170000000001 5.324844e-05 0.7938050089445439 0.8329000800500873
1.0966690000000001 5.448189e-05 0.812192754919499 0.8521934265544691
1.146396 5.667779e-05 0.8449282945736434 0.8865411987292405
1.196512 6.013088e-05 0.8964054859868813 0.9405536531301611
1.246734 5.939816e-05 0.8854824090638044 0.9290926122686016
1.296669 5.915305e-05 0.8818284138342277 0.9252586569711116
1.3463450000000001 6.101877e-05 0.9096417710196779 0.9544418281091027
1.396725 5.859329e-05 0.8734837507453787 0.9165030173916453
1.446915 5.988922e-05 0.8928029218843171 0.9367736619539895
1.496254 6.109643e-05 0.9107994931425164 0.9556565683008659
1.546447 6.300175e-05 0.939203190220632 0.9854591537009458
1.597039 6.173835e-05 0.9203689624329159 0.9656973360564236
1.6467919999999998 6.254232e-05 0.9323542039355991 0.9782728533365141
1.696475 6.549023e-05 0.9763003875968992 1.0243833961989992
1.7467249999999999 6.095439e-05 0.9086820214669051 0.9534348106799795
1.796845 6.223414e-05 0.9277599880739414 0.9734523713342277
1.8468579999999999 6.379932e-05 0.9510930232558139 0.9979345636255473
1.897114 6.315576e-05 0.9414991055456171 0.9878681433601455
1.946896 6.366742e-05 0.9491267143709003 0.9958714135960139
1.996845 6.296637e-05 0.9386757602862255 0.9849057477263826
2.047373 6.224166e-05 0.9278720930232557 0.9735699974769273
2.0975 6.25054e-05 0.9318038163387 0.9776953590295364
2.1468960000000004 6.444537e-05 0.960724060822898 1.0080399319089441
2.197031 6.338032e-05 0.9448467501490758 0.9913806601958697
2.24716 6.195431e-05 0.9235884019081694 0.9690753336332094
2.2970300000000003 6.243136e-05 0.9307000596302921 0.9765372420607218
2.3467260000000003 6.329104e-05 0.9435158020274299 0.9899841625867967
2.396623 6.210565e-05 0.9258445140131185 0.9714425597550408
2.446919 6.255528e-05 0.9325474060822898 0.9784755707313798
2.496764 6.260407e-05 0.9332747465712582 0.9792387328992412
2.546799 6.343934e-05 0.945726595110316 0.9923038377147707
2.596896 6.374229e-05 0.9502428443649372 0.9970425132374935
2.6469560000000003 6.29073e-05 0.9377951699463327 0.9839817881187668
2.697345 6.376037e-05 0.950512373285629 0.9973253165167503
2.747141 6.315557e-05 0.9414962731067381 0.9878651714230294
2.797003 6.191729e-05 0.9230365235539655 0.968496275148802
2.846924 6.184081e-05 0.9218963923673226 0.9672999922507072
2.896818 6.155951e-05 0.9177028920691712 0.9628999611414749
2.947003 6.591441e-05 0.9826238819320214 1.0310183240195256
2.996953 6.444409e-05 0.9607049791293978 1.0080199104378464
3.04691 6.202972e-05 0.9247125819916516 0.9702548798328082
3.0971509999999998 6.126816e-05 0.9133595706618961 0.9583427302005759
3.147475 6.212336e-05 0.9261085271317829 0.9717195755778084
3.197613 6.290453e-05 0.9377538759689923 0.983938460403969
3.2475859999999996 6.372392e-05 0.9499689922480619 0.9967551738436912
3.297462 6.428814e-05 0.9583801431127013 1.0055805757365142
3.3473539999999997 6.172524e-05 0.9201735241502682 0.9654922723954139
3.3969720000000003 6.199125e-05 0.9241390876565294 0.969653140775673
3.447271 6.261756e-05 0.9334758497316636 0.9794497404344831
3.497481 6.195462e-05 0.9235930232558139 0.9690801825832408
3.547345 6.34839e-05 0.9463908765652951 0.9930008351773637
3.597734 6.15505e-05 0.9175685748360166 0.9627590287550754
3.64767 6.199104e-05 0.9241359570661896 0.969649856003071
3.6973580000000004 6.493701e-05 0.9680532200357783 1.0157300538234233
3.7472339999999997 6.18606e-05 0.9221914132379248 0.9676095429640085
3.797424 6.306095e-05 0.9400857185450208 0.98638514673922
3.847308 6.432683e-05 0.9589569171138939 1.0061857559839942
3.897424 6.288781e-05 0.9375046213476445 0.9836769299377537
3.9473580000000004 6.195738e-05 0.923634168157424 0.9691233538802956
3.997225 6.230999e-05 0.9288907274895647 0.9746387999145166
4.047217 6.353718e-05 0.947185152057245 0.9938342289118105
4.097512 6.319866e-05 0.9421386404293381 0.9885391754774085
4.147965 6.169697e-05 0.9197520870602266 0.9650500794360893
4.197585 6.097885e-05 0.9090466607036375 0.9538174084792395
4.247892 6.414006e-05 0.9561726296958855 1.0032643417988847
4.297802 6.394774e-05 0.9533056052474657 1.000256115766437
4.347938 6.302744e-05 0.9395861657722122 0.9858609908825887
4.397915 6.351039e-05 0.9467857781753128 0.9934151857784428
4.4480770000000005 6.222027e-05 0.9275532200357781 0.9732354199247537
4.497924 6.108079e-05 0.9105663387000597 0.9554119309508895
4.5479840000000005 6.301555e-05 0.9394089147286822 0.9856750101862193
4.598094 6.240445e-05 0.9302988968395944 0.9761163219144386
4.647947 6.079875e-05 0.9063618067978533 0.9510003249286787
4.698392 6.37991e-05 0.9510897435897435 0.9979311224352023
4.748349 6.441732e-05 0.9603059033989266 1.0076011801399645
4.798049 6.353798e-05 0.9471970781156828 0.9938467423312467
4.848028 6.44594e-05 0.9609332140727489 1.0082593860023055
4.897877 6.439248e-05 0.9599355992844364 1.0072126384664724
4.947966 6.16926e-05 0.9196869409660108 0.9649817248824195
4.998037999999999 6.047883e-05 0.9015925760286226 0.9459962084961668
5.047957 6.421396e-05 0.9572742993440668 1.004420268919298
5.098038 6.080013e-05 0.9063823792486584 0.951021910577206
5.148104999999999 6.444794e-05 0.9607623732856291 1.0080801312688827
5.197962 6.231027e-05 0.9288949016100178 0.9746431796113192
5.247808 6.324195e-05 0.9427839892665474 0.9892163078866465
5.2981419999999995 6.524698e-05 0.9726741204531903 1.0205785346016982
5.348273 6.293422e-05 0.9381964818127609 0.9844028646827928
5.397924 6.366203e-05 0.9490463625521766 0.995787104432563
5.447966 6.359527e-05 0.9480511329755514 0.9947428595806171
5.498327000000001 6.506977e-05 0.9700323494335121 1.0178066557788503
5.5480659999999995 6.311598e-05 0.9409060822898031 0.9872459135786834
5.598122999999999 6.463692e-05 0.9635796064400717 1.0110361137751847
5.648217 6.505675e-05 0.9698382528324389 1.0176029998775271
5.698392 6.226803e-05 0.928265205724508 0.9739824710650911
5.74866 6.318262e-05 0.9418995229576624 0.9882882814177137
5.7985940000000005 6.132918e-05 0.9142692307692306 0.9592971912680675
5.848049 6.393505e-05 0.9531164281454978 1.0000576216506312
5.898299 6.3092e-05 0.9405485986881336 0.9868708238310852
5.948753 6.502237e-05 0.9693257304710793 1.0170652356772594
5.998651 6.402091e-05 0.9543963923673225 1.0014006243916147
6.048225 6.100205e-05 0.9093925163983304 0.9541802976428874
6.098651 6.473107e-05 0.9649831544424567 1.0125087868250753
6.1485 6.289546e-05 0.937618664281455 0.9837965895111119
6.198669 6.41396e-05 0.9561657722122838 1.0032571465827091
6.248586 6.393807e-05 0.9531614490161001 1.0001048598090028
6.298604 6.380893e-05 0.9512362850327966 0.9980848810765238
6.348234000000001 6.41234e-05 0.9559242695289206 1.003003749839127
6.398453000000001 6.360703e-05 0.9482264460345856 0.9949268068463285
6.448179 6.352513e-05 0.9470055158020273 0.9936457455315536
6.4984470000000005 6.476522e-05 0.9654922480620154 1.0130429534172554
6.548424 6.237218e-05 0.9298178294573644 0.9756115618579335
6.598345 6.418167e-05 0.9567929338103756 1.0039151960273067
6.648558 6.311796e-05 0.9409355992844364 0.987276884291788
6.698377000000001 6.406321e-05 0.9550269827072152 1.0020622714443006
6.7485029999999995 6.383863e-05 0.9516790399522957 0.9985494417730906
6.798374 6.480751e-05 0.9661226893261777 1.0137044440521983
6.848707 6.351199e-05 0.9468096302921883 0.9934402126173151
6.89883 6.31701e-05 0.9417128801431127 0.9880924464035383
6.948781 6.096749e-05 0.9088773106738223 0.9536397179232462
6.998679 6.513357e-05 0.9709834525939177 1.0188046009788825
7.0484290000000005 6.551402e-05 0.9766550387596898 1.0247555140094813
7.098651 6.252238e-05 0.9320569469290398 0.9779609563570685
7.148595 6.306158e-05 0.9400951103160405 0.986395001057026
7.198868 6.26281e-05 0.9336329755515802 0.9796146047355543
7.248957000000001 6.476537e-05 0.9654944841979726 1.0130452996833998
7.298774000000001 6.185617e-05 0.9221253726893262 0.967540249903881
7.348781 6.372311e-05 0.9499569171138937 0.9967425040065121
7.398953000000001 6.258962e-05 0.9330593321407274 0.979012709260676
7.448799 6.56089e-05 0.9780694692903994 1.0262396055546072
7.498604 6.4204e-05 0.9571258199165175 1.0042644768473181
7.548642 6.181526e-05 0.9215155038759689 0.9669003449174653
7.5988869999999995 6.45139e-05 0.9617456768038164 1.0091118627013924
7.648966000000001 6.343715e-05 0.9456939475253429 0.9922695822290645
7.698840000000001 6.098825e-05 0.9091867918902803 0.9539644411576139
7.748874 6.442115e-05 0.9603629994036971 1.007661088135515
7.799252999999999 6.624262e-05 0.9875166964818127 1.0361521107609446
7.849227 6.556115e-05 0.9773576326774002 1.0254927108320129
7.89918 6.413303e-05 0.9560678294573643 1.0031543801255898
7.94903 6.282014e-05 0.9364958258795467 0.9826184510711993
7.999 6.534631e-05 0.9741548896839595 1.0221322320424377
8.048883 6.65226e-05 0.991690518783542 1.0405314947281072
8.099086 6.236939e-05 0.9297762373285628 0.9755679213076499
8.14934 6.44566e-05 0.960891472868217 1.008215589034279
8.199122 6.401915e-05 0.9543701550387595 1.0013730948688553
8.249234 6.374226e-05 0.950242397137746 0.9970420439842648
8.299396 6.552375e-05 0.9768000894454383 1.0249077084733733
8.34904 6.59189e-05 0.9826908169350029 1.0310885555861111
8.399254999999998 6.319186e-05 0.9420372689326179 0.9884328114122013
8.449401 6.217138e-05 0.9268243887895049 0.9724706935794626
8.499471999999999 6.307245e-05 0.9402571556350625 0.9865650271436146
8.548957 6.292207e-05 0.9380153548002385 0.9842128171251063
8.599438 6.445441e-05 0.960858825283244 1.0081813335485725
8.649424999999999 6.378983e-05 0.9509515503875968 0.9977861231874862
8.699216 6.295932e-05 0.9385706618962433 0.9847954732176016
8.749476000000001 6.723686e-05 1.0023384019081694 1.051703788436178
8.799218000000002 6.323189e-05 0.9426340190816935 0.989058951637237
8.848966 6.262188e-05 0.9335402504472272 0.9795173128994383
8.899206 6.487924e-05 0.9671920095408468 1.0148264285223911
8.949198 6.496177e-05 0.9684223315444246 1.0161173441549718
8.998883 6.243162e-05 0.9307039355992844 0.9765413089220386
9.04916 6.360222e-05 0.9481547406082288 0.9948515699119685
9.09928 6.365212e-05 0.9488986285032797 0.9956320944492978
9.149312 6.545641e-05 0.9757962134764461 1.0238543913923364
9.199521 6.246294e-05 0.9311708407871198 0.9770312092929634
9.249717 6.237533e-05 0.9298647883124626 0.9756608334469632
9.299642 6.333627e-05 0.9441900715563505 0.9906916400381672
9.349480999999999 6.501689e-05 0.9692440369707811 1.0169795187541217
9.399447 6.410503e-05 0.9556504174120453 1.0027164104453248
9.44935 6.48253e-05 0.9663878950506857 1.0139827112169093
9.499381999999999 6.235119e-05 0.9295049194991055 0.9752832410154777
9.54934 6.430221e-05 0.9585898926654739 1.005800655500847
9.598882999999999 6.338006e-05 0.9448428741800834 0.9913765933345529
9.649142 6.288771e-05 0.9375031305903399 0.9836753657603243
9.699466000000001 6.462587e-05 0.9634148777579011 1.010863272169223
9.749312 6.207531e-05 0.9253922182468693 0.9709679883229253
9.799468999999998 6.524354e-05 0.9726228384019081 1.0205247268981228
9.849452999999999 6.342043e-05 0.9454446929039952 0.9920080517628491
9.89942 6.346486e-05 0.946107036374478 0.9927030157947835
9.949613 6.484889e-05 0.9667395646988669 1.0143517006725324
10.00146 6.497181e-05 0.9685720035778176 1.0162743875688953
nan nan nan nan
