Ms(MA/m):0.9457164324666435
H(kOe) moment(emu) M(MA/m) M_norm()
9.993339 6.574802e-05 0.9466793950284513 1.0010182360470319
9.94824 6.535718e-05 0.9410518464763746 0.9950676695147376
9.900352000000002 6.677049e-05 0.9614015308590779 1.0165854138238077
9.852319999999999 6.504616e-05 0.9365735941207637 0.9903323681052754
9.803527 6.673836e-05 0.9609389038634318 1.016096232310445
9.755 6.423812e-05 0.9249389499389497 0.9780299021837854
9.706073 6.610157e-05 0.9517700198124723 1.006401059702473
9.656555 6.478759e-05 0.9328505482986613 0.9863956216405958
9.607631999999999 6.638735e-05 0.9558848515216438 1.0107520803339314
9.558463 6.612463e-05 0.9521020515124285 1.0067521498269096
9.508823 6.714668e-05 0.9668181399313474 1.022312933074099
9.459547 6.452413e-05 0.9290570933259611 0.9823844245814456
9.410277 6.662888e-05 0.9593625452116015 1.0144293915982467
9.360603999999999 6.501463e-05 0.9361196062847005 0.9898523216341791
9.310703 6.483286e-05 0.9335023728891652 0.9870848605795912
9.260971999999999 6.653327e-05 0.9579858951321213 1.0129737226131055
9.211142 6.553955e-05 0.9436777190314923 0.9978442656115918
9.161351 6.636005e-05 0.9554917697606374 1.010336435910813
9.111229999999999 6.613396e-05 0.9522363904439374 1.0068941997341512
9.06099 6.518973e-05 0.9386408010228763 0.9925182314689063
9.011149999999999 6.570022e-05 0.9459911419817078 1.0002904776798134
8.96149 6.608024e-05 0.9514628976893125 1.0060763089499047
8.911472 6.586238e-05 0.9483260188448865 1.0027593751029964
8.861417 6.6947e-05 0.9639430276222727 1.0192727910078607
8.811658999999999 6.394571e-05 0.920728655516391 0.973577939335284
8.761833000000001 6.605143e-05 0.9510480740433568 1.005637674670416
8.712112999999999 6.598674e-05 0.9501166286543643 1.0046527648634
8.662129 6.610728e-05 0.9518522358144997 1.0064879948547079
8.611796 6.785276e-05 0.9769847029280989 1.0330630508131287
8.56199 6.75152e-05 0.9721243117469529 1.0279236760340853
8.512129999999999 6.546858e-05 0.9426558504388691 0.9967637423621882
8.461915999999999 6.486449e-05 0.9339578005851589 0.9875664295577319
8.41182 6.432534e-05 0.9261947957702673 0.9793578328279025
8.361944 6.526607e-05 0.9397399900937635 0.9936805133465937
8.31211 6.742265e-05 0.9707917213813438 1.0265145957645023
8.261897000000001 6.715881e-05 0.966992794940908 1.0224976131785835
8.21148 6.475831e-05 0.9324289573110326 0.9859498315779984
8.161157 6.675935e-05 0.9612411304628283 1.0164158065390627
8.111169 6.492883e-05 0.934884206464395 0.9885460105900925
8.061528000000001 6.531314e-05 0.9404177321630149 0.9943971574123881
8.011564 6.676724e-05 0.9613547354113389 1.016535932344865
7.961264 6.528157e-05 0.9399631683829794 0.9939165019384741
7.91162 6.600623e-05 0.9503972573548042 1.0049495014863516
7.8614250000000006 6.508819e-05 0.9371787672495216 0.9909722778160325
7.811198 6.528547e-05 0.9400193229202661 0.9939758797132054
7.761379 6.601115e-05 0.9504680984633812 1.0050244088329356
7.711231 6.654223e-05 0.9581149065818876 1.013110139244283
7.660933 6.514313e-05 0.9379698262952978 0.9918087431862206
7.611397 6.540747e-05 0.9417759520353858 0.9958333383073613
7.561319999999999 6.621e-05 0.9533312599350333 1.0080519140907056
7.511203 6.523063e-05 0.9392297037344205 0.9931409368500619
7.46099 6.530225e-05 0.9402609314165916 0.994231356395254
7.411292 6.653098e-05 0.9579529223397146 1.012938857201789
7.36162 6.466521e-05 0.9310884477158061 0.9845323775196713
7.311342 6.449036e-05 0.9285708526274561 0.981870273952555
7.2613140000000005 6.48603e-05 0.9338974704540741 0.987502636512572
7.211045 6.531418e-05 0.9404327067062914 0.9944129914856499
7.161141 6.542113e-05 0.941972636901882 0.9960413127696252
7.11149 6.479307e-05 0.9329294526228488 0.9864790550266285
7.061444000000001 6.530948e-05 0.9403650332895614 0.9943414336545635
7.011203 6.650737e-05 0.9576129714101411 1.0125793932886085
6.9611469999999995 6.632025e-05 0.954918705508328 1.0097304781071457
6.911292 6.448343e-05 0.9284710703342777 0.9817647642143789
6.8609350000000004 6.516297e-05 0.9382554945054943 0.9921108085838274
6.810917000000001 6.564883e-05 0.9452511979634619 0.9995080613097013
6.761064999999999 6.53106e-05 0.9403811597207821 0.9943584857334606
6.711092 6.510664e-05 0.9374444214066854 0.9912531803657225
6.66086 6.619027e-05 0.9530471755707601 1.0077515234508472
6.610858 6.577287e-05 0.9470372002211622 1.001396579047563
6.560694000000001 6.543603e-05 0.9421871760315155 0.9962681663192392
6.5107349999999995 6.509032e-05 0.9372094362660398 0.991004707216078
6.461064 6.675606e-05 0.9611937590711174 1.0163657160573023
6.410712 6.646037e-05 0.9569362372428408 1.011863814977745
6.360716999999999 6.437652e-05 0.9269317160826593 0.9801370519332213
6.310925 6.448409e-05 0.9284805734098184 0.9817748127608716
6.260805 6.514302e-05 0.9379682424493743 0.9918070684284717
6.210435 6.63736e-05 0.9556868707812102 1.0105427356153276
6.160764 6.550356e-05 0.9431595134425321 0.9972963153263158
6.110971999999999 6.56815e-05 0.9457216002027321 1.0000054643611036
6.060999 6.510036e-05 0.9373539982030545 0.9911575669233348
6.011027 6.564701e-05 0.9452249925127283 0.9994803516814935
5.9607399999999995 6.579601e-05 0.9473703838090629 1.0017488871776348
5.910612 6.625741e-05 0.9540138975280482 1.0087737346804508
5.861008 6.585422e-05 0.9482085262745639 1.0026351385281742
5.810759 6.555946e-05 0.9439643951436403 0.99814739676413
5.760398 6.369707e-05 0.9171485877853801 0.9697923778201126
5.710622 6.528745e-05 0.9400478321468886 0.9940060253526843
5.660729999999999 6.598959e-05 0.9501576646623814 1.0046961563141652
5.6103760000000005 6.540272e-05 0.9417075586886906 0.9957610192227528
5.560425 6.427272e-05 0.9254371414748771 0.9785566896211443
5.510296 6.381232e-05 0.9188080263551959 0.9715470671887722
5.460292000000001 6.490494e-05 0.9345402239270162 0.9881822836571876
5.410546 6.780709e-05 0.9763271188978735 1.032367721845956
5.360341999999999 6.541427e-05 0.9418738625106547 0.9959368687863799
5.310149999999999 6.638324e-05 0.9558256732785031 1.010689505294407
5.2604809999999995 6.571366e-05 0.9461846591563572 1.0004951026265796
5.210203000000001 6.660134e-05 0.9589660077867623 1.0140100931582219
5.159897 6.617052e-05 0.952762803234501 1.0074508283095802
5.110273 6.627513e-05 0.9542690407077197 1.0090435229287167
5.060379 6.630398e-05 0.9546844402976478 1.0094827662110235
5.010176 6.512617e-05 0.9377256260510974 0.9915505259914918
4.960203000000001 6.461791e-05 0.9304073939687146 0.9838122316876747
4.910348 6.446696e-05 0.9282339254037365 0.9815140073041677
4.860453000000001 6.768668e-05 0.9745933835556474 1.0305344711138056
4.810575 6.336134e-05 0.912314546040961 0.9646808649199816
4.760592 6.607468e-05 0.9513828414771808 1.0059916575582366
4.709944 6.533411e-05 0.9407196707904253 0.9947164271395967
4.65983 6.451469e-05 0.9289211705485287 0.982240699916455
4.610221999999999 6.550529e-05 0.9431844230193284 0.9973226546981837
4.560198000000001 6.613293e-05 0.9522215598866539 1.006878517911594
4.510342 6.599318e-05 0.9502093556338838 1.0047508143170587
4.460245 6.724471e-05 0.9682296346211439 1.0238054467297146
4.410537000000001 6.51286e-05 0.937760614647407 0.9915875229126707
4.360212000000001 6.527441e-05 0.9398600744119611 0.9938074904340959
4.309703000000001 6.636178e-05 0.9555166793374339 1.0103627752826807
4.259933 6.567851e-05 0.9456785483908123 0.9999599414004764
4.2099899999999995 6.431939e-05 0.9261091241044069 0.9792672436587613
4.159814 6.387037e-05 0.9196438650448082 0.9724308825280406
4.109716000000001 6.621501e-05 0.9534033969175476 1.0081281916936295
4.059613 6.433012e-05 0.9262636210749416 0.9794306086646243
4.009787 6.711327e-05 0.9663370827285919 1.0218042634705682
3.9596880000000003 6.514575e-05 0.9380075506254749 0.9918486328707835
3.909962 6.405661e-05 0.9223254601792336 0.9752663996475128
3.8596570000000003 6.467313e-05 0.9312024846222958 0.984652960077587
3.809416 6.432704e-05 0.9262192733890845 0.979383715447657
3.7593490000000003 6.656152e-05 0.9583926555624667 1.0134038308531457
3.709703 6.484034e-05 0.9336100744119611 0.9871987441065116
3.6595549999999997 6.424328e-05 0.9250132467113596 0.9781084635472758
3.609632 6.591259e-05 0.9490489725159534 1.0035238258899848
3.5595920000000003 6.385351e-05 0.9194011046605384 0.9721741878403564
3.509324 6.407131e-05 0.9225371195890061 0.9754902081830381
3.459453 6.639067e-05 0.9559326548713338 1.010802627567805
3.409111 6.38144e-05 0.9188379754417487 0.9715787353352955
3.3592220000000004 6.511474e-05 0.9375610500610498 0.9913765034363181
3.3095839999999996 6.442815e-05 0.9276751157647382 0.9809231223202399
3.259166 6.464147e-05 0.9307466249683228 0.9841709343473329
3.209415 6.474641e-05 0.9322576139793118 0.9857686532397159
3.159463 6.620048e-05 0.9531941852696568 1.0079069714200795
3.1093490000000004 6.476499e-05 0.9325251399543849 0.9860515350485636
3.0593139999999996 6.401049e-05 0.9216613967793211 0.9745642193986401
3.009283 6.504403e-05 0.9365429251042456 0.9902999387052298
2.9592310000000004 6.460831e-05 0.9302691674153936 0.9836660710114131
2.9092029999999998 6.454229e-05 0.9293185718893264 0.9826609118607068
2.8594720000000002 6.607379e-05 0.9513700267238001 1.0059781072455418
2.80937 6.468926e-05 0.9314347340290734 0.984898540463847
2.75925 6.55036e-05 0.9431600893865043 0.9972969243291336
2.7088330000000003 6.48139e-05 0.9332293754463563 0.9867961932439748
2.659132 6.422684e-05 0.9247765337387976 0.9778581633891781
2.609092 6.558282e-05 0.9443007464233878 0.9985030544096994
2.558726 6.402598e-05 0.9218844310825441 0.9748000557398161
2.5089720000000004 6.459081e-05 0.9300171919275692 0.983399632278645
2.459027 6.36745e-05 0.9168236113990827 0.9694487479801936
2.4089630000000004 6.479931e-05 0.9330192998825072 0.9865740594661982
2.358796 6.489769e-05 0.9344358340820604 0.9880719018964694
2.309084 6.453276e-05 0.9291813532379567 0.9825158169393764
2.259166 6.46612e-05 0.9310307093325958 0.984471324987191
2.2087869999999996 6.281066e-05 0.9043855253760911 0.9562967231279339
2.158722 6.507685e-05 0.9370154871334115 0.9907996255171988
2.108867 6.348277e-05 0.9140629679544772 0.9665296452239845
2.0587310000000003 6.517059e-05 0.9383652118321928 0.99222682362061
2.00874 6.39692e-05 0.9210668786140481 0.9739355762400114
1.9589429999999999 6.339893e-05 0.9128557893888082 0.9652531753179678
1.90936 6.433074e-05 0.9262725482065103 0.9794400482082994
1.8593510000000002 6.392615e-05 0.9204470189139997 0.9732801369574013
1.808962 6.427031e-05 0.9254024408505538 0.9785199972013745
1.759018 6.35738e-05 0.9153736724491439 0.9679155833864928
1.70924 6.38646e-05 0.9195607851268227 0.9723430338715793
1.6593140000000002 6.490231e-05 0.934502355610846 0.9881422417219202
1.609249 6.458379e-05 0.9299161137604531 0.9832927522841287
1.558962 6.366137e-05 0.916634557790218 0.9692488428052652
1.508833 6.400773e-05 0.9216216566452413 0.9745221982042148
1.4591749999999999 6.412367e-05 0.9232910302485773 0.9762873928714809
1.408731 6.465471e-05 0.9309372624231113 0.9843725142800103
1.358481 6.378321e-05 0.9183888831294489 0.9711038653881502
1.308754 6.491913e-05 0.9347445400511436 0.9883983274067866
1.259166 6.401846e-05 0.921776153615776 0.974685563210078
1.208777 6.422777e-05 0.9247899244361507 0.977872322704691
1.159113 6.533462e-05 0.9407270140760704 0.9947241919255231
1.1091010000000001 6.499512e-05 0.9358386896122743 0.9895552805098187
1.058472 6.28844e-05 0.9054472780887873 0.9574194198224674
1.00861 6.243907e-05 0.8990351498606213 0.9506392392016846
0.9585276 6.337988e-05 0.9125814960720618 0.9649631377260115
0.9085548999999999 6.542695e-05 0.9420564367498329 0.9961299226796086
0.8587163000000001 6.372334e-05 0.9175268389891029 0.9701923404206738
0.8089529999999999 6.387442e-05 0.9197021793719904 0.9724925440633384
0.7584623 6.357082e-05 0.9153307646232173 0.9678702126765701
0.7083789 6.404234e-05 0.9221199921671619 0.9750491378922784
0.6583672 6.519369e-05 0.9386978194761213 0.9925785227478642
0.6081567 6.35217e-05 0.914623505425392 0.9671223572163655
0.558471 6.453865e-05 0.929266160987859 0.9826054926042911
0.508879 6.375228e-05 0.9179435344529683 0.9706329539593204
0.4584993 6.339334e-05 0.9127753012186973 0.9651680671741865
0.4080826 5.830721e-05 0.8395421533393229 0.8877313796373466
0.3584427 4.57671e-05 0.6589821342179831 0.6968073215130755
0.30871230000000005 2.917932e-05 0.42014133665077047 0.4442572025051382
0.25842529999999997 2.301359e-05 0.33136346096251745 0.35038352891706265
0.2084623 1.562998e-05 0.2250498191535927 0.23796754653676852
0.1580734 1.271937e-05 0.18314111203262143 0.19365330425204497
0.10822570000000001 9.249196e-06 0.1331754670905614 0.14081966064945017
0.058508569999999996 4.996793e-06 0.07194682021332963 0.07607652541859294
0.008341901 2.926721e-06 0.04214068295436219 0.04455953339464527
-0.041861800000000005 -1.337702e-07 -0.001926103508650678 -0.0020366607182947666
-0.09208403 -1.859021e-06 -0.026767298477204132 -0.02830372568169185
-0.1420573 -6.956076e-06 -0.10015775105397745 -0.10590674711313122
-0.1917365 -8.675367e-06 -0.12491313325039737 -0.13208307370169672
-0.24175069999999999 -1.224912e-05 -0.1763701707097933 -0.18649371487580038
-0.2914913 -1.366575e-05 -0.1967676584421867 -0.20806200641874428
-0.3418248 -1.766147e-05 -0.2543004296542032 -0.2688971248928496
-0.39186180000000004 -2.016683e-05 -0.29037410440712325 -0.30704140738018215
-0.4421211 -2.407469e-05 -0.34664181468426747 -0.36653885116508633
-0.49203840000000004 -2.510039e-05 -0.3614104579906466 -0.3821552059193959
-0.5418804 -2.871363e-05 -0.41343605294076985 -0.43716703945011787
-0.5918215 -3.07794e-05 -0.44318024742553036 -0.4686185332210158
-0.6417877999999999 -3.733607e-05 -0.5375871115257906 -0.5684442958484303
-0.6920102 -3.994167e-05 -0.5751041018729698 -0.6081147393970595
-0.7420285 -4.297287e-05 -0.6187491360840417 -0.6542649729266131
-0.7921026000000001 -4.950214e-05 -0.7127614785633651 -0.7536735686238646
-0.8422693 -5.611462e-05 -0.8079719284907962 -0.8543490424327531
-0.89218 -5.884277e-05 -0.8472534671827123 -0.8958853183642825
-0.9418434 -6.156577e-05 -0.8864608530882113 -0.9373431851830256
-0.99201 -6.267353e-05 -0.9024110454534982 -0.9542089092179618
-1.042306 -6.165519e-05 -0.8877483758379983 -0.9387046109821194
-1.092293 -6.215165e-05 -0.894896704448591 -0.9462632494546986
-1.141945 -6.396557e-05 -0.9210146116985737 -0.9738803092343
-1.192167 -6.562058e-05 -0.9448444375331165 -0.9990779530696612
-1.241963 -6.359773e-05 -0.915718230930495 -0.9682799193222155
-1.291816 -6.373505e-05 -0.9176954465869559 -0.970370625995572
-1.342204 -6.377111e-05 -0.9182146600778676 -0.9709196420357791
-1.3918030000000001 -6.362309e-05 -0.916083379408851 -0.9686660271086728
-1.441991 -6.362991e-05 -0.9161815778561061 -0.9687698620891002
-1.49238 -6.298534e-05 -0.9069006727025594 -0.9589562384330748
-1.5423030000000002 -6.402538e-05 -0.9218757919229615 -0.9747909206975498
-1.592279 -6.298097e-05 -0.9068377508235996 -0.9588897048752347
-1.6422739999999998 -6.384787e-05 -0.9193198965604623 -0.9720883184430528
-1.691908 -6.371521e-05 -0.9174097783767593 -0.9700685605979649
-1.741916 -6.412251e-05 -0.9232743278733844 -0.976269731789766
-1.791973 -6.460382e-05 -0.9302045177045175 -0.98359771044512
-1.8423800000000001 -6.508258e-05 -0.9370979911074249 -0.9908868651708422
-1.892463 -6.396429e-05 -0.9209961814914644 -0.973860821144132
-1.941973 -6.403428e-05 -0.9220039394567694 -0.9749264238245005
-1.9921300000000002 -6.452457e-05 -0.9290634287096547 -0.9823911236124407
-2.042779 -6.472287e-05 -0.9319186709516896 -0.9854102550814665
-2.0926709999999997 -6.409685e-05 -0.922904859815237 -0.9758790564821753
-2.1425189999999996 -6.433081e-05 -0.9262735561084616 -0.9794411139632306
-2.192444 -6.51332e-05 -0.9378268482042065 -0.9916575582367125
-2.242279 -6.532715e-05 -0.9406194565392677 -0.9946104606493072
-2.2925560000000003 -6.626471e-05 -0.9541190073029693 -1.0088848776946913
-2.342732 -6.65317e-05 -0.9579632893312137 -1.0129498192525086
-2.393056 -6.574426e-05 -0.9466252562950676 -1.000960989782163
-2.4426889999999997 -6.435198e-05 -0.9265783744557328 -0.9797634287045279
-2.492732 -6.604987e-05 -0.9510256122284422 -1.0056139235605235
-2.542425 -6.438984e-05 -0.927123505425392 -0.9803398498715341
-2.592075 -6.403769e-05 -0.922053038680397 -0.9749783413147143
-2.642362 -6.503134e-05 -0.9363602068790746 -0.9901067325612968
-2.692649 -6.52354e-05 -0.9392983850531018 -0.9932135604360792
-2.742667 -6.448756e-05 -0.9285305365494043 -0.9818276437553122
-2.7925479999999996 -6.400242e-05 -0.9215452000829358 -0.9744413530801579
-2.842603 -6.609089e-05 -0.9516162427719028 -1.0062384559501323
-2.892359 -6.44336e-05 -0.9277535881309463 -0.9810060989541591
-2.942325 -6.498809e-05 -0.9357374674591654 -0.989448248264598
-2.992397 -6.572663e-05 -0.9463714089893334 -1.0006925717902369
-3.042205 -6.482707e-05 -0.9334190049991935 -0.986996707421721
-3.092603 -6.628976e-05 -0.9544796922155411 -1.009266265709311
-3.142935 -6.462474e-05 -0.9305057364019625 -0.9839162189188064
-3.192686 -6.409305e-05 -0.9228501451378808 -0.9758212012144886
-3.242642 -6.618648e-05 -0.9529926048793972 -1.0076938204338648
-3.292565 -6.736572e-05 -0.9699720091229522 -1.0256478325041312
-3.342723 -6.450198e-05 -0.9287381643513717 -0.9820471892711131
-3.3925479999999997 -6.522734e-05 -0.9391823323427095 -0.9930908463683015
-3.442732 -6.408669e-05 -0.9227585700463058 -0.9757243697664655
-3.49289 -6.412931e-05 -0.9233722383486532 -0.9763732622687845
-3.542774 -6.46189e-05 -0.9304216485820258 -0.9838273045074142
-3.59288 -6.553745e-05 -0.9436474819729535 -0.9978122929636596
-3.643038 -6.595425e-05 -0.949648818162969 -1.0041581023246777
-3.692973 -6.463605e-05 -0.9306685845600938 -0.984088414465527
-3.743029 -6.332493e-05 -0.9117902930402929 -0.9641265201051191
-3.7929540000000004 -6.68354e-05 -0.9623361439399172 -1.0175736731463212
-3.8425949999999998 -6.496998e-05 -0.9354767088257652 -0.9891725222388589
-3.892667 -6.696036e-05 -0.9641353929089775 -1.0194761979489912
-3.942765 -6.465444e-05 -0.9309333748012991 -0.9843684035109903
-3.992121 -6.630916e-05 -0.9547590250420437 -1.0095616320759229
-4.042566 -6.665146e-05 -0.9596876655838917 -1.01477317368887
-4.092624 -6.67097e-05 -0.9605262400073719 -1.0156598817915228
-4.142492 -6.631561e-05 -0.9548518960075563 -1.009659833780286
-4.1928339999999995 -6.401048e-05 -0.921661252793328 -0.9745640671479356
-4.242992 -6.516802e-05 -0.9383282074319808 -0.9921876951895692
-4.293168 -6.565025e-05 -0.9452716439744739 -0.9995296809097317
-4.342888 -6.542159e-05 -0.941979260257562 -0.9960483163020292
-4.3927700000000005 -6.515004e-05 -0.9380693206164903 -0.9919139484229879
-4.443158 -6.677568e-05 -0.9614762595894669 -1.0166644319394116
-4.492917 -6.513119e-05 -0.9377979070196049 -0.9916269558451203
-4.543168 -6.531743e-05 -0.9404795021540302 -0.9944624729645924
-4.593223 -6.568867e-05 -0.9458248381597436 -1.0001146281161866
-4.643369 -6.564445e-05 -0.9451881320985093 -0.9994413755011571
-4.693074999999999 -6.436793e-05 -0.9268080321146357 -0.9800062685781081
-4.7432229999999995 -6.460828e-05 -0.9302687354574144 -0.9836656142592998
-4.793057 -6.463563e-05 -0.9306625371483859 -0.9840820199359405
-4.8427929999999995 -6.429263e-05 -0.925723817587025 -0.9788598207736825
-4.8926490000000005 -6.662209e-05 -0.9592647787223257 -1.0143260133699328
-4.942566 -6.583926e-05 -0.947993123228972 -1.0024073714743333
-4.992964 -6.73242e-05 -0.9693741792798394 -1.0250156875793002
-5.042862 -6.577264e-05 -0.9470338885433223 -1.0013930772813608
-5.092566 -6.442398e-05 -0.9276150736056396 -0.9808596337764889
-5.142557 -6.505637e-05 -0.9367206038196602 -0.9904878160745075
-5.192844 -6.716535e-05 -0.9670869617803577 -1.0225971851392865
-5.242416 -6.742289e-05 -0.9707951770451768 -1.026518249781409
-5.2921949999999995 -6.58903e-05 -0.9487280277374615 -1.0031844590697903
-5.342677 -6.509259e-05 -0.9372421210864604 -0.9910392681259856
-5.392539 -6.600255e-05 -0.9503442705093647 -1.004893473227118
-5.442409 -6.411866e-05 -0.9232188932660629 -0.976211115268557
-5.4926580000000005 -6.483067e-05 -0.9334708399566887 -0.987051517675319
-5.542964 -6.486425e-05 -0.9339543449213259 -0.9875627755408253
-5.5929269999999995 -6.654689e-05 -0.9581820040546454 -1.0131810880725514
-5.642671 -6.609108e-05 -0.9516189785057707 -1.0062413487135167
-5.692444999999999 -6.466054e-05 -0.9310212062570552 -0.9844612764406983
-5.742538 -6.526036e-05 -0.9396577740917361 -0.9935935781943589
-5.792661 -6.636251e-05 -0.9555271903149258 -1.0103738895841048
-5.842343 -6.540673e-05 -0.9417652970719007 -0.9958220717552329
-5.892668 -6.420993e-05 -0.9245330534245627 -0.9776007074479719
-5.942529 -6.389141e-05 -0.9199468115741699 -0.9727512180101804
-5.992483 -6.483301e-05 -0.9335045326790608 -0.9870871443401578
-6.042408999999999 -6.435275e-05 -0.9265894613771969 -0.9797751520087696
-6.092537999999999 -6.606489e-05 -0.9512418791899923 -1.005842604118591
-6.1426989999999995 -6.570313e-05 -0.9460330419056833 -1.0003347826348052
-6.192444999999999 -6.417001e-05 -0.9239582613403367 -0.9769929226358514
-6.242316 -6.455656e-05 -0.9295240399013982 -0.9828781736159412
-6.292350000000001 -6.565544e-05 -0.945346372704863 -0.9996086990253356
-6.342084 -6.534799e-05 -0.9409195233487684 -0.9949277511173581
-6.392149000000001 -6.397683e-05 -0.9211767399267398 -0.9740517435274985
-6.442067 -6.530941e-05 -0.94036402538761 -0.9943403678996323
-6.491779 -6.492773e-05 -0.9348683680051602 -0.988529263012604
-6.542084 -6.576636e-05 -0.9469434653396916 -1.0012974638389731
-6.592547 -6.546814e-05 -0.9426495150551752 -0.9967570433311929
-6.6422740000000005 -6.613745e-05 -0.9522866415555092 -1.0069473352300005
-6.692214 -6.495553e-05 -0.9352686490658186 -0.9889525199709446
-6.742242 -6.512178e-05 -0.9376624162001518 -0.9914836879322432
-6.792131 -6.45129e-05 -0.9288953970557743 -0.9822134470403606
-6.842131 -6.502823e-05 -0.9363154272352384 -0.9900593825922163
-6.8922740000000005 -6.59073e-05 -0.9489728039256339 -1.0034432852673365
-6.941899 -6.530486e-05 -0.9402985117607758 -0.9942710938291127
-6.991737 -6.649349e-05 -0.9574131188517978 -1.012368069310847
-7.041881 -6.512787e-05 -0.9377501036699146 -0.9915764086112465
-7.092038 -6.463514e-05 -0.930655481834727 -0.9840745596514231
-7.142103 -6.583206e-05 -0.9478894533139813 -1.0022977509671374
-7.192086000000001 -6.633951e-05 -0.955196022530928 -1.0100237129638951
-7.242094 -6.523886e-05 -0.9393482042066945 -0.993266239179815
-7.2917749999999995 -6.571688e-05 -0.9462310226461168 -1.0005441273534088
-7.3416310000000005 -6.541536e-05 -0.9418895569838963 -0.9959534641131637
-7.391501 -6.591158e-05 -0.9490344299306562 -1.0035084485688364
-7.441427 -6.47939e-05 -0.9329414034602711 -0.9864916918350968
-7.491537999999999 -6.510131e-05 -0.9373676768723935 -0.9911720307402564
-7.5415659999999995 -6.635938e-05 -0.9554821226991037 -1.0103262351136155
-7.591464 -6.531869e-05 -0.9404976443891535 -0.9944816565533517
-7.641622 -6.686601e-05 -0.9627768850646207 -1.018039712552609
-7.691453999999999 -6.658521e-05 -0.9587337583799845 -1.0137645127719617
-7.741112 -6.641114e-05 -0.9562273941990921 -1.0111142847597916
-7.791334 -6.414904e-05 -0.9236563227129263 -0.9766736529086426
-7.841659 -6.378152e-05 -0.9183645494966248 -0.9710781350191
-7.891209 -6.59179e-05 -0.949125429078259 -1.0036046710140418
-7.941084 -6.498888e-05 -0.9357488423526157 -0.9894602760702488
-7.990907 -6.634564e-05 -0.9552842859446632 -1.0101170426457164
-8.040742 -6.501086e-05 -0.9360653235653233 -0.9897949231186056
-8.090963 -6.63336e-05 -0.9551109268090399 -1.0099337327975717
-8.140724 -6.747234e-05 -0.9715071877807725 -1.02727112951486
-8.190992 -6.502782e-05 -0.9363095238095236 -0.9900531403133342
-8.240558 -6.588124e-05 -0.9485975764277649 -1.0030465199315686
-8.290261000000001 -6.680431e-05 -0.9618884914875478 -1.0171003257062206
-8.340437 -6.555477e-05 -0.9438968657129032 -0.998075991183748
-8.390371 -6.520887e-05 -0.9389163902135598 -0.9928096393172025
-8.440676999999999 -6.555227e-05 -0.9438608692146426 -0.9980379285076383
-8.490677 -6.598187e-05 -0.9500465074757525 -1.0045786187703383
-8.540274 -6.739888e-05 -0.9704494666758816 -1.0261526958400509
-8.589983 -6.620112e-05 -0.9532034003732114 -1.0079167154651636
-8.640418 -6.592889e-05 -0.949283669684613 -1.0037719945382204
-8.690143 -6.54051e-05 -0.9417418273550346 -0.9957972548904093
-8.740029 -6.427582e-05 -0.9254817771327203 -0.9786038873395203
-8.790094 -6.525216e-05 -0.9395397055774413 -0.9934687326167191
-8.839728 -6.671568e-05 -0.9606123436312113 -1.0157509277127774
-8.889325000000001 -6.568237e-05 -0.9457341269841267 -1.0000187101723899
-8.939658 -6.69166e-05 -0.9635053102034231 -1.018809948866366
-8.989678 -6.521504e-05 -0.939005229571267 -0.9929035780018414
-9.03936 -6.529446e-05 -0.9401487663280114 -0.9941127530964959
-9.088778 -6.609054e-05 -0.9516112032621464 -1.006233127175477
-9.138761 -6.606505e-05 -0.9512441829658809 -1.005845040129862
-9.18864 -6.457235e-05 -0.9297513937844125 -0.9831185774782505
-9.238946 -6.493575e-05 -0.9349838447715804 -0.9886513680775643
-9.288668 -6.485119e-05 -0.9337662992144123 -0.9873639361208281
-9.338474 -6.47901e-05 -0.932886688782915 -0.98643383656741
-9.388067 -6.631827e-05 -0.9548901962817056 -1.0097003324676668
-9.437965 -6.451442e-05 -0.9289172829267167 -0.9822365891474353
-9.487928 -6.484905e-05 -0.9337354862119012 -0.987331354470078
-9.537973 -6.547888e-05 -0.9428041560117031 -0.9969205605877605
-9.587937 -6.551136e-05 -0.9432718225171053 -0.9974150708757783
-9.63814 -6.518024e-05 -0.9385041583154788 -0.9923737455503936
-9.687916 -6.50465e-05 -0.9365784896445271 -0.9903375446292262
-9.737511 -6.533907e-05 -0.9407910878429744 -0.9947919434889985
-9.787631 -6.59682e-05 -0.9498496786232633 -1.0043704920573702
-9.837862 -6.72001e-05 -0.9675873131061807 -1.023126256337212
-9.888093999999999 -6.58894e-05 -0.9487150689980878 -1.0031707565063908
-9.937869000000001 -6.632033e-05 -0.9549198573962723 -1.0097316961127811
-9.990036 -6.533139e-05 -0.9406805066003177 -0.9946750149479894
-9.993716000000001 -6.713437e-05 -0.9666408931739118 -1.0221255124569344
-9.946123 -6.476038e-05 -0.9324587624115924 -0.9859813474738172
-9.897231 -6.453053e-05 -0.9291492443615084 -0.9824818650322866
-9.847991 -6.528864e-05 -0.9400649664800607 -0.9940241431865127
-9.798537 -6.467878e-05 -0.9312838367083647 -0.9847389817255948
-9.748834 -6.738941e-05 -0.9703131119404702 -1.0260085144229472
-9.698963 -6.467295e-05 -0.9311998928744211 -0.9846502195649071
-9.649421 -6.364325e-05 -0.9163736551708248 -0.9689729645288219
-9.600010000000001 -6.664212e-05 -0.9595531826663899 -1.014630971530924
-9.549980999999999 -6.611802e-05 -0.9520068767710275 -1.0066515121112753
-9.50001 -6.459875e-05 -0.9301315168060449 -0.9835205193379696
-9.450638000000001 -6.532785e-05 -0.9406295355587806 -0.9946211181986179
-9.401146 -6.580706e-05 -0.947529488331375 -1.00191712420604
-9.351269 -6.67796e-05 -0.9615327020987395 -1.0167241142155516
-9.301593 -6.435507e-05 -0.9266228661275828 -0.9798104741721996
-9.251871 -6.487926e-05 -0.9341704678968829 -0.9877913038481884
-9.201593 -6.556746e-05 -0.9440795839380742 -0.998269197327681
-9.151712999999999 -6.520746e-05 -0.938896088188541 -0.9927881719678767
-9.102184999999999 -6.506696e-05 -0.9368730849862924 -0.9906490495705086
-9.052444 -6.52928e-05 -0.9401248646531664 -0.9940874794795592
-9.002379999999999 -6.591914e-05 -0.9491432833413963 -1.0036235501013924
-8.95239 -6.557295e-05 -0.9441586322482547 -0.9983527829644181
-8.902277 -6.500497e-05 -0.9359805158154213 -0.9897052474536912
-8.852591 -6.65842e-05 -0.9587192157946872 -1.0137491354508132
-8.803046 -6.568939e-05 -0.9458352051512426 -1.000125590166906
-8.753167 -6.583532e-05 -0.9479363927477134 -1.0023473846967845
-8.702973 -6.533229e-05 -0.9406934653396916 -0.9946887175113888
-8.653129999999999 -6.539173e-05 -0.9415493180823367 -0.9955936956985743
-8.603074000000001 -6.599139e-05 -0.9501835821411292 -1.0047235614409642
-8.5531 -6.573147e-05 -0.9464410982099659 -1.0007662611311854
-8.503537 -6.721923e-05 -0.9678627583108713 -1.023417511934804
-8.45325 -6.605186e-05 -0.9510542654410578 -1.0056442214507069
-8.40288 -6.450418e-05 -0.9287698412698411 -0.9820806844260898
-8.353477999999999 -6.476255e-05 -0.9324900073720825 -0.9860143858766804
-8.303897999999998 -6.658508e-05 -0.9587318865620752 -1.013762533512804
-8.253528000000001 -6.542649e-05 -0.9420498133941528 -0.9961229191472044
-8.203343 -6.56672e-05 -0.9455157002326811 -0.9997877458537557
-8.153571 -6.59593e-05 -0.9497215310894555 -1.0042349889304194
-8.103444999999999 -6.46949e-05 -0.9315159421291493 -0.9849844098611505
-8.053547 -6.54442e-05 -0.9423048125878313 -0.9963925551447659
-8.003361 -6.542829e-05 -0.9420757308729005 -0.9961503242740034
-7.953713 -6.705811e-05 -0.965542855990969 -1.0209644485848826
-7.904110999999999 -6.694399e-05 -0.9638996878383669 -1.0192269635458246
-7.854043 -6.448301e-05 -0.9284650229225699 -0.9817583696847924
-7.804101999999999 -6.42747e-05 -0.9254656507014996 -0.9785868352606232
-7.753723 -6.462455e-05 -0.9305030006680948 -0.983913326155422
-7.704081 -6.50151e-05 -0.9361263736263734 -0.9898594774172877
-7.654064999999999 -6.52207e-05 -0.9390867256433292 -0.9929897519005538
-7.6039449999999995 -6.551504e-05 -0.943324809362545 -0.9974710991350119
-7.553741 -6.418617e-05 -0.9241909427050935 -0.9772389597742246
-7.504062 -6.462498e-05 -0.9305091920657955 -0.9839198729357129
-7.4541580000000005 -6.717126e-05 -0.967172057502246 -1.02268716530561
-7.404194 -6.613746e-05 -0.9522867855415024 -1.006947487480705
-7.354326 -6.64568e-05 -0.9568848342433247 -1.0118094614762603
-7.304621 -6.564776e-05 -0.9452357914622064 -0.9994917704843265
-7.254259 -6.645664e-05 -0.956882530467436 -1.0118070254649894
-7.204278 -6.566228e-05 -0.9454448591241043 -0.9997128385071719
-7.153926 -6.502761e-05 -0.9363065001036697 -0.990049943048541
-7.104289 -6.646483e-05 -0.9570004549957377 -1.0119317187919248
-7.0548329999999995 -6.632484e-05 -0.9549847950791345 -1.009800361180483
-7.004556 -6.631665e-05 -0.9548668705508325 -1.0096756678535475
-6.954186 -6.520325e-05 -0.9388354700854699 -0.9927240744213077
-6.904542999999999 -6.607657e-05 -0.9514100548298658 -1.0060204329413756
-6.85475 -6.458467e-05 -0.9299287845278409 -0.9833061503461193
-6.804861 -6.615459e-05 -0.9525334335475844 -1.0072082929374089
-6.7547690000000005 -6.65817e-05 -0.9586832192964266 -1.0137110727747036
-6.7044809999999995 -6.401606e-05 -0.9217415969774457 -0.9746490230410125
-6.654278000000001 -6.446021e-05 -0.9281367348584328 -0.9814112380786715
-6.60442 -6.578526e-05 -0.9472155988665419 -1.0015852176703628
-6.5545 -6.634717e-05 -0.9553063158015986 -1.0101403370034956
-6.504287000000001 -6.571563e-05 -0.9462130243969864 -1.0005250960153538
-6.454741 -6.683676e-05 -0.962355726034971 -1.017594379242125
-6.404658 -6.463185e-05 -0.930608110443016 -0.9840244691696627
-6.354611 -6.47756e-05 -0.9326779090930033 -0.9862130730459735
-6.304676000000001 -6.55769e-05 -0.9442155067155066 -0.9984129219926716
-6.2548699999999995 -6.75757e-05 -0.9729954270048607 -1.0288447927959414
-6.204949 -6.639654e-05 -0.95601717464925 -1.0108919987313107
-6.155065 -6.38101e-05 -0.9187760614647404 -0.9715132675323866
-6.104769 -6.602331e-05 -0.950643185430921 -1.0052095456895334
-6.054463 -6.529561e-05 -0.9401653247172115 -0.9941302619275066
-6.004816 -6.57636e-05 -0.9469037252056118 -1.001255442644548
-5.954926 -6.683089e-05 -0.9622712062570552 -1.0175050080786194
-5.905033 -6.496399e-05 -0.9353904612159326 -0.9890813240669
-5.855083 -6.658139e-05 -0.9586787557306423 -1.013706353002866
-5.804926 -6.683775e-05 -0.9623699806482823 -1.0176094520618644
-5.754684 -6.517179e-05 -0.938382490151358 -0.9922450937051428
-5.704769000000001 -6.617873e-05 -0.9528810157347891 -1.0075758261379246
-5.654667000000001 -6.725108e-05 -0.968321353698712 -1.0239024304284423
-5.6044350000000005 -6.632029e-05 -0.9549192814523001 -1.0097310871099632
-5.55477 -6.545859e-05 -0.9425120084318195 -0.9966116439084535
-5.504861 -6.494123e-05 -0.9350627490957678 -0.9887348014635968
-5.454332999999999 -6.571064e-05 -0.9461411753864581 -1.0004491229138388
-5.404741 -6.550074e-05 -0.9431189093924942 -0.9972533806276641
-5.355186 -6.469071e-05 -0.9314556119980647 -0.9849206168159906
-5.3051390000000005 -6.532518e-05 -0.9405910912986383 -0.9945804672605327
-5.254823999999999 -6.47876e-05 -0.9328506922846544 -0.9863957738913003
-5.2046850000000004 -6.582171e-05 -0.9477404278111824 -1.0021401714880431
-5.1548609999999995 -6.608624e-05 -0.951549289285138 -1.0061676593725681
-5.104519 -6.494499e-05 -0.9351168878291517 -0.9887920477284657
-5.054417 -6.68006e-05 -0.961835072684129 -1.0170438406948736
-5.005118 -6.508628e-05 -0.9371512659248505 -0.9909431979314847
-4.955148 -6.498469e-05 -0.9356885122215308 -0.9893964830250886
-4.904980999999999 -6.775997e-05 -0.9756486568986567 -1.031650316526639
-4.855212000000001 -6.583315e-05 -0.9479051477872231 -1.0023143462939212
-4.805528000000001 -6.562362e-05 -0.9448882092750015 -0.9991242372838105
-4.7555190000000005 -6.493213e-05 -0.934931721842099 -0.9885962533225574
-4.7048890000000005 -6.451053e-05 -0.9288612723754232 -0.9821773636234085
-4.65493 -6.653686e-05 -0.9580375861036236 -1.013028380615999
-4.6053429999999995 -6.477276e-05 -0.932637017070979 -0.9861698338459127
-4.555621 -6.530568e-05 -0.9403103186122053 -0.9942835783868768
-4.504823999999999 -6.400279e-05 -0.9215505275646783 -0.9744469863562221
-4.454806 -6.486113e-05 -0.9339094212914966 -0.9875152733210403
-4.404898 -6.484133e-05 -0.9336243290252721 -0.987213816926251
-4.3546949999999995 -6.597724e-05 -0.9499798419609737 -1.0045081266941829
-4.304816 -6.582547e-05 -0.9477945665445665 -1.0021974177529123
-4.255139 -6.611722e-05 -0.9519953578915842 -1.0066393320549203
-4.204944 -6.56522e-05 -0.9452997212431172 -0.9995593697970974
-4.155043 -6.548327e-05 -0.9428673658626487 -0.9969873986470091
-4.1053239999999995 -6.624224e-05 -0.9537954707766025 -1.0085427703618168
-4.054732 -6.572487e-05 -0.9463460674545578 -1.0006657756662556
-4.0048449999999995 -6.553095e-05 -0.9435538910774758 -0.9977133300057743
-3.955046 -6.48533e-05 -0.9337966802589444 -0.9873960610194646
-3.904987 -6.480688e-05 -0.9331282972792404 -0.9866893132494586
-3.8548240000000003 -6.61534e-05 -0.9525162992144123 -1.0071901751035808
-3.8046480000000003 -6.407454e-05 -0.9225836270647588 -0.9755393851605719
-3.755128 -6.487506e-05 -0.9341099937798049 -0.9877273585523237
-3.705158 -6.599035e-05 -0.9501686075978525 -1.0047077273677025
-3.654954 -6.504368e-05 -0.9365378855944891 -0.9902946099305745
-3.60492 -6.397735e-05 -0.9211842271983779 -0.9740596605641292
-3.5549630000000003 -6.622164e-05 -0.953498859630935 -1.0082291339106726
-3.504787 -6.350566e-05 -0.9143925518925518 -0.9668781470864454
-3.454788 -6.510804e-05 -0.9374645794457114 -0.991274495464344
-3.404537 -6.717476e-05 -0.967222452599811 -1.0227404530521638
-3.35438 -6.555902e-05 -0.9439580597599464 -0.9981406977331346
-3.304732 -6.487923e-05 -0.9341700359389037 -0.987790847096075
-3.254806 -6.497026e-05 -0.9354807404335704 -0.9891767852585833
-3.2047600000000003 -6.522311e-05 -0.9391214262676525 -0.9930264443203237
-3.155062 -6.516919e-05 -0.9383450537931668 -0.9922055085219885
-3.1046579999999997 -6.568807e-05 -0.9458161990001611 -1.0001054930739202
-3.054333 -6.582528e-05 -0.9477918308106985 -1.0021945249895277
-3.004449 -6.499381e-05 -0.9358198274471856 -0.989535335667537
-2.954685 -6.380694e-05 -0.918730561890939 -0.971465156309784
-2.9044630000000002 -6.529719e-05 -0.9401880745041119 -0.9941543175388078
-2.854958 -6.520687e-05 -0.9388875930149513 -0.9927791891763148
-2.804917 -6.528928e-05 -0.9400741815836153 -0.9940338872315966
-2.754482 -6.35603e-05 -0.9151792913585365 -0.9677100449355002
-2.704361 -6.479372e-05 -0.9329388117123963 -0.9864889513224169
-2.654373 -6.548026e-05 -0.9428240260787428 -0.9969415711849728
-2.6047130000000003 -6.60674e-05 -0.9512780196742459 -1.0058808190454052
-2.554926 -6.52663e-05 -0.9397433017716035 -0.9936840151127958
-2.50488 -6.430514e-05 -0.9259039440643212 -0.9790502864049356
-2.4549450000000004 -6.425715e-05 -0.9252129552837098 -0.9783196352743329
-2.404583 -6.440498e-05 -0.9273415002188585 -0.9805703574380548
-2.354491 -6.624347e-05 -0.9538131810537469 -1.0085614971984629
-2.304637 -6.445312e-05 -0.9280346487893655 -0.9813032923292241
-2.2547689999999996 -6.338482e-05 -0.912652625152625 -0.9650383495740045
-2.2043429999999997 -6.60443e-05 -0.9509454120303175 -1.005529119918151
-2.154411 -6.651779e-05 -0.9577630048148915 -1.0127380385226339
-2.104854 -6.397658e-05 -0.9211731402769137 -0.9740479372598874
-2.0546480000000003 -6.599045e-05 -0.9501700474577831 -1.004709249874747
-2.004194 -6.306099e-05 -0.9079899267399265 -0.9601080150121558
-1.953972 -6.222443e-05 -0.8959446345059551 -0.9473713300816057
-1.904296 -6.412269e-05 -0.923276919621259 -0.9762724723024458
-1.854269 -6.484989e-05 -0.9337475810353166 -0.9873441435292508
-1.8043330000000002 -6.514641e-05 -0.9380170537010158 -0.9918586814172765
-1.754296 -6.429511e-05 -0.9257595261132996 -0.9788975789483834
-1.704496 -6.338694e-05 -0.91268315018315 -0.9650706267233455
-1.6543610000000002 -6.389861e-05 -0.9200504814891606 -0.9728608385173765
-1.604505 -6.520157e-05 -0.9388112804386387 -0.992698496302962
-1.554286 -6.491652e-05 -0.9347069597069594 -0.9883585899729279
-1.504015 -6.282811e-05 -0.9046367809339505 -0.95656240060718
-1.454231 -6.338835e-05 -0.9127034522081688 -0.9650920940726713
-1.404364 -6.498135e-05 -0.9356404208998547 -0.9893456312898062
-1.3543800000000001 -6.329222e-05 -0.9113193148570505 -0.9636285080508992
-1.304028 -6.608998e-05 -0.951603140046536 -1.0062246011360283
-1.25442 -6.339456e-05 -0.9127928675098484 -0.9651866417601279
-1.204685 -6.379047e-05 -0.9184934169603979 -0.971214399399573
-1.154444 -6.227162e-05 -0.8966241044071231 -0.9480898011558535
-1.104167 -6.445764e-05 -0.9280997304582208 -0.9813721096476306
-1.054203 -6.392486e-05 -0.9204284447208974 -0.9732604966165288
-1.0045650000000002 -6.467968e-05 -0.9312967954477387 -0.9847526842889944
-0.9544444999999999 -6.261736e-05 -0.9016022761305779 -0.9533537170111278
-0.9040555 -6.27125e-05 -0.9029721588683851 -0.9548022302131607
-0.8539258999999999 -6.542438e-05 -0.9420194323496208 -0.9960907942485677
-0.8043163 -6.368857e-05 -0.9170261996912938 -0.9696629647213394
-0.7545 -6.427882e-05 -0.9255249729306331 -0.9786495625508521
-0.7043148 -6.327905e-05 -0.9111296853042135 -0.963427993873153
-0.6544202 -6.464892e-05 -0.9308538945331397 -0.9842843611221401
-0.6043703 -6.399924e-05 -0.9214994125371482 -0.9743929373561462
-0.5541111 -6.477033e-05 -0.9326020284746699 -0.9861328369247341
-0.5036204 -6.226169e-05 -0.8964811263160318 -0.9479386162063455
-0.4538258 -6.315939e-05 -0.9094067489114657 -0.9616061619438356
-0.40413889999999997 -6.065166e-05 -0.8732989494781945 -0.923425796039551
-0.3540185 -4.986052e-05 -0.7179216485820258 -0.7591299293695499
-0.3041654 -3.271177e-05 -0.4710036687631026 -0.4980390025946974
-0.25392590000000004 -2.476385e-05 -0.35656475338079097 -0.37703136071220533
-0.20382409999999998 -1.916322e-05 -0.27592352615937515 -0.2917613744319784
-0.1537409 -1.265953e-05 -0.18227949985025452 -0.1927422360366819
-0.1038796 -9.554308e-06 -0.13756865252148268 -0.1454650123427298
-0.05355553 -8.565074e-06 -0.12332506853733266 -0.1304038550072275
-0.003618243 -2.702191e-06 -0.03890776545257677 -0.041141048327876115
0.046074109999999995 -1.111805e-06 -0.01600843469947243 -0.016927309444881692
0.09612040000000001 4.64065e-06 0.06681885986131267 0.0706542231554906
0.14641669999999998 5.741765e-06 0.08267337353422258 0.08741877659732698
0.1964195 8.771544e-06 0.12629794733568314 0.13354737530177982
0.2462686 1.004611e-05 0.14464991245651618 0.15295273243718133
0.2965278 1.438234e-05 0.20708555071762616 0.21897213964813952
0.3464572 1.737612e-05 0.2501917893427327 0.26455265104168235
0.3965093 1.777559e-05 0.2559435978068053 0.2706346099319076
0.44644779999999995 2.168054e-05 0.3121694081599741 0.33008774876182
0.4965186 2.494097e-05 0.3591150332895615 0.37972802518922916
0.5464289999999999 2.852888e-05 0.41077591171930783 0.43435420768560706
0.5963427 3.309665e-05 0.4765454016633261 0.5038988277071462
0.6465327999999999 3.451986e-05 0.4970376321791415 0.5255673002136109
0.6961667 3.851629e-05 0.5545806263966641 0.5864132284877315
0.7465742 4.363797e-05 0.6283256444813047 0.664391167278852
0.7967316 4.755674e-05 0.6847504434768584 0.724054716582299
0.8467026 5.497614e-05 0.7915794111548827 0.8370156042337803
0.8962964 5.823073e-05 0.8384409484645332 0.8865669662497971
0.9465045 5.965558e-05 0.8589567926832076 0.9082604078717899
0.9965834 6.138251e-05 0.8838221657797127 0.9345530387734763
1.046778 6.176082e-05 0.8892692998825072 0.9403128351731086
1.096917 6.394854e-05 0.9207694035524222 0.9736210262846404
1.1469010000000002 6.491701e-05 0.9347140150206186 0.9883660502574455
1.196537 6.418666e-05 0.9241979980187526 0.9772464200587423
1.246556 6.336506e-05 0.9123681088303729 0.9647375021820329
1.2966300000000002 6.398572e-05 0.9213047434745546 0.9741870944037447
1.347046 6.37307e-05 0.9176328126799822 0.970304396939141
1.397019 6.570199e-05 0.9460166275024764 1.0003174260544991
1.4466649999999999 6.442396e-05 0.9276147856336534 0.98085932927508
1.4961479999999998 6.354798e-05 0.9150019006151079 0.9675224720676312
1.546398 6.289353e-05 0.9055787373004353 0.9575584247156201
1.596778 6.379007e-05 0.9184876575206762 0.9712083093713955
1.6466079999999998 6.377992e-05 0.9183415117377379 0.9710537749063898
1.6966949999999998 6.566862e-05 0.9455361462436932 0.9998093654537862
1.747111 6.378938e-05 0.9184777224871561 0.971197804072789
1.797167 6.431477e-05 0.9260426025756211 0.9791969038333103
1.847165 6.397219e-05 0.921109930425968 0.9739810992006387
1.897222 6.427887e-05 0.9255256928605984 0.9786503238043743
1.947195 6.492917e-05 0.9348891019881583 0.9885511871140433
1.997137 6.430819e-05 0.9259478597921991 0.9790967228697894
2.046954 6.309698e-05 0.9085081323288867 0.9606559652974317
2.0969450000000003 6.482036e-05 0.9333223903978619 0.9868945471990426
2.147074 6.606231e-05 0.9512047308037872 1.0058033234368458
2.197167 6.475017e-05 0.932311752712696 0.985825899504585
2.2472220000000003 6.543252e-05 0.9421366369479576 0.9962147263219812
2.297193 6.305365e-05 0.9078842410210333 0.9599962629950975
2.346741 6.300589e-05 0.9071965639182619 0.9592691136306969
2.396861 6.458579e-05 0.9299449109590616 0.9833232024250165
2.44708 6.629696e-05 0.9545833621305317 1.0093758862165072
2.49662 6.611044e-05 0.9518977353883012 1.0065361060773108
2.546945 6.478272e-05 0.9327804271200496 0.986321475547534
2.596872 6.554006e-05 0.9436850623171377 0.9978520303975182
2.64676 6.462495e-05 0.9305087601078165 0.9839194161835996
2.6971950000000002 6.526098e-05 0.9396667012233046 0.9936030177380342
2.747232 6.538929e-05 0.9415141855000344 0.9955565465266912
2.797259 6.367805e-05 0.916874726426613 0.9695027969802695
2.847429 6.493449e-05 0.9349657025364572 0.988632184488805
2.897259 6.551027e-05 0.9432561280438638 0.9973984755489945
2.947136 6.429462e-05 0.9257524707996404 0.9788901186638657
2.997185 6.650766e-05 0.9576171470039392 1.012583808559037
3.047324 6.515118e-05 0.938085735019697 0.9919313050032939
3.0971460000000004 6.342835e-05 0.9132793961803394 0.9657010968904274
3.147185 6.69759e-05 0.9643591471421658 1.0197127955436893
3.197398 6.389811e-05 0.9200432821895085 0.9728532259821544
3.2474380000000003 6.535784e-05 0.9410613495519153 0.9950777180612305
3.297176 6.472212e-05 0.9319078720022115 0.9853988362786337
3.347389 6.555017e-05 0.9438306321561037 0.9980059558597062
3.397482 6.629202e-05 0.9545122330499686 1.0093006743685142
3.447495 6.581001e-05 0.9475719641993224 1.0019620381638492
3.497296 6.596546e-05 0.9498102264611696 1.004328775364354
3.547241 6.538735e-05 0.941486252217384 0.9955270098900301
3.597391 6.359525e-05 0.9156825224042202 0.9682421611475144
3.647463 6.498508e-05 0.9356941276752594 0.9894024208025618
3.697602 6.558406e-05 0.9443186006865251 0.99852193349705
3.747833 6.465569e-05 0.9309513730504295 0.9843874348490453
3.797457 6.475128e-05 0.9323277351579236 0.9858427993327777
3.847213 6.458597e-05 0.9299475027069366 0.9833259429376965
3.897621 6.481683e-05 0.9332715633423179 0.9868408027003756
3.947991 6.529916e-05 0.9402164397447413 0.9941843109275823
3.997636 6.520192e-05 0.9388163199483952 0.9927038250776175
4.047454 6.538959e-05 0.9415185050798256 0.9955611140478243
4.097954 6.415083e-05 0.923682096205681 0.9767009057847372
4.147892 6.540388e-05 0.9417242610638835 0.9957786803044678
4.1975739999999995 6.541713e-05 0.941915042504665 0.9959804124878494
4.247954 6.707595e-05 0.965799727002557 1.0212360638416018
4.29776 6.374386e-05 0.9178222982468264 0.9705047588661826
4.3476859999999995 6.606696e-05 0.951271684290552 1.00587412001441
4.397939 6.417377e-05 0.9240124000737205 0.9770501689007203
4.447963 6.560887e-05 0.9446758299352638 0.9988996674947631
4.498111 6.577744e-05 0.9471030018199826 1.0014661576194914
4.547892 6.645094e-05 0.9568004584514016 1.011720242563459
4.598056 6.652662e-05 0.9578901444467479 1.0128724758946535
4.648071 6.45285e-05 0.9291200152049206 0.9824509581392854
4.69801 6.441807e-05 0.9275299778837512 0.9807696536101653
4.748417000000001 6.629243e-05 0.9545181364756834 1.0093069166473962
4.798491 6.514023e-05 0.9379280703573155 0.9917645904819332
4.848307 6.688652e-05 0.9630722003363511 1.0183519787474136
4.898186 6.506925e-05 0.9369060577786991 0.9906839149818251
4.948454 6.499517e-05 0.9358394095422394 0.9895560417633408
4.998081 6.637146e-05 0.955656057778699 1.0105101539645778
5.047732 6.779823e-05 0.9761995473080377 1.032232827721823
5.09801 6.629482e-05 0.9545525491280207 1.0093433045657572
5.1479859999999995 6.727214e-05 0.9686245882000596 1.0242230704119908
5.198417 6.466324e-05 0.9310600824751766 0.9845023841308967
5.247911 6.54627e-05 0.94257118667496 0.996674218947978
5.29791 6.413631e-05 0.9234730285437831 0.9764798377618918
5.347954 6.660244e-05 0.9589818462459969 1.01402684073571
5.398333 6.668559e-05 0.9601790897781463 1.0152928053431205
5.448203 6.601345e-05 0.950501215241781 1.0050594264949566
5.4982690000000005 6.662331e-05 0.9592823450134769 1.0143445879558743
5.548417000000001 6.495762e-05 0.9352987421383646 0.9889843403681723
5.598005 6.491569e-05 0.9346950088695369 0.9883459531644596
5.648121 6.662072e-05 0.9592450526412789 1.0143051550234248
5.698462999999999 6.471892e-05 0.9318617964844377 0.985350116053213
5.748519 6.443838e-05 0.9278224134356207 0.981078874790881
5.798854 6.401388e-05 0.9217102080309626 0.974615832387445
5.848382 6.628283e-05 0.9543799099223625 1.0091607559711349
5.897982 6.650775e-05 0.9576184428778767 1.0125851788153772
5.948112 6.427547e-05 0.9254767376229638 0.978598558564865
5.998232 6.577597e-05 0.9470818358790054 1.001443776765939
6.048436 6.465697e-05 0.9309698032575389 0.9844069229392134
6.098599 6.668012e-05 0.9601003294399519 1.0152095242077923
6.148473 6.708881e-05 0.9659848929896097 1.0214318582475104
6.198344 6.570788e-05 0.9461014352523783 1.0004071017194136
6.248195 6.664186e-05 0.9595494390305709 1.0146270130126085
6.298184 6.455408e-05 0.9294883313751237 0.9828404154412403
6.348212999999999 6.62348e-05 0.953688345197779 1.0084294958377142
6.398713 6.601324e-05 0.9504981915359272 1.0050562292301635
6.4484390000000005 6.603669e-05 0.9508358386896121 1.0054132571320729
6.49826 6.586828e-05 0.9484109705807817 1.0028492030186156
6.548496 6.455796e-05 0.9295441979404242 0.9828994887145627
6.5986210000000005 6.544084e-05 0.9422564332941689 0.9963413989080744
6.648599 6.611073e-05 0.9519019109820995 1.0065405213477394
6.698194 6.605816e-05 0.9511449766166744 1.0057401393945034
6.7485100000000005 6.456824e-05 0.9296922155412719 0.983056002438726
6.798287999999999 6.450896e-05 0.9288386665745154 0.9821534602628116
6.8483149999999995 6.565172e-05 0.9452928099154512 0.9995520617632841
6.898954 6.665209e-05 0.9596967367014536 1.0147827654832497
6.948637 6.544241e-05 0.9422790390950767 0.9963653022686713
6.998205 6.5655e-05 0.9453400373211691 0.9996019999943402
7.048667 6.539154e-05 0.9415465823484689 0.9955908029351899
7.098581 6.514643e-05 0.938017341673002 0.9918589859186855
7.1485 6.58765e-05 0.9485293270670627 1.0029743530976643
7.198982 6.462353e-05 0.9304883140968045 0.9838977965835695
7.2489859999999995 6.533298e-05 0.9407034003732115 0.9946992228099952
7.298519000000001 6.441966e-05 0.927552871656645 0.9807938614721712
7.349037 6.745962e-05 0.9713240375976222 1.0270774666188134
7.399146 6.750116e-05 0.9719221554127213 1.0277099160450531
7.448705 6.570188e-05 0.9460150436565529 1.0003157512967502
7.498722 6.745295e-05 0.9712279989402629 1.0269759153989526
7.548648 6.603114e-05 0.9507559264634734 1.0053287579911092
7.598666000000001 6.714417e-05 0.9667819994470936 1.0222747181472849
7.64876 6.414924e-05 0.9236592024327872 0.9766766979227315
7.69891 6.597083e-05 0.9498875469394334 1.0044105339926375
7.748805999999999 6.437553e-05 0.9269174614693482 0.9801219791134819
7.798703000000001 6.587437e-05 0.9484986580505446 1.002941923697619
7.848306 6.532674e-05 0.940613553113553 0.9946042183704252
7.8988249999999995 6.612406e-05 0.9520938443108251 1.0067434715367565
7.948973 6.683107e-05 0.9622737980049298 1.0175077485912993
7.998769 6.437068e-05 0.9268476282627224 0.980048137521829
8.048703999999999 6.505347e-05 0.9366788478816779 0.9904436633702202
8.098955 6.572326e-05 0.9463228857096779 1.000641263302841
8.148966999999999 6.681491e-05 0.962041116640173 1.0172617114529257
8.198836 6.573655e-05 0.9465142430944317 1.0008436044890405
8.248751 6.43775e-05 0.9269458267099775 0.9801519725022564
8.299019 6.495969e-05 0.9353285472389243 0.9890158562639911
8.3491 6.599937e-05 0.9502984829635771 1.0048450575031065
8.39875 6.559956e-05 0.9445417789757411 0.9987579220889304
8.449325 6.559907e-05 0.9445347236620819 0.9987504618044128
8.499353999999999 6.47682e-05 0.9325713594581517 0.9861004075246885
8.549269 6.506329e-05 0.9368202421268458 0.9905931735619794
8.599639 6.664123e-05 0.9595403679130092 1.014617421218229
8.649278 6.678085e-05 0.9615507003478699 1.0167431455536065
8.698945 6.665946e-05 0.9598028543783259 1.0148949742524214
8.749203 6.499722e-05 0.9358689266708132 0.9895872531577509
8.798981 6.547826e-05 0.9427952288801343 0.9969111210440852
8.849187 6.607272e-05 0.9513546202225445 1.0059618164201667
8.8991 6.67498e-05 0.9611036238394727 1.0162704071163233
8.948945 6.528394e-05 0.9399972930633307 0.9939525853554263
8.998973 6.392338e-05 0.9204071347939271 0.9732379635122719
9.049147999999999 6.589328e-05 0.9487709355633881 1.0032298297797129
9.099416999999999 6.553639e-05 0.943632219457691 0.9977961543889892
9.14908 6.649717e-05 0.9574661056972374 1.0124240975700805
9.198797 6.6746e-05 0.9610489091621165 1.0162125518486367
9.248981 6.511643e-05 0.9375853836938739 0.9914022338053682
9.298991 6.597023e-05 0.949878907779851 1.0044013989503713
9.348945 6.634464e-05 0.9552698873453589 1.0101018175752725
9.39926 6.590597e-05 0.9489536537885592 1.0034230359236462
9.449343 6.548752e-05 0.9429285599096918 0.9970521051963956
9.499223 6.575912e-05 0.9468392194807287 1.0011872343289592
9.549401 6.438296e-05 0.9270244430621787 0.98023510138688
9.598852999999998 6.515647e-05 0.9381619036100167 0.9920118456259421
9.649065 6.634279e-05 0.955243249936646 1.010073651194951
9.699242 6.599024e-05 0.9501670237519292 1.0047060526099536
9.749473 6.642439e-05 0.9564181756398735 1.0113160169431734
9.799760000000001 6.614195e-05 0.9523514352523784 1.007015848046998
9.849325 6.562495e-05 0.9449073594120763 0.9991444866275011
9.899223 6.52857e-05 0.9400226345981062 0.9939793814794076
9.949464 6.412047e-05 0.9232449547308036 0.9762386726460602
10.00138 6.524559e-05 0.9394451067800124 0.9933687039039026
nan nan nan nan
