Ms(MA/m):0.8399196919126471
H(kOe) moment(emu) M(MA/m) M_norm()
9.993337 5.633831e-05 0.8270766353384011 0.9847091850591096
9.948396 5.808023e-05 0.8526489560670255 1.0151553348218227
9.900276 5.804619e-05 0.8521492305930644 1.0145603666614464
9.852006 5.654931e-05 0.8301742286111919 0.9883971486854141
9.803714 5.73532e-05 0.841975765369788 1.0024479405316227
9.755165000000002 5.723135e-05 0.8401869419560936 1.0003181852336833
9.705729999999999 5.728819e-05 0.841021383669958 1.0013116632077077
9.656949000000001 5.74308e-05 0.8431149750284069 1.003804272178074
9.607978999999998 5.735721e-05 0.8420346343225079 1.002518029319023
9.558397000000001 5.684748e-05 0.8345515242801399 0.9936087132088987
9.509091 5.744338e-05 0.8432996561818272 1.0040241517156043
9.459351 5.65973e-05 0.8308787475740413 0.989235941929141
9.409789 5.765635e-05 0.8464261701121888 1.0077465479880883
9.360406000000001 5.662059e-05 0.8312206572769953 0.9896430162080823
9.310369000000001 5.77776e-05 0.8482061852037805 1.0098658161856684
9.260826999999999 5.675372e-05 0.8331750771462212 0.9919699289927739
9.210953 5.753096e-05 0.844585377598088 1.0055549187980297
9.161346 5.674065e-05 0.8329832025297502 0.9917414849899503
9.111536 5.778205e-05 0.8482715135927091 1.0099435955133322
9.061459000000001 5.720703e-05 0.8398299113001965 0.9998931080991252
9.011396000000001 5.746426e-05 0.8436061857910021 1.0043891028081031
8.961601 5.673401e-05 0.8328857237651467 0.9916254277459756
8.911749 5.645103e-05 0.828731425450766 0.9866793616465838
8.861165000000002 5.718495e-05 0.8395057650468163 0.9995071828059082
8.811865 5.743215e-05 0.8431347937531379 1.0038278681538821
8.761888 5.787353e-05 0.8496144891026376 1.0115425287480921
8.711655 5.771215e-05 0.847245344067742 1.0087218483214901
8.661883 5.755954e-05 0.8450049473409145 1.0060544543451377
8.612110000000001 5.752872e-05 0.8445524931955711 1.005515766956689
8.561674 5.800277e-05 0.8515118016835639 1.013801450165455
8.511331 5.796022e-05 0.8508871448411127 1.013057739964985
8.461779 5.764935e-05 0.8463234063543237 1.007624198483898
8.411822 5.737939e-05 0.8423602486295719 1.0029057024623
8.362025 5.800052e-05 0.8514787704756789 1.0137621235391083
8.311841000000001 5.790717e-05 0.8501083423618635 1.012130505508229
8.261526 5.734032e-05 0.8417866800553163 1.0022228174439127
8.211554 5.748088e-05 0.8438501763132475 1.0046795954880519
8.161507 5.864216e-05 0.8608983901323304 1.024977028663194
8.111533999999999 5.655184e-05 0.8302113703693917 0.9884413692919286
8.061137 5.668062e-05 0.8321019299033728 0.9906922505990163
8.011562 5.606722e-05 0.8230968886070226 0.979970938331835
7.961572 5.699048e-05 0.8366508410479555 0.9961081387944984
7.911609 5.793615e-05 0.8505337843194251 1.0126370324555765
7.86122 5.739087e-05 0.8425287811924707 1.003106355649172
7.81126 5.772067e-05 0.8473704222416006 1.0088707651465902
7.761137 5.694864e-05 0.836036607386659 0.9953768383294531
7.71159 5.672897e-05 0.8328117338594838 0.9915373361029587
7.661452000000001 5.626929e-05 0.8260633846858513 0.9835028189477941
7.611387 5.689089e-05 0.835188806384272 0.9943674549198839
7.560961 5.872135e-05 0.8620609418445214 1.0263611511255972
7.510933 5.794616e-05 0.8506807364931721 1.0128119922465686
7.46143 5.694546e-05 0.8359899232795145 0.9953212566975496
7.4116 5.779167e-05 0.8484127403570895 1.0101117386890908
7.3614679999999995 5.723525e-05 0.8402441960497612 1.0003863513860178
7.311285 5.733419e-05 0.8416966883645001 1.0021156742352433
7.261174 5.762631e-05 0.845985166785579 1.0072214938301063
7.21126 5.769356e-05 0.8469724328879259 1.0083969229953622
7.160887 5.793898e-05 0.8505753302386762 1.0126864966122706
7.111175 5.778987e-05 0.8483863153907812 1.0100802773880133
7.0613220000000005 5.705516e-05 0.837600378170629 0.997238648213216
7.011494 5.673705e-05 0.8329303525971339 0.9916785623877953
6.960763 5.699892e-05 0.8367747447788672 0.9962556573395507
6.91077 5.6967e-05 0.8363061420430022 0.9956977436004433
6.860581 5.739282e-05 0.8425574082393046 1.003140438725339
6.8108450000000005 5.758492e-05 0.8453775393658596 1.0064980586903303
6.760958 5.649779e-05 0.8294178873533048 0.9874966563345743
6.710915 5.772778e-05 0.8474748008585178 1.0089950372858463
6.660704 5.765664e-05 0.8464304274678717 1.0077516167532619
6.611043 5.781969e-05 0.8488240889992865 1.0106014862758634
6.5608130000000005 5.697887e-05 0.8364804000152678 0.9959052134025488
6.510581 5.597069e-05 0.8216797763860629 0.9782837386690523
6.460694 5.90269e-05 0.866546579875333 1.0317017069834995
6.410553 5.749919e-05 0.8441189769427488 1.0049996268340122
6.360666 5.723999e-05 0.8403137817943728 1.000469199478855
6.31072 5.689876e-05 0.8353043422091859 0.994505010719595
6.260854 5.710237e-05 0.8382934463147449 0.9980638082264759
6.210878 5.714082e-05 0.8388579129561611 0.998735856574492
6.160788999999999 5.560292e-05 0.816280715353199 0.9718556705039051
6.111183 5.763814e-05 0.8461588375363711 1.0074282644921877
6.060729 5.65564e-05 0.8302783136173724 0.9885210712546582
6.010911 5.696945e-05 0.8363421093582551 0.99574056592691
5.9608680000000005 5.682867e-05 0.8342753833822195 0.993279942612639
5.9104149999999995 5.718505e-05 0.8395072331005 0.999508930655968
5.860723 5.69702e-05 0.8363531197608834 0.9957536748023589
5.810933 5.751734e-05 0.8443854286863562 1.0053168616198769
5.760553 5.739328e-05 0.8425641612862499 1.0031484788356144
5.710618 5.738791e-05 0.8424853268034307 1.0030546192874001
5.6604149999999995 5.785321e-05 0.849316180594092 1.0111873656159285
5.610044 5.716926e-05 0.83927542742383 0.9992329451315162
5.560354 5.616901e-05 0.8245912204517495 0.9817500749077666
5.510470000000001 5.753273e-05 0.8446113621482911 1.0055858557440893
5.460204 5.79467e-05 0.8506886639830645 1.0128214306368917
5.410488 5.811922e-05 0.8532213501983341 1.015836821560162
5.36042 5.67094e-05 0.8325244357535667 0.9911952818462441
5.3101 5.606089e-05 0.823003960808839 0.979860299423046
5.2597700000000005 5.72082e-05 0.8398470875282968 0.9999135579448256
5.210128 5.734887e-05 0.8419121986452801 1.0023722586240307
5.159732 5.705552e-05 0.8376056631638905 0.9972449404734314
5.109896 5.771776e-05 0.8473277018794024 1.0088199027098483
5.0601270000000005 5.730779e-05 0.8413091221919804 1.0016542418194403
5.0104049999999996 5.665885e-05 0.8317823346164123 0.9903117436409847
4.959868 5.687233e-05 0.8349163356205611 0.9940430539487739
4.910354 5.738119e-05 0.84238667359588 1.0029371637633775
4.860506999999999 5.670046e-05 0.8323931917542361 0.9910390240508925
4.80985 5.759571e-05 0.8455359423583402 1.0066866517117892
4.760534 5.731964e-05 0.8414830865535092 1.0018613620515338
4.710665 5.645598e-05 0.8288040941081134 0.9867658802245468
4.660017 5.670346e-05 0.8324372333647497 0.9910914595526883
4.610165 5.701373e-05 0.836992163529436 0.996514513933416
4.560072 5.661303e-05 0.831109672418501 0.9895108787435568
4.509881999999999 5.819142e-05 0.8542812849580285 1.017098769303381
4.460401 5.7423e-05 0.8430004668410715 1.003667939873405
4.410304 5.626203e-05 0.8259568039884083 0.9833759250334483
4.3601090000000005 5.639789e-05 0.8279513017232014 0.9857505541247741
4.310174 5.745564e-05 0.8434796395634596 1.0042384381329432
4.2600810000000005 5.725966e-05 0.8406025479539736 1.0008130015856296
4.209822 5.590058e-05 0.8206505239483597 0.9770583209920843
4.160034 5.711949e-05 0.8385447771054092 0.9983630401567238
4.109915 5.614147e-05 0.8241869184672346 0.9812687170012812
4.059562 5.550237e-05 0.8148045873741511 0.9700982072687159
4.009563 5.609326e-05 0.8234791697862808 0.9804260784874226
3.9597890000000002 5.647639e-05 0.8291037238649743 0.9871226164217642
3.9097020000000002 5.711193e-05 0.8384337922469149 0.9982309026921984
3.8595520000000003 5.732644e-05 0.8415829142040067 1.0019802158556042
3.809665 5.63482e-05 0.8272218258477276 0.9848820474300296
3.759704 5.64586e-05 0.8288425571146287 0.9868116738961151
3.7096280000000004 5.579425e-05 0.819089542466389 0.9751998320234352
3.659618 5.704284e-05 0.8374195139567864 0.9970233130858411
3.609887 5.654829e-05 0.8301592544636174 0.9883793206148036
3.559248 5.677987e-05 0.8335589731845315 0.9924269917834273
3.509248 5.759996e-05 0.8455983346399012 1.0067609353393332
3.4596370000000003 5.788675e-05 0.8498085657996342 1.0117735945260056
3.409405 5.695875e-05 0.8361850276140897 0.9955535459705048
3.3593919999999997 5.655945e-05 0.830323089254728 0.988574380681484
3.309628 5.665884e-05 0.831782187811044 0.9903115688559788
3.259204 5.622823e-05 0.8254606018432883 0.9827851517132157
3.209562 5.771555e-05 0.8472952578929906 1.0087812752235252
3.159628 5.603334e-05 0.8225995120189555 0.9793787667315546
3.109307 5.610267e-05 0.8236173136379251 0.9805905511780554
3.059174 5.792389e-05 0.8503538009377928 1.0124227460382378
3.009326 5.650287e-05 0.8294924644804412 0.9875854471176152
2.9592289999999997 5.635516e-05 0.8273240023841193 0.9850036977941959
2.908989 5.691623e-05 0.8355608111877435 0.9948103601250524
2.8590430000000002 5.589664e-05 0.8205926826332186 0.9769894556997258
2.809193 5.647241e-05 0.8290452953283597 0.9870530519893818
2.759439 5.510954e-05 0.8090376320881303 0.9632321278785679
2.709303 5.679341e-05 0.8337577476533162 0.9926636506815324
2.658868 5.681453e-05 0.834067800591332 0.9930327966141748
2.608958 5.652149e-05 0.8297658160763622 0.987910896798761
2.55897 5.626818e-05 0.8260470892899613 0.9834834178121298
2.508939 5.601169e-05 0.8222816783964156 0.9790003571935948
2.459257 5.67125e-05 0.8325699454177642 0.9912494651980998
2.4089609999999997 5.61672e-05 0.824564648680073 0.9817184388216831
2.359317 5.684699e-05 0.8345443308170893 0.9936001487436054
2.309026 5.593646e-05 0.8211772616101026 0.9776854495935622
2.2587289999999998 5.573913e-05 0.8182803512758854 0.9742364170704404
2.209071 5.639382e-05 0.8278915519382712 0.9856794166273377
2.1593310000000003 5.669249e-05 0.8322761878756383 0.9908997204011216
2.109452 5.681892e-05 0.8341322481480504 0.9931095272318027
2.059109 5.615597e-05 0.8243997862513838 0.9815221552599608
2.009118 5.577746e-05 0.8188430562528812 0.9749063679983848
1.959294 5.622373e-05 0.8253945394275177 0.9827064984605219
1.909005 5.607735e-05 0.8232456024451903 0.980147995542899
1.8592760000000002 5.656256e-05 0.8303687457242936 0.9886287388183456
1.809053 5.665395e-05 0.8317103999859068 0.9902260989880516
1.75897 5.602176e-05 0.822429511402373 0.9791763656946226
1.708766 5.674827e-05 0.8330950682204546 0.9918746711645116
1.65909 5.552207e-05 0.8150937939498571 0.9704425337305083
1.609053 5.594063e-05 0.8212384794487165 0.9777583349410583
1.558873 5.619759e-05 0.8250107901945759 0.9822496104548745
1.50884 5.702584e-05 0.8371699448305426 0.996726178575665
1.458729 5.658838e-05 0.8307477971854476 0.9890800337038015
1.408377 5.528817e-05 0.8116600163834792 0.9663543124404959
1.358835 5.51687e-05 0.8099061326474587 0.964266155973981
1.308729 5.562173e-05 0.8165568562511194 0.9721844411001648
1.258883 5.548971e-05 0.8146187317777837 0.9698769294511376
1.208831 5.66063e-05 0.8310108724055821 0.9893932484345284
1.159052 5.599017e-05 0.8219657532436647 0.978624219860713
1.1088959999999999 5.628814e-05 0.8263401128052451 0.9838322886840777
1.058807 5.490647e-05 0.8060564554724637 0.9596827687620102
1.009091 5.51176e-05 0.8091559572150435 0.9633730045933926
0.9587386 5.601815e-05 0.8223765146643883 0.9791132683074618
0.9086749999999999 5.588422e-05 0.8204103503656922 0.9767723727222912
0.8588312 5.473116e-05 0.8034828105594166 0.9566186128220696
0.8088034000000001 5.372095e-05 0.7886523854404308 0.938961656732358
0.758675 5.415731e-05 0.7950583844950042 0.946588575253563
0.7085071000000001 5.521522e-05 0.8105890712211564 0.965079255821828
0.6584145 5.555339e-05 0.8155535883636194 0.9709899603692564
0.6085430000000001 5.568593e-05 0.8174993467161107 0.9733065608385949
0.5586367 5.54137e-05 0.8135028641727372 0.9685483886206381
0.5081829999999999 5.362876e-05 0.7872989867493475 0.937350313762173
0.4583542 5.222153e-05 0.7666400948949902 0.9127540433648051
0.4087571 4.638119e-05 0.6809007683792981 0.810673657178778
0.35872930000000003 3.580453e-05 0.5256297216276605 0.6258094990375899
0.3084515 2.626296e-05 0.38555435175153485 0.45903716208100653
0.2583354 1.988805e-05 0.29196725065842205 0.34761329382998574
0.2087108 1.476437e-05 0.21674887767295878 0.25805904988295114
0.1581738 1.143029e-05 0.16780279341254953 0.19978433060717105
0.1081655 7.776744e-06 0.11416677677069297 0.13592582465915856
0.058722140000000006 5.781356e-06 0.08487340973084705 0.10104943430671941
0.008303374 3.687057e-06 0.05412797611183046 0.06444422798157214
-0.04184478 -8.864927e-07 -0.013014188738853804 -0.015494563187604485
-0.09156089 -2.056088e-06 -0.03018447562590469 -0.035937335338774176
-0.1414837 -4.066821e-06 -0.059703115503527734 -0.07108193328289884
-0.19203 -7.726145e-06 -0.11342395628723352 -0.13504143000737
-0.2416269 -9.923568e-06 -0.14568330558711873 -0.1734490892282473
-0.2917707 -1.209598e-05 -0.1775754799801519 -0.21141959367065302
-0.34217410000000004 -1.474412e-05 -0.21645159680199186 -0.2577051102458295
-0.391993 -1.739999e-05 -0.2554411941735885 -0.3041257356306331
-0.4417684 -1.940552e-05 -0.28488345121804415 -0.3391793929361433
-0.4919096 -2.176758e-05 -0.31955976006130593 -0.3804646600600723
-0.5418723 -2.396746e-05 -0.35185517944020184 -0.41891526395692036
-0.5916226 -2.780958e-05 -0.4082595636357231 -0.48606976067681323
-0.6420762999999999 -3.050576e-05 -0.44784093344725434 -0.5331949444207464
-0.6920232 -3.347033e-05 -0.49136241254070184 -0.5850111829403378
-0.7417892 -3.739115e-05 -0.5489221549853635 -0.6535412376573405
-0.7917119 -4.302048e-05 -0.6315637414228963 -0.7519334854320572
-0.8419374000000001 -4.697268e-05 -0.6895841591135305 -0.8210120154978439
-0.8921504 -4.948828e-05 -0.726514517582879 -0.8649809316036818
-0.9420421 -5.303011e-05 -0.7785104833713559 -0.9268868093788212
-0.9916596 -5.397045e-05 -0.7923151793814797 -0.9433225426317087
-1.042206 -5.429795e-05 -0.7971230551958824 -0.9490467515777501
-1.0920699999999999 -5.501803e-05 -0.8076942161620967 -0.9616326702887901
-1.142086 -5.446725e-05 -0.799608470082534 -0.9520058617290932
-1.191929 -5.534436e-05 -0.8124849157483992 -0.9673364293891311
-1.242113 -5.478468e-05 -0.8042685128909796 -0.9575540621741068
-1.291985 -5.607148e-05 -0.8231594276939519 -0.9800453967443851
-1.341599 -5.57602e-05 -0.8185896701870595 -0.974604689078053
-1.391759 -5.62144e-05 -0.8252575700188205 -0.982543424049937
-1.441882 -5.545548e-05 -0.8141162170018235 -0.9692786403756476
-1.4921410000000002 -5.569744e-05 -0.8176683196951148 -0.9735077383804849
-1.541806 -5.586822e-05 -0.8201754617762863 -0.9764927167127138
-1.592067 -5.626944e-05 -0.826065586766377 -0.983505440722884
-1.642243 -5.63063e-05 -0.8266067113542208 -0.9841496982549484
-1.692336 -5.675817e-05 -0.8332404055351497 -0.9920477083204378
-1.742203 -5.571947e-05 -0.8179917319216529 -0.9738927897486719
-1.792224 -5.759925e-05 -0.8455879114587462 -1.0067485256039082
-1.842325 -5.729423e-05 -0.8411100541124588 -1.0014172333513232
-1.892193 -5.610102e-05 -0.8235930907521426 -0.9805617116520677
-1.9422709999999999 -5.705984e-05 -0.8376690830830302 -0.9973204475960173
-1.992278 -5.565504e-05 -0.8170458649331889 -0.9727666499551041
-2.042252 -5.664849e-05 -0.8316302442547719 -0.9901306663747832
-2.092315 -5.696056e-05 -0.8362115993857665 -0.9955851820565884
-2.142123 -5.545587e-05 -0.8141219424111901 -0.969285456990881
-2.192353 -5.65129e-05 -0.829639710264925 -0.987760756478619
-2.242521 -5.676104e-05 -0.8332825386758743 -0.9920978716171557
-2.292448 -5.716957e-05 -0.8392799783902499 -0.9992383634667017
-2.3423730000000003 -5.611582e-05 -0.8238103626973432 -0.980820393460927
-2.392632 -5.692686e-05 -0.8357168652943302 -0.9949961565864156
-2.4427339999999997 -5.660889e-05 -0.8310488949959922 -0.9894385177510787
-2.492674 -5.675046e-05 -0.8331272185961297 -0.9919129490808225
-2.542438 -5.571882e-05 -0.8179821895727083 -0.9738814287232829
-2.592243 -5.569356e-05 -0.8176113592121838 -0.9734399217981623
-2.6425210000000003 -5.608029e-05 -0.8232887632234935 -0.9801993823346588
-2.692363 -5.559195e-05 -0.8161196698640877 -0.9716639313523385
-2.742493 -5.709413e-05 -0.8381724786912008 -0.9979197853815434
-2.79258 -5.660293e-05 -0.8309613989964386 -0.9893343458875111
-2.842099 -5.640482e-05 -0.8280530378434879 -0.9858716801339225
-2.8919 -5.690226e-05 -0.8353557240881185 -0.9945661854716901
-2.9421880000000002 -5.624644e-05 -0.8257279344191059 -0.9831034352091161
-2.99266 -5.757141e-05 -0.84517920531318 -1.0062619241472432
-3.04241 -5.630872e-05 -0.8266422382533686 -0.984191996226397
-3.09253 -5.758568e-05 -0.8453886965738564 -1.0065113423507852
-3.1424760000000003 -5.707059e-05 -0.8378268988540374 -0.9975083414774524
-3.192484 -5.644361e-05 -0.828622495867429 -0.9865496711721421
-3.242486 -5.717662e-05 -0.8393834761749569 -0.9993615868959218
-3.292465 -5.675836e-05 -0.8332431948371488 -0.9920510292355514
-3.342335 -5.560599e-05 -0.8163257846012913 -0.9719093295007428
-3.392252 -5.649097e-05 -0.8293177660920705 -0.9873774529604918
-3.442363 -5.70032e-05 -0.8368375774765333 -0.9963304653221127
-3.4923629999999997 -5.735393e-05 -0.8419864821616797 -1.0024606998370598
-3.542567 -5.792607e-05 -0.8503858045080993 -1.0124608491695426
-3.592495 -5.676186e-05 -0.8332945767160814 -0.9921122039876465
-3.642484 -5.59819e-05 -0.8218443452040154 -0.9784796726607625
-3.692678 -5.629751e-05 -0.826477669435416 -0.9839960622346867
-3.7425990000000002 -5.650531e-05 -0.8295282849903256 -0.9876280946590758
-3.792089 -5.699827e-05 -0.8367652024299225 -0.9962442963141616
-3.842289 -5.714815e-05 -0.8389655212911826 -0.9988639739838797
-3.8923159999999997 -5.723453e-05 -0.8402336260632379 -1.0003737668655868
-3.942308 -5.64441e-05 -0.8286296893304794 -0.9865582356374354
-3.992438 -5.689541e-05 -0.835255162410779 -0.9944464577425896
-4.042221 -5.686363e-05 -0.8347886149500715 -0.993890990993566
-4.092271 -5.703811e-05 -0.8373500750175433 -0.9969406397780097
-4.142817 -5.725224e-05 -0.8404936183706366 -1.0006833111111881
-4.192533 -5.65937e-05 -0.830825897641425 -0.989173019326986
-4.242401 -5.658848e-05 -0.8307492652391313 -0.9890817815538613
-4.2923540000000004 -5.664135e-05 -0.8315254252217495 -0.9900058698805092
-4.342697 -5.676206e-05 -0.833297512823449 -0.9921156996877663
-4.392722 -5.697891e-05 -0.8364809872367412 -0.9959059125425727
-4.4426689999999995 -5.794176e-05 -0.8506161421310854 -1.0127350868439347
-4.492703000000001 -5.7403e-05 -0.8427068561043141 -1.003318369861433
-4.542363999999999 -5.811718e-05 -0.8531914019031848 -1.015801165418941
-4.5924380000000005 -5.680229e-05 -0.8338881108204366 -0.992818859766848
-4.642771 -5.566329e-05 -0.8171669793621013 -0.9729108475850425
-4.693003 -5.628616e-05 -0.8263110453423061 -0.9837976812528926
-4.7429380000000005 -5.647749e-05 -0.8291198724554961 -0.9871418427724227
-4.792466 -5.669946e-05 -0.8323785112173983 -0.9910215455502939
-4.842595 -5.717006e-05 -0.8392871718533004 -0.9992469279319951
-4.892771 -5.624812e-05 -0.8257525977209935 -0.9831327990901219
-4.94307 -5.664381e-05 -0.8315615393423708 -0.9900488669919819
-4.993095 -5.713016e-05 -0.8387014184334693 -0.9985495357581109
-5.0423919999999995 -5.702177e-05 -0.8371101950456125 -0.9966550410782287
-5.091947 -5.716372e-05 -0.8391940972497482 -0.9991361142381999
-5.142113999999999 -5.673818e-05 -0.8329469416037606 -0.9916983130934717
-5.192288 -5.704539e-05 -0.837456949325723 -0.9970678832623676
-5.242466 -5.735082e-05 -0.841940825692114 -1.002406341700198
-5.292523 -5.655756e-05 -0.8302953430401043 -0.9885413463153526
-5.342325 -5.748181e-05 -0.8438638292125067 -1.0046958504936085
-5.392382 -5.699234e-05 -0.836678146846474 -0.9961406488056119
-5.442477 -5.751033e-05 -0.8442825181231228 -1.0051943373306806
-5.492184 -5.696578e-05 -0.8362882317880601 -0.9956764198297131
-5.542086 -5.770219e-05 -0.8470991259208367 -1.008547762455528
-5.592308 -5.699954e-05 -0.8367838467117066 -0.9962664940099217
-5.642577 -5.796358e-05 -0.8509364714448878 -1.0131164677269962
-5.692693 -5.773535e-05 -0.8475859325223806 -1.0091273495353776
-5.742127 -5.740257e-05 -0.8427005434734739 -1.0033108541061755
-5.792401 -5.744607e-05 -0.8433391468259211 -1.0040711688822146
-5.84229 -5.79743e-05 -0.8510938467997898 -1.013303837253413
-5.891977 -5.671691e-05 -0.8326346865852191 -0.9913265453857395
-5.9423639999999995 -5.577016e-05 -0.8187358883339647 -0.974778774944015
-5.992484 -5.785863e-05 -0.8493957491037533 -1.0112820990891729
-6.042429 -5.687543e-05 -0.8349618452847585 -0.9940972373006296
-6.092325 -5.697743e-05 -0.8364592600422214 -0.9958800443616868
-6.1418919999999995 -5.709029e-05 -0.8381161054297434 -0.9978526679392447
-6.191967 -5.783207e-05 -0.8490058340453395 -1.0108178701132742
-6.242252000000001 -5.611405e-05 -0.8237843781471401 -0.9807894565148676
-6.292438 -5.660802e-05 -0.8310361229289434 -0.989423311455558
-6.3420119999999995 -5.687493e-05 -0.8349545050163396 -0.9940884980503303
-6.391948 -5.884431e-05 -0.863866060654106 -1.028510307559201
-6.441845 -5.643812e-05 -0.828541899720189 -0.9864537142038557
-6.49204 -5.765845e-05 -0.8464569992395483 -1.0077832528393453
-6.5417879999999995 -5.752931e-05 -0.8445611547123055 -1.005526079272042
-6.591707 -5.673503e-05 -0.8329006979127213 -0.9916432558165861
-6.642058 -5.704961e-05 -0.8375189011911788 -0.9971416425348937
-6.692049 -5.654019e-05 -0.8300403421152305 -0.9882377447599549
-6.742230999999999 -5.611434e-05 -0.8237886355028231 -0.9807945252800412
-6.791561 -5.771109e-05 -0.8472297826986939 -1.0087033211108556
-6.841642 -5.67296e-05 -0.8328209825976917 -0.9915483475583358
-6.892067 -5.750878e-05 -0.8442597632910241 -1.005167245654753
-6.941741 -5.781445e-05 -0.8487471629862561 -1.0105098989327268
-6.99154 -5.76552e-05 -0.8464092874948252 -1.0077264477124
-7.041854 -5.646392e-05 -0.8289206575706061 -0.9869046595192997
-7.091533 -5.686707e-05 -0.8348391159967938 -0.9939511170356252
-7.141678 -5.725786e-05 -0.8405761229876654 -1.0007815402845521
-7.191872999999999 -5.715649e-05 -0.8390879569684104 -0.999009744678872
-7.241759 -5.759506e-05 -0.8455264000093956 -1.0066752906864
-7.291595 -5.708396e-05 -0.8380231776315598 -0.9977420290304556
-7.341715 -5.728528e-05 -0.8409786633077598 -1.0012608007709656
-7.391571 -5.689505e-05 -0.8352498774175175 -0.9944401654823741
-7.441318 -5.641868e-05 -0.8282565100840608 -0.986113932152219
-7.491613999999999 -5.834934e-05 -0.856599635335465 -1.019858974117912
-7.541531 -5.710986e-05 -0.8384034035356605 -0.9981947221959593
-7.591146 -5.678467e-05 -0.8336294397613533 -0.9925108885863007
-7.6409650000000005 -5.678635e-05 -0.8336541030632408 -0.9925402524673063
-7.691457000000001 -5.737082e-05 -0.8422344364288714 -1.0027559117121698
-7.741222 -5.714149e-05 -0.8388677489158424 -0.9987475671698931
-7.790688 -5.704204e-05 -0.8374077695273162 -0.9970093302853623
-7.841364 -5.699823e-05 -0.836764615208449 -0.9962435971741377
-7.8912070000000005 -5.789742e-05 -0.8499652071276943 -1.0119600901273926
-7.940881999999999 -5.724362e-05 -0.8403670721430943 -1.000532646436028
-7.990725 -5.702479e-05 -0.8371545302668629 -0.9967078261500365
-8.040685 -5.770442e-05 -0.8471318635179852 -1.0085867395118628
-8.090373 -5.808196e-05 -0.852674353395755 -1.0151855726278585
-8.140688 -5.653343e-05 -0.8299411016862065 -0.9881195900959083
-8.190335 -5.710517e-05 -0.838334551817891 -0.998112748028152
-8.240225 -5.635016e-05 -0.8272505996999298 -0.9849163052912029
-8.290604 -5.73437e-05 -0.8418363002698283 -1.002281894775936
-8.340354 -5.674155e-05 -0.8329964150129043 -0.991757215640489
-8.390539 -5.72066e-05 -0.8398235986693562 -0.999885592343868
-8.440558000000001 -5.886821e-05 -0.8642169254845312 -1.0289280437235075
-8.490594999999999 -5.762652e-05 -0.845988249698315 -1.0072251643152321
-8.540184 -5.731927e-05 -0.8414776547548791 -1.0018548950063122
-8.589882 -5.700743e-05 -0.8368996761473575 -0.9964043993796448
-8.639947 -5.840175e-05 -0.8573690422711377 -1.0207750223342846
-8.689872 -5.8315e-05 -0.8560955057004525 -1.0192587624073561
-8.739493 -5.691609e-05 -0.8355587559125863 -0.9948079131349686
-8.789799 -5.818985e-05 -0.854258236515193 -1.0170713280574413
-8.839523 -5.852365e-05 -0.8591585997116744 -1.0229056515572539
-8.889168999999999 -5.732902e-05 -0.8416207899890483 -1.0020253103871486
-8.939392 -5.802709e-05 -0.8518688323394611 -1.014226527300013
-8.989212 -5.8545e-05 -0.8594720291731629 -1.023278817545034
-9.038872999999999 -5.720823e-05 -0.8398475279444019 -0.9999140822998436
-9.088807000000001 -5.83274e-05 -0.8562775443572421 -1.0194754958147787
-9.138475 -5.621984e-05 -0.8253374321392185 -0.9826385070931934
-9.188373 -5.75106e-05 -0.844286481868069 -1.0051990565258422
-9.23878 -5.731798e-05 -0.8414587168623583 -1.00183234774054
-9.288325 -5.758333e-05 -0.8453541973122873 -1.0064702678743784
-9.337697 -5.676131e-05 -0.8332865024208206 -0.9921025908123173
-9.388021 -5.739618e-05 -0.8426067348430798 -1.0031991664873505
-9.437642 -5.70711e-05 -0.8378343859278247 -0.9975172555127576
-9.487317 -5.688879e-05 -0.8351579772569124 -0.9943307500686269
-9.537585 -5.728317e-05 -0.8409476873750319 -1.0012239211347027
-9.587391 -5.746065e-05 -0.8435531890530173 -1.0043260054209422
-9.637326 -5.76599e-05 -0.8464782860179632 -1.0078085966652133
-9.687603999999999 -5.78325e-05 -0.8490121466761796 -1.0108253858685317
-9.737637000000001 -5.786211e-05 -0.849446837371949 -1.0113429242712562
-9.78741 -5.741035e-05 -0.8428147580500724 -1.0034468368408327
-9.837521 -5.740776e-05 -0.8427767354596623 -1.0034015675242822
-9.888104 -5.832598e-05 -0.8562566979949323 -1.0194506763439288
-9.93741 -5.744433e-05 -0.8433136026918232 -1.004040756291173
-9.989696 -5.736777e-05 -0.8421896607915158 -1.0027026022853442
-9.993573 -5.78711e-05 -0.8495788153981216 -1.0115000559916376
-9.945691 -5.717683e-05 -0.8393865590876927 -0.9993652573810475
-9.896854 -5.70029e-05 -0.8368331733154819 -0.9963252217719332
-9.848127 -5.720657e-05 -0.8398231582532512 -0.9998850679888499
-9.798517 -5.856691e-05 -0.8597936797352805 -1.0236617714931493
-9.748646 -5.953809e-05 -0.8740511235014842 -1.0406365417044976
-9.699118 -5.688454e-05 -0.8350955849753514 -0.9942564664410828
-9.649388 -5.800481e-05 -0.8515417499787132 -1.0138371063066762
-9.599863 -5.55257e-05 -0.8151470842985787 -0.9705059806876812
-9.550006999999999 -5.810862e-05 -0.8530657365078528 -1.015651549453817
-9.499721 -5.726571e-05 -0.8406913652018427 -1.000918746514251
-9.450411 -5.77907e-05 -0.8483985002363568 -1.0100947845435102
-9.400934 -5.655375e-05 -0.830239410194752 -0.9884747532280719
-9.350942 -5.768822e-05 -0.8468940388212116 -1.0083035878021656
-9.301278 -5.823454e-05 -0.8549143097064774 -1.0178524422491928
-9.251684 -5.679506e-05 -0.8337819705390986 -0.99269249020752
-9.201545 -5.73086e-05 -0.8413210134268191 -1.0016683994049251
-9.151517 -5.690645e-05 -0.8354172355374692 -0.9946394203891981
-9.101637 -5.844783e-05 -0.858045521408627 -1.0215804316418682
-9.05191 -5.609711e-05 -0.8235356898531067 -0.9804933707147273
-9.001961 -5.757162e-05 -0.8451822882259158 -1.0062655946323689
-8.952335 -5.773753e-05 -0.8476179360926872 -1.0091654526666827
-8.902524999999999 -5.775246e-05 -0.8478371165076765 -1.0094264066806196
-8.852294 -5.756644e-05 -0.8451062430450957 -1.0061750559992682
-8.802091 -5.73591e-05 -0.8420623805371314 -1.0025510636851545
-8.752400999999999 -5.702834e-05 -0.8372066461726373 -0.9967698748271615
-8.702646000000001 -5.780283e-05 -0.8485765751482001 -1.010306798755771
-8.652646 -5.686936e-05 -0.8348727344261525 -0.993991142801996
-8.602788 -5.736098e-05 -0.8420899799463867 -1.0025839232662797
-8.553026 -5.796234e-05 -0.8509182675792089 -1.0130947943862538
-8.503109 -5.809876e-05 -0.8529209864146312 -1.0154792114379148
-8.452941999999998 -5.848748e-05 -0.8586276046942485 -1.0222734541906024
-8.402769000000001 -5.753153e-05 -0.8445937455040856 -1.0055648815433709
-8.353382 -5.630116e-05 -0.8265312533948742 -0.9840598587618715
-8.303155 -5.780814e-05 -0.8486545287988092 -1.0103996095939498
-8.253017 -5.700258e-05 -0.8368284755436938 -0.9963196286517415
-8.203486000000002 -5.831597e-05 -0.8561097458211853 -1.0192757165529367
-8.153654000000001 -5.834248e-05 -0.8564989268527572 -1.0197390716038055
-8.103368 -5.664661e-05 -0.8316026448455168 -0.9900978067936579
-8.053363000000001 -5.669073e-05 -0.8322503501308035 -0.990868958240068
-8.003636 -5.714289e-05 -0.8388883016674153 -0.998772037070731
-7.95321 -5.720711e-05 -0.8398310857431435 -0.9998945063791731
-7.903203 -5.699621e-05 -0.8367349605240365 -0.9962082906029285
-7.85374 -5.724392e-05 -0.8403714763041455 -1.0005378899862076
-7.8036639999999995 -5.734094e-05 -0.8417957819881557 -1.0022336541142838
-7.753533999999999 -5.712044e-05 -0.8385587236154053 -0.9983796447322925
-7.703891 -5.76396e-05 -0.8461802711201545 -1.0074537831030617
-7.6536729999999995 -5.764978e-05 -0.8463297189851638 -1.0076317142391553
-7.603712000000001 -5.854176e-05 -0.8594244642338081 -1.0232221872030947
-7.553998 -5.793667e-05 -0.8505414181985808 -1.0126461212758877
-7.504099 -5.683591e-05 -0.8343816704689258 -0.993406486956973
-7.454312 -5.765777e-05 -0.8464470164744985 -1.0077713674589381
-7.404071 -5.770007e-05 -0.8470680031827404 -1.008510708034259
-7.353923 -5.762723e-05 -0.8459986728794698 -1.007237574050657
-7.304303 -5.784561e-05 -0.8492046085141242 -1.0110545290113793
-7.2541080000000004 -5.725931e-05 -0.8405974097660804 -1.00080688411042
-7.204259 -5.624512e-05 -0.8257085561104799 -0.9830803635883261
-7.1540159999999995 -5.73448e-05 -0.84185244886035 -1.0023011211265944
-7.10396 -5.768922e-05 -0.8469087193580496 -1.0083210663027642
-7.053803 -5.663753e-05 -0.8314693455710289 -0.9899391020082227
-7.004287000000001 -5.724595e-05 -0.8404012777939264 -1.0005733713424227
-6.954470000000001 -5.784056e-05 -0.849130471803093 -1.0109662625833564
-6.904284 -5.677946e-05 -0.8335529541644279 -0.9924198255981819
-6.854184 -5.698399e-05 -0.8365555643638777 -0.9959947033256136
-6.804285 -5.794481e-05 -0.8506609177684411 -1.0127883962707604
-6.754016 -5.723724e-05 -0.8402734103180685 -1.0004211336022089
-6.704306 -5.734881e-05 -0.8419113178130699 -1.0023712099139948
-6.654646 -5.734139e-05 -0.8418023882297329 -1.002241519439553
-6.604413999999999 -5.732762e-05 -0.8416002372374753 -1.0020008404863103
-6.554183 -5.809968e-05 -0.8529344925085222 -1.0154952916584656
-6.504042 -5.682026e-05 -0.834151920067413 -0.9931329484226048
-6.454386 -5.716029e-05 -0.8391437430083943 -0.9990761629811468
-6.404429 -5.716556e-05 -0.8392211094375299 -0.9991682746793014
-6.35446 -5.730758e-05 -0.8413060392792444 -1.0016505713343145
-6.304321 -5.684463e-05 -0.834509684750152 -0.9935588994821927
-6.254569999999999 -5.820409e-05 -0.8544672873597642 -1.0173202219059654
-6.204618 -5.655869e-05 -0.830311932046731 -0.9885610970210289
-6.154599 -5.741798e-05 -0.8429267705461454 -1.0035801978004
-6.1047780000000005 -5.808225e-05 -0.852678610751438 -1.015190641393032
-6.054849 -5.770236e-05 -0.8471016216120991 -1.0085507338006299
-6.005184 -5.787205e-05 -0.8495927619081175 -1.0115166605672063
-5.955043 -5.698056e-05 -0.8365052101225238 -0.9959347520685603
-5.9046639999999995 -5.670587e-05 -0.8324726134585291 -0.991133582739131
-5.8546819999999995 -5.679066e-05 -0.8337173761770121 -0.9926155848048863
-5.804636 -5.678175e-05 -0.8335865725937868 -0.9924598513645527
-5.754626 -5.777988e-05 -0.8482396568277709 -1.0099056671670332
-5.704581 -5.833371e-05 -0.8563701785446891 -1.019585785153556
-5.6544229999999995 -5.774917e-05 -0.8477888175414798 -1.0093689024136503
-5.6045609999999995 -5.616454e-05 -0.8245255984520842 -0.9816719460100908
-5.554654 -5.772957e-05 -0.8475010790194576 -1.0090263238019177
-5.5046360000000005 -5.760497e-05 -0.8456718841294589 -1.0068485026273322
-5.454821 -5.773635e-05 -0.8476006130592184 -1.0091448280359763
-5.4049 -5.778589e-05 -0.8483278868541665 -1.0100107129556308
-5.355016 -5.732613e-05 -0.841578363237587 -1.0019747975204185
-5.304303 -5.671587e-05 -0.8326194188269077 -0.991308367745117
-5.254265999999999 -5.636647e-05 -0.8274900392557556 -0.9852013796359661
-5.2048440000000005 -5.727143e-05 -0.8407753378725554 -1.001018723537675
-5.154748 -5.623027e-05 -0.8254905501384374 -0.9828208078544368
-5.104525 -5.642025e-05 -0.8282795585268963 -0.9861413733981589
-5.054399999999999 -5.719967e-05 -0.8397218625490698 -0.9997644663347196
-5.004923 -5.732787e-05 -0.8416039073716849 -1.00200521011146
-4.954664 -5.758307e-05 -0.8453503803727095 -1.0064657234642227
-4.905220999999999 -5.687809e-05 -0.8350008955127473 -0.9941437301122218
-4.855108 -5.814946e-05 -0.8536652896323114 -1.0163653714182639
-4.805201 -5.763783e-05 -0.8461542865699514 -1.007422846157002
-4.755071 -5.755681e-05 -0.844964869475347 -1.0060067380385036
-4.704803 -5.645286e-05 -0.8287582908331792 -0.9867113473026792
-4.65475 -5.721917e-05 -0.8400081330174082 -1.0001052970963924
-4.604793 -5.756002e-05 -0.8450119939985966 -1.0060628440254251
-4.554693 -5.718976e-05 -0.8395763784290065 -0.9995912543937875
-4.504534 -5.715368e-05 -0.8390467046598961 -0.9989606300921899
-4.45475 -5.771451e-05 -0.8472799901346793 -1.0087630975829027
-4.405024999999999 -5.706276e-05 -0.8377119502505969 -0.9973714848177653
-4.35458 -5.737453e-05 -0.8422889012205399 -1.0028207569493908
-4.304825 -5.666526e-05 -0.831876436857543 -0.9904237808298217
-4.25534 -5.703053e-05 -0.8372387965483121 -0.9968081527434723
-4.204891 -5.807118e-05 -0.8525160972086429 -1.0149971543914054
-4.154367000000001 -5.624036e-05 -0.8256386767551317 -0.9829971659254767
-4.104814999999999 -5.709881e-05 -0.838241183603602 -0.9980015847643448
-4.0545990000000005 -5.749665e-05 -0.8440816883791807 -1.0049552314424917
-4.0044949999999995 -5.696375e-05 -0.8362584302982792 -0.9956409384734979
-3.954627 -5.668652e-05 -0.8321885450707163 -0.990795373752548
-3.904516 -5.677812e-05 -0.8335332822450652 -0.9923964044073798
-3.85421 -5.669341e-05 -0.8322896939695291 -0.9909158006216724
-3.80457 -5.688376e-05 -0.8350841341566179 -0.9942428332106159
-3.7548310000000003 -5.716563e-05 -0.8392221370751086 -0.9991694981743433
-3.704868 -5.700969e-05 -0.8369328541606111 -0.9964439007909976
-3.654803 -5.704988e-05 -0.837522864936125 -0.9971463617300553
-3.6043960000000004 -5.625629e-05 -0.8258725377069588 -0.9832755984400123
-3.5546170000000004 -5.705569e-05 -0.837608158855153 -0.9972479118185332
-3.504858 -5.705692e-05 -0.8376262159154636 -0.9972694103742694
-3.45459 -5.648072e-05 -0.8291672905894822 -0.9871982983293561
-3.404391 -5.669021e-05 -0.8322427162516479 -0.9908598694197569
-3.354683 -5.568263e-05 -0.8174509009445459 -0.9732488817866196
-3.304312 -5.652699e-05 -0.8298465590289706 -0.9880070285520535
-3.254495 -5.728894e-05 -0.8410323940725865 -1.0013247720831566
-3.204618 -5.629271e-05 -0.8264072028585941 -0.9839121654318134
-3.15446 -5.589738e-05 -0.8206035462304786 -0.977002389790169
-3.104514 -5.653532e-05 -0.8299688479008301 -0.9881526244620398
-3.0545720000000003 -5.691273e-05 -0.8355094293088109 -0.9947491853729573
-3.004322 -5.709852e-05 -0.8382369262479191 -0.9979965159991712
-2.9542469999999996 -5.712171e-05 -0.8385773678971893 -0.9984018424280527
-2.9046930000000004 -5.635342e-05 -0.8272984582500215 -0.9849732852031544
-2.854905 -5.599866e-05 -0.8220903910014182 -0.978772612330795
-2.804516 -5.70204e-05 -0.8370900827101446 -0.9966310955324086
-2.7542289999999996 -5.744801e-05 -0.8433676270673865 -1.004105077173376
-2.704377 -5.668261e-05 -0.8321311441716801 -0.9907270328152075
-2.6544 -5.664155e-05 -0.8315283613291171 -0.990009365580629
-2.6044699999999996 -5.656712e-05 -0.8304356889722743 -0.9887084407810751
-2.554312 -5.603898e-05 -0.8226823102467211 -0.9794773454749307
-2.504646 -5.674206e-05 -0.8330039020866915 -0.9917661296757943
-2.454784 -5.668553e-05 -0.8321740113392467 -0.9907780700369554
-2.404423 -5.688401e-05 -0.8350878042908274 -0.9942472028357655
-2.354429 -5.652316e-05 -0.8297903325728815 -0.9879400858947607
-2.3044879999999996 -5.66366e-05 -0.8314556926717697 -0.9899228470026659
-2.254562 -5.738917e-05 -0.8425038242798463 -1.0030766421981543
-2.204303 -5.629483e-05 -0.8264383255966904 -0.9839492198530824
-2.154372 -5.654199e-05 -0.8300667670815387 -0.9882692060610324
-2.1050720000000003 -5.6563e-05 -0.8303752051605023 -0.988636429358609
-2.054349 -5.633706e-05 -0.8270582846673538 -0.9846873369333612
-2.003923 -5.647102e-05 -0.829024889382155 -0.9870287568735499
-1.954173 -5.737764e-05 -0.8423345576901057 -1.0028751150862525
-1.904145 -5.706743e-05 -0.8377805083576296 -0.9974531094155606
-1.8540699999999999 -5.590699e-05 -0.8207446261894905 -0.9771703581809214
-1.804423 -5.692944e-05 -0.8357547410793718 -0.9950412511179599
-1.754368 -5.583239e-05 -0.8196494581413853 -0.9758664620362658
-1.704071 -5.626633e-05 -0.8260199302968111 -0.9834510825860223
-1.653988 -5.637981e-05 -0.8276858776171727 -0.9854345428339514
-1.60396 -5.619327e-05 -0.8249473702754362 -0.9821741033322886
-1.553693 -5.659333e-05 -0.830820465842795 -0.9891665522817645
-1.5043060000000001 -5.620809e-05 -0.8251649358313735 -0.9824331347111599
-1.454405 -5.578698e-05 -0.8189828149635776 -0.9750727633240834
-1.404006 -5.670052e-05 -0.8323940725864464 -0.9910400727609284
-1.353979 -5.614731e-05 -0.8242726528023677 -0.9813707914447769
-1.30408 -5.420395e-05 -0.7957430847331226 -0.9474037725214818
-1.25421 -5.509452e-05 -0.8088171304248255 -0.9629696007995769
-1.2040060000000001 -5.43165e-05 -0.797395379154225 -0.9493709777638542
-1.154287 -5.624834e-05 -0.8257558274390978 -0.9831366443602535
-1.10433 -5.596642e-05 -0.8216170904937652 -0.9782091054714962
-1.053942 -5.634311e-05 -0.8271471019152228 -0.9847930818619828
-1.0043250000000001 -5.580768e-05 -0.8192867020761216 -0.9754345682864745
-0.9542193999999999 -5.582946e-05 -0.8196064441684505 -0.975815250029512
-0.9037472 -5.469601e-05 -0.8029667896895654 -0.9560042435260289
-0.8542401 -5.474721e-05 -0.8037184331756644 -0.9568991427566771
-0.8040178 -5.639327e-05 -0.8278834776430104 -0.9856698034520086
-0.7539382 -5.519058e-05 -0.8102273427934713 -0.9646485855670784
-0.7041917 -5.533787e-05 -0.8123896390643214 -0.9672229939202462
-0.6540712999999999 -5.420618e-05 -0.795775822330271 -0.9474427495778166
-0.6037472 -5.488532e-05 -0.8057459621183428 -0.9593130984743499
-0.5538344 -5.505688e-05 -0.808264555018248 -0.9623117100370456
-0.5039879 -5.48066e-05 -0.8045903102584656 -0.957937190907228
-0.4536731 -5.205581e-05 -0.7642072363302181 -0.9098575062456052
-0.40374 -4.87965e-05 -0.7163588158091766 -0.8528896544595824
-0.3542287 -3.903575e-05 -0.5730657658689263 -0.682286379741798
-0.3037564 -2.879881e-05 -0.4227819910918503 -0.5033600178239662
-0.2535064 -2.140579e-05 -0.31424848863873256 -0.3741411133285048
-0.203674 -1.53308e-05 -0.22506437415403405 -0.2679593969770161
-0.15394159999999998 -1.31592e-05 -0.1931841203569132 -0.23000308507709644
-0.1037023 -8.596307e-06 -0.1261984015831491 -0.15025055704524895
-0.05397864 -5.751299e-06 -0.08443215683511116 -0.1005240830142273
-0.003802712 -3.347222e-06 -0.04913901587553254 -0.058504421730646926
0.046271360000000004 -5.069037e-07 -0.007441618441103156 -0.00885991662388253
0.09660469999999999 1.670113e-06 0.024518155419907397 0.029191071070229557
0.1463355 3.34074e-06 0.04904385663574946 0.05839112608976679
0.1960584 6.728931e-06 0.09878431942499273 0.11761162451143775
0.2466047 9.010291e-06 0.1322759089454383 0.15748637663705972
0.2964676 1.024049e-05 0.1503358906828505 0.17898841059495682
0.3465121 1.438261e-05 0.2111444359297331 0.2513864574944296
0.39642039999999995 1.609388e-05 0.23626679820427676 0.28129689121379575
0.44628989999999996 1.82366e-05 0.2677230780975199 0.31874842401642783
0.4966374 2.152051e-05 0.3159326398247731 0.3761462469171762
0.5464288 2.45866e-05 0.36094448701800125 0.4297369028175375
0.5967317000000001 2.720023e-05 0.3993139785135663 0.4754192363370563
0.6465677 3.046539e-05 0.4472482801751095 0.532489337351581
0.6971603 3.312045e-05 0.4862259863118675 0.5788958051508997
0.7465148 3.708728e-05 0.5444611802564396 0.648230045680444
0.7962899 4.128967e-05 0.6061545214585407 0.7216815218109943
0.8464565000000001 4.55033e-05 0.6680128718946995 0.7953294562882731
0.8965214 5.025118e-05 0.7377142991364909 0.8783152797103538
0.9465028999999999 5.098238e-05 0.7484487076723423 0.8910955593480501
0.9967978000000001 5.359468e-05 0.7867986740539129 0.9367546464617728
1.0464570000000002 5.419168e-05 0.7955629545461219 0.9471893113191369
1.096799 5.445215e-05 0.7993867939762821 0.9517419363700542
1.14704 5.486671e-05 0.8054727573277901 0.9589878235782099
1.1972070000000001 5.516856e-05 0.8099040773723014 0.9642637089838973
1.246732 5.612777e-05 0.8239857951125557 0.9810292615430803
1.296503 5.560156e-05 0.8162607498230996 0.9718318997430909
1.3466969999999998 5.590615e-05 0.8207322945385468 0.9771556762404185
1.396957 5.524571e-05 0.8110366807893431 0.9656121753050793
1.4470589999999999 5.567645e-05 0.8173601752268876 0.9731408646529202
1.4968730000000001 5.589391e-05 0.8205526047676511 0.9769417393930917
1.546883 5.59554e-05 0.8214553109778119 0.9780164923948997
1.5972439999999999 5.614607e-05 0.8242544489366888 0.9813491181040347
1.647053 5.578277e-05 0.8189210099034903 0.9749991788365634
1.696836 5.552547e-05 0.815143707775106 0.9705019606325436
1.747175 5.646129e-05 0.8288820477587224 0.9868586910627254
1.796846 5.58331e-05 0.8196598813225403 0.9758788717716909
1.8469659999999999 5.525279e-05 0.8111406189901553 0.9657359230893173
1.897166 5.633925e-05 0.8270904350430287 0.9847256148496722
1.947114 5.641096e-05 0.8281431763396724 0.9859789981275979
1.9973640000000001 5.669957e-05 0.8323801260764504 0.9910234681853598
2.047034 5.635876e-05 0.8273768523167355 0.9850666203963508
2.096827 5.704589e-05 0.837464289594142 0.9970766225126669
2.147003 5.731473e-05 0.8414110051176351 1.0017755426135944
2.1972620000000003 5.656933e-05 0.8304681329586862 0.9887470682673981
2.247052 5.685739e-05 0.8346970084002032 0.9937819251498309
2.2970770000000003 5.706731e-05 0.8377787466932092 0.9974510119954889
2.34729 5.703837e-05 0.8373538919571211 0.9969451841881654
2.397694 5.801124e-05 0.8516361458305808 1.0139494930655253
2.446902 5.653036e-05 0.8298960324381143 0.9880659310990707
2.49667 5.742588e-05 0.8430427467871645 1.0037182779551288
2.547383 5.742908e-05 0.8430897245050457 1.0037742091570445
2.5973829999999998 5.639356e-05 0.8278877349986934 0.9856748722171822
2.64709 5.655454e-05 0.830251007818854 0.9884885612435448
2.696984 5.564801e-05 0.8169426607592187 0.972643776095896
2.747271 5.7808e-05 0.8486524735236519 1.010397162603866
2.797327 5.727552e-05 0.8408353812682222 1.0010902106051234
2.847335 5.602293e-05 0.8224466876304733 0.979196815540323
2.897494 5.607295e-05 0.8231810080831036 0.980071090140265
2.9473730000000002 5.676607e-05 0.8333563817761689 0.9921857884751667
2.997105 5.715082e-05 0.8390047183245398 0.998910641580478
3.0473090000000003 5.622219e-05 0.8253719314007875 0.9826795815696001
3.09725 5.746057e-05 0.8435520146100703 1.0043246071408944
3.1472249999999997 5.704845e-05 0.8375018717684469 0.9971213674741992
3.197466 5.656974e-05 0.8304741519787896 0.9887542344526434
3.247716 5.627463e-05 0.8261417787525656 0.9835961541409907
3.297666 5.705132e-05 0.8375440049091716 0.9971715307709174
3.3473919999999997 5.627308e-05 0.8261190239204668 0.9835690624650628
3.397468 5.690483e-05 0.8353934530677918 0.9946111052182284
3.447197 5.657079e-05 0.8304895665424694 0.9887725868782721
3.4975210000000003 5.557209e-05 0.8158281144024876 0.9713168083304503
3.54766 5.682886e-05 0.8342781726842187 0.9932832635277528
3.597845 5.677298e-05 0.8334578242857185 0.9923065649143029
3.647716 5.659604e-05 0.8308602500976257 0.9892139190183867
3.6976329999999997 5.790704e-05 0.8501064338920746 1.0121282333031514
3.747836 5.690446e-05 0.8353880212691619 0.9946046381730069
3.7974769999999998 5.674115e-05 0.8329905427981692 0.9917502242402496
3.8472809999999997 5.582561e-05 0.8195499241016246 0.9757479578022072
3.897346 5.659329e-05 0.8308198786213215 0.9891658531417405
3.947734 5.568986e-05 0.8175570412258836 0.9733752513459474
3.997798 5.663667e-05 0.8314567203093483 0.9899240704977078
4.047568 5.670901e-05 0.8325187103441999 0.9911884652310106
4.097817 5.595788e-05 0.8214917187091698 0.9780598390763842
4.147633 5.651538e-05 0.8296761179962829 0.9878041031601037
4.197799 5.597587e-05 0.8217558215668831 0.978374277302153
4.248043 5.747161e-05 0.8437140877367605 1.0045175697875028
4.297966000000001 5.732711e-05 0.8415927501636881 1.0019919264510053
4.347994 5.605493e-05 0.8229164648092853 0.9797561275594783
4.398374 5.714387e-05 0.8389026885935165 0.9987891660013177
4.448156 5.666568e-05 0.831882602683015 0.9904311218000732
4.497892 5.52066e-05 0.810462524993614 0.964928591146668
4.548003 5.763488e-05 0.8461109789862796 1.0073712845802363
4.598142 5.63764e-05 0.8276358169865556 0.9853749411469102
4.648034 5.727239e-05 0.8407894311879197 1.0010355028982498
4.697828 5.79931e-05 0.8513698408923418 1.0136324330646667
4.748234999999999 5.752863e-05 0.8445511719472558 1.005514193891635
4.79794 5.569637e-05 0.8176526115206982 0.9734890363848443
4.847966 5.751255e-05 0.8443151089149028 1.0052331396020096
4.898161 5.658373e-05 0.8306795326891514 0.9889987586760179
4.948364 5.754704e-05 0.844821440630441 1.0058359730876552
4.997987 5.727189e-05 0.8407820909195008 1.0010267636479506
5.047827 5.751871e-05 0.8444055410218242 1.005340807165697
5.098086 5.614623e-05 0.8242567978225829 0.9813519146641305
5.147874 5.624796e-05 0.8257502488350995 0.983130002530026
5.197929 5.766085e-05 0.8464922325279591 1.0078252012407818
5.2478549999999995 5.674474e-05 0.8330432459254171 0.9918129720573986
5.297864 5.689984e-05 0.835320197188971 0.9945238875002415
5.348133 5.671416e-05 0.8325943151089149 0.9912784795090933
5.397958 5.696326e-05 0.8362512368352286 0.9956323740082046
5.447818 5.737684e-05 0.8423228132606354 1.0028611322857734
5.497997000000001 5.653318e-05 0.8299374315519971 0.9881152204707587
5.548022 5.756502e-05 0.845085396682786 1.006150236528418
5.598438 5.786757e-05 0.8495269931030838 1.0114383568845244
5.648515000000001 5.667767e-05 0.8320586223197011 0.9906406890222504
5.6985209999999995 5.900196e-05 0.8661804472865964 1.0312657931785703
5.748393 5.682016e-05 0.8341504520137293 0.9931312005725449
5.798095999999999 5.812393e-05 0.8532904955268406 1.0159191452979817
5.848513 5.669417e-05 0.832300851177526 0.9909290842821273
5.898223 5.80922e-05 0.8528246820929749 1.015364552473988
5.948232 5.751549e-05 0.8443582696932063 1.0052845263937695
5.998095999999999 5.707667e-05 0.8379161565180115 0.9976146107610918
6.0482439999999995 5.675123e-05 0.8331385226094948 0.9919264075262835
6.098355 5.599399e-05 0.8220218328943852 0.9786909877329996
6.148466 5.813041e-05 0.85338562540555 1.0160324059818606
6.198735 5.707216e-05 0.8378499472968729 0.9975357827233922
6.248929 5.633038e-05 0.8269602186812768 0.9845705805493626
6.298591 5.645631e-05 0.8288089386852698 0.9867716481297443
6.348086 5.684915e-05 0.8345760407766591 0.9936379023048983
6.398207 5.648081e-05 0.8291686118377977 0.98719987139441
6.44855 5.792104e-05 0.8503119614078049 1.0123729323115316
6.498679 5.680794e-05 0.8339710558535706 0.99291761329523
6.548204 5.688643e-05 0.8351233311899751 0.9942895008072141
6.598142 5.694475e-05 0.8359795000983596 0.9953088469621245
6.648068 5.718883e-05 0.8395627255297472 0.9995749993882308
6.698595999999999 5.691542e-05 0.8355489199529049 0.9947962025395676
6.748818 5.712343e-05 0.8386026184205505 0.9984319054490823
6.798515999999999 5.791328e-05 0.8501980404419429 1.0122372991468864
6.8484110000000005 5.699768e-05 0.8367565409131882 0.9962339839988084
6.898846 5.627932e-05 0.826210630470335 0.9836781283087982
6.948627999999999 5.65289e-05 0.829874598854331 0.9880404124881967
6.998614 5.736226e-05 0.8421087710335392 1.002606295747046
7.048772 5.802451e-05 0.8518309565544193 1.0141814327684688
7.098676 5.73849e-05 0.8424411383875485 1.0030020090005982
7.1484939999999995 5.715324e-05 0.8390402452236874 0.9989529395519267
7.1990680000000005 5.734401e-05 0.841840851236248 1.0022873131111214
7.248893 5.670165e-05 0.8324106615930732 0.9910598234666049
7.298966 5.69865e-05 0.8365924125113408 0.9960385743621161
7.348902 5.723666e-05 0.8402648956067026 1.0004109960718617
7.398957 5.776874e-05 0.848076115647397 1.0097109566703648
7.448515 5.712595e-05 0.8386396133733819 0.9984759512705907
7.498661 5.707079e-05 0.837829834961405 0.9975118371775721
7.548929 5.73012e-05 0.8412123774542187 1.0015390585004955
7.5987610000000005 5.76614e-05 0.8465003068232201 1.0078348144161111
7.648975999999999 5.707486e-05 0.8378895847463351 0.9975829746750083
7.699082000000001 5.720424e-05 0.8397889526024188 0.9998443430824552
7.748893 5.710079e-05 0.8382702510665411 0.9980361921955301
7.7989120000000005 5.714533e-05 0.8389241221772998 0.9988146846121917
7.848985 5.680941e-05 0.8339926362427221 0.99294330669111
7.898975999999999 5.699825e-05 0.8367649088191859 0.9962439467441496
7.948751000000001 5.723162e-05 0.8401909057010397 1.0003229044288449
7.998976 5.709473e-05 0.8381812870133036 0.9979302724819026
8.048713 5.678569e-05 0.8336444139089279 0.9925287166569112
8.098633 5.697739e-05 0.8364586728207478 0.9958793452216628
8.149188 5.72078e-05 0.8398412153135616 0.9999065665445862
8.19942 5.630764e-05 0.8266263832735835 0.9841731194457505
8.249188 5.731095e-05 0.841355512688388 1.0017094738813317
8.298948000000001 5.725453e-05 0.8405272367999954 1.0007233368775588
8.348827 5.686585e-05 0.8348212057418516 0.993929793264895
8.399243 5.672171e-05 0.8327051531620409 0.9914104421886127
8.44943 5.810423e-05 0.8530012889511345 1.0155748188361893
8.498901 5.648953e-05 0.8292966261190239 0.9873522839196298
8.549021 5.636565e-05 0.8274780012155485 0.9851870472654752
8.59942 5.775582e-05 0.8478864431114518 1.009485134442631
8.649175 5.713118e-05 0.8387163925810439 0.9985673638287215
8.699012 5.634823e-05 0.8272222662638328 0.9848825717850477
8.749058999999999 5.688239e-05 0.83506402182115 0.9942188876647958
8.799104 5.737001e-05 0.8422225451940327 1.0027417541266852
8.848939 5.777799e-05 0.8482119106131474 1.009872632800902
8.898873 5.730088e-05 0.8412076796824307 1.0015334653803039
8.949271000000001 5.783824e-05 0.8490964129576292 1.0109257124619675
8.999175 5.792282e-05 0.8503380927633762 1.0124040440425972
9.049123 5.671876e-05 0.8326618455783691 0.9913588806118468
9.099022999999999 5.747518e-05 0.8437664972532716 1.00457996803464
9.149226 5.740551e-05 0.8427437042517771 1.0033622408979355
9.199232 5.682488e-05 0.834219744147604 0.9932136990953703
9.249124 5.731899e-05 0.8414735442045645 1.0018500010261444
9.299244 5.682422e-05 0.834210054993291 0.9932021632849752
9.349566999999999 5.706706e-05 0.8377750765589996 0.9974466423703392
9.399363 5.666975e-05 0.831942352467945 0.9905022592975096
9.449138000000001 5.705454e-05 0.8375912762377894 0.9972278115428447
9.499161 5.685892e-05 0.8347194696215652 0.9938086672557467
9.548986000000001 5.770464e-05 0.8471350932360895 1.0085905847819947
9.599086 5.709541e-05 0.8381912697783533 0.9979421578623097
9.649147000000001 5.696844e-05 0.8363272820160488 0.9957229126413053
9.698957 5.777503e-05 0.8481684562241072 1.00982089643913
9.749207 5.688271e-05 0.8350687195929382 0.9942244807849873
9.799225 5.73815e-05 0.8423912245622999 1.002942582098563
9.84943 5.808109e-05 0.8526615813287062 1.0151703663323375
9.899744 5.726083e-05 0.8406197241820739 1.00083345143133
9.94927 5.736109e-05 0.8420915948054389 1.0025858459013457
10.00134 5.746649e-05 0.8436389233881505 1.004428079864438
nan nan nan nan
