Ms(MA/m):0.8556998929798977
H(kOe) moment(emu) M(MA/m) M_norm()
9.992974 5.622787e-05 0.8452979927358445 0.9878439855732253
9.948036 5.720017e-05 0.8599150009621396 1.0049259185572212
9.900239 5.653581e-05 0.8499273885120507 0.9932540549377133
9.851657999999999 5.735585e-05 0.8622554060229951 1.007660995515926
9.803498 5.62408e-05 0.8454923750420935 0.9880711473478658
9.754396 5.828179e-05 0.8761754642324528 1.0239284490047684
9.705836 5.660827e-05 0.8510167111656323 0.9945270744420025
9.656960999999999 5.524135e-05 0.8304672090729782 0.9705122273428726
9.607859000000001 5.792542e-05 0.870817999230288 1.0176675331788847
9.558351 5.748639e-05 0.8642178705440899 1.0099543983049117
9.508902 5.634713e-05 0.847090880117381 0.9899392147490673
9.459535 5.67491e-05 0.853133869726271 0.9970012579472336
9.409795 5.706518e-05 0.8578856376581516 1.0025543355751072
9.360072 5.680629e-05 0.8539936318372059 0.9980060051933044
9.31048 5.607574e-05 0.8430109563669599 0.9851712770831961
9.260677 5.707935e-05 0.8580986614230046 1.0028032823923274
9.210674000000001 5.643753e-05 0.8484499025833452 0.9915274146274519
9.161166999999999 5.771025e-05 0.8675832551594745 1.0138873012338405
9.111415000000001 5.667712e-05 0.8520517631211815 0.9957366713626526
9.060902 5.619976e-05 0.8448754028960407 0.9873501327128117
9.011016999999999 5.67584e-05 0.8532736806658006 0.9971646457665807
8.961242 5.810607e-05 0.8735337891470629 1.0208412976482448
8.911258 5.696212e-05 0.8563362919132149 1.000743717439418
8.861045 5.704138e-05 0.8575278419204309 1.0021362033062404
8.81128 5.623235e-05 0.8453653425217683 0.9879226928238354
8.76149 5.705961e-05 0.8578019014287774 1.0024564785693262
8.711341000000001 5.798387e-05 0.8716967034685138 1.0186944168391896
8.661563 5.695135e-05 0.8561743818251791 1.0005545038034644
8.611758 5.655661e-05 0.8502400839466974 0.9936194814584035
8.561931000000001 5.657347e-05 0.8504935476499735 0.9939156877631554
8.511888 5.669419e-05 0.8523083838456726 0.9960365670697768
8.461749 5.584063e-05 0.8394764456150478 0.9810407275986055
8.411359000000001 5.790452e-05 0.8705038004522057 1.0173003497999218
8.361258 5.601267e-05 0.8420627976620001 0.9840632265706992
8.311497 5.618559e-05 0.8446623791311877 0.9871011858955914
8.261443 5.876177e-05 0.8833912120556117 1.0323610173413502
8.211138 5.714901e-05 0.8591458904603837 1.0040271098649851
8.161261 5.724862e-05 0.8606433708567854 1.0057771163902716
8.110952000000001 5.711295e-05 0.8586037848174338 1.003393586771904
8.061497000000001 5.601772e-05 0.8421387165055081 0.9841519479134629
8.01136 5.559422e-05 0.83577205705489 0.976711653129217
7.961286 5.683822e-05 0.8544736493962573 0.9985669700397295
7.9113549999999995 5.624887e-05 0.8456136948573627 0.9882129258104606
7.861461 5.70835e-05 0.8581610501755905 1.0028761920106382
7.810897 5.797605e-05 0.8715791420118342 1.0185570305222762
7.761299 5.730578e-05 0.8615026819646894 1.0067813365788607
7.711563 5.663371e-05 0.8513991617357001 0.994974019186539
7.661146 5.76747e-05 0.8670488165680472 1.013262738117949
7.610601 5.636434e-05 0.8473496055226823 0.9902415700577731
7.561025 5.547555e-05 0.8339880393996246 0.9746267894171828
7.511276 5.631398e-05 0.8465925217684129 0.9893568162317173
7.460934 5.70654e-05 0.8578889450137104 1.0025582006633067
7.411016 5.722976e-05 0.8603598402847933 1.0054457729200688
7.361238999999999 5.63697e-05 0.8474301847308412 0.9903357376611818
7.310988999999999 5.690853e-05 0.8555306501659691 0.9998022170911588
7.261205 5.732731e-05 0.8618263518064174 1.0071595881649404
7.211239 5.655571e-05 0.8502265538557752 0.9936036697339505
7.160804 5.666153e-05 0.85181739187954 0.9954627771579623
7.110582 5.790477e-05 0.8705075588107951 1.0173047419456032
7.060817 5.660172e-05 0.8509182421705873 0.9944120002251505
7.010415 5.69824e-05 0.8566411699619954 1.001100008297091
6.960855 5.735527e-05 0.8622466866310674 1.0076508057379452
6.911211000000001 5.757389e-05 0.865533296050416 1.0114916492933923
6.860601 5.742603e-05 0.8633104524462404 1.008893958651601
6.810714 5.637152e-05 0.8474575455813729 0.9903677124817423
6.7610730000000006 5.738932e-05 0.8627585750709577 1.0082490159797481
6.7106189999999994 5.780003e-05 0.8689329568961368 1.0154646085909351
6.660751 5.735472e-05 0.8622384182421705 1.0076411430174463
6.611044 5.67072e-05 0.8525039688266705 0.9962651343310354
6.560924 5.583177e-05 0.8393432493866357 0.9808850699556577
6.510693 5.637982e-05 0.8475823230865444 0.9905135317183638
6.460751 5.582648e-05 0.8392637225188819 0.9807921321530398
6.410729999999999 5.654125e-05 0.8500091703949583 0.99334962802774
6.360193000000001 5.796129e-05 0.87135724852071 1.018297718241248
6.3103739999999995 5.791191e-05 0.8706148975321113 1.0174301816262632
6.2607669999999995 5.762163e-05 0.8662509922066676 1.0123303734327074
6.210693 5.782412e-05 0.8692951123298215 1.0158878357487924
6.160554 5.70079e-05 0.8570245225381247 1.001548007156591
6.110424 5.719286e-05 0.8598051065569826 1.004797492217498
6.060524999999999 5.574714e-05 0.8380709698369172 0.9793982407995994
6.010813 5.870548e-05 0.8825449800355991 1.031372081819732
5.960415 5.626566e-05 0.8458661062202337 0.9885079023144216
5.9103270000000006 5.714986e-05 0.859158668879588 1.0040420431603019
5.860915 5.799447e-05 0.8718560578727088 1.0188806438160798
5.8107299999999995 5.595536e-05 0.8412012315389424 0.9830563710947013
5.760387 5.499768e-05 0.8268040121229614 0.9662312907901519
5.710332 5.722111e-05 0.8602298010775965 1.0052938046794933
5.6604399999999995 5.770305e-05 0.867475014432097 1.013760807438217
5.610563 5.823345e-05 0.8754487480155866 1.023079183715818
5.560332000000001 5.708811e-05 0.8582303543079809 1.0029571831770028
5.510516 5.766023e-05 0.8668312827728869 1.0130085207259114
5.460434 5.858117e-05 0.8806761738105546 1.0291881313011262
5.410127999999999 5.532859e-05 0.8317787258863711 0.9720449104998444
5.360176 5.636677e-05 0.8473861367681724 0.9902842617137961
5.310137 5.711281e-05 0.8586016801366237 1.0033911271703224
5.260459 5.716187e-05 0.8593392204262278 1.004253041838835
5.210489 5.552874e-05 0.8347876677731273 0.9755612623323517
5.160054 5.794554e-05 0.8711204719295712 1.0180210130633216
5.109711 5.627396e-05 0.8459908837254052 0.9886537215510431
5.0600439999999995 5.675979e-05 0.8532945771395583 0.997189066096569
5.010396 5.811136e-05 0.8736133160148168 1.0209342354508626
4.960470999999999 5.646256e-05 0.8488261894453264 0.991967156253071
4.910137 5.789158e-05 0.8703092678116129 1.017073012339454
4.860327 5.648753e-05 0.8492015743012459 0.9924058437637265
4.810242000000001 5.701095e-05 0.8570703745129166 1.0016015913339036
4.760304 5.687591e-05 0.8550402595372106 0.9992291299226532
4.710271 5.568429e-05 0.8371261184875162 0.9782940553753021
4.660258 5.61277e-05 0.8437920936162023 0.9860841406416126
4.610091000000001 5.660783e-05 0.8510100964545148 0.9945193442656033
4.559788999999999 5.715028e-05 0.8591649829220185 1.0040494219650464
4.510044 5.727606e-05 0.8610558882955692 1.0062591983002591
4.459903000000001 5.735556e-05 0.8622510463270312 1.0076559006269357
4.409859 5.634346e-05 0.847035707413287 0.9898747380504648
4.359817 5.607754e-05 0.8430380165488044 0.985202900532102
4.310082 5.693935e-05 0.855993980612883 1.0003436808107584
4.260063 5.798585e-05 0.8717264696685427 1.0187292026329862
4.209854999999999 5.599234e-05 0.8417571679415017 0.98370605728389
4.159822 5.74164e-05 0.8631656804733727 1.0087247731999547
4.109665 5.611583e-05 0.8436136467503728 0.985875601564661
4.0594209999999995 5.670074e-05 0.8524068528407176 0.9961516412866288
4.009156 5.786053e-05 0.8698424796747967 1.0165275078458273
3.959459 5.511728e-05 0.8286020108721797 0.9683324932841207
3.909609 5.603621e-05 0.8424166847067878 0.9844767910080573
3.8592020000000002 5.782595e-05 0.8693226235146966 1.01591998625518
3.809572 5.776681e-05 0.8684335462067637 1.0148809802727943
3.759471 5.750279e-05 0.8644644188675613 1.0102425230616099
3.70945 5.671069e-05 0.8525564355125798 0.9963264486847474
3.659739 5.656814e-05 0.8504134194448452 0.9938220472172284
3.60961 5.546046e-05 0.8337611848751623 0.9743616795038552
3.5595909999999997 5.577445e-05 0.8384815329292346 0.9798780387938325
3.509817 5.635743e-05 0.8472457244912684 0.9901201711511399
3.459767 5.673092e-05 0.8528605618896424 0.996681861113284
3.40923 5.7665e-05 0.8669029922547745 1.013092322865512
3.3594589999999998 5.706674e-05 0.8579090898157501 1.002581742564159
3.309424 5.547387e-05 0.8339627832299032 0.9745972741982041
3.2590169999999996 5.67768e-05 0.8535502958579881 0.9974879076887297
3.209308 5.686728e-05 0.854910520998701 0.9990775130537323
3.159619 5.554024e-05 0.8349605522682444 0.9757633010336949
3.109128 5.674187e-05 0.8530251779958626 0.9968742370941283
3.059214 5.616233e-05 0.8443127014480202 0.9866925406613964
3.0091460000000003 5.649734e-05 0.849349052292298 0.9925781915602636
2.959034 5.670248e-05 0.8524330110165006 0.9961822106205711
2.9092849999999997 5.609968e-05 0.8433708567854908 0.9855918689536444
2.8590169999999997 5.637043e-05 0.8474411591379227 0.9903485627265715
2.808855 5.768266e-05 0.867168482705537 1.013402584036444
2.759239 5.726681e-05 0.8609168290277576 1.0060966889100482
2.70885 5.640014e-05 0.8478878024726991 0.9908705253193457
2.658931 5.609646e-05 0.843322449126858 0.9855352981172683
2.6087759999999998 5.627358e-05 0.8459851710203492 0.9886470454896075
2.55885 5.674886e-05 0.8531302617020252 0.9969970414873794
2.508517 5.585661e-05 0.8397166798960888 0.9813214735505589
2.458461 5.816707e-05 0.8744508286429017 1.0219129811944998
2.4088649999999996 5.639703e-05 0.8478410484918457 0.9908158870270695
2.3590079999999998 5.653129e-05 0.8498594373887525 0.993174644943794
2.308822 5.685334e-05 0.8547009549237504 0.9988326070105389
2.258711 5.571588e-05 0.8376010246788856 0.9788490469036004
2.20894 5.521987e-05 0.8301442909029682 0.970134854185929
2.159165 5.600062e-05 0.8418816447779861 0.9838515251488571
2.108943 5.559237e-05 0.8357442452013276 0.9766791512511749
2.058952 5.582653e-05 0.8392644741905998 0.9807930105821762
2.008952 5.593377e-05 0.840876659691153 0.982677065393658
1.959242 5.539736e-05 0.8328125751671718 0.9732531019338767
1.909267 5.630565e-05 0.8464672932602106 0.9892104699376141
1.8588689999999999 5.633191e-05 0.8468620712464521 0.9896718209199855
1.8087229999999999 5.667052e-05 0.8519525424544185 0.9956207187166644
1.758915 5.664123e-05 0.8515122131620723 0.9951061349286346
1.709016 5.629638e-05 0.8463279333237118 0.9890476091757486
1.6590630000000002 5.525904e-05 0.8307331505267714 0.9708230155712865
1.608924 5.732473e-05 0.8617875655457736 1.0071142612215087
1.558711 5.665243e-05 0.8516805876268821 0.9953029030551602
1.508563 5.54675e-05 0.8338670202530426 0.9744853623262426
1.459146 5.641834e-05 0.8481614109780149 0.9911902735249497
1.408933 5.620124e-05 0.8448976523788906 0.9873761342152454
1.3588689999999999 5.550554e-05 0.8344388920960215 0.9751536712131205
1.308711 5.496447e-05 0.8263047517679318 0.9656478381578384
1.258667 5.569751e-05 0.8373248604897291 0.9785263120389331
1.208785 5.491691e-05 0.8255897616298647 0.9648122763634138
1.158629 5.445142e-05 0.8185918482705535 0.9566342767905245
1.1088689999999999 5.600723e-05 0.8419810157790926 0.9839676534806725
1.0585820000000001 5.435942e-05 0.8172087723096165 0.9550179671797792
1.008525 5.396351e-05 0.8112568853129358 0.9480623895929295
0.9587945999999999 5.503256e-05 0.8273283783133688 0.9668440829556171
0.9085816 5.646069e-05 0.8487980769230767 0.9919343030033743
0.858452 5.594798e-05 0.8410902847933803 0.9829267149541872
0.8084779 5.492147e-05 0.8256583140905371 0.964892389100642
0.7584890000000001 5.480853e-05 0.8239604380141433 0.962908193367625
0.7087798000000001 5.397256e-05 0.8113929378938759 0.9482213852665953
0.6588409000000001 5.453987e-05 0.8199215555395197 0.9581882179325942
0.608165 5.530748e-05 0.8314613700870735 0.9716740377185094
0.5581742000000001 5.444303e-05 0.81846571775629 0.9564868763814577
0.5079705 5.349687e-05 0.804241683504113 0.9398641861499057
0.4581476 5.024692e-05 0.7553837735122914 0.8827671707211923
0.4085816 4.246548e-05 0.6384020060614806 0.7460582983577376
0.35843349999999996 3.168942e-05 0.47640081541347956 0.5567381967928694
0.3079778 2.431698e-05 0.36556772261509596 0.4272148747641411
0.258202 1.847111e-05 0.27768421970462304 0.3245112240666676
0.2079983 1.515687e-05 0.22785981021792462 0.26628472445453205
0.15826079999999998 1.121343e-05 0.16857636383316496 0.19700407259151684
0.1085168 6.842678e-06 0.10286895054601433 0.12021615450690602
0.05838715 4.964713e-06 0.07463668699186991 0.08722297104882691
0.008340854 1.395476e-06 0.020978796844181455 0.024516535547439055
-0.041761 -3.520698e-07 -0.00529281822773849 -0.0061853674064475195
-0.0917147 -1.665278e-06 -0.02503484750084187 -0.029256574303942323
-0.141475 -5.5339e-06 -0.0831935223938038 -0.09722277994460168
-0.191511 -8.046934e-06 -0.12097305407225668 -0.14137322566557645
-0.2418443 -9.345717e-06 -0.1404982230480589 -0.1641910022435395
-0.2917109 -1.182518e-05 -0.1777730673016789 -0.20775165307383672
-0.34176100000000004 -1.459524e-05 -0.2194165824794342 -0.25641768133841386
-0.391692 -1.781249e-05 -0.267782899167749 -0.31294020411200385
-0.4416592 -1.963328e-05 -0.2951556261124741 -0.34492890385275293
-0.4917769 -2.17813e-05 -0.3274477437821715 -0.3826665709187649
-0.5417517000000001 -2.58573e-05 -0.38872402222542934 -0.4542761141078714
-0.5918166 -2.830874e-05 -0.4255775845480348 -0.49734444054445215
-0.6420694 -3.147346e-05 -0.4731541949295232 -0.552944085667472
-0.691626 -3.429745e-05 -0.5156084632222061 -0.6025575875984349
-0.7417981 -3.951038e-05 -0.5939767041901187 -0.6941413795456354
-0.7921449 -4.417447e-05 -0.6640939950449799 -0.7760828305497767
-0.8424092000000001 -4.742388e-05 -0.7129437869822484 -0.8331703589438184
-0.8919373 -5.064835e-05 -0.761418645066628 -0.8898197268846866
-0.9417703000000001 -5.30529e-05 -0.7975672896521864 -0.932064262477269
-0.9922055000000001 -5.389667e-05 -0.8102520505604464 -0.9468881055235576
-1.041966 -5.328903e-05 -0.8011171345071437 -0.9362127319162395
-1.092067 -5.402315e-05 -0.8121534793380476 -0.9491101798666779
-1.1420789999999998 -5.421461e-05 -0.8150317806802327 -0.9524738607153007
-1.192039 -5.466858e-05 -0.8218565088757396 -0.9604494702151923
-1.242409 -5.462849e-05 -0.8212538184923268 -0.9597451457337274
-1.292154 -5.721878e-05 -0.8601947731755423 -1.0052528698817427
-1.341752 -5.552429e-05 -0.8347207689902342 -0.9754830821392233
-1.392131 -5.622111e-05 -0.8451963667195842 -0.9877252219540008
-1.441975 -5.597937e-05 -0.8415621842978784 -0.9834781927659404
-1.491807 -5.443459e-05 -0.8183388355703083 -0.9563385975432545
-1.541702 -5.515126e-05 -0.8291128469716649 -0.9689294737251329
-1.5919 -5.567119e-05 -0.8369291804974262 -0.9780639069415982
-1.642039 -5.667733e-05 -0.8520549201423967 -0.995740360765025
-1.691946 -5.634997e-05 -0.8471335750709577 -0.9899891095240078
-1.742409 -5.751441e-05 -0.8646391073748014 -1.01044666999288
-1.792557 -5.553359e-05 -0.8348605799297636 -0.9756464699585704
-1.842041 -5.643267e-05 -0.8483768400923652 -0.991442031315406
-1.892067 -5.582197e-05 -0.8391959217299273 -0.9807128978449479
-1.942085 -5.677527e-05 -0.8535272947034204 -0.9974610277571597
-1.992296 -5.588758e-05 -0.8401822653581564 -0.9818655725575675
-2.042511 -5.641821e-05 -0.8481594566315485 -0.9911879896091954
-2.09223 -5.582699e-05 -0.8392713895704045 -0.9808010921302298
-2.1418069999999996 -5.668487e-05 -0.852168272237456 -0.9958728278787752
-2.192252 -5.61969e-05 -0.8448324072737767 -0.9872998865662167
-2.2422959999999996 -5.689367e-05 -0.8553072533314089 -0.999541147951858
-2.292122 -5.631294e-05 -0.8465768869966805 -0.9893385449056827
-2.342002 -5.656549e-05 -0.8503735808437966 -0.9937754904730058
-2.392215 -5.74931e-05 -0.8643187448886321 -1.0100722834949998
-2.442502 -5.610794e-05 -0.8434950329532881 -0.985736985446957
-2.4922199999999997 -5.641315e-05 -0.8480833874536969 -0.9910990925806045
-2.541937 -5.623389e-05 -0.8453884940106796 -0.9879497484412327
-2.592085 -5.644525e-05 -0.8485659606965892 -0.9916630440860927
-2.641994 -5.727345e-05 -0.8610166510318948 -1.0062133442993455
-2.691844 -5.624475e-05 -0.8455517571078076 -0.9881405432496315
-2.742271 -5.714086e-05 -0.8590233679703659 -1.0038839259157724
-2.792107 -5.644305e-05 -0.8485328871410014 -0.9916243932040966
-2.842585 -5.681482e-05 -0.8541218670322797 -0.9981558652039528
-2.892372 -5.745721e-05 -0.8637791949295232 -1.0094417470609818
-2.942344 -5.81918e-05 -0.8748226054745754 -1.0223474522453013
-2.992437 -5.606673e-05 -0.8428755051233943 -0.9850129841528393
-3.0423899999999997 -5.580462e-05 -0.8389350916438156 -0.9804080829346606
-3.092178 -5.610572e-05 -0.8434616587290132 -0.9856979831933064
-3.142539 -5.690721e-05 -0.8555108060326164 -0.999779026561961
-3.19272 -5.655091e-05 -0.8501543933708567 -0.9935193405368683
-3.2424560000000002 -5.645441e-05 -0.8487036669553084 -0.9918239723038582
-3.292817 -5.542108e-05 -0.8331691682301438 -0.9736698287161254
-3.3426729999999996 -5.683094e-05 -0.8543642059941309 -0.9984390707574878
-3.392558 -5.691168e-05 -0.8555780054841967 -0.999857558126744
-3.44223 -5.679921e-05 -0.8538871951219511 -0.9978816196276079
-3.492326 -5.656777e-05 -0.8504078570741328 -0.9938155468416201
-3.542724 -5.739614e-05 -0.8628611030932793 -1.008368833713936
-3.592626 -5.707827e-05 -0.8580824253138981 -1.002784308322984
-3.642567 -5.630308e-05 -0.8464286573339105 -0.9891653186800095
-3.692669 -5.664076e-05 -0.851505147447924 -0.9950978776947537
-3.742947 -5.591604e-05 -0.8406101168999854 -0.982365574421935
-3.792353 -5.721562e-05 -0.860147267522971 -1.0051973531603302
-3.842159 -5.566253e-05 -0.8367989909558857 -0.9779117630151954
-3.892344 -5.655739e-05 -0.8502518100254967 -0.9936331849529294
-3.9424740000000003 -5.778956e-05 -0.8687755568384085 -1.0152806655297992
-3.9920790000000004 -5.748071e-05 -0.8641324806369364 -1.009854608755031
-4.042437 -5.742131e-05 -0.8632394946360705 -1.0088110349411368
-4.092805 -5.757985e-05 -0.8656228953191898 -1.0115963580464362
-4.142399999999999 -5.652707e-05 -0.8497959962957617 -0.9931005055246925
-4.193058 -5.647478e-05 -0.8490098980131812 -0.9921818443339766
-4.242738999999999 -5.779712e-05 -0.868889209602155 -1.0154134840152038
-4.29265 -5.658313e-05 -0.8506387706258718 -0.9940854002722835
-4.342626 -5.752144e-05 -0.8647447924183382 -1.0105701771294402
-4.392391 -5.789378e-05 -0.8703423413672006 -1.01711166322145
-4.44253 -5.695662e-05 -0.8562536080242458 -1.0006470902344278
-4.492604 -5.609702e-05 -0.8433308678500986 -0.9855451365235947
-4.542579 -5.692554e-05 -0.8557863688843987 -1.0001010586833194
-4.592632 -5.543713e-05 -0.8334104548515898 -0.9739518044688694
-4.642702 -5.667139e-05 -0.85196562154231 -0.9956360033836356
-4.692826 -5.584953e-05 -0.8396102431808341 -0.9811970879848625
-4.742993 -5.639116e-05 -0.8477528022321642 -0.9907127594464709
-4.792636000000001 -5.614134e-05 -0.8439971496608456 -0.9863237761099883
-4.842779999999999 -5.682477e-05 -0.8542714497041419 -0.9983306726020716
-4.892796000000001 -5.620036e-05 -0.8448844229566554 -0.987360673862447
-4.942641 -5.664034e-05 -0.8514988334054938 -0.9950904988900091
-4.992669 -5.626864e-05 -0.8459109058546206 -0.9885602566909436
-5.042585 -5.361531e-05 -0.806022243469476 -0.9419450090879131
-5.092136 -5.750947e-05 -0.8645648422090728 -1.010359881194216
-5.141845 -5.546991e-05 -0.8339032508298455 -0.9745277026106112
-5.192196 -5.660202e-05 -0.8509227522008947 -0.9944172707999681
-5.242261999999999 -5.762839e-05 -0.8663526182229276 -1.0124491370519315
-5.292502000000001 -5.58236e-05 -0.8392204262279308 -0.9807415346347904
-5.3424570000000005 -5.674746e-05 -0.853109214893924 -0.9969724454715638
-5.392021 -5.697343e-05 -0.8565063200558041 -1.0009424181100433
-5.442178 -5.581874e-05 -0.8391473637369509 -0.9806561513227445
-5.492595000000001 -5.639156e-05 -0.8477588156059075 -0.9907197868795611
-5.542539 -5.682694e-05 -0.8543040722566988 -0.9983687964265858
-5.592372 -5.639704e-05 -0.8478411988261892 -0.9908160627128967
-5.642308 -5.714454e-05 -0.8590786910088034 -1.0039485783002022
-5.692323999999999 -5.678053e-05 -0.8536063705681435 -0.9975534385022957
-5.742438 -5.745708e-05 -0.8637772405830566 -1.0094394631452277
-5.792585 -5.606122e-05 -0.8427926709000817 -0.984916181262022
-5.842268 -5.730153e-05 -0.8614387898686678 -1.0067066701022773
-5.89216 -5.715896e-05 -0.859295473132246 -1.0042019172631038
-5.942456 -5.655345e-05 -0.8501925782941261 -0.993563964736991
-5.992192 -5.630729e-05 -0.8464919480925578 -0.9892392824132838
-6.042225 -5.632833e-05 -0.8468082515514503 -0.9896089253938283
-6.092098 -5.609437e-05 -0.8432910292490498 -0.985498579779372
-6.14191 -5.675245e-05 -0.8531842317313705 -0.9970601126993639
-6.191834 -5.775724e-05 -0.8682896762399576 -1.0147128489361112
-6.242104 -5.661571e-05 -0.8511285599172559 -0.9946577846974801
-6.291946 -5.711814e-05 -0.858681808341752 -1.0034847677162493
-6.341805999999999 -5.629085e-05 -0.8462447984317121 -0.9889504549132768
-6.391688 -5.662033e-05 -0.8511980143839899 -0.994738951549672
-6.441523 -5.682428e-05 -0.8542640833213065 -0.9983220639965361
-6.491465 -5.690402e-05 -0.8554628493770143 -0.9997229827830668
-6.54166 -5.710666e-05 -0.8585092245153219 -1.0032830803865604
-6.591761 -5.809014e-05 -0.8732943065377398 -1.0205614301254278
-6.642067 -5.671013e-05 -0.8525480167893393 -0.9963166102784211
-6.691863000000001 -5.729242e-05 -0.8613018352816663 -1.006546620313648
-6.742002 -5.754868e-05 -0.8651543031702505 -1.0110487453228827
-6.791542000000001 -5.595225e-05 -0.841154477558089 -0.983001732802425
-6.841465 -5.72603e-05 -0.860818961370087 -1.0059823174365052
-6.891607 -5.590508e-05 -0.8404453504594217 -0.9821730227552635
-6.9414 -5.776835e-05 -0.8684566976956751 -1.0149080358901914
-6.991669 -5.598314e-05 -0.841618860345408 -0.9835444263228155
-7.041466000000001 -5.644183e-05 -0.8485145463510847 -0.9916029595331716
-7.091308 -5.838884e-05 -0.8777847933804781 -1.0258091657855324
-7.141427999999999 -5.714846e-05 -0.8591376220714869 -1.0040174471444863
-7.191598 -5.726146e-05 -0.8608364001539422 -1.0060026969924667
-7.241474 -5.780527e-05 -0.8690117320921729 -1.0155566679644168
-7.291493 -5.636684e-05 -0.8473871891085774 -0.9902854915145869
-7.341688 -5.530764e-05 -0.8314637754365708 -0.9716768486917455
-7.391513 -5.627234e-05 -0.8459665295617452 -0.9886252604470279
-7.4414560000000005 -5.64275e-05 -0.8482991172367345 -0.9913512017427153
-7.491155 -5.664683e-05 -0.8515964003944771 -0.9952045189918975
-7.5408729999999995 -5.657414e-05 -0.8505036200509932 -0.9939274587135815
-7.590649999999999 -5.639124e-05 -0.8477540049069129 -0.9907141649330888
-7.640899999999999 -5.720364e-05 -0.859967166979362 -1.0049868815392788
-7.691022 -5.728485e-05 -0.8611880321835762 -1.0064136261424161
-7.740678 -5.49692e-05 -0.8263758599124452 -0.9657309375541299
-7.790890999999999 -5.648584e-05 -0.8491761677971809 -0.9923761528589206
-7.840814999999999 -5.552263e-05 -0.8346958134891999 -0.975453918291899
-7.890623 -5.636867e-05 -0.8474147002934524 -0.9903176420209745
-7.940542000000001 -5.739376e-05 -0.8628253235195072 -1.0083270204870494
-7.99025 -5.681536e-05 -0.854129985086833 -0.9981653522386247
-8.040308 -5.60695e-05 -0.842917147736566 -0.985061649126989
-8.090558 -5.807059e-05 -0.8730004028960406 -1.0202179643331444
-8.140608 -5.664385e-05 -0.8515516007600903 -0.9951521646153755
-8.190225 -5.75702e-05 -0.8654778226776348 -1.0114268212231352
-8.239956 -5.64814e-05 -0.8491094193486313 -0.9922981483516192
-8.289975 -5.667739e-05 -0.8520558221484581 -0.9957414148799885
-8.340188 -5.724308e-05 -0.8605600856304421 -1.0056797864419722
-8.39015 -5.657941e-05 -0.85058284625006 -0.9940200451445448
-8.4399 -5.700567e-05 -0.8569909979795064 -1.001508829217113
-8.490253000000001 -5.619533e-05 -0.8448088047818347 -0.9872723038913378
-8.540289000000001 -5.724031e-05 -0.8605184430172703 -1.0056311214678226
-8.590146 -5.648999e-05 -0.8492385565497667 -0.9924490624772313
-8.64015 -5.588949e-05 -0.8402109792177803 -0.9818991285505732
-8.689938 -5.613806e-05 -0.8439478399961513 -0.9862661511586488
-8.739752000000001 -5.77756e-05 -0.8685656900947707 -1.0150354081149515
-8.789485 -5.603295e-05 -0.8423676757107806 -0.9844195174283723
-8.838974 -5.661461e-05 -0.8511120231394621 -0.9946384592564821
-8.889233 -5.842972e-05 -0.8783993601770336 -1.0265273694473505
-8.939225 -5.697526e-05 -0.8565338312406792 -1.0009745686164309
-8.988843000000001 -5.596542e-05 -0.8413524678885841 -0.9832331110369198
-9.038437 -5.735892e-05 -0.8623015586664741 -1.0077149310648932
-9.088579 -5.66384e-05 -0.8514696685428392 -0.9950564158395216
-9.13815 -5.649228e-05 -0.8492729831144464 -0.9924892945316727
-9.188308000000001 -5.720587e-05 -0.8600006915379803 -1.0050260594787566
-9.238154 -5.628914e-05 -0.8462190912589598 -0.9889204126368161
-9.287816999999999 -5.742092e-05 -0.8632336315966709 -1.0088041831938737
-9.337938 -5.596324e-05 -0.8413196950016837 -0.9831948115265783
-9.387720999999999 -5.6405e-05 -0.8479608649636791 -0.9909559086313916
-9.437446 -5.667268e-05 -0.8519850146726319 -0.9956586668553514
-9.487371 -5.686957e-05 -0.8549449475633809 -0.9991177451081736
-9.537177999999999 -5.730505e-05 -0.861491707557608 -1.006768511513471
-9.587834999999998 -5.699373e-05 -0.8568114987732717 -1.0012990603393708
-9.637297 -5.654072e-05 -0.8500012026747485 -0.9933403166788954
-9.687291 -5.773208e-05 -0.86791143503151 -1.014270823394738
-9.737892 -5.629283e-05 -0.8462745646317409 -0.9889852407070732
-9.787522000000001 -5.621324e-05 -0.8450780535911867 -0.9875869572079513
-9.837233 -5.674356e-05 -0.8530505844999277 -0.9969039279989343
-9.887483 -5.642354e-05 -0.8482395848366767 -0.9912816301551224
-9.937325999999999 -5.612118e-05 -0.8436940756241881 -0.9859695934822424
-9.989555000000001 -5.623853e-05 -0.8454582491461008 -0.988031266665079
-9.993362999999999 -5.65391e-05 -0.8499768485110887 -0.9933118555748802
-9.946033 -5.737064e-05 -0.8624777505171499 -1.007920834854436
-9.896839 -5.603112e-05 -0.8423401645259055 -0.9843873669219846
-9.847700999999999 -5.640038e-05 -0.8478914104969452 -0.9908747417791999
-9.797987 -5.59391e-05 -0.8409567878962811 -0.9827707059395848
-9.748766999999999 -5.568679e-05 -0.8371637020734112 -0.9783379768321159
-9.69919 -5.788157e-05 -0.8701587831336892 -1.0168971508263718
-9.649162 -5.703906e-05 -0.8574929643527203 -1.0020954441943173
-9.599437 -5.776335e-05 -0.868381530523885 -1.0148201929765641
-9.549839 -5.857632e-05 -0.8806032616539181 -1.0291029236749074
-9.49986 -5.77454e-05 -0.8681116803771587 -1.0145048369166414
-9.450625 -5.739868e-05 -0.8628992880165487 -1.008413457914059
-9.400754999999998 -5.689492e-05 -0.8553260451243564 -0.9995631086802648
-9.350682 -5.679208e-05 -0.8537800067349784 -0.9977563556327752
-9.301012 -5.767663e-05 -0.8670778310963582 -1.0132966454826093
-9.251172 -5.582344e-05 -0.8392180208784336 -0.9807387236615543
-9.201257 -5.864833e-05 -0.8816858192620386 -1.0303680373169704
-9.151791999999999 -5.628881e-05 -0.8462141302256218 -0.9889146150045167
-9.101754999999999 -5.670101e-05 -0.8524109118679943 -0.9961563848039646
-9.051945 -5.694324e-05 -0.8560524606725356 -1.0004120225975608
-9.002043 -5.643557e-05 -0.8484204370520035 -0.99149298020531
-8.952295 -5.719915e-05 -0.8598996668590945 -1.0049079986028413
-8.902218000000001 -5.77908e-05 -0.8687941982970124 -1.015302450572379
-8.852292 -5.770883e-05 -0.8675619076826862 -1.0138623538463702
-8.802474 -5.771034e-05 -0.8675846081685668 -1.0138888824062857
-8.752561 -5.60488e-05 -0.8426059556453551 -0.9846979794645713
-8.70271 -5.863414e-05 -0.8814724948284984 -1.0301187391280955
-8.652606 -5.647607e-05 -0.849029291143503 -0.9922045078056924
-8.602589 -5.73635e-05 -0.8623704117958337 -1.007795395173776
-8.552635 -5.718778e-05 -0.8597287367104439 -1.0047082438172525
-8.502672 -5.655969e-05 -0.85028638692452 -0.9936735926931981
-8.452917 -5.627322e-05 -0.8459797589839804 -0.9886407207998263
-8.402848 -5.59973e-05 -0.8418317337759176 -0.9837931974542085
-8.353087 -5.760297e-05 -0.865970468321547 -1.0120025436790496
-8.303087999999999 -5.755072e-05 -0.8651849713763409 -1.0110845852316426
-8.253145 -5.718836e-05 -0.8597374561023715 -1.0047184335952333
-8.203533 -5.724504e-05 -0.8605895511617837 -1.005714220864114
-8.153153 -5.568361e-05 -0.8371158957521526 -0.9782821087390488
-8.103125 -5.560219e-05 -0.8358918735267233 -0.9768516747335392
-8.053246 -5.725857e-05 -0.8607929535286476 -1.00595192378839
-8.003172 -5.703338e-05 -0.8574075744455668 -1.0019956546444364
-7.953635 -5.681094e-05 -0.8540635373069706 -0.998087699102978
-7.903589 -5.700924e-05 -0.8570446673401645 -1.001571549057443
-7.8534679999999994 -5.635381e-05 -0.8471913034588926 -0.9900565728816738
-7.803248 -5.617437e-05 -0.8444937039976907 -0.9869040663974114
-7.753773 -5.622583e-05 -0.8452673245297541 -0.9878081456644653
-7.703625 -5.632216e-05 -0.8467154952614614 -0.9895005272384119
-7.6533940000000005 -5.844617e-05 -0.8786466601722229 -1.0268163726331847
-7.603531 -5.744443e-05 -0.8635870676384277 -1.00921722057375
-7.553653000000001 -5.641589e-05 -0.848124579063838 -0.9911472304972723
-7.503996 -5.731684e-05 -0.861668951748689 -1.0069756451038046
-7.4539930000000005 -5.698664e-05 -0.8567049117236732 -1.0011744990878468
-7.404162 -5.628941e-05 -0.8462231502862364 -0.988925156154152
-7.353773 -5.662172e-05 -0.8512189108577476 -0.9947633718796604
-7.303783 -5.70666e-05 -0.85790698513494 -1.0025792829625773
-7.254097 -5.571253e-05 -0.8375506626737864 -0.97879019215147
-7.204107 -5.753197e-05 -0.8649030944821281 -1.0107551743055396
-7.153635 -5.721282e-05 -0.8601051739067685 -1.0051481611286988
-7.1039080000000006 -5.609976e-05 -0.8433720594602395 -0.9855932744402623
-7.054265 -5.683222e-05 -0.8543834487901091 -0.9984615585433765
-7.004238 -5.734615e-05 -0.8621095817097223 -1.0074905802634888
-6.9543479999999995 -5.792507e-05 -0.8708127375282627 -1.0176613841749307
-6.903736 -5.754573e-05 -0.8651099545388944 -1.0109969180038425
-6.853644 -5.613763e-05 -0.8439413756193773 -0.9862585966680768
-6.804190999999999 -5.779677e-05 -0.8688839479001298 -1.01540733501125
-6.754514 -5.746271e-05 -0.8638618788184922 -1.009538374265972
-6.703884 -5.616746e-05 -0.8443898229662768 -0.9867826674907781
-6.654153 -5.667015e-05 -0.8519469800837061 -0.995614218341056
-6.604209 -5.701048e-05 -0.8570633087987682 -1.0015933341000227
-6.554087000000001 -5.560365e-05 -0.835913822340886 -0.9768773248643184
-6.504255 -5.762935e-05 -0.8663670503199113 -1.0124660028913481
-6.454060999999999 -5.673613e-05 -0.8529388860826478 -0.996773393429284
-6.404361 -5.600136e-05 -0.841892769519411 -0.983864525900074
-6.354357 -5.63697e-05 -0.8474301847308412 -0.9903357376611818
-6.304125 -5.709871e-05 -0.8583897087121757 -1.0031434101538927
-6.254248 -5.700133e-05 -0.8569257528743925 -1.0014325815680845
-6.204421999999999 -5.729274e-05 -0.8613066459806609 -1.00655224226012
-6.154264 -5.558512e-05 -0.835635252802232 -0.976551779026415
-6.104634 -5.828089e-05 -0.8761619341415307 -1.0239126372803153
-6.054366 -5.64895e-05 -0.8492311901669312 -0.9924404538716958
-6.0047939999999995 -5.680738e-05 -0.854010018280656 -0.9980251549484752
-5.95482 -5.802155e-05 -0.8722631632751237 -1.019356401036286
-5.904366 -5.742742e-05 -0.863331348919998 -1.0089183789815894
-5.854719 -5.78017e-05 -0.8689580627315148 -1.0154939481240868
-5.804514 -5.793361e-05 -0.8709411230576801 -1.0178114198714063
-5.754786 -5.712064e-05 -0.8587193919276469 -1.003528689173063
-5.704709 -5.661266e-05 -0.8510827079424639 -0.9946042005201674
-5.654524 -5.715166e-05 -0.8591857290614325 -1.0040736666092078
-5.604255 -5.8237e-05 -0.8755021167075574 -1.0231415521844935
-5.554465 -5.530187e-05 -0.8313770325203251 -0.9715754779694193
-5.504588 -5.460816e-05 -0.8209481887718284 -0.9593879764469181
-5.454738 -5.658102e-05 -0.8506070500793764 -0.9940483305627328
-5.404746 -5.64528e-05 -0.8486794631259922 -0.9917956868856702
-5.354737 -5.645286e-05 -0.8486803651320536 -0.9917967410006338
-5.304634 -5.758432e-05 -0.8656900947707701 -1.011674889611219
-5.254866 -5.737056e-05 -0.8624765478424014 -1.007919429367818
-5.2047550000000005 -5.597222e-05 -0.8414546952422186 -0.9833525773994531
-5.154468 -5.605667e-05 -0.8427242687737526 -0.9848362442106209
-5.104474 -5.578083e-05 -0.8385774462404387 -0.9799901263516212
-5.054644000000001 -5.703105e-05 -0.8573725465435126 -1.001954719846686
-5.004955 -5.753965e-05 -0.8650185512579976 -1.0108901010208715
-4.954921000000001 -5.756647e-05 -0.8654217479674796 -1.0113612904095692
-4.904662999999999 -5.647911e-05 -0.8490749927839514 -0.9922579162971779
-4.854766 -5.628158e-05 -0.8461054384952132 -0.9887875941514114
-4.8049859999999995 -5.660958e-05 -0.8510364049646413 -0.9945500892853729
-4.754829 -5.602441e-05 -0.8422392901813632 -0.9842694817318965
-4.7049449999999995 -5.701847e-05 -0.8571834259392889 -1.0017337070759995
-4.654828999999999 -5.73936e-05 -0.86282291817001 -1.0083242095138134
-4.60487 -5.615558e-05 -0.8442112257661036 -0.9865739527279994
-4.55519 -5.758391e-05 -0.8656839310626832 -1.0116676864923018
-4.5048379999999995 -5.726454e-05 -0.860882703131765 -1.0060568082272614
-4.45486 -5.659762e-05 -0.8508566050897194 -0.994339969035976
-4.405005 -5.697904e-05 -0.8565906576225525 -1.0010409778591332
-4.354783 -5.616679e-05 -0.844379750565257 -0.9867708965403521
-4.30457 -5.544311e-05 -0.8335003547890507 -0.9740568645935679
-4.254448999999999 -5.644272e-05 -0.8485279261076634 -0.9916185955717973
-4.204785 -5.550678e-05 -0.8344575335546254 -0.9751754562557
-4.155208 -5.713303e-05 -0.8589056561793427 -1.0037463639130317
-4.10482 -5.659466e-05 -0.8508121061240197 -0.9942879660311085
-4.054375 -5.702705e-05 -0.8573124128060806 -1.001884445515784
-4.0047 -5.625056e-05 -0.8456391013614276 -0.9882426167152666
-3.954792 -5.770664e-05 -0.8675289844614421 -1.0138238786502014
-3.9049549999999997 -5.48698e-05 -0.8248815365372587 -0.9639846204312159
-3.854483 -5.667327e-05 -0.8519938843989031 -0.9956690323191595
-3.80469 -5.650118e-05 -0.8494067806802327 -0.9926456549179294
-3.75444 -5.656285e-05 -0.8503338925770914 -0.9937291094146106
-3.7044639999999998 -5.771093e-05 -0.867593477894838 -1.0138992478700937
-3.654885 -5.629569e-05 -0.8463175602540048 -0.9890354868536682
-3.604746 -5.758599e-05 -0.8657152006061479 -1.0117042291443707
-3.5544740000000004 -5.622974e-05 -0.8453261052580939 -0.9878768388229219
-3.504736 -5.735078e-05 -0.8621791865107999 -1.0075719228015076
-3.454449 -5.653903e-05 -0.8499757961706834 -0.9933106257740894
-3.404313 -5.796733e-05 -0.8714480504642323 -1.01840383248091
-3.354459 -5.694178e-05 -0.856030511858373 -1.0003863724667814
-3.304417 -5.667084e-05 -0.8519573531534131 -0.9956263406631366
-3.254533 -5.667996e-05 -0.8520944580747581 -0.995786566137593
-3.204246 -5.672539e-05 -0.8527774269976426 -0.9965847068508121
-3.154304 -5.717191e-05 -0.8594901561071823 -1.004429430409399
-3.104357 -5.729475e-05 -0.8613368631837205 -1.0065875551113985
-3.0542179999999997 -5.621849e-05 -0.8451569791215663 -0.9876791922672602
-3.004521 -5.783703e-05 -0.8694891939673833 -1.0161146461517783
-2.954514 -5.714838e-05 -0.8591364193967382 -1.004016041657868
-2.9045140000000003 -5.625295e-05 -0.8456750312695435 -0.9882846056279806
-2.854921 -5.670141e-05 -0.8524169252417375 -0.9961634122370548
-2.8047269999999997 -5.626593e-05 -0.8458701652475104 -0.9885126458317575
-2.7543290000000002 -5.733033e-05 -0.8618717527781786 -1.0072126452847714
-2.704236 -5.619889e-05 -0.8448623238081492 -0.9873348480458405
-2.654199 -5.74424e-05 -0.863556549766681 -1.0091815563508173
-2.604172 -5.536423e-05 -0.8323145174868908 -0.9726710547881812
-2.554329 -5.61544e-05 -0.8441934863135613 -0.9865532218003833
-2.504255 -5.561748e-05 -0.8361217347380573 -0.977120298363412
-2.454005 -5.558672e-05 -0.835659306297205 -0.9765798887587759
-2.4042269999999997 -5.613746e-05 -0.8439388199355365 -0.9862556100090134
-2.354531 -5.582627e-05 -0.8392605654976668 -0.9807884427506676
-2.304662 -5.580807e-05 -0.8389869569923509 -0.9804686945450636
-2.2547089999999996 -5.547099e-05 -0.8339194869389521 -0.9745466766799545
-2.204523 -5.667572e-05 -0.8520307163130801 -0.9957120753468369
-2.1544830000000004 -5.681143e-05 -0.854070903689806 -0.9980963077085134
-2.1045610000000003 -5.687179e-05 -0.8549783217876556 -0.9991567473618241
-2.054236 -5.558657e-05 -0.8356570512820511 -0.976577253471367
-2.0043230000000003 -5.657388e-05 -0.8504997113580602 -0.9939228908820729
-1.954255 -5.802457e-05 -0.8723085642468849 -1.019409458156117
-1.904191 -5.643495e-05 -0.8484111163227016 -0.9914820876840201
-1.8544960000000001 -5.625559e-05 -0.8457147195362485 -0.9883309866863759
-1.8041530000000001 -5.668513e-05 -0.852172180930389 -0.9958773957102838
-1.7542090000000001 -5.548197e-05 -0.8340845540482031 -0.9747395797182805
-1.7039490000000002 -5.577693e-05 -0.8385188158464424 -0.9799216088789917
-1.654153 -5.64585e-05 -0.8487651537018328 -0.9918958278072055
-1.604468 -5.579385e-05 -0.83877318155578 -0.980218869298707
-1.553736 -5.655272e-05 -0.8501816038870447 -0.9935511396716014
-1.504285 -5.494903e-05 -0.8260726355414441 -0.9653765792405566
-1.454125 -5.538146e-05 -0.8325735435608793 -0.9729737614685413
-1.403811 -5.647806e-05 -0.8490592076778756 -0.9922394692853161
-1.3540969999999999 -5.526206e-05 -0.8307785514985325 -0.9708760726911175
-1.304427 -5.508145e-05 -0.8280633629191321 -0.9677030109650664
-1.254292 -5.563907e-05 -0.8364463065858467 -0.9774996040644554
-1.204134 -5.469173e-05 -0.8222045328811275 -0.9608561829052875
-1.154417 -5.44606e-05 -0.81872985519796 -0.9567955563799445
-1.104568 -5.648524e-05 -0.849167147736566 -0.9923656117092852
-1.0544120000000001 -5.477974e-05 -0.8235276254389762 -0.9624023938709582
-1.004361 -5.57754e-05 -0.8384958146918746 -0.9798947289474218
-0.9541993999999999 -5.458724e-05 -0.8206336893250589 -0.9590204416963009
-0.904021 -5.56354e-05 -0.8363911338817529 -0.9774351273658528
-0.8541346 -5.495935e-05 -0.8262277805840187 -0.9655578870142837
-0.8040605000000001 -5.579039e-05 -0.8387211658729012 -0.9801580820024769
-0.7538105 -5.553068e-05 -0.8348168326357818 -0.9755953453828392
-0.7039833 -5.352439e-05 -0.8046554036176455 -0.9403476735465114
-0.6542919 -5.615131e-05 -0.844147033001395 -0.9864989348797615
-0.6035115 -5.368687e-05 -0.8070980360321354 -0.9432022168677494
-0.5537852 -5.37129e-05 -0.8074893563284744 -0.9436595270760939
-0.5038753 -5.306986e-05 -0.7978222566988983 -0.9323622256402934
-0.4534455 -5.188353e-05 -0.7799876425169576 -0.9115200888955601
-0.4036813 -4.416546e-05 -0.6639585438014143 -0.7759245376194199
-0.354153 -3.574949e-05 -0.5374376112474142 -0.6280678724591587
-0.30383819999999995 -2.630495e-05 -0.39545373911579346 -0.462140690164938
-0.2535304 -1.957998e-05 -0.2943543440611921 -0.3439924983934842
-0.2039493 -1.543182e-05 -0.23199325299466012 -0.2711152062749062
-0.1539455 -1.318413e-05 -0.19820275292249961 -0.23162647856864443
-0.10360670000000001 -8.159417e-06 -0.12266405986914897 -0.14334939255628798
-0.05369076 -7.296288e-06 -0.10968826670515225 -0.12818543931701656
-0.0038322680000000002 -3.334683e-06 -0.05013173798527926 -0.05858565414879275
0.04630068 -4.710052e-07 -0.0070808257564824156 -0.008274893820337033
0.09625264 1.193112e-06 0.017936570933756675 0.020961286872777537
0.1463562 5.106185e-06 0.07676349701736662 0.08970843358416776
0.1963376 7.686063e-06 0.11554792358204645 0.1350332336488453
0.24601679999999998 9.527505e-06 0.14323112101313318 0.16738475976004127
0.2962822 1.168829e-05 0.17571514047241063 0.2053466897845441
0.3465262 1.434723e-05 0.21568814042430362 0.2520604971366645
0.3963563 1.830473e-05 0.2751829568961369 0.32158816327280015
0.4464489 1.935676e-05 0.29099858084379654 0.3400708393574998
0.4963093 1.959291e-05 0.2945487263674411 0.34421966016812483
0.546384 2.55732e-05 0.38445302352431804 0.44928487975555903
0.5965168 2.684828e-05 0.40362185500553227 0.4716862282171797
0.6463748 2.905621e-05 0.43681462572761814 0.5104764290742758
0.6967173 3.34583e-05 0.5029931567806801 0.5878149114043381
0.7466896000000001 3.726456e-05 0.5602143166402077 0.6546855050890703
0.7964791 4.19873e-05 0.6312133184201663 0.7376573534700617
0.8465045 4.726086e-05 0.7104930365132052 0.8303063285879086
0.8966989 5.132932e-05 0.7716559628614036 0.901783404663265
0.9465357 5.12704e-05 0.7707701929090297 0.9007482637690791
0.9965107000000001 5.401101e-05 0.8119709734449415 0.9488968972723905
1.0466959999999998 5.382654e-05 0.809197755808919 0.9456560208170188
1.0964580000000002 5.346239e-05 0.8037233306874487 0.9392584214175308
1.146727 5.515385e-05 0.8291517835666521 0.968974976354392
1.196449 5.473546e-05 0.8228619449656035 0.9616244570278734
1.246412 5.431511e-05 0.8165426408332129 0.9542395032792126
1.2966389999999999 5.540803e-05 0.8329729819117716 0.9734405587115575
1.346708 5.548012e-05 0.8340567421946408 0.9747070778402384
1.39669 5.470486e-05 0.8224019218742483 0.9610868583964732
1.446727 5.612968e-05 0.8438218598162311 0.9861189264354091
1.497116 5.568653e-05 0.8371597933804781 0.9783334090006072
1.5468 5.626225e-05 0.8458148422090729 0.9884479934473277
1.597125 5.477647e-05 0.8234784661086254 0.9623449446054457
1.646885 5.623325e-05 0.8453788726126905 0.9879385045482884
1.696606 5.531072e-05 0.8315100784143935 0.97173095992654
1.746634 5.647647e-05 0.8490353045172462 0.9922115352387826
1.796634 5.559621e-05 0.8358019735892623 0.9767466146088408
1.846809 5.613285e-05 0.8438695158031461 0.986174618842649
1.896903 5.681868e-05 0.8541798960889017 0.9982236799332732
1.947366 5.725049e-05 0.860671483379035 1.0058099696399683
1.997036 5.658852e-05 0.8507198008370614 0.9941800949331739
2.047088 5.70111e-05 0.8570726295280704 1.0016042266213125
2.097338 5.655321e-05 0.85018897026988 0.9935597482771369
2.146998 5.604105e-05 0.8424894465290805 0.9845618229484487
2.1972449999999997 5.620292e-05 0.844922908548612 0.9874056494342242
2.246923 5.605926e-05 0.8427632053687399 0.98488174683988
2.29669 5.678784e-05 0.8537162649733006 0.9976818648420192
2.347069 5.539825e-05 0.8328259549237502 0.9732687379725022
2.3973 5.710689e-05 0.8585126822052244 1.0032871211605874
2.446923 5.68436e-05 0.8545545292731033 0.9986614890147926
2.4967449999999998 5.605912e-05 0.8427611006879299 0.9848792872382984
2.5472449999999998 5.650176e-05 0.8494155000721604 0.9926558446959103
2.597347 5.706653e-05 0.8579059327945349 1.0025780531617865
2.646828 5.614693e-05 0.8440811865589068 0.9864219844874238
2.696616 5.701506e-05 0.8571321619281281 1.0016737982089055
2.746727 5.653363e-05 0.8498946156251502 0.9932157554273717
2.7971340000000002 5.637748e-05 0.8475471448501467 0.9904724212347861
2.846913 5.768181e-05 0.8671557042863327 1.0133876507411275
2.896903 5.709503e-05 0.8583343856737382 1.003078757769463
2.947264 5.715272e-05 0.8592016645018521 1.0040922893068969
2.997262 5.712411e-05 0.8587715579448693 1.0035896521551204
3.047505 5.665124e-05 0.8516626978399959 0.9952819964417169
3.097102 5.572487e-05 0.8377361752537642 0.9790069884623025
3.147236 5.683094e-05 0.8543642059941309 0.9984390707574878
3.197384 5.726011e-05 0.8608161050175589 1.0059789794057874
3.247149 5.696498e-05 0.8563792875354788 1.0007939635860128
3.2969679999999997 5.663459e-05 0.8514123911579352 0.9949894795393375
3.3469949999999997 5.827276e-05 0.8760397123202001 1.023769804702757
3.397042 5.770077e-05 0.8674407382017606 1.0137207510696027
3.4475230000000003 5.65214e-05 0.8497107567229517 0.9930008916606389
3.49768 5.619262e-05 0.8447680641747245 0.9872246930321517
3.547727 5.735525e-05 0.8622463859623802 1.0076504543662907
3.5978470000000002 5.663022e-05 0.8513466950497905 0.994912704832827
3.647772 5.645314e-05 0.8486845744936738 0.9918016602037969
3.6973939999999996 5.734814e-05 0.8621394982440947 1.0075255417431124
3.747338 5.576933e-05 0.8384045617453214 0.9797880876502779
3.7974580000000002 5.761304e-05 0.8661218550055322 1.0121794593070954
3.847708 5.653435e-05 0.849905439697888 0.9932284048069341
3.8973470000000003 5.70733e-05 0.8580077091451387 1.002696992466838
3.947116 5.617506e-05 0.8445040770673978 0.9869161887194919
3.997468 5.686041e-05 0.8548072413046615 0.9989568168904082
4.047523 5.585947e-05 0.8397596755183527 0.9813717196971539
4.097744 5.683623e-05 0.8544437328618847 0.9985320085601057
4.147718 5.628318e-05 0.8461294919901862 0.9888157038837723
4.19794 5.855448e-05 0.8802749314475392 1.0287192258281828
4.247744 5.733893e-05 0.8620010403136575 1.0073637350962108
4.297662 5.707385e-05 0.8580159775340356 1.0027066551873371
4.347792 5.667177e-05 0.851971334247366 0.9956426794450712
4.3983289999999995 5.704127e-05 0.8575261882426515 1.0021342707621406
4.448036 5.73408e-05 0.8620291528359069 1.0073965883459073
4.497653000000001 5.727631e-05 0.8610596466541588 1.0062635904459403
4.547986 5.821638e-05 0.8751921272910953 1.0227792880086939
4.598180999999999 5.588519e-05 0.8401463354500407 0.9818235836448534
4.648046 5.688861e-05 0.8552311841535574 0.999452250923267
4.697671000000001 5.579617e-05 0.8388080591234904 0.9802596284106302
4.747875 5.662692e-05 0.8512970847164091 0.9948547285098329
4.798217999999999 5.756128e-05 0.8653437244431614 1.0112701094652239
4.848338 5.628311e-05 0.8461284396497809 0.9888144740829814
4.897951 5.695923e-05 0.8562928452879202 1.0006929442353412
4.947958 5.674604e-05 0.8530878674171356 0.9969474980840936
4.998125 5.697998e-05 0.8566047890508489 1.0010574923268951
5.048153 5.798689e-05 0.8717421044402751 1.0187474739590205
5.097715 5.726291e-05 0.8608581986337613 1.0060281714374186
5.147606 5.596148e-05 0.8412932361572135 0.9831638908209813
5.1980699999999995 5.653286e-05 0.8498830398806946 0.993202227618673
5.248218 5.705208e-05 0.8576886996680616 1.0023241871414033
5.297951 5.736571e-05 0.8624036356857651 1.0078342217415994
5.347977 5.760703e-05 0.8660315040650405 1.0120738721249152
5.3976869999999995 5.684271e-05 0.8545411495165246 0.9986458529761668
5.447634 5.689589e-05 0.8553406275556836 0.9995801502055085
5.498199 5.753757e-05 0.864987281714533 1.0108535583688025
5.548121 5.694051e-05 0.8560114193967382 1.00036406036672
5.597894 5.798084e-05 0.8716511521624091 1.0186411840335314
5.648073999999999 5.611134e-05 0.8435461466301052 0.9857967186282236
5.697942 5.608398e-05 0.8431348318660701 0.9853160422048541
5.748134 5.667936e-05 0.8520854380141434 0.9957760249879578
5.798496 5.643545e-05 0.8484186330398806 0.991490871975383
5.848561 5.714686e-05 0.859113568576514 1.0039893374121254
5.89813 5.678495e-05 0.8536728183480059 0.9976310916379425
5.948394 5.50592e-05 0.8277288690046664 0.9673121099994242
5.998196 5.826721e-05 0.875956276759513 1.0236722990686307
6.0479769999999995 5.579928e-05 0.838854813104344 0.9803142667029064
6.098255 5.654965e-05 0.8501354512435656 0.9934972041226342
6.148218 5.769275e-05 0.8673201700582094 1.0135798510361445
6.197885 5.568792e-05 0.8371806898542358 0.9783578293305957
6.2479309999999995 5.777774e-05 0.8685978616442968 1.0150730048819838
6.298051 5.718754e-05 0.859725128686198 1.0047040273573984
6.347837999999999 5.672699e-05 0.8528014804926155 0.9966128165831729
6.398116 5.621204e-05 0.8450600134699571 0.9875658749086806
6.4481589999999995 5.620203e-05 0.8449095287920334 0.9873900133955984
6.498061 5.850528e-05 0.8795352864771251 1.0278548515580885
6.548055000000001 5.708225e-05 0.8581422583826428 1.0028542312822313
6.598421999999999 5.645213e-05 0.8486693907249723 0.9917839159352442
6.6485330000000005 5.665806e-05 0.8517652258623177 0.9954018141759048
6.6987179999999995 5.863549e-05 0.8814927899648817 1.0301424567147748
6.748764 5.666513e-05 0.8518715122432289 0.9955260240557741
6.798319 5.668646e-05 0.8521921753980851 0.9959007619253086
6.847977 5.677709e-05 0.8535546555539518 0.9974930025777201
6.898579 5.777075e-05 0.8684927779381343 1.0149502004887327
6.948347 5.70874e-05 0.8582196805695866 1.0029447094832675
6.998199 5.72338e-05 0.8604205753595996 1.0055167499942796
7.048301 5.685168e-05 0.854675999422716 0.9988034431632146
7.098439999999999 5.565583e-05 0.8366982669456872 0.9777940535109346
7.148699 5.591356e-05 0.8405728339827775 0.9823220043367756
7.198564 5.78319e-05 0.8694120724491268 1.0160245193223965
7.24857 5.719328e-05 0.859811420599413 1.0048048710222426
7.2989120000000005 5.630161e-05 0.8464065581854041 0.989139492863403
7.34882 5.678343e-05 0.8536499675277817 0.9976043873921997
7.398706 5.532227e-05 0.8316837145812285 0.9719338770570195
7.44844 5.767814e-05 0.8671005315822388 1.013323174042525
7.498488999999999 5.641589e-05 0.848124579063838 0.9911472304972723
7.548208 5.679641e-05 0.8538451015057487 0.9978324275959766
7.598514 5.754894e-05 0.8651582118631836 1.0110533131543913
7.6486350000000005 5.673842e-05 0.8529733126473276 0.9968136254837253
7.698582999999999 5.653913e-05 0.8499772995141193 0.9933123826323619
7.748597 5.642964e-05 0.8483312887862605 0.9913887985097478
7.798977 5.866272e-05 0.8819021503824503 1.03062084922239
7.848819000000001 5.776817e-05 0.8684539916774906 1.014904873545301
7.898588 5.71016e-05 0.8584331553374704 1.0031941833579696
7.9489030000000005 5.779116e-05 0.8687996103333814 1.0153087752621601
7.998838 5.784368e-05 0.8695891663058641 1.016231477226903
8.048468 5.618215e-05 0.844610664116996 0.9870407499710158
8.098792 5.71416e-05 0.8590344927117909 1.0038969266669893
8.148753 5.576051e-05 0.8382719668542838 0.9796331327506392
8.198848 5.682486e-05 0.8542728027132341 0.9983322537745168
8.248885 5.689524e-05 0.855330855823351 0.999568730626737
8.299209000000001 5.623344e-05 0.8453817289652185 0.9879418425790062
8.349083 5.580062e-05 0.8388749579063837 0.9803378086037586
8.39907 5.781169e-05 0.8691082467407513 1.0156694582655144
8.449188 5.659928e-05 0.8508815605907537 0.9943691328833003
8.498876000000001 5.815086e-05 0.8742071366719584 1.0216281944685197
8.548588 5.817688e-05 0.8745983066339538 1.022085328991037
8.599152 5.656589e-05 0.8503795942175396 0.9937825179060961
8.649196 5.652066e-05 0.8496996319815268 0.9929878909094221
8.698792 5.709843e-05 0.8583854993505555 1.0031384909507297
8.749051 5.747291e-05 0.8640152198489438 1.0097175738097721
8.798763000000001 5.618203e-05 0.8446088601048731 0.9870386417410887
8.848468 5.681797e-05 0.8541692223505074 0.9982112062395383
8.898790000000002 5.627531e-05 0.8460111788617884 0.9886774391377225
8.948968 5.682221e-05 0.8542329641121854 0.9982856970302944
8.998940000000001 5.648892e-05 0.8492224707750036 0.992430264093715
9.048564 5.724322e-05 0.8605621903112521 1.005682246043554
9.098885000000001 5.691388e-05 0.8556110790397844 0.9998962090087402
9.149153 5.591386e-05 0.8405773440130849 0.9823272749115933
9.198687 5.779768e-05 0.8688976283253956 1.0154233224215303
9.249051 5.669223e-05 0.852278918314331 0.9960021326476348
9.299144 5.695468e-05 0.8562244431615912 1.0006130071839403
9.348949000000001 5.621923e-05 0.8451681038629912 0.987692193018477
9.399236 5.826883e-05 0.875980630923173 1.023700760172646
9.44932 5.676113e-05 0.853314721941598 0.9972126079974213
9.499431000000001 5.734149e-05 0.862039525905614 1.0074087106679879
9.549281 5.613913e-05 0.8439639257709144 0.9862849495421651
9.599199 5.764557e-05 0.8666108926251983 1.0127509653031557
9.649227999999999 5.700556e-05 0.8569893443017269 1.0015068966730132
9.699037 5.604181e-05 0.8425008719391927 0.9845751750713201
9.748922 5.733123e-05 0.8618852828691007 1.0072284570092245
9.799339 5.637017e-05 0.8474372504449895 0.9903439948950629
9.849319 5.6228e-05 0.8452999470823109 0.9878462694889795
9.899135 5.689371e-05 0.8553078546687833 0.999541850695167
9.948933 5.677019e-05 0.8534509248568816 0.9973717793569142
10.00116 5.694318e-05 0.8560515586664741 1.000410968482597
nan nan nan nan
