Ms(MA/m):0.9557405688685827
H(kOe) moment(emu) M(MA/m) M_norm()
9.993374 6.334271e-05 0.9295643708260178 0.9726116072758608
9.947977000000002 6.464592e-05 0.9486891854053777 0.9926220737165605
9.900521000000001 6.482102e-05 0.951258805829443 0.9953106908034203
9.852254 6.321601e-05 0.9277050281205407 0.970666160189024
9.803245 6.317247e-05 0.927066071677001 0.9699976142840447
9.754567 6.43543e-05 0.9444096153992905 0.9881443209189017
9.705755 6.551731e-05 0.9614769726202614 1.0060020511198657
9.656634 6.437624e-05 0.9447315883981711 0.9884812041792427
9.607644 6.444225e-05 0.945700295675113 0.9894947713631582
9.558699 6.551108e-05 0.9613855463767325 1.0059063910144908
9.508514 6.481825e-05 0.9512181556376975 0.9952681581401959
9.459152 6.574079e-05 0.9647565772597252 1.009433531111707
9.409964 6.44975e-05 0.9465110982361046 0.9903431214148373
9.359893 6.470032e-05 0.9494875140808154 0.9934573722289829
9.310209 6.491612e-05 0.9526544134955115 0.9967709277249528
9.26056 6.452848e-05 0.9469657346766387 0.9908188116338602
9.210672 6.734236e-05 0.9882598724200338 1.0340252413789943
9.161004 6.555166e-05 0.9619810643482264 1.006529486853353
9.111369 6.518399e-05 0.9565854484640686 1.0008840051610302
9.061124 6.57921e-05 0.9655095596923852 1.0102213834402438
9.010985 6.628817e-05 0.9727894660531277 1.0178384152979165
8.961200000000002 6.640804e-05 0.9745485774193907 1.0196789894281386
8.911040999999999 6.53008e-05 0.9582996538423383 1.0026775937499286
8.861359 6.635264e-05 0.973735573584478 1.0188283361636497
8.811643 6.566998e-05 0.9637174292173033 1.0083462611178717
8.761586 6.537455e-05 0.9593819468536164 1.0038100067148394
8.71193 6.467855e-05 0.9491680358590457 0.9931230992764933
8.661842 6.561405e-05 0.962896647547869 1.0074874698347875
8.611735000000001 6.5915e-05 0.9673131367918575 1.0121084824692275
8.561841000000001 6.401598e-05 0.9394447154457228 0.9829495011997333
8.511689 6.443664e-05 0.9456179680304585 0.9894086312040646
8.461416 6.383516e-05 0.9367911531094609 0.9801730549310527
8.411485 6.565543e-05 0.9635039056469425 1.008122849475303
8.361634 6.463862e-05 0.9485820567412107 0.9925099840264745
8.31156 6.497639e-05 0.9535388853570671 0.9976963586320062
8.261445 6.462565e-05 0.9483917199228205 0.9923108328921708
8.211606 6.4476e-05 0.9461955823073929 0.9900129942454057
8.161389 6.514847e-05 0.956064186799518 1.000338604367625
8.111143 6.574849e-05 0.9648695759876823 1.0095517627026198
8.061322 6.552887e-05 0.9616466174637922 1.0061795520537555
8.011504 6.520579e-05 0.9569053669406226 1.0012187387560818
7.961294 6.637794e-05 0.9741068551191946 1.0192168113909343
7.9113739999999995 6.564595e-05 0.9633647851351201 1.0079772864257117
7.861464 6.563379e-05 0.9631863351959046 1.007790572640582
7.811161 6.491899e-05 0.9526965312032047 0.9968149958633841
7.761125 6.540537e-05 0.9598342352686347 1.0042832401735318
7.711492 6.417366e-05 0.9417586945917342 0.9853706385055931
7.66118 6.581781e-05 0.9658868580424863 1.0106161541158758
7.610819 6.645247e-05 0.9752005947548632 1.0203612010624572
7.560662000000001 6.467726e-05 0.9491491049033229 0.9931032916463274
7.510936 6.624903e-05 0.9722150803112777 1.0172374303020304
7.4610959999999995 6.509811e-05 0.9553251457683591 0.9995653390535515
7.411275 6.65075e-05 0.9760081687807701 1.0212061730686817
7.361337000000001 6.610713e-05 0.9701326751817814 1.0150585909837815
7.3114170000000005 6.514902e-05 0.9560722581372292 1.0003470494812614
7.261198 6.390096e-05 0.9377567786029131 0.9811833976170341
7.21081 6.662842e-05 0.9777826890644822 1.0230628696885737
7.1608410000000005 6.477637e-05 0.9506035599588862 0.9946251011236471
7.11092 6.426165e-05 0.9430499618739357 0.9867217031399323
7.060785 6.504227e-05 0.9545056848632774 0.9987079296981531
7.010813 6.621386e-05 0.9716989549525435 1.0166974036718484
6.9607079999999995 6.468046e-05 0.949196065413643 0.9931524268529406
6.910832 6.434579e-05 0.9442847297921586 0.9880136519788151
6.860837 6.581647e-05 0.96586719332879 1.0105955787481065
6.811058 6.513642e-05 0.9558873511278447 1.0001535796052226
6.761125 6.452374e-05 0.9468961744207275 0.9907460301090647
6.710643 6.519195e-05 0.9567022627334892 1.0010062289874804
6.660671000000001 6.559568e-05 0.9626270648683141 1.0072054030393243
6.610698 6.496022e-05 0.9533015880283572 0.9974480722910896
6.560263 6.629577e-05 0.9729009972651373 1.0179551114136227
6.510567 6.472386e-05 0.9498329673348561 0.9938188230926305
6.460995 6.526057e-05 0.9577092721766607 1.0020598720742895
6.410819 6.516284e-05 0.9562750688411732 1.0005592521548219
6.3604449999999995 6.395442e-05 0.9385413126284443 0.982004262662514
6.3104949999999995 6.469635e-05 0.9494292536977 0.9933964138632787
6.260549 6.580554e-05 0.9657067938357285 1.0104277513080187
6.21093 6.343335e-05 0.930894527280828 0.9740033620031764
6.160898 6.464135e-05 0.9486221199265773 0.9925519024996162
6.110782 6.424635e-05 0.942825431933969 0.9864867754333135
6.060643 6.511463e-05 0.9555675794028855 0.9998189995576916
6.01103 6.6514e-05 0.9761035573173573 1.0213059789571144
5.960615 6.463669e-05 0.9485537336834241 0.992480349354986
5.910444999999999 6.562655e-05 0.9630800870413059 1.0076794042356199
5.860263 6.491003e-05 0.9525650417743091 0.9966774172848675
5.810492 6.368079e-05 0.9345257487413117 0.9778027418545333
5.760458 6.58673e-05 0.9666131316849021 1.0113760607956512
5.7101999999999995 6.56395e-05 0.9632701303565065 1.007878248274882
5.660067 6.383147e-05 0.9367370017709983 0.9801163958959269
5.610285 6.520981e-05 0.9569643610817118 1.0012804648593894
5.560485 6.549762e-05 0.9611880187301995 1.0056997160516745
5.510125 6.595869e-05 0.9679542945093185 1.0127793315870168
5.460209 6.51717e-05 0.9564050907541213 1.0006952952581318
5.410161 6.529814e-05 0.9582606179181348 1.0026367501094313
5.360132999999999 6.521441e-05 0.9570318668152967 1.0013510967188959
5.310263 6.526001e-05 0.9577010540873547 1.0020512734131322
5.2602079999999996 6.625041e-05 0.9722353320313533 1.0172586198598823
5.210266 6.431551e-05 0.943840365963257 0.9875487100862389
5.1600600000000005 6.544004e-05 0.9603430230476315 1.0048155894276802
5.1100959999999995 6.386487e-05 0.937227152097462 0.980629244614951
5.060124 6.411347e-05 0.9408753967429365 0.9844464359787052
5.009902 6.511378e-05 0.9555551055173317 0.9998059480184349
4.960162 6.5546e-05 0.961898002945598 1.006442578956656
4.9103 6.745297e-05 0.9898830918095588 1.0357236305050799
4.859966999999999 6.589686e-05 0.9670469293989817 1.0118299472667396
4.810275 6.358166e-05 0.9330710001825592 0.9762806252821724
4.7603100000000005 6.597587e-05 0.9682064137490982 1.0130431262275208
4.710086 6.683497e-05 0.9808138432540348 1.0262343937279277
4.660332 6.545064e-05 0.960498579738066 1.0049783497995861
4.610180000000001 6.569285e-05 0.9640530501144956 1.0086974242976348
4.560247 6.491013e-05 0.9525665092902564 0.996678952760074
4.5101890000000004 6.560989e-05 0.962835598884453 1.0074235940661904
4.459957999999999 6.620415e-05 0.9715564591540417 1.016548309029282
4.409945 6.496884e-05 0.9534280879030312 0.9975804302539034
4.360097 6.677165e-05 0.9798846121560804 1.0252621308270713
4.309864999999999 6.434519e-05 0.9442759246964736 0.9880044391275751
4.260039 6.476488e-05 0.9504349423765188 0.994448675022402
4.210143 6.619622e-05 0.9714400851394053 1.0164265458453938
4.1599759999999995 6.466899e-05 0.9490277413344651 0.9929763078467367
4.109819000000001 6.559872e-05 0.9626716773531179 1.0072520814856067
4.05918 6.551454e-05 0.9614363224285157 1.0059595184566412
4.009313 6.440111e-05 0.9450965596143134 0.9888630768631389
3.959772 6.424255e-05 0.9427696663279639 0.9864284273754604
3.90943 6.415474e-05 0.9414810405744679 0.9850801265964931
3.859322 6.589346e-05 0.966997033856767 1.0117777411097133
3.8093739999999996 6.396353e-05 0.9386750033312611 0.9821441444538406
3.759634 6.422659e-05 0.9425354507827437 0.9861833655324778
3.709846 6.45227e-05 0.9468809122548735 0.9907300611669153
3.659633 6.451677e-05 0.946793888559187 0.9906390074871606
3.609652 6.572955e-05 0.9645916284672267 1.0092609436984787
3.5597350000000003 6.489582e-05 0.9523565077581697 0.9964592262580011
3.509569 6.350946e-05 0.9320114536684669 0.9751720121829645
3.459558 6.537045e-05 0.9593217786997691 1.0037470522313663
3.409569 6.487902e-05 0.9521099650789905 0.9962012664232824
3.359495 6.405213e-05 0.9399752224607424 0.9835045754869405
3.309266 6.484457e-05 0.9516044058350783 0.9956722952145886
3.259096 6.334385e-05 0.9295811005078192 0.9726291116932166
3.209237 6.400784e-05 0.9393252596475967 0.9828245135179113
3.15968 6.509389e-05 0.9552632165953748 0.9995005419998305
3.1093 6.441599e-05 0.9453149259873007 0.9890915555738897
3.059152 6.501161e-05 0.9540557444737752 0.9982371529997914
3.008963 6.391358e-05 0.937941979115487 0.9813771745881145
2.959133 6.451819e-05 0.9468147272856413 0.990660811235095
2.9087840000000003 6.509913e-05 0.9553401144310236 0.9995810009006595
2.8593029999999997 6.429488e-05 0.9435376174232886 0.987231941551105
2.8094200000000003 6.587755e-05 0.9667635520695204 1.0115334470043338
2.758837 6.542308e-05 0.9600941323429363 1.0045551728326312
2.708907 6.438446e-05 0.9448522182090553 0.9886074202412302
2.658744 6.521486e-05 0.9570384706370604 1.0013580063573257
2.60901 6.38462e-05 0.9369531668700644 0.9803425713938678
2.558948 6.506907e-05 0.9548989791372063 0.9991194370535378
2.509067 6.621149e-05 0.9716641748245878 1.0166610129094507
2.4589760000000003 6.427302e-05 0.943216818437166 0.9868962866709294
2.4088220000000002 6.440348e-05 0.9451313397422691 0.9888994676255367
2.359004 6.549646e-05 0.9611709955452087 1.0056819045392773
2.308822 6.481966e-05 0.951238847612557 0.9952898083406096
2.258939 6.589135e-05 0.9669660692702747 1.0117453425828526
2.2089920000000003 6.416962e-05 0.9416994069474554 0.9853086053072442
2.159143 6.571297e-05 0.9643483143231317 1.0090063619092144
2.109031 6.430762e-05 0.9437245789549995 0.9874275610924333
2.0590859999999997 6.497486e-05 0.9535164323630705 0.9976728658613443
2.009198 6.399968e-05 0.939205510346281 0.9826992187410479
1.958939 6.314462e-05 0.9266573684856234 0.9695699844389902
1.908812 6.54625e-05 0.960672627129439 1.005160457159096
1.8590389999999999 6.39928e-05 0.9391045452490931 0.9825935780468297
1.808929 6.423755e-05 0.9426962905305892 0.9863516536151274
1.759161 6.602726e-05 0.9689605701945163 1.013832206936223
1.709031 6.507587e-05 0.954998770221636 0.9992238493675906
1.659218 6.462099e-05 0.9483233336796671 0.9922392797475404
1.609059 6.368067e-05 0.9345239877221747 0.9778008992842854
1.5588030000000002 6.455512e-05 0.9473566809250517 0.9912278622289142
1.508605 6.430953e-05 0.9437526085095966 0.9874568886688805
1.4587370000000002 6.406397e-05 0.940148976348926 0.9836863757514089
1.408587 6.411412e-05 0.9408849355965951 0.9844564165675483
1.3586610000000001 6.406431e-05 0.9401539659031474 0.9836915963671116
1.308992 6.549664e-05 0.9611736370739141 1.0056846683946492
1.25892 6.43733e-05 0.9446884434293147 0.9884360612081668
1.208818 6.597486e-05 0.9681915918380285 1.0130276179279334
1.1586610000000002 6.332791e-05 0.9293471784657884 0.9723843569452751
1.10901 6.312981e-05 0.9264400293737992 0.969342580560884
1.058994 6.311647e-05 0.9262442627464034 0.9691377481683157
1.0085220000000001 6.385625e-05 0.9371006522227877 0.980496886652137
0.9588407 6.21894e-05 0.9126393626519539 0.9549028181699427
0.9088923999999999 6.408781e-05 0.940498832150809 0.9840524330406765
0.8586794 6.383466e-05 0.9367838155297235 0.9801653775550194
0.8084728 6.22852e-05 0.914045242929655 0.9563738034179221
0.7583369 6.423151e-05 0.9426076525673605 0.9862589109126453
0.7082935 6.327563e-05 0.9285799611284375 0.9715816105072339
0.6586794 6.221359e-05 0.9129943547596531 0.9552742496224336
0.6084256 6.041802e-05 0.8866440786612028 0.927703717454228
0.558485 5.650309e-05 0.8291918565779055 0.8675909379461759
0.5087181 4.718064e-05 0.6923834161305831 0.7244470295430014
0.458735 3.99177e-05 0.5857986133735316 0.612926386568488
0.4084387 3.302378e-05 0.48462923796592894 0.5070719542015872
0.35828129999999997 2.558867e-05 0.3755178130020739 0.3929076835637692
0.3081615 2.102178e-05 0.3084979739474829 0.3227842198983837
0.2584109 1.640443e-05 0.24073762634578552 0.251885955443718
0.2081887 1.554649e-05 0.22814722002584004 0.23871249945570844
0.15823689999999999 1.199373e-05 0.1760099004495882 0.18416075050361297
0.1081702 6.282225e-06 0.09219265373256812 0.09646200730152837
0.05834068 4.694809e-06 0.06889707077946816 0.07208762819499161
0.008318319000000001 3.303903e-06 0.048485303414792215 0.050730611417060284
-0.04173724 3.016466e-07 0.00442671196007887 0.004631708754729608
-0.09171873 -4.068705e-06 -0.05970889473155905 -0.06247395650709184
-0.1421354 -4.976245e-06 -0.07302718896146244 -0.0764090081976042
-0.19188570000000002 -8.127216e-06 -0.11926819088743036 -0.12479138667161685
-0.2414423 -8.908678e-06 -0.13073627036105 -0.13679054193107779
-0.2913484 -1.371786e-05 -0.20131178315514756 -0.21063433918418142
-0.34181130000000004 -1.507001e-05 -0.22115480003921204 -0.23139626719102002
-0.39199900000000004 -1.804773e-05 -0.264853315910984 -0.277118419514744
-0.4413857 -2.087094e-05 -0.3062843728922802 -0.32046810909665935
-0.49188540000000003 -2.443796e-05 -0.35863096024264496 -0.37523881681322435
-0.5422726 -2.726565e-05 -0.40012776193838895 -0.41865729568439797
-0.5914896 -3.011739e-05 -0.44197750121950574 -0.4624450563427731
-0.6419595 -3.329602e-05 -0.48862440338139157 -0.5112521319041956
-0.6918763 -3.644667e-05 -0.5348606945811681 -0.5596295815027948
-0.7418298999999999 -4.26175e-05 -0.6254186089240232 -0.6543811461978656
-0.7919133 -4.853249e-05 -0.7122220304668051 -0.74520435112422
-0.8422929 -5.162548e-05 -0.7576121519712554 -0.7926964457186597
-0.892131 -5.7764e-05 -0.8476959119114746 -0.8869518983744589
-0.9419318 -5.789219e-05 -0.8495771206045696 -0.888920224041875
-0.9920273 -6.037058e-05 -0.8859478890957109 -0.926975288016189
-1.0420150000000001 -6.147134e-05 -0.9021017176393656 -0.9438771849010078
-1.092008 -6.276303e-05 -0.9210574743815741 -0.9637107645979003
-1.142061 -6.167219e-05 -0.905049223419911 -0.9469611868535822
-1.192311 -6.342336e-05 -0.9307479224376732 -0.9738499680300313
-1.2423389999999999 -6.219872e-05 -0.9127761351382605 -0.9550459244592034
-1.291932 -6.279131e-05 -0.9214724878915259 -0.9641449969863435
-1.34199 -6.25349e-05 -0.917709630250552 -0.9602078850089494
-1.392015 -6.441704e-05 -0.9453303349047495 -0.9891076780635597
-1.4423759999999999 -6.422175e-05 -0.942464423010885 -0.9861090485324755
-1.491839 -6.505418e-05 -0.9546804660126242 -0.9988908047952663
-1.541858 -6.46487e-05 -0.9487299823487183 -0.9926647599273057
-1.5921880000000002 -6.462724e-05 -0.9484150534263858 -0.9923352469479567
-1.642006 -6.324806e-05 -0.9281753669817131 -0.9711582799927582
-1.69199 -6.447923e-05 -0.9462429830724972 -0.9900625900945809
-1.742524 -6.402354e-05 -0.9395556596513535 -0.9830655831253567
-1.792546 -6.450952e-05 -0.9466874936529935 -0.9905276855346777
-1.842312 -6.365181e-05 -0.9341004626197272 -0.9773577611396435
-1.89249 -6.487744e-05 -0.95208677832702 -0.9961770059150172
-1.942037 -6.500853e-05 -0.9540105449825923 -0.9981898603634264
-1.992071 -6.386434e-05 -0.93721937426294 -0.9806211065963556
-2.042443 -6.437496e-05 -0.9447128041940432 -0.9884615500965975
-2.0922739999999997 -6.344078e-05 -0.9310035637157269 -0.9741174478110313
-2.142478 -6.42391e-05 -0.9427190370277754 -0.9863754534808307
-2.192631 -6.528183e-05 -0.9580212660670984 -1.0023863141032254
-2.242413 -6.467509e-05 -0.9491172598072625 -0.993069971834343
-2.292065 -6.546536e-05 -0.9607145980855373 -1.0052043717500063
-2.341987 -6.479147e-05 -0.950825154866958 -0.9948569578798526
-2.392423 -6.501238e-05 -0.9540670443465711 -0.9982489761588829
-2.442697 -6.345571e-05 -0.9312226638466881 -0.9743466942593855
-2.492524 -6.380294e-05 -0.9363183194711777 -0.979678324819467
-2.542395 -6.34194e-05 -0.9306898088061523 -0.9737891632118475
-2.5923760000000002 -6.614578e-05 -0.9706998700954883 -1.015652052151155
-2.642225 -6.414648e-05 -0.9413598237572048 -0.9849532963444232
-2.6922930000000003 -6.601687e-05 -0.9688080952875716 -1.013672671062251
-2.7422649999999997 -6.426471e-05 -0.9430948678619291 -0.9867686886812561
-2.792506 -6.444933e-05 -0.9458041958041958 -0.9896034830077898
-2.842518 -6.509163e-05 -0.9552300507349613 -0.9994658402601599
-2.892098 -6.520985e-05 -0.9569649480880908 -1.0012810790494722
-2.94233 -6.473099e-05 -0.9499376012219125 -0.9939283024748653
-2.992737 -6.367617e-05 -0.9344579495045374 -0.9777318028999857
-3.042131 -6.578681e-05 -0.9654319280987627 -1.0101401568018116
-3.0919589999999997 -6.484141e-05 -0.9515580323311373 -0.995623774198058
-3.142321 -6.584343e-05 -0.9662628356282348 -1.0110095428638217
-3.1924989999999998 -6.454732e-05 -0.947242214681147 -0.9911080951627949
-3.242663 -6.456357e-05 -0.947480686022615 -0.9913576098838769
-3.29248 -6.599988e-05 -0.968558764328092 -1.0134117938246396
-3.342534 -6.311936e-05 -0.926286673957286 -0.9691821234017881
-3.392598 -6.302568e-05 -0.9249119050176717 -0.96774369022819
-3.4426219999999996 -6.724693e-05 -0.9868594219513382 -1.0325599373892798
-3.492413 -6.410343e-05 -0.9407280581418077 -0.9842922742679565
-3.542612 -6.526848e-05 -0.9578253526881078 -1.0021813281631364
-3.592163 -6.394367e-05 -0.9383835546640886 -0.9818391990777983
-3.6426819999999998 -6.427509e-05 -0.943247196017279 -0.9869280710077072
-3.692612 -6.471725e-05 -0.9497359645307266 -0.9937173281814703
-3.742515 -6.441865e-05 -0.945353961911504 -0.9891323992143868
-3.7922629999999997 -6.449808e-05 -0.9465196098286 -0.9903520271710359
-3.842006 -6.534486e-05 -0.9589462413688049 -1.0033541241259822
-3.8924969999999997 -6.566689e-05 -0.9636720829745257 -1.008298814933986
-3.942348 -6.418069e-05 -0.9418618609628433 -0.9854785824126213
-3.991821 -6.262252e-05 -0.9189954677237476 -0.9615532683850239
-4.0422649999999996 -6.448756e-05 -0.9463652271509236 -0.9901904951792956
-4.092719 -6.579938e-05 -0.9656163948533628 -1.0103331660352886
-4.1429409999999995 -6.491872e-05 -0.9526925689101464 -0.9968108500803261
-4.192905 -6.487143e-05 -0.9519985806185756 -0.996084723855097
-4.242932 -6.467885e-05 -0.9491724384068883 -0.9931277057021133
-4.292747 -6.547773e-05 -0.9608961298082426 -1.00539431003307
-4.342904000000001 -6.427415e-05 -0.9432334013673728 -0.9869136375407647
-4.392784 -6.47051e-05 -0.9495576613431059 -0.9935307679438613
-4.44295 -6.425589e-05 -0.94296543295536 -0.9866332597680286
-4.492765 -6.408841e-05 -0.940507637246494 -0.9840616458919164
-4.5427740000000005 -6.340164e-05 -0.9304291779738771 -0.9735164628151449
-4.5928379999999995 -6.536022e-05 -0.9591716518183404 -1.0035899731177251
-4.64245 -6.597017e-05 -0.9681227653400911 -1.0129556041407413
-4.693042999999999 -6.393575e-05 -0.9382673274010469 -0.9817175894414308
-4.743164 -6.50976e-05 -0.9553176614370269 -0.9995575081299976
-4.7927349999999995 -6.586516e-05 -0.9665817268436256 -1.0113432016262287
-4.842422 -6.465764e-05 -0.9488611782744244 -0.992802031410781
-4.892507999999999 -6.501022e-05 -0.9540353460021052 -0.998215809894419
-4.942599 -6.48503e-05 -0.9516884944988697 -0.99576027794393
-4.99308 -6.465417e-05 -0.9488102554710462 -0.99274875042111
-5.042527 -6.357484e-05 -0.9329709155949398 -0.9761759058730782
-5.092562 -6.671005e-05 -0.9789806223324229 -1.0243162780997692
-5.142414 -6.538066e-05 -0.9594716120780086 -1.0039038242499663
-5.192367 -6.503929e-05 -0.9544619528880421 -0.9986621725369947
-5.242312 -6.513397e-05 -0.9558513969871312 -1.0001159604626595
-5.292534 -6.482879e-05 -0.9513728318185634 -0.9954299972269777
-5.34296 -6.400487e-05 -0.939281674423956 -0.9827789099042735
-5.392812 -6.447443e-05 -0.9461725423070172 -0.9899888872846611
-5.4422820000000005 -6.548298e-05 -0.9609731743954861 -1.0054749224814197
-5.49207 -6.423254e-05 -0.9426227679816197 -0.9862747263072739
-5.542358 -6.513841e-05 -0.9559165546951999 -1.000184135561835
-5.5919799999999995 -6.294601e-05 -0.923742735062302 -0.9665203771310449
-5.642042999999999 -6.666503e-05 -0.9783199466528604 -1.0236250071617314
-5.692321 -6.527337e-05 -0.9578971142179401 -1.0022564129007419
-5.742273 -6.725634e-05 -0.9869975152019977 -1.0327044256062263
-5.792154 -6.494256e-05 -0.9530424247120294 -0.9971769073695935
-5.842274000000001 -6.726982e-05 -0.9871953363517201 -1.032911407664084
-5.8921220000000005 -6.498965e-05 -0.9537334779717052 -0.9978999626444093
-5.942182 -6.573183e-05 -0.9646250878308296 -1.0092959525331904
-5.992552 -6.51048e-05 -0.9554233225852465 -0.9996680623448769
-6.042243999999999 -6.467972e-05 -0.9491852057956315 -0.9931410643364114
-6.091969 -6.517938e-05 -0.9565177959788888 -1.0008132197540032
-6.1421909999999995 -6.545708e-05 -0.9605930877650848 -1.005077234402895
-6.192292999999999 -6.497966e-05 -0.9535868731285502 -0.9977465686712639
-6.242319999999999 -6.687333e-05 -0.9813767823714941 -1.026823402017202
-6.292015999999999 -6.390909e-05 -0.9378760876494444 -0.9813082317513355
-6.341829 -6.513757e-05 -0.9559042275612408 -1.000171237570099
-6.391876 -6.578896e-05 -0.9654634796916339 -1.0101731695187546
-6.441801000000001 -6.32501e-05 -0.928205304307042 -0.9711896036869739
-6.491626 -6.353605e-05 -0.9324016661589062 -0.9755802950404151
-6.5416170000000005 -6.644633e-05 -0.9751104892756871 -1.0202669228847685
-6.591848 -6.404719e-05 -0.9399027271729362 -0.9834287230117317
-6.6417470000000005 -6.502371e-05 -0.9542333139034221 -0.9984229454997973
-6.691858 -6.477243e-05 -0.9505457398305548 -0.9945646034005047
-6.741876 -6.499416e-05 -0.9537996629409373 -0.9979692125762296
-6.791688 -6.542649e-05 -0.9601441746367458 -1.0046075325371782
-6.841756 -6.375006e-05 -0.9355422970381418 -0.9788663655301858
-6.892141 -6.431375e-05 -0.9438145376825811 -0.9875216857226017
-6.9417290000000005 -6.348918e-05 -0.9317138414343149 -0.9748606178110542
-6.99158 -6.524036e-05 -0.9574126872036719 -1.001749552535024
-7.041747 -6.443151e-05 -0.9455426844623521 -0.9893298613259631
-7.091952 -6.52951e-05 -0.9582160054333311 -1.0025900716631488
-7.141282 -6.544872e-05 -0.9604704034318741 -1.0049488686756183
-7.1914880000000005 -6.424728e-05 -0.9428390798322807 -0.9865010553527355
-7.241669 -6.431209e-05 -0.9437901769178526 -0.987496196834171
-7.291499 -6.571753e-05 -0.9644152330503376 -1.0090763795786382
-7.3414589999999995 -6.513957e-05 -0.955933577880191 -1.0002019470742323
-7.391556 -6.561558e-05 -0.9629191005418657 -1.0075109626054495
-7.441441 -6.540427e-05 -0.9598180925932124 -1.0042663499462585
-7.491537 -6.587706e-05 -0.9667563612413775 -1.0115259231758211
-7.54108 -6.368256e-05 -0.9345517237735823 -0.9778299197656912
-7.591043 -6.381899e-05 -0.9365538557807508 -0.979924768590136
-7.64083 -6.423358e-05 -0.9426380301474737 -0.9862906952494233
-7.690895 -6.61053e-05 -0.970105819639942 -1.0150304917874995
-7.741084 -6.442501e-05 -0.9454472959257648 -0.9892300554375302
-7.790886 -6.635904e-05 -0.9738294946051178 -1.0189266065768758
-7.840904999999999 -6.487519e-05 -0.9520537592182016 -0.9961424577228675
-7.8907929999999995 -6.50898e-05 -0.9552031951931222 -0.9994377410638782
-7.940658999999999 -6.596887e-05 -0.9681036876327734 -1.0129356429630547
-7.990506 -6.543328e-05 -0.9602438189695809 -1.0047117913037102
-8.040688 -6.558136e-05 -0.9624169165846327 -1.0069855229897309
-8.090441 -6.450743e-05 -0.946656822569691 -0.9904955941028586
-8.140386000000001 -6.389843e-05 -0.9377196504494414 -0.9811445500943057
-8.190395 -6.634912e-05 -0.9736839170231264 -1.0187742874363754
-8.240216 -6.562517e-05 -0.9630598353212304 -1.007658214677768
-8.29046 -6.463447e-05 -0.9485211548293895 -0.9924462618053981
-8.340226000000001 -6.46733e-05 -0.9490909912718022 -0.9930424868281438
-8.389959999999999 -6.618174e-05 -0.971227588830208 -1.0162042090354697
-8.440019 -6.64621e-05 -0.975341916540607 -1.0205090673248585
-8.490173 -6.55771e-05 -0.9623544004052693 -1.0069201117459272
-8.540027 -6.569043e-05 -0.9640175362285663 -1.0086602657976338
-8.589766 -6.368494e-05 -0.9345866506531325 -0.9778664640756095
-8.63965 -6.549319e-05 -0.9611230077737256 -1.0056316945000197
-8.689478999999999 -6.588634e-05 -0.9668925467213052 -1.011668415274999
-8.739812 -6.648694e-05 -0.975706447501965 -1.0208904793661926
-8.789755999999999 -6.391963e-05 -0.9380307638303106 -0.9814700708381174
-8.839207 -6.49686e-05 -0.9534245658647573 -0.9975767451134077
-8.88883 -6.391093e-05 -0.9379030899428784 -0.9813364844951381
-8.938829 -6.5907e-05 -0.967195735516058 -1.011985644452695
-8.988700999999999 -6.246606e-05 -0.9166993922722959 -0.9591508638766854
-9.038831 -6.386681e-05 -0.9372556219068433 -0.9806590328339603
-9.088896 -6.538031e-05 -0.9594664757721922 -1.003898450086743
-9.138311999999999 -6.553131e-05 -0.9616824248529109 -1.006217017648798
-9.188065 -6.341071e-05 -0.930562281670315 -0.9736557304163889
-9.238117 -6.57153e-05 -0.9643825074447083 -1.0090421384815296
-9.288507 -6.549604e-05 -0.9611648319782291 -1.0056754555434093
-9.33798 -6.482207e-05 -0.9512742147468918 -0.9953268132930903
-9.387849000000001 -6.382053e-05 -0.9365764555263423 -0.9799484149083185
-9.437641 -6.559793e-05 -0.9626600839771325 -1.007239951231474
-9.487627 -6.379886e-05 -0.9362584448205198 -0.9796156774310354
-9.537896 -6.510656e-05 -0.9554491508659224 -0.999695086708514
-9.587311 -6.53073e-05 -0.9583950423789255 -1.0027773996383613
-9.637404 -6.481481e-05 -0.9511676730891034 -0.9952153377930867
-9.687433 -6.53066e-05 -0.9583847697672931 -1.0027666513119147
-9.737396 -6.555034e-05 -0.9619616931377194 -1.0065092185806253
-9.787245 -6.458874e-05 -0.9478500597865996 -0.991744088993393
-9.837266 -6.554242e-05 -0.9618454658746778 -1.0063876089442578
-9.887645000000001 -6.475946e-05 -0.9503554030121645 -0.9943654522662011
-9.937357 -6.510306e-05 -0.9553977878077601 -0.999641345076281
-9.989772 -6.582739e-05 -0.9660274460702566 -1.0107632526406738
-9.993447 -6.455131e-05 -0.947300768567452 -0.9911693606235404
-9.946075 -6.419393e-05 -0.9420561600742915 -0.9856818793299829
-9.897066 -6.688064e-05 -0.981484057787256 -1.0269356452548088
-9.847603 -6.416417e-05 -0.9416194273283168 -0.9852249219084812
-9.798084000000001 -6.312594e-05 -0.9263832365066312 -0.9692831576703863
-9.748465 -6.476585e-05 -0.9504491772812096 -0.9944635691319066
-9.699121 -6.52263e-05 -0.9572063544614539 -1.0015336647209674
-9.649261000000001 -6.442259e-05 -0.9454117820398354 -0.9891928969375292
-9.599622 -6.536741e-05 -0.9592771662149653 -1.003700373785084
-9.549798000000001 -6.527182e-05 -0.957874367720754 -1.0022326130350385
-9.499825000000001 -6.68052e-05 -0.9803769637564651 -1.0257772827589051
-9.450121999999999 -6.525948e-05 -0.9576932762528331 -1.002043135394537
-9.400582 -6.484918e-05 -0.9516720583202578 -0.9957430806216154
-9.351224 -6.507899e-05 -0.955044556719198 -0.9992717561940384
-9.300678 -6.4548e-05 -0.94725219378959 -0.9911185363942002
-9.251271000000001 -6.445603e-05 -0.945902519372678 -0.9897063598466358
-9.201271 -6.63845e-05 -0.9742031241653504 -1.0193175385644913
-9.151506999999999 -6.434151e-05 -0.9442219201096058 -0.98794793363997
-9.10152 -6.602368e-05 -0.968908033123596 -1.0137772369238245
-9.051592000000001 -6.515197e-05 -0.9561155498576803 -1.000392345999858
-9.002038 -6.587914e-05 -0.9667868855730855 -1.0115578610601195
-8.952035 -6.487888e-05 -0.9521079105566641 -0.9961991167579932
-8.902233 -6.515306e-05 -0.9561315457815079 -1.0004090826796106
-8.852281000000001 -6.515063e-05 -0.9560958851439839 -1.0003717706320887
-8.802622 -6.535483e-05 -0.9590925527087704 -1.0035072110040864
-8.752742 -6.445936e-05 -0.9459513876537297 -0.9897574911710176
-8.702752 -6.641422e-05 -0.9746392699049462 -1.0197738817959103
-8.652918 -6.526364e-05 -0.9577543249162489 -1.002107011163134
-8.602678 -6.47368e-05 -0.950022863898462 -0.9940175135843722
-8.552733 -6.452739e-05 -0.9469497387528111 -0.9908020749541077
-8.502779 -6.673378e-05 -0.9793288638667637 -1.0246806463663094
-8.452941000000001 -6.48096e-05 -0.9510912155082388 -0.9951353395348198
-8.402871 -6.403009e-05 -0.9396517819459145 -0.983166156751393
-8.353243 -6.544732e-05 -0.9604498582086091 -1.004927372022725
-8.303455 -6.510991e-05 -0.9554983126501636 -0.9997465251279373
-8.252779 -6.557023e-05 -0.9622535820596764 -1.0068146245992295
-8.203177 -6.633693e-05 -0.9735050268291264 -1.0185871130086834
-8.152936 -6.677053e-05 -0.9798681759774683 -1.0252449335047567
-8.103148000000001 -6.632233e-05 -0.9732907695007922 -1.0183629336285114
-8.05302 -6.579929e-05 -0.9656150740890103 -1.0103317841076025
-8.003020000000001 -6.388441e-05 -0.9375139047136025 -0.9809292764703322
-7.953205 -6.575754e-05 -0.9650023861809307 -1.0096907232088224
-7.903354 -6.428125e-05 -0.9433375949996448 -0.9870226562804373
-7.853545 -6.554792e-05 -0.9619261792517899 -1.0064720600806238
-7.80377 -6.49132e-05 -0.9526115620298445 -0.9967260918489184
-7.753344 -6.409929e-05 -0.9406673029815815 -0.9842287055944009
-7.703430999999999 -6.449583e-05 -0.9464865907197814 -0.9903174789788862
-7.653511000000001 -6.557005e-05 -0.9622509405309707 -1.0068118607438576
-7.603455 -6.573841e-05 -0.9647216503801748 -1.0093969868017887
-7.553705 -6.558261e-05 -0.9624352605339762 -1.007004716429814
-7.503992 -6.499584e-05 -0.9538243172088552 -0.9979950085597015
-7.453816 -6.603212e-05 -0.9690318914695647 -1.0139068310312664
-7.403903000000001 -6.347094e-05 -0.9314461665254916 -0.9745805471333595
-7.354422 -6.566251e-05 -0.9636078057760255 -1.0082315611199344
-7.304205 -6.549132e-05 -0.9610955652255072 -1.0056029811136549
-7.254366 -6.566414e-05 -0.9636317262859695 -1.0082565893658029
-7.204242 -6.569982e-05 -0.9641553359760361 -1.008804446919539
-7.154195 -6.677874e-05 -0.9799886590367578 -1.0253709960192232
-7.104158999999999 -6.503519e-05 -0.9544017847341947 -0.9985992180535217
-7.054100999999999 -6.632894e-05 -0.9733877723049218 -1.0184644285396716
-7.004122000000001 -6.402897e-05 -0.9396353457673026 -0.9831489594290784
-6.954545 -6.562929e-05 -0.9631202969782672 -1.0077214762562823
-6.904381 -6.530456e-05 -0.9583548324419642 -1.0027353276176987
-6.854017 -6.470855e-05 -0.9496082906432944 -0.9935837418384911
-6.804084 -6.616656e-05 -0.971004819909378 -1.0159711238990987
-6.754233 -6.490859e-05 -0.952543909544665 -0.9966553064418915
-6.704413 -6.487568e-05 -0.9520609500463442 -0.99614998155138
-6.654479 -6.547241e-05 -0.9608180579598359 -1.005312622752076
-6.604418 -6.441025e-05 -0.9452306905719146 -0.9890034192970275
-6.554186 -6.275989e-05 -0.9210113943808227 -0.9636625506764112
-6.503945 -6.588108e-05 -0.9668153553824669 -1.0115876492791287
-6.4541390000000005 -6.482739e-05 -0.9513522865952985 -0.9954085005740844
-6.404446 -6.430259e-05 -0.9436507629028404 -0.9873503266895384
-6.3542700000000005 -6.61425e-05 -0.9706517355724106 -1.0156016885643766
-6.304251 -6.629122e-05 -0.9728342252895262 -1.0178852472917197
-6.254279 -6.668761e-05 -0.9786513117538047 -1.0239717174633949
-6.204159 -6.493188e-05 -0.9528856940088368 -0.9970129186175224
-6.15427 -6.362772e-05 -0.9337469380279756 -0.9769878651623595
-6.104279 -6.590527e-05 -0.9671703474901663 -1.0119590807316197
-6.054422 -6.554e-05 -0.9618099519887483 -1.0063504504442566
-6.005001 -6.609426e-05 -0.9699438058793385 -1.0148609753246842
-5.954687 -6.501168e-05 -0.9540567717349385 -0.9982382278324362
-5.904149 -6.299743e-05 -0.9244973317625043 -0.9673099184823089
-5.854648 -6.685231e-05 -0.9810683105193304 -1.0265006451287622
-5.804742 -6.497776e-05 -0.9535589903255478 -0.9977173946423374
-5.754612 -6.458626e-05 -0.9478136653911018 -0.9917060092082678
-5.705129 -6.664653e-05 -0.9780484562025735 -1.0233409442484995
-5.654899 -6.476287e-05 -0.9504054453059742 -0.9944178119707481
-5.604464 -6.486529e-05 -0.9519084751393995 -0.9959904456774082
-5.55444 -6.648666e-05 -0.9757023384573121 -1.020886180035614
-5.504575 -6.354871e-05 -0.9325874536778592 -0.9757746862015783
-5.454384 -6.477753e-05 -0.9506205831438771 -0.9946429126360443
-5.404834 -6.470366e-05 -0.949536529113462 -0.9935086571008853
-5.354837000000001 -6.477212e-05 -0.9505411905311175 -0.9945598434273641
-5.304806999999999 -6.529735e-05 -0.9582490245421499 -1.0026246198552988
-5.254362 -6.472988e-05 -0.9499213117948954 -0.9939112587000714
-5.204345999999999 -6.330691e-05 -0.9290390001168144 -0.9720619071518769
-5.154979 -6.417231e-05 -0.941738883126443 -0.9853499095903032
-5.104742 -6.42334e-05 -0.942635388618768 -0.986287931394051
-5.054827 -6.607149e-05 -0.9696096524980938 -1.0145113476201282
-5.005205 -6.418284e-05 -0.9418934125557142 -0.9855115951295643
-4.955243 -6.60248e-05 -0.968924469302208 -1.0137944342461391
-4.905270000000001 -6.358445e-05 -0.9331119438774941 -0.976323465040438
-4.855498 -6.523968e-05 -0.9574027080952289 -1.0017391113036185
-4.805344 -6.543135e-05 -0.9602154959117941 -1.0046821566322217
-4.755057 -6.430785e-05 -0.9437279542416788 -0.9874310926854086
-4.7050730000000005 -6.527464e-05 -0.9579157516704735 -1.0022759134358665
-4.655205 -6.528092e-05 -0.9580079116719761 -1.0023723412788446
-4.604908999999999 -6.464309e-05 -0.9486476547040638 -0.9925786197682122
-4.555026 -6.353651e-05 -0.9324084167322647 -0.9755873582263659
-4.505131 -6.520291e-05 -0.9568631024813347 -1.00117451707013
-4.454818 -6.629011e-05 -0.972817935862509 -1.0178682035169258
-4.405057 -6.482453e-05 -0.9513103156392001 -0.995364585983174
-4.354659 -6.384889e-05 -0.936992643049052 -0.9803838756769269
-4.3048459999999995 -6.410632e-05 -0.9407704693526904 -0.9843366495014289
-4.25514 -6.70151e-05 -0.9834572797302589 -1.0290002452176823
-4.20502 -6.533728e-05 -0.9588350036599848 -1.0032377351053174
-4.155045 -6.390003e-05 -0.9377431307046012 -0.9811691176976123
-4.104881000000001 -6.626688e-05 -0.9724770319079057 -1.017511512626419
-4.05426 -6.330759e-05 -0.9290489792252572 -0.9720723483832822
-4.004167 -6.4686e-05 -0.9492773657971341 -0.9932374921793894
-3.954223 -6.415978e-05 -0.9415550033782216 -0.9851575145469087
-3.904384 -6.636066e-05 -0.9738532683634673 -1.0189514812752236
-3.8543339999999997 -6.277565e-05 -0.9212426748941481 -0.9639045415689808
-3.804714 -6.606087e-05 -0.9694538023044696 -1.014348280153181
-3.754603 -6.478096e-05 -0.9506709189408762 -0.9946955794356327
-3.7045749999999997 -6.514265e-05 -0.9559787773713737 -1.0002492397105973
-3.654418 -6.383459e-05 -0.9367827882685601 -0.9801643027223746
-3.604629 -6.470308e-05 -0.9495280175209664 -0.9934997513446867
-3.554927 -6.335729e-05 -0.9297783346511627 -0.9728354795609917
-3.504659 -6.538135e-05 -0.9594817379380461 -1.0039144190288922
-3.45445 -6.280866e-05 -0.9217271019084166 -0.9644114019346989
-3.404455 -6.421952e-05 -0.9424316974052557 -0.9860748074353669
-3.35411 -6.607203e-05 -0.9696175770842103 -1.014519639186244
-3.3043649999999998 -6.517142e-05 -0.9564009817094684 -1.0006909959275532
-3.2541770000000003 -6.323201e-05 -0.9279398306721398 -0.9709118362220893
-3.204554 -6.666203e-05 -0.9782759211744353 -1.0235789429055315
-3.154612 -6.495832e-05 -0.9532737052253548 -0.9974188982621631
-3.104309 -6.432027e-05 -0.9439102197223578 -0.9876217987060757
-3.054501 -6.428266e-05 -0.9433582869745045 -0.9870443064808513
-3.004469 -6.471371e-05 -0.9496840144661852 -0.9936629723591546
-2.954705 -6.484195e-05 -0.9515659569172539 -0.995632065764174
-2.904705 -6.546428e-05 -0.9606987489133045 -1.0051877886177745
-2.8547510000000003 -6.423218e-05 -0.9426174849242087 -0.98626919859653
-2.804372 -6.650898e-05 -0.976029888016793 -1.0212288981017401
-2.754299 -6.540048e-05 -0.9597624737388021 -1.0042081554359261
-2.704658 -6.498415e-05 -0.9536527645945928 -0.9978155115080429
-2.6544090000000002 -6.53899e-05 -0.9596072105515572 -1.0040457021590616
-2.604149 -6.376179e-05 -0.9357144366587833 -0.979046476771927
-2.5543180000000003 -6.448601e-05 -0.9463424806537374 -0.9901666953135924
-2.504554 -6.5286e-05 -0.9580824614821088 -1.0024503434193428
-2.45464 -6.42735e-05 -0.9432238625137139 -0.9869036569519213
-2.40462 -6.539394e-05 -0.9596664981958359 -1.0041077353574106
-2.354603 -6.465985e-05 -0.948893610376864 -0.992835965412848
-2.304288 -6.291072e-05 -0.9232248486844308 -0.9659785079306149
-2.254403 -6.477963e-05 -0.9506514009787745 -0.9946751576153842
-2.204538 -6.270294e-05 -0.9201756440487239 -0.962788097546219
-2.154384 -6.489071e-05 -0.9522815176932529 -0.996380763474941
-2.104251 -6.549853e-05 -0.9612013731253217 -1.0057136888760552
-2.054177 -6.451073e-05 -0.9467052505959583 -0.9905462647846783
-2.003871 -6.298636e-05 -0.9243348777471165 -0.9671399413769316
-1.9541389999999998 -6.391136e-05 -0.9379094002614526 -0.9813430870385268
-1.904482 -6.489531e-05 -0.9523490234268377 -0.9964513953344473
-1.8537139999999999 -6.43885e-05 -0.9449115058533342 -0.9886694534395791
-1.803931 -6.400335e-05 -0.9392593681815541 -0.9827555706811323
-1.754316 -6.605131e-05 -0.9693135077798891 -1.0142014887234243
-1.703978 -6.195375e-05 -0.9091811613216801 -0.9512844708454512
-1.654242 -6.412153e-05 -0.9409936785283046 -0.9845701952803618
-1.604297 -6.342735e-05 -0.9308064763239783 -0.9739112334907769
-1.554242 -6.455094e-05 -0.9472953387584463 -0.9911636793652758
-1.5042229999999999 -6.313378e-05 -0.9264982897569147 -0.9694035389265883
-1.454299 -6.386817e-05 -0.9372755801237292 -0.9806799152967708
-1.4041579999999998 -6.319267e-05 -0.9273625098983951 -0.9703077802757897
-1.3539269999999999 -6.446546e-05 -0.946040906126527 -0.9898511551586239
-1.3040440000000002 -6.106922e-05 -0.8962005425112954 -0.9377027319999909
-1.2544819999999999 -6.410386e-05 -0.940734368460382 -0.9842988768113452
-1.204038 -6.171414e-05 -0.9056648463598853 -0.9476053187027755
-1.154091 -6.475809e-05 -0.9503352980436838 -0.9943444162558698
-1.1039919999999999 -6.516963e-05 -0.9563747131740081 -1.000663510921354
-1.0540820000000002 -6.361181e-05 -0.933513456240729 -0.97674357105698
-1.00426 -6.481339e-05 -0.9511468343626491 -0.9951935340451523
-0.953788 -6.396021e-05 -0.9386262818018044 -0.9820931666769798
-0.9038932 -6.518325e-05 -0.9565745888460572 -1.000872642644501
-0.854325 -6.335916e-05 -0.9298057771993808 -0.9728641929473562
-0.8041305 -6.300423e-05 -0.924597122846934 -0.9674143307963616
-0.7535842 -6.448946e-05 -0.946393109953926 -0.990219669208222
-0.7040348000000001 -6.305773e-05 -0.9253822438788443 -0.9682358100319242
-0.6541583000000001 -6.148402e-05 -0.9022877986615081 -0.944071883157212
-0.6039268 -5.996984e-05 -0.8800669656877161 -0.9208220246730241
-0.5538342 -5.866319e-05 -0.8608916685597623 -0.9007587378852152
-0.5039688 -5.220569e-05 -0.7661268262502209 -0.8016054264152155
-0.4535287 -4.176431e-05 -0.6128979096115839 -0.6412806252821723
-0.40395929999999997 -3.423932e-05 -0.5024674813141194 -0.5257362695286091
-0.3539916 -2.833335e-05 -0.4157964297098017 -0.43505156446589527
-0.30331569999999997 -2.297762e-05 -0.33720023785498476 -0.3528156581803015
-0.2535442 -1.75879e-05 -0.2581052373296141 -0.27005784387196435
-0.2038157 -1.559194e-05 -0.22881420602397684 -0.23941037293713488
-0.153612 -1.163977e-05 -0.17081548100183205 -0.17872578246212303
-0.1036197 -9.440943e-06 -0.13854734411898856 -0.1449633390398009
-0.05378947 -6.122435e-06 -0.08984771000006457 -0.09400847146880809
-0.003871229 -3.907237e-06 -0.057339326081456525 -0.05999465540040381
0.046352040000000004 4.748689e-07 0.0069687768371978894 0.007291494223633943
0.09601766 1.584447e-06 0.023252012404618803 0.02432879084765107
0.1462954 6.577321e-06 0.09652323459299032 0.10099313321737058
0.1963418 6.327965e-06 0.0928638955269527 0.09716433366105418
0.24626769999999998 9.586779e-06 0.14068751067617855 0.147202614662184
0.296564 1.226779e-05 0.18003177465529518 0.1883688738549824
0.3467011 1.366154e-05 0.20048527817351794 0.2097695595477911
0.3964158 1.610431e-05 0.23633331748416114 0.24727768725349325
0.4465917 2.06454e-05 0.3029745374242982 0.31700499831556084
0.4965407 2.155188e-05 0.31627727598515815 0.3309237739688826
0.5462584 2.497136e-05 0.36645869030658756 0.383429041565543
0.5962214 2.876201e-05 0.4220870835703372 0.44163353248675946
0.6467011 3.162384e-05 0.46408489521055635 0.4855762225934865
0.696351 3.634431e-05 0.5333585452573113 0.5580578690812588
0.7466844 4.150055e-05 0.6090271895484688 0.6372306558770886
0.7965219 4.618796e-05 0.6778156788229818 0.7092046742615397
0.8462955 5.091681e-05 0.747212306706137 0.78181499357163
0.8963616 5.494623e-05 0.8063446877977224 0.8436857386437858
0.9465733000000001 5.943883e-05 0.8722743092549187 0.9126684977781445
0.9968696 6.130044e-05 0.8995937328850953 0.9412530577728278
1.046777 6.083046e-05 0.8926967014350545 0.934036631396572
1.096527 6.09346e-05 0.8942249725427767 0.9356356752767866
1.1470360000000002 6.236776e-05 0.9152568240959074 0.9576414917485395
1.196607 6.257638e-05 0.9183183558655733 0.9608448001246715
1.246749 6.476953e-05 0.9505031818680774 0.9945200746195116
1.2968879999999998 6.315851e-05 0.9268612064507306 0.9697832619451952
1.346701 6.27794e-05 0.9212977067421793 0.9639621218892305
1.3967960000000001 6.175332e-05 0.9062398191081142 0.9482069178887446
1.44689 6.373811e-05 0.9353669288824162 0.9786828762429901
1.49674 6.420971e-05 0.9422877340908065 0.9859241773175937
1.5465119999999999 6.552092e-05 0.9615299499459662 1.0060574817748262
1.596953 6.276659e-05 0.9211097179493051 0.9637654275152575
1.6467960000000001 6.513425e-05 0.955855506031784 1.000120259793238
1.6968699999999999 6.403979e-05 0.9397941309928216 0.9833150978464389
1.746994 6.51575e-05 0.9561967034895767 1.0004772577787862
1.796823 6.533691e-05 0.958829573850979 1.003232053847053
1.846805 6.344854e-05 0.9311174429532526 0.974236600687068
1.897231 6.643318e-05 0.9749175109285914 1.0200650078950928
1.94705 6.494133e-05 0.9530243742658752 0.9971580210245515
1.996897 6.422181e-05 0.9424653035204533 0.9861099698175994
2.047249 6.606996e-05 0.9695871995040971 1.0144878548494662
2.097314 6.347089e-05 0.9314454327675178 0.9745797793957561
2.146984 6.285081e-05 0.9223456598802859 0.9650586047343055
2.19699 6.470093e-05 0.9494964659280953 0.9934667386277436
2.247351 6.52708e-05 0.9578593990580897 1.0022169511879309
2.2969749999999998 6.511345e-05 0.955550262714705 0.999800880950253
2.346759 6.422561e-05 0.9425210691264583 0.9861683178754524
2.397212 6.5305e-05 0.9583612895121331 1.002742083708608
2.447277 6.429559e-05 0.9435480367865157 0.9872428434250722
2.497088 6.610499e-05 0.970101270340505 1.015025731814359
2.547147 6.512221e-05 0.9556788171117057 0.9999353885783564
2.596805 6.427764e-05 0.9432846176739402 0.986967225625477
2.646545 6.40094e-05 0.9393481528963776 0.9828484669311353
2.696879 6.353877e-05 0.9324415825926781 0.9756220599660362
2.7467770000000002 6.411025e-05 0.940828142729427 0.9843969936770507
2.796777 6.556846e-05 0.9622276070274056 1.0067874466880717
2.8470410000000004 6.415988e-05 0.9415564708941693 0.9851590500221155
2.89711 6.581624e-05 0.9658638180421106 1.010592047155131
2.947022 6.467207e-05 0.949072940825648 0.9930236004831018
2.996906 6.514853e-05 0.9560650673090866 1.000339525652749
3.046999 6.486141e-05 0.9518515355206366 0.9959308692393899
3.097259 6.5846e-05 0.9663005507880855 1.011049004576633
3.1476100000000002 6.417687e-05 0.9418058018536487 0.9854199272597268
3.197749 6.552837e-05 0.9616392798840545 1.0061718746777222
3.247163 6.361608e-05 0.933576119171687 0.9768091358483043
3.296944 6.657114e-05 0.9769420959297567 1.0221833494901995
3.347453 6.400327e-05 0.939258194168796 0.9827543423009669
3.397296 6.486793e-05 0.9519472175604132 0.9960309822228639
3.447203 6.358165e-05 0.9330708534309643 0.9762804717346517
3.4972399999999997 6.532304e-05 0.9586260293890614 1.0030190834358894
3.547342 6.503236e-05 0.9543602540328806 0.9985557641051732
3.5975729999999997 6.420683e-05 0.9422454696315187 0.985879955631642
3.647888 6.497448e-05 0.95351085580247 0.997667031055559
3.697851 6.562443e-05 0.963048975703219 1.0076468521612387
3.747541 6.626304e-05 0.9724206792955219 1.0174525503784833
3.797055 6.445921e-05 0.9459491863798084 0.9897551879582077
3.847212 6.277533e-05 0.9212379788431161 0.9638996280483195
3.897399 6.474856e-05 0.9501954437738874 0.9941980854686752
3.947759 6.66202e-05 0.977662059253598 1.0229366536265863
3.9975500000000004 6.376094e-05 0.9357019627732294 0.9790334252326703
4.04706 6.633091e-05 0.9734166823690874 1.0184946774012427
4.097444 6.4256e-05 0.9429670472229023 0.9866349487907561
4.147805 6.382648e-05 0.9366637727252182 0.9800397756831147
4.197588 6.526145e-05 0.9577221863169988 1.0020733842561083
4.247916 6.393242e-05 0.9382184591199952 0.9816664581170491
4.298007999999999 6.542021e-05 0.960052014635243 1.0045111046941997
4.347975 6.524348e-05 0.9574584737012338 1.0017974593614716
4.397691 6.43834e-05 0.9448366625400119 0.9885911442040395
4.44799 6.556385e-05 0.962159954542226 1.0067166612810448
4.497824 6.594348e-05 0.9677310853337043 1.012545785808084
4.548027 6.544542e-05 0.9604219754056068 1.0048981979937985
4.598135 6.542803e-05 0.9601667743823373 1.0046311788553606
4.6475029999999995 6.452177e-05 0.9468672643565618 0.9907157812474935
4.6978789999999995 6.475237e-05 0.9502513561314873 0.994256587074049
4.747767 6.677472e-05 0.9799296648956686 1.0253092699159156
4.797944 6.551846e-05 0.9614938490536576 1.0060197090847423
4.848154 6.53559e-05 0.9591082551294084 1.0035236405887975
4.898212 6.323806e-05 0.9280286153869635 0.9710047324720922
4.948022 6.550962e-05 0.9613641206438991 1.0058839730764737
4.997962 6.395885e-05 0.9386063235849186 0.9820722842141691
5.047645 6.40759e-05 0.9403240510014622 0.9838695579435632
5.097479999999999 6.507902e-05 0.9550449969739823 0.9992722168366004
5.147907 6.731675e-05 0.9878840415858801 1.033632006178569
5.198031 6.492563e-05 0.9527939742621182 0.9969169514171061
5.247616 6.420033e-05 0.9421500810949313 0.985780149743209
5.297833 6.543494e-05 0.9602681797343091 1.0047372801921406
5.348277 6.352577e-05 0.9322508055195036 0.9754224481891706
5.398003 6.529473e-05 0.9582105756243253 1.0025843904048843
5.448055 6.546541e-05 0.9607153318435112 1.0052051394876096
5.498371 6.437855e-05 0.9447654880165582 0.9885166736565165
5.547916 6.684443e-05 0.9809526702626677 1.0263796496824775
5.598116 6.439129e-05 0.9449524495482692 0.9887122931978448
5.648286 6.430253e-05 0.9436498823932721 0.9873494054044145
5.698031 6.493017e-05 0.9528605994861347 0.9969866619914886
5.748203 6.461611e-05 0.9482517189014292 0.9921643485574555
5.798069000000001 6.538295e-05 0.9595052181932062 1.0039389866321988
5.847953 6.432764e-05 0.9440183756476882 0.9877349632288065
5.898185000000001 6.390418e-05 0.9378040326164225 0.9812328399186887
5.948675000000001 6.527048e-05 0.9578547030070576 1.0022120376672694
5.998607 6.496429e-05 0.9533613159274202 0.9975105661320006
6.048444000000001 6.474182e-05 0.9500965331990263 0.9940945944397463
6.098712000000001 6.438879e-05 0.9449157616495818 0.9886739063176784
6.148456 6.521511e-05 0.9570421394269291 1.0013618450453423
6.197972 6.51029e-05 0.9553954397822442 0.9996388883159504
6.248135 6.475245e-05 0.950252530144245 0.9942578154542142
6.298009 6.430693e-05 0.9437144530949618 0.9874169663135075
6.348138 6.577754e-05 0.9652958893704298 1.0099978182501541
6.3984440000000005 6.542113e-05 0.9600655157819601 1.0045252310661013
6.44822 6.46115e-05 0.9481840664162499 0.9920935631504285
6.498147 6.513861e-05 0.9559194897270948 1.0001872065122484
6.548147 6.446032e-05 0.9459654758068256 0.9897722317330016
6.598314 6.515039e-05 0.9560923631057099 1.0003680854915928
6.64861 6.348995e-05 0.9317251413071106 0.9748724409701454
6.698371 6.62825e-05 0.9727062578989045 1.017751353853699
6.748675 6.58102e-05 0.965775180078882 1.010499304452649
6.798399000000001 6.689498e-05 0.9816944995741269 1.0271558323994436
6.848444000000001 6.649528e-05 0.9758288383319862 1.021018537998428
6.898702 6.578593e-05 0.9654190139584248 1.010126644619993
6.948481 6.429883e-05 0.9435955843032148 0.9872925928217682
6.998639 6.632604e-05 0.9733452143424444 1.0184198997586784
7.0486450000000005 6.528708e-05 0.9580983106543419 1.0024669265515749
7.098759 6.665706e-05 0.9782029856318448 1.0235026297877607
7.1487870000000004 6.544377e-05 0.9603977613924731 1.0048728626528887
7.198513 6.494934e-05 0.9531419222932697 0.997281012588605
7.248352 6.331571e-05 0.9291681415201939 0.9721970289700628
7.298692 6.591653e-05 0.9673355897858541 1.0121319752398894
7.348555 6.438138e-05 0.9448070187178725 0.9885601276048651
7.3986540000000005 6.425309e-05 0.9429243425088302 0.9865902664622423
7.448647 6.440468e-05 0.9451489499336388 0.9889178933280165
7.49874 6.701778e-05 0.9834966091576517 1.0290413959532207
7.5489809999999995 6.48068e-05 0.951050125061709 0.9950923462290334
7.598494 6.348384e-05 0.9316354760827187 0.9747786234350186
7.6482399999999995 6.496435e-05 0.9533621964369886 0.9975114874171245
7.698518 6.588314e-05 0.9668455862109854 1.011619280068386
7.748657000000001 6.560092e-05 0.9627039627039629 1.0072858619401532
7.798418 6.513198e-05 0.9558221934197759 1.0000854045060468
7.8485 6.539443e-05 0.9596736890239785 1.004115259185923
7.89861 6.685144e-05 0.9810555431305873 1.0264872864944645
7.948944 6.569011e-05 0.9640128401775342 1.0086553522769723
7.998871 6.452301e-05 0.9468854615543109 0.9907348211400562
8.048573000000001 6.463815e-05 0.9485751594162574 0.992502767293003
8.098626 6.409484e-05 0.9406019985219181 0.9841603769477046
8.148379 6.608552e-05 0.9698155449855274 1.0147267747916222
8.198579 6.448795e-05 0.9463709504631188 0.9901964835326015
8.248805 6.655646e-05 0.9767266645886641 1.0219579417298619
8.299259 6.456025e-05 0.9474319644931581 0.9913066321070158
8.348975000000001 6.55598e-05 0.9621005201463524 1.006654474535175
8.398647 6.611106e-05 0.9701903485585177 1.015118935159403
8.449055 6.503289e-05 0.9543680318674024 0.9985639021237687
8.498928 6.514374e-05 0.9559947732952013 1.0002659763903499
8.548722 6.590207e-05 0.9671233869798462 1.0119099455250065
8.598916 6.405504e-05 0.9400179271748147 0.9835492578154542
8.648823 6.432152e-05 0.9439285636717015 0.9876409921461591
8.698796 6.442706e-05 0.9454773800026885 0.9892615326792669
8.748999 6.489382e-05 0.9523271574392198 0.9964285167538679
8.798956 6.481871e-05 0.9512249062110558 0.9952752213261464
8.848906999999999 6.424115e-05 0.9427491211046989 0.9864069307225671
8.899068999999999 6.649506e-05 0.9758256097969016 1.0210151599529733
8.949064 6.546728e-05 0.9607427743917293 1.0052338528739742
8.998616 6.496571e-05 0.9533821546538745 0.997532369879935
9.048453 6.750414e-05 0.9906340197198924 1.0365093331683273
9.099046 6.564116e-05 0.9632944911212351 1.0079037371633128
9.148721 6.541834e-05 0.960024572087025 1.0044823913078353
9.198981 6.498407e-05 0.953651590581835 0.9978142831278777
9.248843 6.659902e-05 0.9773512393759185 1.022611439977816
9.29898 6.481099e-05 0.9511116139799092 0.9951566826401924
9.348814 6.497298e-05 0.9534888430632577 0.9976439989274593
9.398833 6.470356e-05 0.9495350615975146 0.9935071216256788
9.449027 6.589363e-05 0.9669995286338777 1.0117803514175645
9.498777 6.491355e-05 0.9526166983356609 0.9967314660121419
9.548787 6.45322e-05 0.9470203262698855 0.9908759313115479
9.59923 6.501139e-05 0.9540525159386908 0.998233774954337
9.649040999999999 6.31743e-05 0.9270929272188401 0.9700257134803264
9.699092 6.636723e-05 0.9739496841612177 1.0190523619963012
9.749269 6.443281e-05 0.9455617621696695 0.9893498225036497
9.799389 6.504565e-05 0.9545552869023027 0.9987598287601382
9.849435 6.563385e-05 0.9631872157054732 1.007791493925706
9.899527 6.613259e-05 0.9705063047420136 1.0154495229713967
9.949453 6.478235e-05 0.9506913174125464 0.9947169225410053
10.00116 6.455711e-05 0.9473858844924069 0.9912584181855268
nan nan nan nan
