Ms(MA/m):0.8322621929514307
H(kOe) moment(emu) M(MA/m) M_norm()
9.993048 5.623598e-05 0.8372516055417393 1.0059950008934262
9.948302 5.651594e-05 0.8414197014740492 1.0110031533333788
9.900413 5.556023e-05 0.8271909153493602 0.9939066346578997
9.851803 5.635836e-05 0.839073621473287 1.0081842339824438
9.803524 5.67574e-05 0.8450146023306557 1.0153225864243594
9.755023999999999 5.697245e-05 0.8482163062535136 1.0191695759307595
9.705636 5.668739e-05 0.8439722805839026 1.014070190538086
9.656562 5.716939e-05 0.851148385168034 1.022692599010929
9.60782 5.485445e-05 0.8166831329979323 0.9812810673301754
9.558228 5.648519e-05 0.8409618898226757 1.010453072294914
9.508807000000001 5.579081e-05 0.8306238327663913 0.9980314374497424
9.459477999999999 5.624316e-05 0.837358502701312 1.0061234425798058
9.409844999999999 5.660954e-05 0.8428132354762788 1.012677546348022
9.360298 5.546761e-05 0.8258119717672392 0.9922497726812302
9.310617 5.557337e-05 0.8273865460842885 0.9941416936772631
9.260903 5.587669e-05 0.8319024299898046 0.9995677288183062
9.210589 5.479398e-05 0.8157828445244832 0.9801993307319331
9.16082 5.713828e-05 0.850685213770498 1.0221360779993311
9.111231 5.4183e-05 0.8066864619958265 0.9692696229959629
9.061478999999999 5.519479e-05 0.8217501774671507 0.987369346375087
9.011246 5.587903e-05 0.8319372683398603 0.9996095886436723
8.961107 5.586369e-05 0.8317088836006059 0.999335174232939
8.911022999999998 5.700906e-05 0.8487613626618643 1.0198244854207819
8.861265 5.646544e-05 0.8406678481929317 1.0100997682132986
8.811373 5.636939e-05 0.8392378381404301 1.0083815476037208
8.761366 5.584318e-05 0.8314035269511858 0.9989682746524868
8.711694 5.556641e-05 0.8272829243251483 0.9940171875300204
8.661709 5.636227e-05 0.8391318342718844 1.0082541792461965
8.611801999999999 5.675827e-05 0.8450275550505484 1.0153381496927647
8.561599 5.660442e-05 0.8427370079753022 1.0125859556190158
8.511561 5.702718e-05 0.8490311365520394 1.0201486307351553
8.461373 5.751987e-05 0.8563663958208273 1.028962270632427
8.411515 5.708317e-05 0.8498647259621339 1.0211502254455171
8.361412 5.647143e-05 0.8407570284138008 1.0102069222107102
8.311703 5.792715e-05 0.8624300553125803 1.0362480269038368
8.26144 5.611566e-05 0.8354602592687875 1.003842618761782
8.211098 5.654136e-05 0.8417981591058513 1.0114578869918427
8.161354000000001 5.556359e-05 0.827240939646876 0.99396674107381
8.111533999999999 5.557871e-05 0.8274660489856978 0.9942372199454063
8.061469 5.649553e-05 0.8411158336430075 1.0106380426343522
8.011256 5.652994e-05 0.8416281360470322 1.0112535967330047
7.961006 5.636286e-05 0.8391406183003172 1.0082647336466093
7.910921999999999 5.568456e-05 0.8290419632392876 0.9961307509347226
7.8614489999999995 5.645641e-05 0.8405334078933576 1.0099382322205397
7.811153 5.704526e-05 0.8493003149148632 1.020472060496958
7.761381999999999 5.565981e-05 0.8286734806906211 0.995688002781812
7.7114780000000005 5.688473e-05 0.8469103147719369 1.0176003691439592
7.660885 5.541355e-05 0.8250071165518489 0.9912827033823881
7.610769 5.671597e-05 0.8443977848764638 1.0145814528496087
7.56108 5.557841e-05 0.8274615825305623 0.9942318533011285
7.510894 5.563021e-05 0.8282327904505998 0.9951584938797454
7.4611279999999995 5.689734e-05 0.8470980547694594 1.0178259470917652
7.411524 5.646021e-05 0.8405899829917388 1.010006209714724
7.36108 5.581258e-05 0.83094794852738 0.9984208769361611
7.311222 5.684029e-05 0.8462486838845533 1.0168053902382888
7.261487 5.527693e-05 0.82297309288321 0.9888387335783222
7.211117 5.581531e-05 0.8309885932691117 0.9984697133990882
7.16083 5.599896e-05 0.8337228082211359 1.0017549941377555
7.110792 5.634763e-05 0.8389138712612791 1.0079922870054445
7.060690999999999 5.596798e-05 0.833261572287492 1.0012007986720113
7.01076 5.552409e-05 0.8266528563873881 0.9932601329105791
6.96057 5.515771e-05 0.8211981236124213 0.9867060291423629
6.910863 5.607256e-05 0.8348185785476754 1.0030716108672186
6.860717999999999 5.554305e-05 0.8269351363519423 0.9935993048289299
6.810534 5.586483e-05 0.8317258561301203 0.9993555674811945
6.760867 5.687634e-05 0.8467854029099848 1.0174502819923261
6.710883 5.692883e-05 0.8475668836768334 1.0183892658527816
6.660755 5.465188e-05 0.8136672336087052 0.9776573302257278
6.610709 5.697049e-05 0.8481871254132959 1.0191345138548118
6.560432 5.568724e-05 0.8290818635718301 0.9961786929569367
6.510429 5.628289e-05 0.8379500102430705 1.0068341651703163
6.460765 5.660817e-05 0.8427928386644942 1.0126530386724872
6.410469 5.635628e-05 0.8390426540510152 1.008147025248785
6.360551999999999 5.53044e-05 0.8233820712917702 0.9893301393060171
6.310579 5.599358e-05 0.8336427097923753 1.001658752317042
6.2606530000000005 5.480388e-05 0.8159302375439498 0.9803764299930972
6.2107600000000005 5.600815e-05 0.8338596306301155 1.0019193923407959
6.160755 5.466655e-05 0.8138856432648238 0.9779197591309073
6.110703 5.593613e-05 0.8327873836339554 1.0006310399378617
6.060746 5.634808e-05 0.8389205709439823 1.0080003369718613
6.010561 5.560225e-05 0.8278165168319849 0.9946583226330634
5.96045 5.539739e-05 0.8247665235018914 0.9909936201439625
5.910127 5.618172e-05 0.836443772689592 1.0050243538317323
5.860663 5.551883e-05 0.8265745445406817 0.9931660377475768
5.810881999999999 5.399898e-05 0.803946738415802 0.9659777233960197
5.760728 5.669476e-05 0.8440820064983945 1.0142020310991748
5.710552 5.585616e-05 0.8315967755767086 0.9992004714615688
5.660246 5.622309e-05 0.837059696852757 1.0057644140776274
5.610241 5.684024e-05 0.8462479394753643 1.0168044957975757
5.560459 5.517571e-05 0.8214661109205423 0.9870280277990251
5.510135 5.577562e-05 0.8303976812547047 0.9977597063611481
5.460156 5.63074e-05 0.8383149196276287 1.0072726200078046
5.410542 5.733185e-05 0.8535671195056647 1.0255988157754479
5.360283000000001 5.557084e-05 0.8273488789793138 0.9940964349771879
5.31009 5.486228e-05 0.816799707476965 0.9814211367458234
5.260524 5.554792e-05 0.8270076418069728 0.9936864233543714
5.210255 5.495443e-05 0.818171653612707 0.9830695909797913
5.1600150000000005 5.616655e-05 0.8362179189415812 1.004752980519423
5.10994 5.52151e-05 0.8220525564798139 0.9877326681926875
5.059680999999999 5.631378e-05 0.8384099062401738 1.0073867506427772
5.010033 5.500957e-05 0.8189925880665846 0.9840559801980331
4.960375 5.489103e-05 0.8172277427607695 0.9819354401557701
4.91008 5.560345e-05 0.8278343826525264 0.9946797892101742
4.860354 5.508947e-05 0.8201821539509666 0.9854852964573281
4.810635 5.690358e-05 0.8471909570362748 1.0179375732927414
4.760515000000001 5.518956e-05 0.8216723122659577 0.9872757878765124
4.71057 5.597516e-05 0.8333684694470648 1.001329240358391
4.660153 5.530643e-05 0.8234122943048527 0.9893664535989629
4.609863000000001 5.600751e-05 0.8338501021924936 1.00190794349967
4.560246 5.552615e-05 0.8266835260459842 0.9932969838679527
4.509802 5.508155e-05 0.8200642395353933 0.9853436170483967
4.460212 5.574282e-05 0.8299093488265727 0.9971729532534525
4.4104030000000005 5.606371e-05 0.8346868181211826 1.0029132948610264
4.359913 5.462874e-05 0.8133227210359316 0.9772433830637741
4.309779000000001 5.449454e-05 0.8113247267720511 0.974842704190215
4.25983 5.521068e-05 0.8219867507074865 0.9876535996336627
4.209722 5.4635e-05 0.8134159210664227 0.9773553670410355
4.159654000000001 5.459707e-05 0.8128512122554764 0.9766768443161913
4.109966999999999 5.452813e-05 0.8118248208653727 0.9754435894611752
4.059672 5.529069e-05 0.8231779542920846 0.9890848836625261
4.0095790000000004 5.588835e-05 0.8320760262127319 0.9997763123925664
3.959339 5.504382e-05 0.819502508361204 0.9846686720864042
3.909694 5.404898e-05 0.8046911476050271 0.9668721641089703
3.8597089999999996 5.531943e-05 0.8236058406940514 0.9895990081843301
3.809599 5.41145e-05 0.8056666214065878 0.9680442392192206
3.759468 5.527122e-05 0.8228880813538004 0.9887365884489032
3.709357 5.515039e-05 0.8210891421071186 0.9865750830219869
3.65959 5.431494e-05 0.808650808964354 0.9716298731492967
3.609672 5.579699e-05 0.8307158417421795 0.9981419903218631
3.559227 5.557012e-05 0.8273381594869889 0.9940835550309214
3.509467 5.491303e-05 0.8175552828040286 0.9823289940694683
3.459524 5.564087e-05 0.8283914984897426 0.9953491886397464
3.4092179999999996 5.399367e-05 0.8038676821599062 0.9658827337923045
3.3594009999999996 5.448323e-05 0.8111563414134484 0.9746403817009456
3.3093760000000003 5.703146e-05 0.8490948579786373 1.0202251948601837
3.259231 5.520064e-05 0.8218372733422901 0.9874739959385022
3.209218 5.524045e-05 0.8224299719387511 0.9881861496341534
3.159401 5.433189e-05 0.8089031636795014 0.9719330885509869
3.1094589999999998 5.421398e-05 0.8071476979294704 0.969823818461707
3.058764 5.522463e-05 0.8221944408712804 0.9879031485925759
3.008854 5.490168e-05 0.8173863019180744 0.9821259560276285
2.958913 5.456605e-05 0.8123893807944811 0.9761219332978769
2.909184 5.560146e-05 0.8278047551667952 0.9946441904697987
2.8592 5.469876e-05 0.8143651916645227 0.9784959578381901
2.8088290000000002 5.575526e-05 0.8300945578328521 0.9973954901028347
2.75908 5.500878e-05 0.8189808264013949 0.9840418480347685
2.7094679999999998 5.4902e-05 0.8173910661368855 0.9821316804481913
2.659052 5.492688e-05 0.8177614841494439 0.9825767541469556
2.60909 5.6102e-05 0.8352568866782912 1.003598257559004
2.559237 5.465532e-05 0.8137184489609238 0.9777188677467786
2.508737 5.561054e-05 0.8279399398755586 0.9948066209032707
2.4586900000000003 5.349634e-05 0.7964633417183584 0.9569860897968707
2.4089769999999997 5.487585e-05 0.8170017401309206 0.9816638879553182
2.359098 5.537949e-05 0.8245000250121487 0.9906734103687262
2.308913 5.469555e-05 0.8143174005945745 0.9784385347444187
2.2589859999999997 5.367662e-05 0.7991473834910289 0.9602110852314851
2.209163 5.464779e-05 0.8136063409370266 0.9775841649754083
2.158589 5.423598e-05 0.8074752379727296 0.9702173723754052
2.108977 5.452826e-05 0.8118267563292646 0.9754459150070288
2.058912 5.635563e-05 0.8390329767315553 1.0081353975195166
2.008844 5.423482e-05 0.8074579676795395 0.9701966213508647
1.9589960000000002 5.64646e-05 0.8406553421185528 1.010084741609321
1.9088289999999999 5.51073e-05 0.8204476102678443 0.9858042540155662
1.858598 5.491152e-05 0.8175328016465139 0.9823019819599371
1.808939 5.35618e-05 0.797437922228892 0.9581570915782656
1.759326 5.450237e-05 0.8114413012510838 0.974982773605863
1.709153 5.536769e-05 0.8243243444434916 0.9904623223604699
1.659042 5.495163e-05 0.8181299666981104 0.983019502299866
1.6089310000000001 5.708883e-05 0.8499489930823542 1.021251476134223
1.558958 5.487712e-05 0.817020648124327 0.9816866067494271
1.5090050000000002 5.458258e-05 0.812635482472439 0.9764176353975782
1.4586810000000001 5.524501e-05 0.8224978620568084 0.9882677226271744
1.408807 5.488922e-05 0.8172007951481195 0.9819030614019612
1.3588289999999998 5.50077e-05 0.8189647471629077 0.9840225281153687
1.3084500000000001 5.426611e-05 0.8079238189501567 0.9707563623490292
1.258807 5.480994e-05 0.816020459937684 0.9804848362075069
1.208876 5.462784e-05 0.8133093216705256 0.9772272831309411
1.158672 5.307181e-05 0.7901428610563226 0.9493917514794931
1.1090239999999998 5.372396e-05 0.7998521901113873 0.9610579416985067
1.0590519999999999 5.361062e-05 0.7981647633612516 0.9590304234903905
1.0089679999999999 5.363952e-05 0.7985950318726238 0.9595474102224759
0.9583849 5.486632e-05 0.8168598557394544 0.9814934075554299
0.9083728 5.286268e-05 0.7870292951814691 0.9456506637535063
0.858533 5.4031e-05 0.8044234580605818 0.9665505232285933
0.8086180000000001 5.344365e-05 0.7956788833147529 0.9560435281735635
0.7584312 5.330927e-05 0.793678209177791 0.9536396293134376
0.7086840999999999 5.41175e-05 0.8057112859579414 0.9680979056619976
0.6586255999999999 5.328847e-05 0.7933685349550734 0.9532675419768503
0.6081441 5.334805e-05 0.7942555729449542 0.954333357530402
0.5579774 5.464767e-05 0.8136045543549724 0.9775820183176972
0.5080144 5.508509e-05 0.8201169437059905 0.9854069434508735
0.4582407 5.376496e-05 0.8004626056465521 0.9617913830831262
0.4086746 5.321361e-05 0.7922540055169653 0.9519283853414208
0.35867180000000004 5.292357e-05 0.7879358366921075 0.9467399136537373
0.3080052 4.331728e-05 0.6449156256848564 0.7748947761255478
0.2582407 1.789135e-05 0.2663697069529009 0.32005503699294646
0.20818109999999998 1.437601e-05 0.21403267896787964 0.2571697726756767
0.15795769999999998 1.052422e-05 0.15668652154856166 0.18826581680096288
0.1081996 6.995598e-06 0.10415174870651459 0.12514295325270494
0.05814632 3.764854e-06 0.05605183827382824 0.06734877391829251
0.008162568 2.389262e-06 0.03557177176533364 0.04274106413411181
-0.04215225 -1.176407e-06 -0.017514563621378 -0.0210445263159997
-0.09201336 -5.129804e-06 -0.07637346473048814 -0.0917661109411288
-0.1417593 -7.100439e-06 -0.10571264078266586 -0.12701843442843386
-0.1916893 -1.054242e-05 -0.15695748649343966 -0.18859139322047688
-0.24155179999999998 -1.065922e-05 -0.15869642635946982 -0.19068080672592927
-0.2918097 -1.422923e-05 -0.21184739135199 -0.2545440525187392
-0.3421245 -1.842964e-05 -0.274383867402262 -0.3296844068204292
-0.3918348 -2.034189e-05 -0.30285379684418146 -0.36389229188722194
-0.4414671 -2.410756e-05 -0.35891778387597784 -0.4312556630779498
-0.4918282 -2.567383e-05 -0.3822366994921343 -0.45927437618741007
-0.5420874999999999 -2.701534e-05 -0.4022093469208854 -0.48327239940401523
-0.592106 -3.161838e-05 -0.4707402524083126 -0.5656153269908106
-0.6424575 -3.562299e-05 -0.5303616220735786 -0.6372530514605864
-0.6924949 -3.94742e-05 -0.5876991443463015 -0.7061466318230301
-0.742033 -4.242491e-05 -0.6316298571210779 -0.7589313349452348
-0.7918651999999999 -4.738944e-05 -0.7055426921647657 -0.8477408899985198
-0.8419009 -4.967343e-05 -0.739547155046737 -0.8885987628779571
-0.8917356 -5.3204e-05 -0.7921109300707962 -0.9517564738363916
-0.9423652 -5.408658e-05 -0.8052509433153244 -0.967544783525109
-0.9925042 -5.462521e-05 -0.8132701657471725 -0.9771802355494399
-1.042297 -5.417672e-05 -0.8065929642016598 -0.9691572812424163
-1.092069 -5.316063e-05 -0.7914652295400623 -0.9509806359619783
-1.1421890000000001 -5.528359e-05 -0.8230722481872147 -0.9889578730812871
-1.191873 -5.49695e-05 -0.8183960185423396 -0.9833391754106746
-1.24206 -5.503069e-05 -0.8193070265081134 -0.9844337919551834
-1.2923930000000001 -5.425486e-05 -0.807756326882581 -0.9705551131886153
-1.342193 -5.386661e-05 -0.8019759895282469 -0.9636097810525545
-1.391891 -5.424726e-05 -0.8076431766858189 -0.9704191582002469
-1.44208 -5.465636e-05 -0.8137339326720597 -0.977737472113608
-1.491948 -5.409654e-05 -0.8053992296258183 -0.9677229561151288
-1.542496 -5.518884e-05 -0.8216615927736328 -0.9872629079302458
-1.592606 -5.38394e-05 -0.8015708820474706 -0.9631230264165668
-1.642222 -5.451722e-05 -0.8116623907802838 -0.9752484224976093
-1.692152 -5.437816e-05 -0.8095920399432105 -0.9727608039867512
-1.7423250000000001 -5.493942e-05 -0.8179481819741017 -0.9828010798777636
-1.7922360000000002 -5.567299e-05 -0.8288697069529009 -0.9959237773537458
-1.8424580000000002 -5.578922e-05 -0.8306001605541738 -0.9980029942350706
-1.892656 -5.403972e-05 -0.8045532830231826 -0.9667065136889318
-1.942134 -5.363988e-05 -0.7986003916187863 -0.9595538501956091
-1.99231 -5.494202e-05 -0.8179868912519414 -0.982847590794837
-2.04259 -5.338525e-05 -0.7948094133817377 -0.9549988214208373
-2.092551 -5.504569e-05 -0.819530349264881 -0.9847021241690685
-2.142411 -5.44631e-05 -0.8108566422738662 -0.9742802798699116
-2.1922539999999997 -5.499935e-05 -0.818840430828307 -0.9838731565163059
-2.242939 -5.63697e-05 -0.8392424534774031 -1.008387093136141
-2.292561 -5.478269e-05 -0.8156147569295562 -0.9799973660189488
-2.342143 -5.527102e-05 -0.8228851037170435 -0.9887330106860515
-2.392393 -5.775438e-05 -0.8598578238001314 -1.0331573764643076
-2.442588 -5.478332e-05 -0.8156241364853405 -0.980008635971932
-2.492505 -5.57156e-05 -0.8295040924639586 -0.9966860197293222
-2.542078 -5.467079e-05 -0.8139487691640701 -0.9779956077033655
-2.592171 -5.577129e-05 -0.8303332154189177 -0.9976822477954065
-2.642486 -5.39889e-05 -0.8037966655232541 -0.965797404148289
-2.6927779999999997 -5.549895e-05 -0.8262785674470458 -0.9928104081201077
-2.742125 -5.452142e-05 -0.8117249211521785 -0.9753235555174972
-2.792401 -5.534653e-05 -0.8240093104746115 -0.9900837950507493
-2.842495 -5.622126e-05 -0.8370324514764313 -1.0057316775475336
-2.892319 -5.456348e-05 -0.8123511181621549 -0.9760759590452311
-2.942307 -5.457411e-05 -0.8125093795557841 -0.9762661171408044
-2.992634 -5.546774e-05 -0.8258139072311312 -0.9922520982270839
-3.0424960000000003 -5.601597e-05 -0.8339760562273103 -1.0020592828683013
-3.092403 -5.437006e-05 -0.809471445654556 -0.9726159045912534
-3.1425430000000003 -5.60286e-05 -0.8341640939885087 -1.0022852185923925
-3.19243 -5.533361e-05 -0.8238169551401157 -0.9898526715705229
-3.242382 -5.420932e-05 -0.8070783189930346 -0.9697404565872599
-3.292532 -5.477529e-05 -0.8155045843695509 -0.9798649887934322
-3.3424009999999997 -5.612244e-05 -0.8355612011548466 -1.003963904922458
-3.392153 -5.462656e-05 -0.8132902647952814 -0.9772043854486895
-3.44244 -5.434304e-05 -0.8090691669286987 -0.9721325488299749
-3.4925509999999997 -5.503244e-05 -0.8193330808297363 -0.9844650973801367
-3.542448 -5.423306e-05 -0.8074317644760788 -0.9701651370377689
-3.59231 -5.510983e-05 -0.8204852773728192 -0.9858495127156415
-3.642643 -5.559125e-05 -0.8276527468103554 -0.9944615456762144
-3.6927269999999996 -5.525091e-05 -0.822585702341137 -0.9883732666313026
-3.742467 -5.55272e-05 -0.8266991586389579 -0.9933157671229247
-3.792301 -5.426628e-05 -0.8079263499414001 -0.9707594034474532
-3.8425320000000003 -5.480571e-05 -0.8159574829202755 -0.9804091665231912
-3.8926060000000002 -5.551791e-05 -0.8265608474115999 -0.9931495800384584
-3.942828 -5.502783e-05 -0.8192644463024896 -0.9843826299464026
-3.992627 -5.488696e-05 -0.8171671478527666 -0.9818626326817359
-4.04231 -5.546117e-05 -0.8257160918636671 -0.9921345687174022
-4.092782000000001 -5.475572e-05 -0.8152132226128881 -0.9795149046983833
-4.142801 -5.596157e-05 -0.8331661390294334 -1.0010861313726112
-4.192792000000001 -5.676271e-05 -0.8450936585865514 -1.0154175760280746
-4.242826 -5.473524e-05 -0.8149083126089814 -0.9791485417823588
-4.292597 -5.541694e-05 -0.8250575874948783 -0.9913433464627261
-4.342699 -5.493155e-05 -0.8178310119677176 -0.9826602949095451
-4.393282 -5.594241e-05 -0.8328808814281221 -1.0007433816914084
-4.443156 -5.704579e-05 -0.8493082056522692 -1.0204815415685153
-4.4928930000000005 -5.576268e-05 -0.8302050281565331 -0.9975282251046365
-4.542967 -5.650155e-05 -0.8412054605093902 -1.0107457332961916
-4.5927359999999995 -5.606862e-05 -0.8347599191035646 -1.0030011289390381
-4.6433100000000005 -5.457018e-05 -0.8124508689935112 -0.9761958141007665
-4.693024 -5.441894e-05 -0.8101991800779426 -0.9734903098322337
-4.742958 -5.575838e-05 -0.8301410089662599 -0.9974513032033228
-4.792712000000001 -5.477789e-05 -0.8155432936473906 -0.9799114997105056
-4.842477 -5.60264e-05 -0.8341313399841828 -1.0022458632010227
-4.892716999999999 -5.549957e-05 -0.826287798120992 -0.9928214991849482
-4.942912000000001 -5.449095e-05 -0.8112712781922647 -0.9747784833470251
-4.992903 -5.677917e-05 -0.8453387180916444 -1.015712025910778
-5.042745 -5.419883e-05 -0.8069221419451352 -0.969552802925683
-5.092326 -5.600121e-05 -0.8337563066346511 -1.0017952439698383
-5.142366 -5.569731e-05 -0.82923178758254 -0.996358833316525
-5.19256 -5.416439e-05 -0.8064093928955969 -0.9689367121626027
-5.242381999999999 -5.497581e-05 -0.8184899629820197 -0.9834520538286489
-5.292282 -5.566499e-05 -0.8287506014826249 -0.9957806668396738
-5.342477 -5.466365e-05 -0.8138424675318487 -0.9778678815695562
-5.39225 -5.578841e-05 -0.8305881011253085 -0.9979885042955208
-5.442125 -5.61272e-05 -0.8356320689096608 -1.004049055678331
-5.492587 -5.570951e-05 -0.829413423424711 -0.9965770768504849
-5.542819000000001 -5.652731e-05 -0.841588980123679 -1.0112065491515037
-5.59242 -5.604303e-05 -0.8343789304805191 -1.00254335418215
-5.642588 -5.445263e-05 -0.8107007629896427 -0.9740929839846199
-5.692373 -5.458354e-05 -0.812649775128872 -0.9764348086592669
-5.742273 -5.590092e-05 -0.832263170682903 -1.0000011747878021
-5.792569 -5.561179e-05 -0.8279585501052892 -0.9948289819210944
-5.8426 -5.652176e-05 -0.8415063507036752 -1.0111072662323661
-5.8920900000000005 -5.435996e-05 -0.8093210749983325 -0.9724352275672373
-5.942431 -5.508001e-05 -0.8200413117323652 -0.9853160682744379
-5.992505 -5.585951e-05 -0.8316466509923867 -0.9992603989893364
-6.0423729999999995 -5.623867e-05 -0.8372916547561196 -1.0060431218037829
-6.092319000000001 -5.779564e-05 -0.8604721102630801 -1.0338954689406343
-6.142382 -5.62407e-05 -0.8373218777692022 -1.0060794360967287
-6.192024 -5.681466e-05 -0.8458670997341565 -1.0163468999288303
-6.242051 -5.707553e-05 -0.8497509802380203 -1.0210135549045782
-6.292282 -5.638939e-05 -0.8395356018161201 -1.0087393238889009
-6.342052 -5.643157e-05 -0.8401635854081506 -1.009493874074346
-6.3917079999999995 -5.615874e-05 -0.8361016422262241 -1.0046132688800602
-6.442216999999999 -5.481123e-05 -0.8160396656947659 -0.980507912777901
-6.491807 -5.656603e-05 -0.8421654505998152 -1.0118992040396126
-6.5416620000000005 -5.640878e-05 -0.8398242836997017 -1.0090861879973831
-6.591977 -5.65838e-05 -0.8424300136256657 -1.0122170882689951
-6.641939000000001 -5.619625e-05 -0.8366600979999809 -1.0052842783029157
-6.691699 -5.533452e-05 -0.8238305033873595 -0.9898689503914985
-6.74193 -5.473262e-05 -0.8148693055674661 -0.9791016730890002
-6.791912 -5.546406e-05 -0.8257591187148043 -0.9921862673906108
-6.841829 -5.677609e-05 -0.8452928624855882 -1.0156569283628603
-6.892301000000001 -5.484168e-05 -0.8164930108910041 -0.9810526271720879
-6.941892 -5.680962e-05 -0.8457920632878827 -1.016256740304965
-6.991792 -5.36529e-05 -0.7987942357716605 -0.9597867625572615
-7.041863 -5.490449e-05 -0.817428137714509 -0.9821762235956963
-7.091597 -5.639805e-05 -0.839664533487694 -1.008894241020384
-7.141542 -5.638732e-05 -0.8395047832756862 -1.0087022940433847
-7.1920519999999994 -5.612132e-05 -0.835544526389008 -1.003943869450488
-7.241996 -5.503651e-05 -0.8193936757377392 -0.9845379048541709
-7.291779 -5.541368e-05 -0.8250090520157409 -0.9912850289282418
-7.341625 -5.519715e-05 -0.821785313580882 -0.9874115639767382
-7.391838 -5.453983e-05 -0.8119990126156513 -0.9756528885880055
-7.441458 -5.451418e-05 -0.8116171307015788 -0.9751940405022619
-7.491319000000001 -5.615056e-05 -0.8359798568828669 -1.0044669383794214
-7.541296999999999 -5.474447e-05 -0.8150457305453125 -0.9793136555379695
-7.591116 -5.678806e-05 -0.8454710740454887 -1.0158710574695407
-7.641254 -5.68229e-05 -0.845989778368541 -1.0164943037583245
-7.691458 -5.684135e-05 -0.846264465359365 -1.0168243523814031
-7.740996 -5.462766e-05 -0.8133066417974445 -0.9772240631443745
-7.791412 -5.554067e-05 -0.8268997024745351 -0.9935567294509935
-7.841213 -5.637049e-05 -0.839254215142593 -1.0084012252994055
-7.890727 -5.616949e-05 -0.8362616902019075 -1.0048055736333446
-7.940912 -5.620184e-05 -0.8367433229473362 -1.0053842767746235
-7.990977 -5.582741e-05 -0.8311687402929041 -0.9986861680516222
-8.040421 -5.553733e-05 -0.826849975940695 -0.9934969808113685
-8.090579 -5.564625e-05 -0.8284715969185033 -0.9954454304604599
-8.140807 -5.518769e-05 -0.8216444713622807 -0.987242335793848
-8.190726999999999 -5.576824e-05 -0.8302878064583751 -0.9976276869119166
-8.24041 -5.613556e-05 -0.8357565341260994 -1.0041986061655364
-8.290032 -5.637197e-05 -0.839276249654594 -1.0084277007445088
-8.340412 -5.612045e-05 -0.8355315736691155 -1.0039283061820827
-8.390307 -5.542307e-05 -0.8251488520614775 -0.9914530048941339
-8.440422 -5.564435e-05 -0.8284433093693128 -0.9954114417133678
-8.490311 -5.602575e-05 -0.8341216626647228 -1.0022342354717544
-8.539866 -5.423642e-05 -0.8074817887735948 -0.9702252434536792
-8.590050999999999 -5.625158e-05 -0.8374838612087775 -1.0062740663958667
-8.640366 -5.54262e-05 -0.825195452076723 -0.9915089968827646
-8.690185 -5.634808e-05 -0.8389205709439823 -1.0080003369718613
-8.740041 -5.584888e-05 -0.8314883895987574 -0.9990702408937632
-8.789599 -5.533366e-05 -0.8238176995493048 -0.9898535660112358
-8.839023 -5.574311e-05 -0.8299136663998703 -0.9971781410095876
-8.889181 -5.597228e-05 -0.8333255914777653 -1.001277720573325
-8.939421 -5.473788e-05 -0.8149476174141725 -0.9791957682520026
-8.989115 -5.72281e-05 -0.8520224704380222 -1.0237428512960756
-9.039181000000001 -5.583014e-05 -0.8312093850346358 -0.9987350045145493
-9.089291999999999 -5.556053e-05 -0.8271953818044955 -0.9939120013021775
-9.138816 -5.746382e-05 -0.8555319131197057 -1.0279596025932094
-9.188421 -5.557426e-05 -0.8273997965678567 -0.9941576147219536
-9.238505 -5.587368e-05 -0.8318576165566132 -0.9995138834873866
-9.288375 -5.549281e-05 -0.8261871539986088 -0.9927005708005573
-9.338347 -5.471115e-05 -0.8145496562616128 -0.9787176002468593
-9.388486 -5.810784e-05 -0.8651202012406025 -1.0394803567522974
-9.437958 -5.825035e-05 -0.8672419163117322 -1.0420296916723488
-9.48756 -5.539677e-05 -0.824757292827945 -0.990982529079122
-9.537709000000001 -5.633987e-05 -0.8387983389551115 -1.0078534698067947
-9.587873 -5.577765e-05 -0.8304279042677872 -0.9977960206540939
-9.637569 -5.549834e-05 -0.8262694856549371 -0.9927994959434097
-9.687939 -5.628486e-05 -0.8379793399651259 -1.0068694061344066
-9.737335999999999 -5.535323e-05 -0.8241090613059675 -0.9902036501062846
-9.787106 -5.728367e-05 -0.8528498068109271 -1.0247369327044487
-9.83744 -5.496062e-05 -0.8182638114703331 -0.9831803227400545
-9.887827999999999 -5.687801e-05 -0.846810266176905 -1.0174801563121385
-9.937637 -5.616256e-05 -0.836158515088281 -1.0046816041505295
-9.989681000000001 -5.508482e-05 -0.8201129238963687 -0.9854021134710236
-9.993672 -5.507146e-05 -0.8199140177610077 -0.9851631189125233
-9.946303 -5.588898e-05 -0.832085405768516 -0.9997875823455494
-9.896914 -5.635099e-05 -0.8389638955587952 -1.008052393421355
-9.847794 -5.508459e-05 -0.8201094996140982 -0.985397999043744
-9.798349 -5.575597e-05 -0.8301051284433391 -0.9974081911609585
-9.748851 -5.645991e-05 -0.8405855165366034 -1.0100008430704464
-9.699062 -5.587198e-05 -0.8318323066441795 -0.9994834725031463
-9.648959999999999 -5.51288e-05 -0.8207677062192111 -0.9861888635221349
-9.599718999999999 -5.548934e-05 -0.8261354920008765 -0.9926384966150785
-9.550331 -5.497688e-05 -0.8185058933386691 -0.983471194859906
-9.500312 -5.588195e-05 -0.831980741836511 -0.9996618239813087
-9.450423 -5.652108e-05 -0.8414962267387016 -1.01109510183867
-9.40059 -5.62975e-05 -0.838167526608162 -1.0070955207466405
-9.350643 -5.583068e-05 -0.8312174246538795 -0.9987446644742491
-9.301322 -5.582883e-05 -0.8311898815138781 -0.9987115701678699
-9.251821 -5.53982e-05 -0.8247785829307568 -0.9910081100835123
-9.201302 -5.547995e-05 -0.82599569195514 -0.9924705206491864
-9.151386 -5.536367e-05 -0.8242644939446778 -0.9903904093271486
-9.101662000000001 -5.682288e-05 -0.8459894806048652 -1.0164939459820392
-9.05183 -5.652138e-05 -0.841500693193837 -1.0111004684829477
-9.001738 -5.483445e-05 -0.8163853693222423 -0.9809232910449952
-8.951906000000001 -5.716147e-05 -0.8510304707524607 -1.0225509196019977
-8.902406999999998 -5.716458e-05 -0.8510767730040304 -1.0226065538143432
-8.852718999999999 -5.536562e-05 -0.8242935259030576 -0.9904252925149537
-8.802626 -5.655751e-05 -0.8420386032739712 -1.0117467913421259
-8.752820999999999 -5.525797e-05 -0.8226908129186558 -0.9884995616599713
-8.702897 -5.640908e-05 -0.839828750154837 -1.0090915546416608
-8.653229 -5.593506e-05 -0.8327714532773062 -1.0006118989066048
-8.602782999999999 -5.589209e-05 -0.8321317080200858 -0.999843216557895
-8.552935999999999 -5.631132e-05 -0.8383732813080639 -1.0073427441596998
-8.503219 -5.646671e-05 -0.8406867561863381 -1.0101224870074075
-8.453117 -5.463985e-05 -0.8134881287577775 -0.9774421277901918
-8.40283 -5.562025e-05 -0.8280845041401061 -0.9949803212897257
-8.353322 -5.530888e-05 -0.8234487703551248 -0.9894102811938975
-8.303617000000001 -5.733235e-05 -0.8535745635975568 -1.0256077601825773
-8.253423000000002 -5.578468e-05 -0.8305325681997922 -0.9979217790183347
-8.203524999999999 -5.592123e-05 -0.8325655496955664 -1.0003644966054026
-8.15352 -5.610111e-05 -0.8352436361947231 -1.0035823365143133
-8.103404000000001 -5.639917e-05 -0.8396812082535327 -1.008914276492354
-8.053397 -5.60069e-05 -0.8338410204003849 -1.001897031322972
-8.003664 -5.550892e-05 -0.8264270026393772 -0.99298875959827
-7.95371 -5.721096e-05 -0.8517672869679559 -1.0234362370196761
-7.9036360000000005 -5.494224e-05 -0.817990166652374 -0.9828515263339739
-7.853552 -5.573153e-05 -0.8297412612316458 -0.9969709885404683
-7.803426 -5.676747e-05 -0.8451645263413657 -1.0155027267839476
-7.753571 -5.440183e-05 -0.8099444432533898 -0.9731842322202621
-7.703691 -5.718221e-05 -0.8513392516841513 -1.0229219336097295
-7.653671 -5.664083e-05 -0.843279086746896 -1.0132372873461863
-7.6039319999999995 -5.56927e-05 -0.8291631530552935 -0.996276365882791
-7.553729000000001 -5.695563e-05 -0.8479658870022583 -1.018868686074923
-7.503895000000001 -5.475929e-05 -0.8152663734289988 -0.979578767765288
-7.454058 -5.628945e-05 -0.8380476767286967 -1.0069515157918554
-7.404440999999999 -5.57844e-05 -0.8305283995083326 -0.9979167701503422
-7.354219 -5.683059e-05 -0.8461042685018436 -1.0166318687399762
-7.30396 -5.673189e-05 -0.844634804762313 -1.0148662427726118
-7.254283999999999 -5.631788e-05 -0.8384709477936901 -1.007460094781239
-7.204321 -5.552526e-05 -0.826670275562416 -0.9932810628232622
-7.1541049999999995 -5.571465e-05 -0.8294899486893633 -0.9966690253557762
-7.104376 -5.597759e-05 -0.8334046477336611 -1.0013727101770404
-7.053914 -5.55652e-05 -0.8272649096227691 -0.9939955420647671
-7.003801999999999 -5.590123e-05 -0.8322677860198763 -1.0000067203202223
-6.954322 -5.396336e-05 -0.8034164213093979 -0.9653405238321139
-6.904839 -5.588962e-05 -0.8320949342061382 -0.9997990311866752
-6.854404000000001 -5.659227e-05 -0.8425561165423205 -1.0123686065257689
-6.804284 -5.59691e-05 -0.8332782470533305 -1.0012208341439814
-6.753997 -5.692447e-05 -0.8475019711955329 -1.018311270622612
-6.704293 -5.481483e-05 -0.8160932631563902 -0.9805723125092334
-6.654552 -5.573611e-05 -0.8298094491133788 -0.9970529193097745
-6.604775 -5.513423e-05 -0.820848549057161 -0.9862859997835614
-6.554358000000001 -5.626128e-05 -0.8376282765914873 -1.006447587894179
-6.50421 -5.520322e-05 -0.8218756848564541 -0.9875201490792905
-6.454099 -5.535383e-05 -0.8241179942162383 -0.99021438339484
-6.404086 -5.598126e-05 -0.8334592873681503 -1.001438362125371
-6.354652 -5.640732e-05 -0.8398025469513763 -1.009060070328565
-6.304469 -5.548448e-05 -0.8260631354276838 -0.9925515569777797
-6.254529000000001 -5.589183e-05 -0.8321278370923019 -0.9998385654661877
-6.2048950000000005 -5.565236e-05 -0.8285625637214264 -0.9955547311155825
-6.154469 -5.526485e-05 -0.822793243623093 -0.9886226367020734
-6.104368999999999 -5.663901e-05 -0.8432519902524083 -1.013204729704235
-6.054859 -5.659976e-05 -0.8426676290388664 -1.0125025937445689
-6.005071 -5.46463e-05 -0.8135841575431876 -0.9775575106421623
-5.954914 -5.424317e-05 -0.8075822840141402 -0.9703459929499275
-5.904737 -5.598425e-05 -0.8335038030376659 -1.0014918496800054
-5.854404000000001 -5.471488e-05 -0.8146051891871289 -0.9787843255240453
-5.804850999999999 -5.563644e-05 -0.8283255438355771 -0.9952699411925789
-5.754839 -5.538811e-05 -0.8246283611563712 -0.9908276119476389
-5.7048119999999995 -5.550375e-05 -0.8263500307292113 -0.9928962744285509
-5.6546899999999996 -5.574665e-05 -0.8299663705704676 -0.9972414674120645
-5.604691 -5.533325e-05 -0.8238115953939532 -0.9898462315973896
-5.554426 -5.442815e-05 -0.8103363002505978 -0.9736550658115593
-5.505039 -5.514336e-05 -0.8209844781751137 -0.9864493246577462
-5.454923 -5.571729e-05 -0.8295292534945545 -0.99671625182542
-5.404599 -5.521554e-05 -0.8220591072806792 -0.9877405392709615
-5.354708 -5.52919e-05 -0.8231959689944639 -0.9891065291277795
-5.304812 -5.533585e-05 -0.823850304671793 -0.9898927425144631
-5.254766 -5.503075e-05 -0.8193079197991404 -0.9844348652840389
-5.204699 -5.537661e-05 -0.8244571470428493 -0.9906218905836603
-5.154747 -5.513344e-05 -0.8208367873919713 -0.9862718676202967
-5.104469 -5.54379e-05 -0.8253696438270016 -0.991718296009595
-5.0549539999999995 -5.607027e-05 -0.834784484606809 -1.0030306454825655
-5.0052650000000005 -5.49456e-05 -0.8180401909498899 -0.9829116327498841
-4.955388 -5.584355e-05 -0.831409035579186 -0.9989748935137626
-4.905571 -5.567353e-05 -0.8288777465721445 -0.9959334373134456
-4.855367 -5.540283e-05 -0.824847515221679 -0.9910909352935315
-4.805145 -5.52988e-05 -0.823298697462577 -0.9892299619461667
-4.755163 -5.508943e-05 -0.8201815584236152 -0.9854845809047577
-4.705011000000001 -5.673676e-05 -0.8447073102173436 -1.0149533612980532
-4.65483 -5.516018e-05 -0.8212348974263689 -0.9867502145135827
-4.6047839999999995 -5.42187e-05 -0.8072179701569333 -0.9699082536650095
-4.555077 -5.421151e-05 -0.8071109241155228 -0.9697796330904873
-4.505099 -5.601967e-05 -0.834031142507313 -1.0021254714810595
-4.455266 -5.546064e-05 -0.8257082011262612 -0.992125087645845
-4.40545 -5.585263e-05 -0.8315442202879494 -0.9991373239472345
-4.355108 -5.648087e-05 -0.8408975728687267 -1.0103757926173151
-4.305181999999999 -5.546866e-05 -0.825827604360213 -0.9922685559362021
-4.254941 -5.543145e-05 -0.8252736150415916 -0.9916029131576245
-4.204879 -5.453133e-05 -0.8118724630534832 -0.975500833666804
-4.155098 -5.531268e-05 -0.823505345453506 -0.9894782586880818
-4.1047 -5.516551e-05 -0.8213142514459404 -0.9868455618935832
-4.054784 -5.487275e-05 -0.8169555867611886 -0.9816084326311153
-4.004636 -5.667245e-05 -0.8437498511181621 -1.0138029316530563
-3.954302 -5.597844e-05 -0.8334173026898779 -1.0013879156691605
-3.90435 -5.470821e-05 -0.8145058850012863 -0.9786650071329377
-3.854821 -5.504408e-05 -0.819506379288988 -0.9846733231781116
-3.8048319999999998 -5.505491e-05 -0.8196676183193742 -0.9848670590365367
-3.755089 -5.633683e-05 -0.8387530788764066 -1.0077990878114473
-3.704765 -5.506664e-05 -0.8198422567151664 -0.9850768948277948
-3.654699 -5.55558e-05 -0.8271249606951948 -0.9938273872107324
-3.604978 -5.520557e-05 -0.8219106720883476 -0.9875621877927991
-3.554635 -5.575468e-05 -0.8300859226862571 -0.9973851145905644
-3.504812 -5.546424e-05 -0.8257617985878855 -0.9921894873771774
-3.454747 -5.427296e-05 -0.8080258030090806 -0.9708789007267034
-3.4045799999999997 -5.458312e-05 -0.8126435220916824 -0.976427295357278
-3.354524 -5.496564e-05 -0.8183385501529313 -0.9832701245876347
-3.3043780000000003 -5.437435e-05 -0.8095353159629914 -0.9726926476044245
-3.25433 -5.466224e-05 -0.8138214751927126 -0.977842658341451
-3.204435 -5.472465e-05 -0.8147506467427036 -0.9789590992393558
-3.154645 -5.499286e-05 -0.8187438065155456 -0.983757058111765
-3.1045010000000004 -5.548321e-05 -0.8260442274342775 -0.9925288381836708
-3.054265 -5.445148e-05 -0.8106836415782903 -0.9740724118482219
-3.0045100000000002 -5.467489e-05 -0.8140098107175866 -0.9780689518418275
-2.9543209999999998 -5.536156e-05 -0.8242330798768924 -0.9903526639290622
-2.9046149999999997 -5.516172e-05 -0.821257825229397 -0.9867777632875415
-2.854645 -5.616571e-05 -0.8362054128672021 -1.0047379539154453
-2.80435 -5.493901e-05 -0.8179420778187501 -0.9827937454639173
-2.7544229999999996 -5.527458e-05 -0.8229381056513163 -0.9887966948648135
-2.704445 -5.609529e-05 -0.8351569869650972 -1.003478223615326
-2.654284 -5.572462e-05 -0.8296383838816949 -0.9968473768339385
-2.6043220000000002 -5.58401e-05 -0.8313576713451295 -0.9989131771045691
-2.554395 -5.553362e-05 -0.8267947407788545 -0.9934306133104676
-2.50435 -5.582638e-05 -0.831153405463606 -0.9986677425729354
-2.454663 -5.454845e-05 -0.8121273487598737 -0.9758070901669181
-2.404284 -5.556339e-05 -0.8272379620101192 -0.9939631633109584
-2.354473 -5.341656e-05 -0.7952755624160306 -0.9555589201952868
-2.304821 -5.484663e-05 -0.8165667074007374 -0.98114117680267
-2.2547829999999998 -5.39993e-05 -0.803951502634613 -0.9659834478165826
-2.20446 -5.400788e-05 -0.804079243251484 -0.966136933842925
-2.15408 -5.453073e-05 -0.8118635301432123 -0.9754901003782485
-2.104473 -5.403841e-05 -0.804533779502425 -0.9666830793422525
-2.0543020000000003 -5.530898e-05 -0.8234502591735032 -0.9894120700753234
-2.004369 -5.455962e-05 -0.8122936497727467 -0.9760069082221914
-1.9545519999999998 -5.469541e-05 -0.8143153162488447 -0.9784360303104224
-1.90445 -5.528131e-05 -0.823038303128186 -0.9889170865847766
-1.854492 -5.421271e-05 -0.8071287899360641 -0.969801099667598
-1.804284 -5.468738e-05 -0.814195764133055 -0.9782923831319226
-1.7540619999999998 -5.583962e-05 -0.8313505250169129 -0.9989045904737247
-1.704096 -5.447799e-05 -0.8110783273304176 -0.9745466443142283
-1.6546910000000001 -5.532908e-05 -0.8237495116675718 -0.9897716352419295
-1.6043209999999999 -5.418427e-05 -0.8067053699892328 -0.9692923417900718
-1.554048 -5.498196e-05 -0.8185815253122946 -0.9835620700363419
-1.503941 -5.444568e-05 -0.8105972901123402 -0.9739686567255197
-1.4543030000000001 -5.436236e-05 -0.8093568066394152 -0.9724781607214589
-1.4045150000000002 -5.433897e-05 -0.8090085720206958 -0.9720597413559408
-1.354247 -5.495709e-05 -0.8182112561815739 -0.9831171752257203
-1.3040889999999998 -5.391896e-05 -0.8027553859493659 -0.9645462604790137
-1.254558 -5.592302e-05 -0.8325921995445407 -1.0003965175829261
-1.204432 -5.396798e-05 -0.8034852047184823 -0.9654231701539905
-1.154182 -5.441425e-05 -0.8101293544959933 -0.973406411293359
-1.104548 -5.488336e-05 -0.8171135503911423 -0.9817982329504034
-1.054515 -5.40764e-05 -0.8050993816043983 -0.9673626753959523
-1.004246 -5.420044e-05 -0.8069461119210282 -0.96958160391664
-0.9543763000000001 -5.429712e-05 -0.8083855015293142 -0.9713110944792012
-0.9040336 -5.37935e-05 -0.8008875144117618 -0.9623019298420783
-0.8540955 -5.354725e-05 -0.7972212991548275 -0.9578968093307969
-0.8041355 -5.377176e-05 -0.8005638452962868 -0.9619130270200874
-0.7538408 -5.317271e-05 -0.7916450788001791 -0.9511967328382271
-0.7039729 -5.363615e-05 -0.7985448586932701 -0.959487124918423
-0.6540244000000001 -5.437551e-05 -0.8095525862561816 -0.972713398628965
-0.6036426 -5.273698e-05 -0.7851578504797568 -0.9434020398011486
-0.5537373999999999 -5.502969e-05 -0.8192921383243289 -0.9844159031409244
-0.5042464 -5.2156e-05 -0.7765081134646351 -0.9330089964929487
-0.4540058 -5.499486e-05 -0.8187735828831146 -0.9837928357402831
-0.4037095 -5.230153e-05 -0.7786747908507943 -0.9356123556320625
-0.35407659999999996 -5.283418e-05 -0.7866049819436107 -0.9451408325471244
-0.3041355 -5.085364e-05 -0.7571183384310474 -0.9097113203545838
-0.2540058 -2.311465e-05 -0.3441351573145051 -0.4134936805120358
-0.2037095 -1.548119e-05 -0.23048680192283869 -0.2769401324184499
-0.15393510000000002 -1.319084e-05 -0.196387650191998 -0.23596848668032533
-0.1037743 -7.426823e-06 -0.11057190575898769 -0.13285705718154672
-0.053570639999999996 -5.02034e-06 -0.0747437445807011 -0.08980792977708049
-0.003935067 -3.601123e-06 -0.053614181054607475 -0.06441982047085047
0.045975659999999995 2.718225e-06 0.040469433367635706 0.048625822139198666
0.09617937 3.583159e-06 0.05334672972110263 0.06409846581150161
0.14631960000000002 5.733157e-06 0.0853562950814205 0.10255938069074554
0.1963183 9.993674e-06 0.14878765519442774 0.17877497795110192
0.2464757 1.068223e-05 0.15903900346835126 0.1910924283420291
0.2962065 1.383987e-05 0.20605052811365518 0.24757886379885088
0.3461331 1.619184e-05 0.24106708972929708 0.28965281827161565
0.39621589999999995 1.900967e-05 0.2830194606427884 0.34006045575508304
0.4460497 2.168716e-05 0.32288242384396226 0.38795757704544087
0.4966887 2.571164e-05 0.3827996217210264 0.45995075225454324
0.5466027 2.726561e-05 0.4059354126766334 0.4877494329486177
0.5961238 3.239065e-05 0.4822379500995721 0.5794303215786166
0.6464109 3.401648e-05 0.5064436059419337 0.6085144924653436
0.6966516 3.757491e-05 0.5594221657662293 0.6721705857890341
0.7468737999999999 4.246999e-05 0.6323010164460833 0.7597377626920309
0.7964235 4.44623e-05 0.6619628938817903 0.7953778262284
0.8466146 4.85834e-05 0.723318588076113 0.869099418671208
0.8966238 5.273442e-05 0.7851197367292685 0.9433562444366456
0.9470035 5.207508e-05 0.775303361632793 0.9315614336431095
0.9971146 5.43522e-05 0.8092055426921647 0.9722964103685874
1.0467819999999999 5.46562e-05 0.8137315505626542 0.9777346099033266
1.096837 5.353689e-05 0.79706705757082 0.9577114812150735
1.1469760000000002 5.530699e-05 0.823420631687772 0.9893764713349479
1.196603 5.511415e-05 0.8205495943267682 0.9859267923932404
1.2464849999999998 5.42499e-05 0.8076824814910099 0.9704663846698905
1.2968 5.471058e-05 0.8145411699968557 0.9787074036227317
1.346837 5.378001e-05 0.8006866728125088 0.9620606097377242
1.396801 5.50566e-05 0.8196927793499699 0.9848972911326344
1.446578 5.438371e-05 0.8096746693632144 0.9728600869058889
1.496429 5.485432e-05 0.8166811975340402 0.9812787417843217
1.546697 5.409458e-05 0.8053700487856006 0.9676878940391812
1.596652 5.488292e-05 0.817106999590277 0.9817903618721294
1.646781 5.39295e-05 0.8029123074064545 0.9647348085813037
1.697068 5.558527e-05 0.8275637154713241 0.9943545705669454
1.74698 5.516128e-05 0.821251274428532 0.9867698922092676
1.796568 5.460698e-05 0.8129987541567808 0.9768541224654981
1.846828 5.50623e-05 0.8197776419975417 0.9849992573739108
1.896942 5.490082e-05 0.8173734980800198 0.9821105716473658
1.946809 5.432465e-05 0.8087953732289017 0.9718035735357518
1.996939 5.41456e-05 0.806129643922286 0.9686005813426758
2.047105 5.576026e-05 0.8301689987517746 0.9974849341741296
2.097141 5.453595e-05 0.8119412464625674 0.9755834799886806
2.146513 5.606208e-05 0.8346625503816139 1.0028841360937841
2.197022 5.479861e-05 0.8158517768154055 0.9802821559419523
2.2472440000000002 5.484779e-05 0.8165839776939275 0.9811619278272103
2.297161 5.551401e-05 0.8265027834948403 0.9930798136628483
2.346961 5.324171e-05 0.79267236348131 0.952431061022099
2.396818 5.526613e-05 0.8228123004983372 0.9886455343843248
2.446848 5.590609e-05 0.832340142593069 1.0000936599575212
2.496893 5.344686e-05 0.7957266743847011 0.956100951267335
2.546669 5.643566e-05 0.8402244780798293 1.0095670393246654
2.596661 5.444672e-05 0.8106127738234761 0.9739872610923491
2.646643 5.531498e-05 0.8235395882762103 0.9895194029608775
2.6974940000000003 5.481596e-05 0.8161100868040667 0.9805925268693462
2.747122 5.46046e-05 0.8129633202793738 0.9768115470875617
2.796867 5.497886e-05 0.8185353719425625 0.9835066147121388
2.8470779999999998 5.471422e-05 0.8145953629858311 0.9787725189066344
2.897059 5.583871e-05 0.831336976769669 0.998888311652749
2.946886 5.579455e-05 0.8306795145737453 0.9980983416150712
2.996708 5.602449e-05 0.8341029035531543 1.002211695565788
3.0473090000000003 5.413778e-05 0.8060132183250912 0.9684606908151704
3.097197 5.545622e-05 0.8256423953539338 0.9920460190868201
3.147281 5.505043e-05 0.8196009192560195 0.9847869171486563
3.1971030000000003 5.43808e-05 0.8096313447484016 0.9728080304563951
3.246957 5.564758e-05 0.8284913982029366 0.9954692225834243
3.2975309999999998 5.615926e-05 0.8361093840817921 1.0046225710634749
3.347207 5.521609e-05 0.8220672957817606 0.987750378118804
3.3973829999999996 5.45081e-05 0.811526610544169 0.9750852765115672
3.447546 5.512141e-05 0.8206576825410437 0.9860566651847608
3.4974760000000003 5.351891e-05 0.7967993680263746 0.9573898403346967
3.547643 5.418462e-05 0.8067105808535573 0.9692986028750624
3.5979140000000003 5.671099e-05 0.8443236417212169 1.0144923665545986
3.647504 5.526918e-05 0.8228577094588799 0.9887000952678149
3.6975369999999996 5.491924e-05 0.8176477384253303 0.9824400836060166
3.747393 5.467375e-05 0.8139928381880722 0.9780485585935722
3.797605 5.617322e-05 0.8363172231274237 1.0048722989105305
3.8473859999999998 5.472718e-05 0.8147883138476782 0.9790043579394311
3.897504 5.466586e-05 0.8138753704180125 0.9779074158490686
3.9474430000000003 5.45188e-05 0.8116859141106632 0.9752766868241385
3.9972350000000003 5.416193e-05 0.806372767963487 0.9688927056795256
4.047448 5.515926e-05 0.8212212002972873 0.9867337568044644
4.0978 5.549123e-05 0.8261636306682292 0.992672306474028
4.147669 5.55799e-05 0.8274837659244013 0.9942585076343745
4.197337 5.528061e-05 0.8230278813995369 0.9889045644147954
4.247643 5.430787e-05 0.8085455495049977 0.9715033992324855
4.297763 5.639095e-05 0.8395588273828241 1.0087672304391448
4.34792 5.532915e-05 0.8237505538404367 0.9897728874589277
4.398207 5.593822e-05 0.8328184999380651 1.0006684275596631
4.447858 5.468763e-05 0.8141994861790012 0.9782968553354873
4.49768 5.470832e-05 0.8145075227015026 0.9786669749025062
4.54805 5.4459e-05 0.8107956007203498 0.9742069357314498
4.597754 5.521319e-05 0.8220241200487856 0.9876985005574528
4.647634 5.644419e-05 0.840351474287511 1.0097196309102947
4.698124 5.444612e-05 0.8106038409132055 0.9739765278037937
4.74782 5.67065e-05 0.8442567937760246 1.0144120457785757
4.797772 5.392257e-05 0.8028091322928279 0.9646108390984888
4.84805 5.561351e-05 0.8279841577813984 0.9948597506816199
4.898376 5.587993e-05 0.8319506677052664 0.9996256885765055
4.94793 5.576722e-05 0.8302726205109148 0.9976094403213723
4.998068 5.623678e-05 0.8372635160887669 1.0060093119448335
5.04749 5.563463e-05 0.8282985962229272 0.9952375624387702
5.097354999999999 5.436978e-05 0.8094672769630963 0.9726108957232609
5.147587000000001 5.645164e-05 0.8404623912567056 1.0098529025765244
5.197717 5.442939e-05 0.8103547615984906 0.9736772479412403
5.247754 5.495043e-05 0.818112100877569 0.9829980357227551
5.297584 5.467577e-05 0.814022912319317 0.9780846939983754
5.347874 5.562521e-05 0.8281583495316772 0.9950690498084502
5.397716 5.479413e-05 0.8157850777520509 0.9802020140540719
5.447763 5.589533e-05 0.8321799457355477 0.9999011763160942
5.497967 5.578615e-05 0.8305544538299555 0.9979480755752954
5.548056 5.670279e-05 0.844201558614184 1.0143456782776747
5.597625 5.580394e-05 0.8308193146194818 0.9982663175809632
5.648263 5.676947e-05 0.8451943027089347 1.0155385044124656
5.698337 5.471192e-05 0.8145611201631268 0.9787313746338386
5.748131 5.537058e-05 0.8243673712946288 0.9905140210336785
5.798031 5.551497e-05 0.8265170761512733 0.993096986924537
5.84868 5.549501e-05 0.8262199080029347 0.9927399261919271
5.8982730000000005 5.526961e-05 0.8228641113779073 0.9887077874579462
5.948207999999999 5.614926e-05 0.8359605022439469 1.0044436829208847
5.998346 5.576597e-05 0.8302540102811842 0.9975870793035486
6.048355 5.602821e-05 0.8341582875968326 1.0022782419548315
6.098495 5.602494e-05 0.8341096032358575 1.0022197455322046
6.1482719999999995 5.553886e-05 0.8268727548618853 0.9935243506971848
6.19843 5.496235e-05 0.8182895680282803 0.9832112703887226
6.248443 5.657063e-05 0.8422339362452238 1.011981492585204
6.2978559999999995 5.563574e-05 0.8283151221069281 0.9952574190225977
6.347957999999999 5.543299e-05 0.8252965428446197 0.9916304619315833
6.398078000000001 5.544709e-05 0.8255064662359812 0.9918826942126353
6.448467 5.582658e-05 0.831156383100363 0.9986713203357872
6.498475999999999 5.640557e-05 0.8397764926297534 1.0090287649036116
6.548056 5.466447e-05 0.8138546758425521 0.9778825503972487
6.598115 5.498232e-05 0.8185868850584569 0.9835685100094751
6.648319000000001 5.500534e-05 0.8189296110491763 0.9839803105137176
6.698735 5.610225e-05 0.8352606087242375 1.0036027297625687
6.748669 5.518051e-05 0.8215375742027079 0.9871138941074683
6.798504 5.560131e-05 0.8278025219392275 0.99464150714766
6.8482259999999995 5.541346e-05 0.8250057766153083 0.9912810933891048
6.898365 5.420771e-05 0.8070543490171416 0.969711655596303
6.948532 5.565608e-05 0.828617947765105 0.995621277504626
6.99848 5.613123e-05 0.8356920682903124 1.0041211475997947
7.048216 5.557358e-05 0.8273896726028832 0.9941454503282575
7.098319 5.521643e-05 0.8220723577642473 0.987756460315652
7.148625 5.41613e-05 0.8063633884077027 0.9688814357265423
7.198792 5.716439e-05 0.8510739442491114 1.022603154939634
7.2488 5.659974e-05 0.8426673312751908 1.0125022359682838
7.299245 5.504932e-05 0.8195843933720188 0.9847670605648289
7.34899 5.634695e-05 0.8389037472963057 1.0079801226117484
7.398893 5.528303e-05 0.8230639108042953 0.9889478553453022
7.448877 5.595607e-05 0.8330842540186186 1.0009877428941865
7.49856 5.715902e-05 0.8509939947021886 1.0225070920070631
7.54833 5.557488e-05 0.8274090272418031 0.9941687057867943
7.59868 5.579615e-05 0.8307033356678005 0.9981269637178856
7.648782 5.584247e-05 0.8313929563406987 0.9989555735943628
7.698811 5.480758e-05 0.8159853238239525 0.9804426186058556
7.748513 5.555905e-05 0.8271733472924944 0.9938855258570741
7.798845999999999 5.58445e-05 0.8314231793537813 0.9989918878873086
7.848669 5.59249e-05 0.8326201893300555 1.000430148553733
7.898466999999999 5.861634e-05 0.8726908426950232 1.0485768188030042
7.9485600000000005 5.572693e-05 0.8296727755862371 0.9968886999948768
7.998698 5.699148e-05 0.8484996283909327 1.0195100000661084
8.04867 5.573736e-05 0.8298280593431095 0.9970752803275984
8.099125 5.589762e-05 0.8322140396764143 0.9999421417007474
8.148952 5.594123e-05 0.8328633133712565 1.0007222728905827
8.198697 5.67879e-05 0.8454686919360831 1.0158681952592592
8.249124 5.487747e-05 0.8170258589886517 0.9816928678344179
8.299046 5.488542e-05 0.8171442200497384 0.981835083907777
8.349041 5.576714e-05 0.830271429456212 0.9976080092162316
8.399235000000001 5.553237e-05 0.8267761305491239 0.9934082522926438
8.449037 5.631855e-05 0.8384809228768259 1.0074720802867927
8.498977 5.522624e-05 0.8222184108471734 0.9879319495835329
8.549031999999999 5.514926e-05 0.8210723184594422 0.9865548686618743
8.599131 5.520353e-05 0.8218803001934273 0.9875256946117108
8.649217 5.486831e-05 0.8168894832251855 0.9815290062958053
8.698951999999998 5.577501e-05 0.830388599462596 0.9977487941844501
8.7488 5.623285e-05 0.8372050055264938 1.0059390089047953
8.798949 5.674147e-05 0.8447774335629685 1.0150376176132132
8.848745000000001 5.510855e-05 0.8204662204975749 0.98582661503339
8.898681 5.529048e-05 0.8231748277734899 0.9890811270115317
8.948941999999999 5.607113e-05 0.8347972884448637 1.0030460298628283
8.998569 5.69722e-05 0.8482125842075675 1.019165103727195
9.048967000000001 5.563321e-05 0.8282774550019533 0.9952121603225225
9.099075000000001 5.645841e-05 0.8405631842609267 1.009974009849058
9.148791 5.582496e-05 0.8311322642426321 0.9986423404566876
9.199338 5.637823e-05 0.839369449685085 1.0085396847217702
9.249402 5.630294e-05 0.8382485183279498 1.0071928358962094
9.299374 5.628696e-05 0.8380106051510734 1.0069069726443505
9.348970999999999 5.773197e-05 0.8595241796015207 1.0327564881367632
9.39942 5.656909e-05 0.8422110084421957 1.011953943811245
9.449245000000001 5.526615e-05 0.8228125982620129 0.9886458921606099
9.498772 5.600603e-05 0.8338280676804923 1.0018814680545667
9.548874 5.550491e-05 0.8263673010224013 0.9929170254530914
9.599189 5.6049e-05 0.8344678129377125 1.0026501504032763
9.64899 5.654352e-05 0.8418303175828259 1.0114965268306422
9.698931 5.502134e-05 0.8191678219897283 0.9842665315418616
9.749300999999999 5.597269e-05 0.8333316956331169 1.0012850549871712
9.799551 5.564491e-05 0.828451646752232 0.9954214594493528
9.849292 5.520626e-05 0.8219209449351589 0.9875745310746378
9.899162 5.483724e-05 0.8164269073550009 0.9809732008367779
9.949022000000001 5.567672e-05 0.8289252398784172 0.995990502630932
10.00122 5.7574e-05 0.8571722932090825 1.0299305921482673
nan nan nan nan
