




















































































0.9nm 3.26mmx4.26mm AD Ph OP 10kOe
                               Adjusted      Adjusted  
    Field         Moment        Field         Moment   
     (Oe)         (emu)          (Oe)         (emu)    
+9.992854E+03,-14.69517E-06,+9.992854E+03,+41.48368E-06
+9.971958E+03,-13.31335E-06,+9.971958E+03,+42.74803E-06
+9.948735E+03,-12.03239E-06,+9.948735E+03,+43.89844E-06
+9.925068E+03,-13.74492E-06,+9.925068E+03,+42.05285E-06
+9.901355E+03,-13.34260E-06,+9.901355E+03,+42.32186E-06
+9.877576E+03,-12.10547E-06,+9.877576E+03,+43.42531E-06
+9.853707E+03,-13.36719E-06,+9.853707E+03,+42.02940E-06
+9.829384E+03,-12.36788E-06,+9.829384E+03,+42.89196E-06
+9.805309E+03,-12.72544E-06,+9.805309E+03,+42.39905E-06
+9.780791E+03,-14.62634E-06,+9.780791E+03,+40.36032E-06
+9.756227E+03,-12.16162E-06,+9.756227E+03,+42.68694E-06
+9.731893E+03,-12.28858E-06,+9.731893E+03,+42.42318E-06
+9.706948E+03,-11.40035E-06,+9.706948E+03,+43.17117E-06
+9.682096E+03,-12.90775E-06,+9.682096E+03,+41.52405E-06
+9.657264E+03,-11.61469E-06,+9.657264E+03,+42.67751E-06
+9.632549E+03,-11.55824E-06,+9.632549E+03,+42.59502E-06
+9.608050E+03,-11.40300E-06,+9.608050E+03,+42.61252E-06
+9.583059E+03,-11.85020E-06,+9.583059E+03,+42.02482E-06
+9.558234E+03,-13.51873E-06,+9.558234E+03,+40.21673E-06
+9.533245E+03,-12.03705E-06,+9.533245E+03,+41.55793E-06
+9.508188E+03,-12.71826E-06,+9.508188E+03,+40.73586E-06
+9.483384E+03,-11.22056E-06,+9.483384E+03,+42.09410E-06
+9.458105E+03,-11.88311E-06,+9.458105E+03,+41.28944E-06
+9.433578E+03,-10.04425E-06,+9.433578E+03,+42.99041E-06
+9.408532E+03,-9.473107E-06,+9.408532E+03,+43.42075E-06
+9.383235E+03,-11.30743E-06,+9.383235E+03,+41.44421E-06
+9.358355E+03,-11.46591E-06,+9.358355E+03,+41.14585E-06
+9.333426E+03,-9.942110E-06,+9.333426E+03,+42.52950E-06
+9.308587E+03,-11.58153E-06,+9.308587E+03,+40.75044E-06
+9.283652E+03,-10.19920E-06,+9.283652E+03,+41.99260E-06
+9.258587E+03,-11.19278E-06,+9.258587E+03,+40.85810E-06
+9.233661E+03,-7.844417E-06,+9.233661E+03,+44.06633E-06
+9.208652E+03,-9.195355E-06,+9.208652E+03,+42.57479E-06
+9.183467E+03,-10.07097E-06,+9.183467E+03,+41.55759E-06
+9.158464E+03,-9.411707E-06,+9.158464E+03,+42.07629E-06
+9.133605E+03,-8.366763E-06,+9.133605E+03,+42.98148E-06
+9.108670E+03,-9.410950E-06,+9.108670E+03,+41.79711E-06
+9.083476E+03,-9.568424E-06,+9.083476E+03,+41.49799E-06
+9.058134E+03,-7.736101E-06,+9.058134E+03,+43.18785E-06
+9.033457E+03,-10.21382E-06,+9.033457E+03,+40.57140E-06
+9.008264E+03,-9.017331E-06,+9.008264E+03,+41.62625E-06
+8.983327E+03,-7.915400E-06,+8.983327E+03,+42.58800E-06
+8.958511E+03,-9.707289E-06,+8.958511E+03,+40.65659E-06
+8.933754E+03,-7.973522E-06,+8.933754E+03,+42.25118E-06
+8.908420E+03,-7.146065E-06,+8.908420E+03,+42.93621E-06
+8.883435E+03,-8.458548E-06,+8.883435E+03,+41.48326E-06
+8.858661E+03,-8.985055E-06,+8.858661E+03,+40.81748E-06
+8.833605E+03,-6.941439E-06,+8.833605E+03,+42.72023E-06
+8.808438E+03,-7.108493E-06,+8.808438E+03,+42.41169E-06
+8.783476E+03,-8.842837E-06,+8.783476E+03,+40.53701E-06
+8.758254E+03,-7.643952E-06,+8.758254E+03,+41.59410E-06
+8.733347E+03,-6.448469E-06,+8.733347E+03,+42.64956E-06
+8.708257E+03,-5.296299E-06,+8.708257E+03,+43.66068E-06
+8.683717E+03,-6.984431E-06,+8.683717E+03,+41.83458E-06
+8.658383E+03,-7.315011E-06,+8.658383E+03,+41.36158E-06
+8.633680E+03,-6.330585E-06,+8.633680E+03,+42.20712E-06
+8.608457E+03,-7.553048E-06,+8.608457E+03,+40.84286E-06
+8.583454E+03,-5.809617E-06,+8.583454E+03,+42.44573E-06
+8.558568E+03,-5.545869E-06,+8.558568E+03,+42.56957E-06
+8.533448E+03,-5.666653E-06,+8.533448E+03,+42.30757E-06
+8.508438E+03,-5.124008E-06,+8.508438E+03,+42.70961E-06
+8.483597E+03,-6.625989E-06,+8.483597E+03,+41.06797E-06
+8.458476E+03,-5.219072E-06,+8.458476E+03,+42.33366E-06
+8.433124E+03,-5.515988E-06,+8.433124E+03,+41.89422E-06
+8.408388E+03,-6.012837E-06,+8.408388E+03,+41.25830E-06
+8.383521E+03,-4.191905E-06,+8.383521E+03,+42.93944E-06
+8.358541E+03,-4.823057E-06,+8.358541E+03,+42.16785E-06
+8.333578E+03,-2.606839E-06,+8.333578E+03,+44.24373E-06
+8.308614E+03,-4.038089E-06,+8.308614E+03,+42.67213E-06
+8.283226E+03,-3.946682E-06,+8.283226E+03,+42.62081E-06
+8.258264E+03,-4.492478E-06,+8.258264E+03,+41.93468E-06
+8.233133E+03,-5.228528E-06,+8.233133E+03,+41.05734E-06
+8.208300E+03,-4.901605E-06,+8.208300E+03,+41.24466E-06
+8.183328E+03,-4.645034E-06,+8.183328E+03,+41.36084E-06
+8.158106E+03,-2.783223E-06,+8.158106E+03,+43.08086E-06
+8.133351E+03,-2.767732E-06,+8.133351E+03,+42.95717E-06
+8.108152E+03,-2.800874E-06,+8.108152E+03,+42.78237E-06
+8.083042E+03,-4.242589E-06,+8.083042E+03,+41.19948E-06
+8.058254E+03,-2.569141E-06,+8.058254E+03,+42.73358E-06
+8.033341E+03,-2.982514E-06,+8.033341E+03,+42.18015E-06
+8.008504E+03,-3.655439E-06,+8.008504E+03,+41.36759E-06
+7.983263E+03,-2.743761E-06,+7.983263E+03,+42.13737E-06
+7.958069E+03,-2.101009E-06,+7.958069E+03,+42.63848E-06
+7.933199E+03,-3.751511E-06,+7.933199E+03,+40.84816E-06
+7.908014E+03,-2.337534E-06,+7.908014E+03,+42.12055E-06
+7.883022E+03,-1.784677E-06,+7.883022E+03,+42.53291E-06
+7.858060E+03,-2.971334E-06,+7.858060E+03,+41.20592E-06
+7.833313E+03,-1.260407E-06,+7.833313E+03,+42.77772E-06
+7.808291E+03,-3.156166E-06,+7.808291E+03,+40.74129E-06
+7.783161E+03,-3.383990E-06,+7.783161E+03,+40.37219E-06
+7.757911E+03,-1.678644E-06,+7.757911E+03,+41.93558E-06
+7.733013E+03,-2.295802E-06,+7.733013E+03,+41.17845E-06
+7.707977E+03,-308.7948E-09,+7.707977E+03,+43.02470E-06
+7.683032E+03,-535.1068E-09,+7.683032E+03,+42.65815E-06
+7.658078E+03,-839.3357E-09,+7.658078E+03,+42.21364E-06
+7.632921E+03,-145.7745E-09,+7.632921E+03,+42.76577E-06
+7.608023E+03,-1.687596E-06,+7.608023E+03,+41.08397E-06
+7.583189E+03,-1.486878E-06,+7.583189E+03,+41.14507E-06
+7.558189E+03,+172.3231E-09,+7.558189E+03,+42.66373E-06
+7.532856E+03,-23.72989E-09,+7.532856E+03,+42.32526E-06
+7.508171E+03,+340.2605E-09,+7.508171E+03,+42.55047E-06
+7.483170E+03,-638.8699E-09,+7.483170E+03,+41.43079E-06
+7.458078E+03,+325.8875E-09,+7.458078E+03,+42.25448E-06
+7.433097E+03,-445.8428E-09,+7.433097E+03,+41.34230E-06
+7.408152E+03,-301.3561E-09,+7.408152E+03,+41.34656E-06
+7.383282E+03,-293.1610E-09,+7.383282E+03,+41.21493E-06
+7.358151E+03,+1.649012E-06,+7.358151E+03,+43.01583E-06
+7.333013E+03,+338.8736E-09,+7.333013E+03,+41.56436E-06
+7.308097E+03,+1.231388E-06,+7.308097E+03,+42.31680E-06
+7.283050E+03,+375.0584E-09,+7.283050E+03,+41.31966E-06
+7.258133E+03,+357.1551E-09,+7.258133E+03,+41.16167E-06
+7.233272E+03,+593.3013E-09,+7.233272E+03,+41.25806E-06
+7.208291E+03,+664.7882E-09,+7.208291E+03,+41.18910E-06
+7.182625E+03,+1.680949E-06,+7.182625E+03,+42.06097E-06
+7.157879E+03,+948.9419E-09,+7.157879E+03,+41.18984E-06
+7.132879E+03,+2.869921E-06,+7.132879E+03,+42.97027E-06
+7.107606E+03,+2.707522E-06,+7.107606E+03,+42.66579E-06
+7.082745E+03,+2.322729E-06,+7.082745E+03,+42.14123E-06
+7.057810E+03,+2.418170E-06,+7.057810E+03,+42.09649E-06
+7.032810E+03,+3.349012E-06,+7.032810E+03,+42.88679E-06
+7.007764E+03,+3.878923E-06,+7.007764E+03,+43.27589E-06
+6.982856E+03,+2.023417E-06,+6.982856E+03,+41.28036E-06
+6.957837E+03,+3.109336E-06,+6.957837E+03,+42.22562E-06
+6.932800E+03,+3.666102E-06,+6.932800E+03,+42.64163E-06
+6.908060E+03,+3.229742E-06,+6.908060E+03,+42.06618E-06
+6.882735E+03,+3.131904E-06,+6.882735E+03,+41.82597E-06
+6.857671E+03,+2.758584E-06,+6.857671E+03,+41.31175E-06
+6.832569E+03,+1.915493E-06,+6.832569E+03,+40.32753E-06
+6.807852E+03,+3.653491E-06,+6.807852E+03,+41.92657E-06
+6.782870E+03,+3.385276E-06,+6.782870E+03,+41.51791E-06
+6.758032E+03,+3.433233E-06,+6.758032E+03,+41.42623E-06
+6.732833E+03,+4.940378E-06,+6.732833E+03,+42.79171E-06
+6.707634E+03,+3.527541E-06,+6.707634E+03,+41.23721E-06
+6.682597E+03,+4.493559E-06,+6.682597E+03,+42.06247E-06
+6.657597E+03,+2.930808E-06,+6.657597E+03,+40.35917E-06
+6.632532E+03,+4.483977E-06,+6.632532E+03,+41.77143E-06
+6.607662E+03,+4.534534E-06,+6.607662E+03,+41.68217E-06
+6.582671E+03,+5.103404E-06,+6.582671E+03,+42.11054E-06
+6.557513E+03,+5.152700E-06,+6.557513E+03,+42.01840E-06
+6.532533E+03,+5.325108E-06,+6.532533E+03,+42.05037E-06
+6.507393E+03,+4.370884E-06,+6.507393E+03,+40.95482E-06
+6.482477E+03,+4.158440E-06,+6.482477E+03,+40.60230E-06
+6.457560E+03,+4.542351E-06,+6.457560E+03,+40.84612E-06
+6.432856E+03,+6.355495E-06,+6.432856E+03,+42.52039E-06
+6.407479E+03,+5.890442E-06,+6.407479E+03,+41.91267E-06
+6.382257E+03,+6.798275E-06,+6.382257E+03,+42.67870E-06
+6.357420E+03,+5.218387E-06,+6.357420E+03,+40.95919E-06
+6.332560E+03,+6.217060E-06,+6.332560E+03,+41.81810E-06
+6.307680E+03,+5.970197E-06,+6.307680E+03,+41.43136E-06
+6.282625E+03,+7.687395E-06,+6.282625E+03,+43.00770E-06
+6.257541E+03,+4.188573E-06,+6.257541E+03,+39.36786E-06
+6.232578E+03,+6.434546E-06,+6.232578E+03,+41.47350E-06
+6.207374E+03,+7.305123E-06,+6.207374E+03,+42.20238E-06
+6.182356E+03,+6.643208E-06,+6.182356E+03,+41.39981E-06
+6.157476E+03,+6.914656E-06,+6.157476E+03,+41.53139E-06
+6.132643E+03,+5.794443E-06,+6.132643E+03,+40.27157E-06
+6.107522E+03,+8.233443E-06,+6.107522E+03,+42.56934E-06
+6.082495E+03,+8.159687E-06,+6.082495E+03,+42.35488E-06
+6.057486E+03,+7.078937E-06,+6.057486E+03,+41.13353E-06
+6.032560E+03,+8.266350E-06,+6.032560E+03,+42.18081E-06
+6.007782E+03,+9.396523E-06,+6.007782E+03,+43.17169E-06
+5.982708E+03,+9.022825E-06,+5.982708E+03,+42.65703E-06
+5.957736E+03,+9.494486E-06,+5.957736E+03,+42.98830E-06
+5.932633E+03,+8.567679E-06,+5.932633E+03,+41.92037E-06
+5.907375E+03,+8.168260E-06,+5.907375E+03,+41.37895E-06
+5.882502E+03,+8.811211E-06,+5.882502E+03,+41.88207E-06
+5.857652E+03,+11.00781E-06,+5.857652E+03,+43.93897E-06
+5.832412E+03,+9.803884E-06,+5.832412E+03,+42.59314E-06
+5.807504E+03,+10.55229E-06,+5.807504E+03,+43.20151E-06
+5.782171E+03,+9.109314E-06,+5.782171E+03,+41.61612E-06
+5.757238E+03,+9.516060E-06,+5.757238E+03,+41.88269E-06
+5.732560E+03,+8.514474E-06,+5.732560E+03,+40.74237E-06
+5.707408E+03,+10.70468E-06,+5.707408E+03,+42.79117E-06
+5.682661E+03,+9.354287E-06,+5.682661E+03,+41.30166E-06
+5.657625E+03,+10.32661E-06,+5.657625E+03,+42.13323E-06
+5.632412E+03,+9.958332E-06,+5.632412E+03,+41.62320E-06
+5.607375E+03,+10.68316E-06,+5.607375E+03,+42.20728E-06
+5.582300E+03,+10.22133E-06,+5.582300E+03,+41.60448E-06
+5.557379E+03,+10.88915E-06,+5.557379E+03,+42.13219E-06
+5.532356E+03,+11.41618E-06,+5.532356E+03,+42.51855E-06
+5.507161E+03,+12.03246E-06,+5.507161E+03,+42.99319E-06
+5.482198E+03,+12.49378E-06,+5.482198E+03,+43.31417E-06
+5.457097E+03,+11.28771E-06,+5.457097E+03,+41.96698E-06
+5.432245E+03,+12.07180E-06,+5.432245E+03,+42.61135E-06
+5.407384E+03,+12.39355E-06,+5.407384E+03,+42.79334E-06
+5.382217E+03,+12.75994E-06,+5.382217E+03,+43.01824E-06
+5.357504E+03,+11.53987E-06,+5.357504E+03,+41.65923E-06
+5.332188E+03,+11.22924E-06,+5.332188E+03,+41.20628E-06
+5.306717E+03,+11.62396E-06,+5.306717E+03,+41.45781E-06
+5.282030E+03,+12.43000E-06,+5.282030E+03,+42.12506E-06
+5.257106E+03,+12.19611E-06,+5.257106E+03,+41.75105E-06
+5.232143E+03,+11.86036E-06,+5.232143E+03,+41.27496E-06
+5.207319E+03,+13.41151E-06,+5.207319E+03,+42.68656E-06
+5.182133E+03,+12.35323E-06,+5.182133E+03,+41.48668E-06
+5.156615E+03,+12.56691E-06,+5.156615E+03,+41.55690E-06
+5.131847E+03,+13.61942E-06,+5.131847E+03,+42.47016E-06
+5.106921E+03,+13.95706E-06,+5.106921E+03,+42.66767E-06
+5.081726E+03,+14.51710E-06,+5.081726E+03,+43.08607E-06
+5.056763E+03,+13.83552E-06,+5.056763E+03,+42.26415E-06
+5.032069E+03,+15.08647E-06,+5.032069E+03,+43.37628E-06
+5.007078E+03,+14.88878E-06,+5.007078E+03,+43.03809E-06
+4.982087E+03,+13.90599E-06,+4.982087E+03,+41.91481E-06
+4.957198E+03,+14.35799E-06,+4.957198E+03,+42.22687E-06
+4.932189E+03,+14.66739E-06,+4.932189E+03,+42.39567E-06
+4.907152E+03,+14.67848E-06,+4.907152E+03,+42.26602E-06
+4.882208E+03,+14.35988E-06,+4.882208E+03,+41.80718E-06
+4.857365E+03,+15.81609E-06,+4.857365E+03,+43.12373E-06
+4.832328E+03,+16.06838E-06,+4.832328E+03,+43.23526E-06
+4.807365E+03,+13.77676E-06,+4.807365E+03,+40.80330E-06
+4.782224E+03,+15.41484E-06,+4.782224E+03,+42.30004E-06
+4.756865E+03,+14.18665E-06,+4.756865E+03,+40.92928E-06
+4.732209E+03,+14.94906E-06,+4.732209E+03,+41.55308E-06
+4.707485E+03,+15.71460E-06,+4.707485E+03,+42.17962E-06
+4.682188E+03,+16.86649E-06,+4.682188E+03,+43.18929E-06
+4.657022E+03,+17.01157E-06,+4.657022E+03,+43.19290E-06
+4.632096E+03,+16.96014E-06,+4.632096E+03,+43.00133E-06
+4.607143E+03,+17.59658E-06,+4.607143E+03,+43.49749E-06
+4.582328E+03,+16.67356E-06,+4.582328E+03,+42.43496E-06
+4.557319E+03,+17.54628E-06,+4.557319E+03,+43.16708E-06
+4.532070E+03,+17.56477E-06,+4.532070E+03,+43.04363E-06
+4.506689E+03,+15.33876E-06,+4.506689E+03,+40.67492E-06
+4.481772E+03,+16.06636E-06,+4.481772E+03,+41.26245E-06
+4.456958E+03,+18.67658E-06,+4.456958E+03,+43.73316E-06
+4.431837E+03,+17.57830E-06,+4.431837E+03,+42.49366E-06
+4.406939E+03,+19.33988E-06,+4.406939E+03,+44.11526E-06
+4.382105E+03,+17.75805E-06,+4.382105E+03,+42.39383E-06
+4.356995E+03,+17.11836E-06,+4.356995E+03,+41.61297E-06
+4.331763E+03,+18.25535E-06,+4.331763E+03,+42.60810E-06
+4.306893E+03,+19.84092E-06,+4.306893E+03,+44.05385E-06
+4.281745E+03,+18.74491E-06,+4.281745E+03,+42.81646E-06
+4.256828E+03,+17.80159E-06,+4.256828E+03,+41.73306E-06
+4.231973E+03,+18.86356E-06,+4.231973E+03,+42.65531E-06
+4.207217E+03,+18.68099E-06,+4.207217E+03,+42.33355E-06
+4.182152E+03,+18.86002E-06,+4.182152E+03,+42.37167E-06
+4.156875E+03,+19.19388E-06,+4.156875E+03,+42.56342E-06
+4.131930E+03,+17.34531E-06,+4.131930E+03,+40.57462E-06
+4.106958E+03,+20.41067E-06,+4.106958E+03,+43.49959E-06
+4.081643E+03,+18.59135E-06,+4.081643E+03,+41.53794E-06
+4.056596E+03,+19.37919E-06,+4.056596E+03,+42.18498E-06
+4.031379E+03,+17.52702E-06,+4.031379E+03,+40.19104E-06
+4.006429E+03,+19.36497E-06,+4.006429E+03,+41.88872E-06
+3.981578E+03,+19.68760E-06,+3.981578E+03,+42.07165E-06
+3.956917E+03,+21.50864E-06,+3.956917E+03,+43.75404E-06
+3.931809E+03,+18.73596E-06,+3.931809E+03,+40.84021E-06
+3.906485E+03,+20.43790E-06,+3.906485E+03,+42.39978E-06
+3.881476E+03,+20.02890E-06,+3.881476E+03,+41.85018E-06
+3.856596E+03,+19.99040E-06,+3.856596E+03,+41.67180E-06
+3.831791E+03,+19.40305E-06,+3.831791E+03,+40.94500E-06
+3.806800E+03,+22.32190E-06,+3.806800E+03,+43.72336E-06
+3.781513E+03,+21.11974E-06,+3.781513E+03,+42.37904E-06
+3.756800E+03,+21.68545E-06,+3.756800E+03,+42.80582E-06
+3.731708E+03,+22.69951E-06,+3.731708E+03,+43.67881E-06
+3.706504E+03,+21.34277E-06,+3.706504E+03,+42.18037E-06
+3.681744E+03,+23.01017E-06,+3.681744E+03,+43.70858E-06
+3.656596E+03,+21.19324E-06,+3.656596E+03,+41.75027E-06
+3.631846E+03,+21.04106E-06,+3.631846E+03,+41.45895E-06
+3.606717E+03,+21.98931E-06,+3.606717E+03,+42.26592E-06
+3.581420E+03,+20.92772E-06,+3.581420E+03,+41.06212E-06
+3.556559E+03,+23.37895E-06,+3.556559E+03,+43.37358E-06
+3.531504E+03,+20.72259E-06,+3.531504E+03,+40.57636E-06
+3.506411E+03,+24.23994E-06,+3.506411E+03,+43.95264E-06
+3.481485E+03,+21.96926E-06,+3.481485E+03,+41.54183E-06
+3.456643E+03,+22.02599E-06,+3.456643E+03,+41.45890E-06
+3.431513E+03,+23.53579E-06,+3.431513E+03,+42.82743E-06
+3.406568E+03,+22.64630E-06,+3.406568E+03,+41.79770E-06
+3.381541E+03,+21.72151E-06,+3.381541E+03,+40.73221E-06
+3.356560E+03,+23.96826E-06,+3.356560E+03,+42.83852E-06
+3.331559E+03,+24.32543E-06,+3.331559E+03,+43.05513E-06
+3.306439E+03,+25.54965E-06,+3.306439E+03,+44.13813E-06
+3.281309E+03,+23.14684E-06,+3.281309E+03,+41.59404E-06
+3.256458E+03,+23.83346E-06,+3.256458E+03,+42.14095E-06
+3.231300E+03,+23.92689E-06,+3.231300E+03,+42.09294E-06
+3.206454E+03,+23.70321E-06,+3.206454E+03,+41.72959E-06
+3.181689E+03,+22.96743E-06,+3.181689E+03,+40.85457E-06
+3.156791E+03,+24.14400E-06,+3.156791E+03,+41.89117E-06
+3.131550E+03,+24.87412E-06,+3.131550E+03,+42.47939E-06
+3.106457E+03,+23.76967E-06,+3.106457E+03,+41.23387E-06
+3.081411E+03,+24.22267E-06,+3.081411E+03,+41.54606E-06
+3.056142E+03,+24.28369E-06,+3.056142E+03,+41.46503E-06
+3.031411E+03,+24.27146E-06,+3.031411E+03,+41.31376E-06
+3.006511E+03,+24.09013E-06,+3.006511E+03,+40.99244E-06
+2.981383E+03,+25.60765E-06,+2.981383E+03,+42.36870E-06
+2.956388E+03,+26.13081E-06,+2.956388E+03,+42.75134E-06
+2.931365E+03,+25.98236E-06,+2.931365E+03,+42.46220E-06
+2.906337E+03,+29.23406E-06,+2.906337E+03,+45.57321E-06
+2.881284E+03,+24.68309E-06,+2.881284E+03,+40.88139E-06
+2.856365E+03,+24.91611E-06,+2.856365E+03,+40.97431E-06
+2.831235E+03,+25.96496E-06,+2.831235E+03,+41.88189E-06
+2.806143E+03,+25.62006E-06,+2.806143E+03,+41.39593E-06
+2.781004E+03,+25.45081E-06,+2.781004E+03,+41.08534E-06
+2.756030E+03,+27.55092E-06,+2.756030E+03,+43.04505E-06
+2.731318E+03,+27.58671E-06,+2.731318E+03,+42.94192E-06
+2.706198E+03,+26.62839E-06,+2.706198E+03,+41.84237E-06
+2.681294E+03,+26.77028E-06,+2.681294E+03,+41.84425E-06
+2.656272E+03,+27.60878E-06,+2.656272E+03,+42.54208E-06
+2.631309E+03,+27.63777E-06,+2.631309E+03,+42.43074E-06
+2.605929E+03,+25.83484E-06,+2.605929E+03,+40.48512E-06
+2.580800E+03,+26.61490E-06,+2.580800E+03,+41.12391E-06
+2.556067E+03,+27.00895E-06,+2.556067E+03,+41.37891E-06
+2.530994E+03,+29.05137E-06,+2.530994E+03,+43.28038E-06
+2.505939E+03,+28.38126E-06,+2.505939E+03,+42.46941E-06
+2.481235E+03,+29.47576E-06,+2.481235E+03,+43.42502E-06
+2.456281E+03,+27.50691E-06,+2.456281E+03,+41.31588E-06
+2.431263E+03,+28.21572E-06,+2.431263E+03,+41.88405E-06
+2.406281E+03,+28.30965E-06,+2.406281E+03,+41.83753E-06
+2.381272E+03,+27.24163E-06,+2.381272E+03,+40.62891E-06
+2.356337E+03,+29.05112E-06,+2.356337E+03,+42.29822E-06
+2.331178E+03,+29.16272E-06,+2.331178E+03,+42.26838E-06
+2.306078E+03,+29.22864E-06,+2.306078E+03,+42.19319E-06
+2.280911E+03,+28.88180E-06,+2.280911E+03,+41.70486E-06
+2.256207E+03,+29.71682E-06,+2.256207E+03,+42.40100E-06
+2.231318E+03,+30.39122E-06,+2.231318E+03,+42.93547E-06
+2.206374E+03,+28.66204E-06,+2.206374E+03,+41.06606E-06
+2.181272E+03,+29.11416E-06,+2.181272E+03,+41.37706E-06
+2.156124E+03,+29.09058E-06,+2.156124E+03,+41.21210E-06
+2.130939E+03,+30.29590E-06,+2.130939E+03,+42.27583E-06
+2.106087E+03,+29.42381E-06,+2.106087E+03,+41.26403E-06
+2.081096E+03,+30.61337E-06,+2.081096E+03,+42.31309E-06
+2.056050E+03,+30.78925E-06,+2.056050E+03,+42.34817E-06
+2.031190E+03,+31.23817E-06,+2.031190E+03,+42.65733E-06
+2.006281E+03,+30.70579E-06,+2.006281E+03,+41.98491E-06
+1.981106E+03,+31.39506E-06,+1.981106E+03,+42.53264E-06
+1.956245E+03,+30.88847E-06,+1.956245E+03,+41.88629E-06
+1.931143E+03,+30.99236E-06,+1.931143E+03,+41.84906E-06
+1.906031E+03,+30.22151E-06,+1.906031E+03,+40.93704E-06
+1.881143E+03,+31.46234E-06,+1.881143E+03,+42.03794E-06
+1.856198E+03,+31.74291E-06,+1.856198E+03,+42.17828E-06
+1.831106E+03,+30.49725E-06,+1.831106E+03,+40.79155E-06
+1.806096E+03,+32.75646E-06,+1.806096E+03,+42.91016E-06
+1.781226E+03,+31.89169E-06,+1.781226E+03,+41.90557E-06
+1.756300E+03,+32.59319E-06,+1.756300E+03,+42.46693E-06
+1.730985E+03,+31.07557E-06,+1.730985E+03,+40.80700E-06
+1.705920E+03,+31.55228E-06,+1.705920E+03,+41.14280E-06
+1.680976E+03,+33.24552E-06,+1.680976E+03,+42.69580E-06
+1.655994E+03,+33.34361E-06,+1.655994E+03,+42.65345E-06
+1.631170E+03,+32.47304E-06,+1.631170E+03,+41.64332E-06
+1.606096E+03,+33.06296E-06,+1.606096E+03,+42.09228E-06
+1.581096E+03,+33.04518E-06,+1.581096E+03,+41.93395E-06
+1.556004E+03,+32.58310E-06,+1.556004E+03,+41.33080E-06
+1.530883E+03,+33.42972E-06,+1.530883E+03,+42.03620E-06
+1.505897E+03,+33.44698E-06,+1.505897E+03,+41.91299E-06
+1.480791E+03,+31.78011E-06,+1.480791E+03,+40.10497E-06
+1.455791E+03,+33.24754E-06,+1.455791E+03,+41.43185E-06
+1.430754E+03,+32.53103E-06,+1.430754E+03,+40.57459E-06
+1.405698E+03,+31.14429E-06,+1.405698E+03,+39.04698E-06
+1.380717E+03,+34.62205E-06,+1.380717E+03,+42.38430E-06
+1.355652E+03,+34.33611E-06,+1.355652E+03,+41.95745E-06
+1.330728E+03,+33.80798E-06,+1.330728E+03,+41.28920E-06
+1.305706E+03,+34.73028E-06,+1.305706E+03,+42.07083E-06
+1.280633E+03,+35.35899E-06,+1.280633E+03,+42.55858E-06
+1.255735E+03,+36.00766E-06,+1.255735E+03,+43.06728E-06
+1.230893E+03,+35.13217E-06,+1.230893E+03,+42.05213E-06
+1.205957E+03,+34.65383E-06,+1.205957E+03,+41.43360E-06
+1.181133E+03,+36.06213E-06,+1.181133E+03,+42.70235E-06
+1.156235E+03,+34.80777E-06,+1.156235E+03,+41.30801E-06
+1.130920E+03,+35.26531E-06,+1.130920E+03,+41.62324E-06
+1.106143E+03,+37.18045E-06,+1.106143E+03,+43.39908E-06
+1.080957E+03,+35.26001E-06,+1.080957E+03,+41.33705E-06
+1.056207E+03,+36.49294E-06,+1.056207E+03,+42.43083E-06
+1.030915E+03,+35.93869E-06,+1.030915E+03,+41.73439E-06
+1.005698E+03,+35.74983E-06,+1.005698E+03,+41.40377E-06
+980.7629E+00,+36.38956E-06,+980.7629E+00,+41.90331E-06
+955.7166E+00,+36.23309E-06,+955.7166E+00,+41.60604E-06
+930.5499E+00,+35.90579E-06,+930.5499E+00,+41.13725E-06
+905.4296E+00,+34.91557E-06,+905.4296E+00,+40.00581E-06
+880.4666E+00,+34.87497E-06,+880.4666E+00,+39.82487E-06
+855.5592E+00,+37.71465E-06,+855.5592E+00,+42.52452E-06
+830.6981E+00,+36.29147E-06,+830.6981E+00,+40.96157E-06
+805.7629E+00,+36.43936E-06,+805.7629E+00,+40.96928E-06
+780.4296E+00,+36.47428E-06,+780.4296E+00,+40.86178E-06
+755.5129E+00,+38.09566E-06,+755.5129E+00,+42.34308E-06
+730.4944E+00,+39.55515E-06,+730.4944E+00,+43.66192E-06
+705.6425E+00,+37.81059E-06,+705.6425E+00,+41.77765E-06
+680.6703E+00,+37.94852E-06,+680.6703E+00,+41.77519E-06
+655.7444E+00,+38.76993E-06,+655.7444E+00,+42.45646E-06
+630.5314E+00,+38.55156E-06,+630.5314E+00,+42.09635E-06
+605.3092E+00,+36.28113E-06,+605.3092E+00,+39.68412E-06
+580.2444E+00,+38.64297E-06,+580.2444E+00,+41.90504E-06
+555.4481E+00,+38.22401E-06,+555.4481E+00,+41.34668E-06
+530.7560E+00,+38.93100E-06,+530.7560E+00,+41.91486E-06
+505.8647E+00,+37.31977E-06,+505.8647E+00,+40.16369E-06
+480.6425E+00,+39.50207E-06,+480.6425E+00,+42.20420E-06
+455.6795E+00,+39.69674E-06,+455.6795E+00,+42.25853E-06
+430.3277E+00,+38.04220E-06,+430.3277E+00,+40.46146E-06
+405.5149E+00,+38.70025E-06,+405.5149E+00,+40.98001E-06
+380.6711E+00,+39.40026E-06,+380.6711E+00,+41.54036E-06
+355.8277E+00,+37.83720E-06,+355.8277E+00,+39.83763E-06
+330.6512E+00,+35.56064E-06,+330.6512E+00,+37.41953E-06
+305.1888E+00,+23.69969E-06,+305.1888E+00,+25.41544E-06
+280.3787E+00,+16.56596E-06,+280.3787E+00,+18.14222E-06
+255.4666E+00,+12.90909E-06,+255.4666E+00,+14.34530E-06
+230.5684E+00,+12.12097E-06,+230.5684E+00,+13.41720E-06
+205.4943E+00,+11.39084E-06,+205.4943E+00,+12.54611E-06
+180.5684E+00,+9.179541E-06,+180.5684E+00,+10.19468E-06
+155.3555E+00,+6.324605E-06,+155.3555E+00,+7.197998E-06
+130.3409E+00,+6.385540E-06,+130.3409E+00,+7.118304E-06
+105.6425E+00,+5.598012E-06,+105.6425E+00,+6.191924E-06
+80.46655E+00,+4.512218E-06,+80.46655E+00,+4.964593E-06
+55.40173E+00,+4.208367E-06,+55.40173E+00,+4.519831E-06
+30.30914E+00,+1.845519E-06,+30.30914E+00,+2.015914E-06
+5.444704E+00,+1.028843E-06,+5.444704E+00,+1.059452E-06
-19.91309E+00,+1.436392E-06,-19.91309E+00,+1.324443E-06
-44.82050E+00,+157.1936E-09,-44.82050E+00,-94.78287E-09
-69.71864E+00,-1.470235E-06,-69.71864E+00,-1.862187E-06
-94.73717E+00,-2.033809E-06,-94.73717E+00,-2.566412E-06
-119.5364E+00,-2.444918E-06,-119.5364E+00,-3.116940E-06
-144.3390E+00,-5.220333E-06,-144.3390E+00,-6.031793E-06
-169.6631E+00,-5.496698E-06,-169.6631E+00,-6.450528E-06
-194.8761E+00,-6.059011E-06,-194.8761E+00,-7.154585E-06
-219.8853E+00,-6.040225E-06,-219.8853E+00,-7.276399E-06
-244.5930E+00,-7.717860E-06,-244.5930E+00,-9.092939E-06
-269.5890E+00,-7.917542E-06,-269.5890E+00,-9.433145E-06
-294.6909E+00,-9.880720E-06,-294.6909E+00,-11.53744E-06
-320.0242E+00,-9.118698E-06,-320.0242E+00,-10.91784E-06
-344.7346E+00,-11.17299E-06,-344.7346E+00,-13.11106E-06
-369.5520E+00,-11.93329E-06,-369.5520E+00,-14.01087E-06
-394.4594E+00,-11.84554E-06,-394.4594E+00,-14.06315E-06
-419.5612E+00,-14.47782E-06,-419.5612E+00,-16.83655E-06
-444.6353E+00,-14.34581E-06,-444.6353E+00,-16.84551E-06
-469.7372E+00,-15.09561E-06,-469.7372E+00,-17.73642E-06
-494.7464E+00,-15.76761E-06,-494.7464E+00,-18.54902E-06
-519.8668E+00,-17.05160E-06,-519.8668E+00,-19.97424E-06
-544.9131E+00,-17.64354E-06,-544.9131E+00,-20.70699E-06
-569.7062E+00,-17.39820E-06,-569.7062E+00,-20.60103E-06
-594.7186E+00,-17.73545E-06,-594.7186E+00,-21.07890E-06
-619.6909E+00,-20.79753E-06,-619.6909E+00,-24.28138E-06
-644.9851E+00,-23.22618E-06,-644.9851E+00,-26.85223E-06
-669.8760E+00,-23.26063E-06,-669.8760E+00,-27.02661E-06
-694.6724E+00,-24.07811E-06,-694.6724E+00,-27.98349E-06
-719.5427E+00,-24.84366E-06,-719.5427E+00,-28.88886E-06
-744.6909E+00,-26.89182E-06,-744.6909E+00,-31.07840E-06
-769.8391E+00,-26.35813E-06,-769.8391E+00,-30.68609E-06
-794.8946E+00,-28.91224E-06,-794.8946E+00,-33.38106E-06
-819.7927E+00,-30.58405E-06,-819.7927E+00,-35.19284E-06
-844.8205E+00,-30.27036E-06,-844.8205E+00,-35.01986E-06
-869.6909E+00,-32.48683E-06,-869.6909E+00,-37.37615E-06
-895.0242E+00,-33.65937E-06,-895.0242E+00,-38.69111E-06
-919.8668E+00,-33.76868E-06,-919.8668E+00,-38.94008E-06
-945.1354E+00,-35.89816E-06,-945.1354E+00,-41.21162E-06
-969.9138E+00,-35.17395E-06,-969.9138E+00,-40.62671E-06
-994.7372E+00,-35.10600E-06,-994.7372E+00,-40.69831E-06
-1.019895E+03,-35.03123E-06,-1.019895E+03,-40.76498E-06
-1.044793E+03,-36.17729E-06,-1.044793E+03,-42.05102E-06
-1.069737E+03,-34.73306E-06,-1.069737E+03,-40.74701E-06
-1.094904E+03,-33.94679E-06,-1.094904E+03,-40.10224E-06
-1.119941E+03,-34.63749E-06,-1.119941E+03,-40.93369E-06
-1.144950E+03,-37.07548E-06,-1.144950E+03,-43.51228E-06
-1.170098E+03,-35.98326E-06,-1.170098E+03,-42.56143E-06
-1.194950E+03,-36.12485E-06,-1.194950E+03,-42.84274E-06
-1.219923E+03,-35.92813E-06,-1.219923E+03,-42.78642E-06
-1.244858E+03,-35.05443E-06,-1.244858E+03,-42.05290E-06
-1.269969E+03,-34.74037E-06,-1.269969E+03,-41.88001E-06
-1.294980E+03,-34.78845E-06,-1.294980E+03,-42.06870E-06
-1.319802E+03,-33.12920E-06,-1.319802E+03,-40.54900E-06
-1.344932E+03,-33.00893E-06,-1.344932E+03,-40.57000E-06
-1.369772E+03,-34.03440E-06,-1.369772E+03,-41.73513E-06
-1.394731E+03,-34.87378E-06,-1.394731E+03,-42.71482E-06
-1.419744E+03,-34.20229E-06,-1.419744E+03,-42.18396E-06
-1.444737E+03,-32.18121E-06,-1.444737E+03,-40.30339E-06
-1.469876E+03,-32.67053E-06,-1.469876E+03,-40.93403E-06
-1.494885E+03,-34.34643E-06,-1.494885E+03,-42.75053E-06
-1.519737E+03,-32.89898E-06,-1.519737E+03,-41.44280E-06
-1.545006E+03,-34.54961E-06,-1.545006E+03,-43.23548E-06
-1.570246E+03,-32.37538E-06,-1.570246E+03,-41.20315E-06
-1.595117E+03,-33.60755E-06,-1.595117E+03,-42.57514E-06
-1.620140E+03,-33.24901E-06,-1.620140E+03,-42.35728E-06
-1.645043E+03,-31.82101E-06,-1.645043E+03,-41.06928E-06
-1.669978E+03,-31.59898E-06,-1.669978E+03,-40.98744E-06
-1.695006E+03,-32.80682E-06,-1.695006E+03,-42.33598E-06
-1.719941E+03,-31.11560E-06,-1.719941E+03,-40.78494E-06
-1.745006E+03,-32.94992E-06,-1.745006E+03,-42.76017E-06
-1.769848E+03,-32.61014E-06,-1.769848E+03,-42.56005E-06
-1.795034E+03,-31.15002E-06,-1.795034E+03,-41.24152E-06
-1.819932E+03,-30.77026E-06,-1.819932E+03,-41.00175E-06
-1.845015E+03,-31.23840E-06,-1.845015E+03,-41.61089E-06
-1.870046E+03,-31.99860E-06,-1.870046E+03,-42.51182E-06
-1.894858E+03,-32.24589E-06,-1.894858E+03,-42.89860E-06
-1.919858E+03,-32.94009E-06,-1.919858E+03,-43.73334E-06
-1.944728E+03,-31.09013E-06,-1.944728E+03,-42.02320E-06
-1.969941E+03,-29.18911E-06,-1.969941E+03,-40.26392E-06
-1.995043E+03,-30.22459E-06,-1.995043E+03,-41.44053E-06
-2.020080E+03,-30.65301E-06,-2.020080E+03,-42.00970E-06
-2.045422E+03,-31.43974E-06,-2.045422E+03,-42.93891E-06
-2.069961E+03,-29.82342E-06,-2.069961E+03,-41.46054E-06
-2.095024E+03,-30.86230E-06,-2.095024E+03,-42.64033E-06
-2.120034E+03,-29.64703E-06,-2.120034E+03,-41.56565E-06
-2.144988E+03,-30.79044E-06,-2.144988E+03,-42.84935E-06
-2.169978E+03,-29.15154E-06,-2.169978E+03,-41.35094E-06
-2.195256E+03,-30.29759E-06,-2.195256E+03,-42.63911E-06
-2.220322E+03,-29.69491E-06,-2.220322E+03,-42.17735E-06
-2.245330E+03,-29.58147E-06,-2.245330E+03,-42.20449E-06
-2.270200E+03,-29.00213E-06,-2.270200E+03,-41.76498E-06
-2.295098E+03,-29.09568E-06,-2.295098E+03,-41.99850E-06
-2.320194E+03,-28.81949E-06,-2.320194E+03,-41.86340E-06
-2.345488E+03,-27.76378E-06,-2.345488E+03,-40.94989E-06
-2.370442E+03,-28.77662E-06,-2.370442E+03,-42.10301E-06
-2.395302E+03,-28.28613E-06,-2.395302E+03,-41.75228E-06
-2.420413E+03,-26.69564E-06,-2.420413E+03,-40.30297E-06
-2.445089E+03,-28.17884E-06,-2.445089E+03,-41.92489E-06
-2.470293E+03,-28.78616E-06,-2.470293E+03,-42.67390E-06
-2.495302E+03,-28.32357E-06,-2.495302E+03,-42.35192E-06
-2.520141E+03,-28.86243E-06,-2.520141E+03,-43.03041E-06
-2.545117E+03,-27.62497E-06,-2.545117E+03,-41.93337E-06
-2.569867E+03,-28.59552E-06,-2.569867E+03,-43.04307E-06
-2.594997E+03,-26.19334E-06,-2.594997E+03,-40.78216E-06
-2.620145E+03,-26.37565E-06,-2.620145E+03,-41.10585E-06
-2.645182E+03,-26.20708E-06,-2.645182E+03,-41.07804E-06
-2.670098E+03,-26.83786E-06,-2.670098E+03,-41.84889E-06
-2.695210E+03,-27.31923E-06,-2.695210E+03,-42.47143E-06
-2.720285E+03,-27.27847E-06,-2.720285E+03,-42.57165E-06
-2.745256E+03,-25.23035E-06,-2.745256E+03,-40.66391E-06
-2.770043E+03,-26.64117E-06,-2.770043E+03,-42.21409E-06
-2.795219E+03,-25.84990E-06,-2.795219E+03,-41.56435E-06
-2.820349E+03,-27.45363E-06,-2.820349E+03,-43.30935E-06
-2.845293E+03,-26.38763E-06,-2.845293E+03,-42.38359E-06
-2.870200E+03,-25.98796E-06,-2.870200E+03,-42.12395E-06
-2.894997E+03,-25.87638E-06,-2.894997E+03,-42.15177E-06
-2.920135E+03,-26.62566E-06,-2.920135E+03,-43.04238E-06
-2.945135E+03,-24.80584E-06,-2.945135E+03,-41.36311E-06
-2.970006E+03,-26.18792E-06,-2.970006E+03,-42.88500E-06
-2.995358E+03,-25.11851E-06,-2.995358E+03,-41.95813E-06
-3.020244E+03,-26.65590E-06,-3.020244E+03,-43.63542E-06
-3.045145E+03,-25.15281E-06,-3.045145E+03,-42.27232E-06
-3.070145E+03,-26.02477E-06,-3.070145E+03,-43.28483E-06
-3.095330E+03,-25.99666E-06,-3.095330E+03,-43.39830E-06
-3.120311E+03,-23.57922E-06,-3.120311E+03,-41.12130E-06
-3.145459E+03,-25.63607E-06,-3.145459E+03,-43.31954E-06
-3.170432E+03,-23.90828E-06,-3.170432E+03,-41.73214E-06
-3.195534E+03,-24.31186E-06,-3.195534E+03,-42.27684E-06
-3.220386E+03,-23.78372E-06,-3.220386E+03,-41.88841E-06
-3.245131E+03,-23.86310E-06,-3.245131E+03,-42.10691E-06
-3.270395E+03,-23.44822E-06,-3.270395E+03,-41.83406E-06
-3.295330E+03,-25.15167E-06,-3.295330E+03,-43.67770E-06
-3.320404E+03,-23.99742E-06,-3.320404E+03,-42.66441E-06
-3.345497E+03,-23.80969E-06,-3.345497E+03,-42.61775E-06
-3.370404E+03,-22.65064E-06,-3.370404E+03,-41.59873E-06
-3.395254E+03,-21.34442E-06,-3.395254E+03,-40.43221E-06
-3.420200E+03,-22.29914E-06,-3.420200E+03,-41.52717E-06
-3.445219E+03,-22.62240E-06,-3.445219E+03,-41.99109E-06
-3.470367E+03,-23.25696E-06,-3.470367E+03,-42.76703E-06
-3.495608E+03,-21.94826E-06,-3.495608E+03,-41.60023E-06
-3.520524E+03,-22.30367E-06,-3.520524E+03,-42.09572E-06
-3.545506E+03,-20.85679E-06,-3.545506E+03,-40.78928E-06
-3.570461E+03,-23.69058E-06,-3.570461E+03,-43.76336E-06
-3.595459E+03,-20.97871E-06,-3.595459E+03,-41.19203E-06
-3.620404E+03,-23.85886E-06,-3.620404E+03,-44.21242E-06
-3.645691E+03,-22.89360E-06,-3.645691E+03,-43.38932E-06
-3.670691E+03,-22.36621E-06,-3.670691E+03,-43.00248E-06
-3.695537E+03,-21.58181E-06,-3.695537E+03,-42.35776E-06
-3.720330E+03,-20.15138E-06,-3.720330E+03,-41.06671E-06
-3.745098E+03,-21.33463E-06,-3.745098E+03,-42.38921E-06
-3.770200E+03,-20.98930E-06,-3.770200E+03,-42.18500E-06
-3.795247E+03,-21.54089E-06,-3.795247E+03,-42.87740E-06
-3.820247E+03,-20.25363E-06,-3.820247E+03,-41.73068E-06
-3.845293E+03,-22.45698E-06,-3.845293E+03,-44.07485E-06
-3.870235E+03,-21.49138E-06,-3.870235E+03,-43.24946E-06
-3.895080E+03,-20.04181E-06,-3.895080E+03,-41.93958E-06
-3.920099E+03,-18.50680E-06,-3.920099E+03,-40.54522E-06
-3.945117E+03,-20.10523E-06,-3.945117E+03,-42.28430E-06
-3.970108E+03,-18.94896E-06,-3.970108E+03,-41.26852E-06
-3.995302E+03,-19.53195E-06,-3.995302E+03,-41.99315E-06
-4.020265E+03,-18.47213E-06,-4.020265E+03,-41.07367E-06
-4.045084E+03,-20.33629E-06,-4.045084E+03,-43.07736E-06
-4.070237E+03,-19.51695E-06,-4.070237E+03,-42.39942E-06
-4.095321E+03,-18.93207E-06,-4.095321E+03,-41.95556E-06
-4.120478E+03,-19.14892E-06,-4.120478E+03,-42.31385E-06
-4.145756E+03,-20.16525E-06,-4.145756E+03,-43.47228E-06
-4.170561E+03,-18.95110E-06,-4.170561E+03,-42.39759E-06
-4.195570E+03,-19.00834E-06,-4.195570E+03,-42.59543E-06
-4.220524E+03,-19.89922E-06,-4.220524E+03,-43.62660E-06
-4.245562E+03,-18.20320E-06,-4.245562E+03,-42.07134E-06
-4.270515E+03,-17.21953E-06,-4.270515E+03,-41.22795E-06
-4.295636E+03,-17.95710E-06,-4.295636E+03,-42.10674E-06
-4.320737E+03,-17.92633E-06,-4.320737E+03,-42.21710E-06
-4.345617E+03,-18.17761E-06,-4.345617E+03,-42.60824E-06
-4.370470E+03,-17.61066E-06,-4.370470E+03,-42.18102E-06
-4.395506E+03,-17.22886E-06,-4.395506E+03,-41.93997E-06
-4.420589E+03,-17.42277E-06,-4.420589E+03,-42.27490E-06
-4.445452E+03,-17.33859E-06,-4.445452E+03,-42.33049E-06
-4.470283E+03,-17.61996E-06,-4.470283E+03,-42.75146E-06
-4.495348E+03,-16.89047E-06,-4.495348E+03,-42.16288E-06
-4.520432E+03,-16.83209E-06,-4.520432E+03,-42.24552E-06
-4.545496E+03,-14.61007E-06,-4.545496E+03,-40.16441E-06
-4.570617E+03,-16.73564E-06,-4.570617E+03,-42.43121E-06
-4.595293E+03,-15.83115E-06,-4.595293E+03,-41.66544E-06
-4.620422E+03,-16.91165E-06,-4.620422E+03,-42.88722E-06
-4.645441E+03,-17.72952E-06,-4.645441E+03,-43.84574E-06
-4.670487E+03,-16.17573E-06,-4.670487E+03,-42.43275E-06
-4.695765E+03,-15.26253E-06,-4.695765E+03,-41.66167E-06
-4.720672E+03,-15.98446E-06,-4.720672E+03,-42.52362E-06
-4.745719E+03,-16.19829E-06,-4.745719E+03,-42.87826E-06
-4.770645E+03,-14.69732E-06,-4.770645E+03,-41.51742E-06
-4.795603E+03,-15.13194E-06,-4.795603E+03,-42.09235E-06
-4.820247E+03,-14.82617E-06,-4.820247E+03,-41.92513E-06
-4.845524E+03,-14.77259E-06,-4.845524E+03,-42.01366E-06
-4.870598E+03,-15.06535E-06,-4.870598E+03,-42.44738E-06
-4.895682E+03,-15.20151E-06,-4.895682E+03,-42.72456E-06
-4.920524E+03,-14.02809E-06,-4.920524E+03,-41.69080E-06
-4.945571E+03,-12.77373E-06,-4.945571E+03,-40.57725E-06
-4.970570E+03,-14.20687E-06,-4.970570E+03,-42.15094E-06
-4.995499E+03,-15.56227E-06,-4.995499E+03,-43.64649E-06
-5.020070E+03,-13.26418E-06,-5.020070E+03,-41.48653E-06
-5.045209E+03,-15.95244E-06,-5.045209E+03,-44.31612E-06
-5.070348E+03,-13.45279E-06,-5.070348E+03,-41.95780E-06
-5.095274E+03,-14.21482E-06,-5.095274E+03,-42.85996E-06
-5.120099E+03,-12.16553E-06,-5.120099E+03,-40.95022E-06
-5.145209E+03,-13.22547E-06,-5.145209E+03,-42.15134E-06
-5.170112E+03,-12.74236E-06,-5.170112E+03,-41.80823E-06
-5.194997E+03,-14.83424E-06,-5.194997E+03,-44.04001E-06
-5.220163E+03,-12.57301E-06,-5.220163E+03,-41.92027E-06
-5.245006E+03,-13.83570E-06,-5.245006E+03,-43.32261E-06
-5.270052E+03,-13.17189E-06,-5.270052E+03,-42.79961E-06
-5.295145E+03,-12.23953E-06,-5.295145E+03,-42.00833E-06
-5.320422E+03,-12.44530E-06,-5.320422E+03,-42.35619E-06
-5.345312E+03,-12.47102E-06,-5.345312E+03,-42.52184E-06
-5.370395E+03,-11.44940E-06,-5.370395E+03,-41.64123E-06
-5.395459E+03,-12.94016E-06,-5.395459E+03,-43.27291E-06
-5.420150E+03,-11.25778E-06,-5.420150E+03,-41.72933E-06
-5.444951E+03,-10.42198E-06,-5.444951E+03,-41.03296E-06
-5.470182E+03,-11.03762E-06,-5.470182E+03,-41.79045E-06
-5.495172E+03,-11.24767E-06,-5.495172E+03,-42.14100E-06
-5.520172E+03,-11.15576E-06,-5.520172E+03,-42.18963E-06
-5.545228E+03,-11.02426E-06,-5.545228E+03,-42.19899E-06
-5.570145E+03,-11.54371E-06,-5.570145E+03,-42.85852E-06
-5.595163E+03,-10.35314E-06,-5.595163E+03,-41.80860E-06
-5.620071E+03,-11.15576E-06,-5.620071E+03,-42.75125E-06
-5.645311E+03,-9.232171E-06,-5.645311E+03,-40.96956E-06
-5.670319E+03,-10.89270E-06,-5.670319E+03,-42.77068E-06
-5.694951E+03,-10.33940E-06,-5.694951E+03,-42.35586E-06
-5.720006E+03,-8.667083E-06,-5.720006E+03,-40.82440E-06
-5.745052E+03,-8.813839E-06,-5.745052E+03,-41.11197E-06
-5.769858E+03,-9.803938E-06,-5.769858E+03,-42.24152E-06
-5.795200E+03,-8.615895E-06,-5.795200E+03,-41.19595E-06
-5.820284E+03,-8.788624E-06,-5.820284E+03,-41.50969E-06
-5.845008E+03,-9.393722E-06,-5.845008E+03,-42.25379E-06
-5.869969E+03,-9.044186E-06,-5.869969E+03,-42.04458E-06
-5.894774E+03,-9.249065E-06,-5.894774E+03,-42.38891E-06
-5.919959E+03,-7.719473E-06,-5.919959E+03,-41.00091E-06
-5.944987E+03,-9.011784E-06,-5.944987E+03,-42.43393E-06
-5.970302E+03,-8.534827E-06,-5.970302E+03,-42.09928E-06
-5.995182E+03,-8.078420E-06,-5.995182E+03,-41.78275E-06
-6.020357E+03,-6.980144E-06,-6.020357E+03,-40.82601E-06
-6.045182E+03,-8.727475E-06,-6.045182E+03,-42.71290E-06
-6.070006E+03,-7.916408E-06,-6.070006E+03,-42.04139E-06
-6.095172E+03,-8.189621E-06,-6.095172E+03,-42.45609E-06
-6.120037E+03,-7.729036E-06,-6.120037E+03,-42.13529E-06
-6.144848E+03,-6.526260E-06,-6.144848E+03,-41.07200E-06
-6.170006E+03,-8.769964E-06,-6.170006E+03,-43.45714E-06
-6.194654E+03,-7.442351E-06,-6.194654E+03,-42.26809E-06
-6.219904E+03,-7.833953E-06,-6.219904E+03,-42.80165E-06
-6.244747E+03,-6.464103E-06,-6.244747E+03,-41.57146E-06
-6.269830E+03,-6.188494E-06,-6.269830E+03,-41.43687E-06
-6.294858E+03,-4.786494E-06,-6.294858E+03,-40.17558E-06
-6.319700E+03,-6.776906E-06,-6.319700E+03,-42.30565E-06
-6.344700E+03,-6.159496E-06,-6.344700E+03,-41.82879E-06
-6.369414E+03,-7.582465E-06,-6.369414E+03,-43.39069E-06
-6.394459E+03,-5.665266E-06,-6.394459E+03,-41.61430E-06
-6.419546E+03,-4.727873E-06,-6.419546E+03,-40.81794E-06
-6.444395E+03,-6.060398E-06,-6.444395E+03,-42.29016E-06
-6.469469E+03,-7.164851E-06,-6.469469E+03,-43.53558E-06
-6.494589E+03,-5.120226E-06,-6.494589E+03,-41.63218E-06
-6.519546E+03,-6.730661E-06,-6.519546E+03,-43.38292E-06
-6.544441E+03,-4.995912E-06,-6.544441E+03,-41.78812E-06
-6.569518E+03,-5.305933E-06,-6.569518E+03,-42.23913E-06
-6.594469E+03,-5.644841E-06,-6.594469E+03,-42.71830E-06
-6.619728E+03,-5.306067E-06,-6.619728E+03,-42.52154E-06
-6.644405E+03,-5.622325E-06,-6.644405E+03,-42.97652E-06
-6.669487E+03,-4.860251E-06,-6.669487E+03,-42.35546E-06
-6.694395E+03,-4.259386E-06,-6.694395E+03,-41.89463E-06
-6.719441E+03,-3.691245E-06,-6.719441E+03,-41.46729E-06
-6.744589E+03,-4.516559E-06,-6.744589E+03,-42.43399E-06
-6.769524E+03,-3.980470E-06,-6.769524E+03,-42.03808E-06
-6.794737E+03,-4.863403E-06,-6.794737E+03,-43.06276E-06
-6.819506E+03,-3.497335E-06,-6.819506E+03,-41.83593E-06
-6.844497E+03,-5.353976E-06,-6.844497E+03,-43.83307E-06
-6.869405E+03,-3.737333E-06,-6.869405E+03,-42.35646E-06
-6.894404E+03,-3.328894E-06,-6.894404E+03,-42.08856E-06
-6.919497E+03,-3.285901E-06,-6.919497E+03,-42.18664E-06
-6.944460E+03,-2.804405E-06,-6.944460E+03,-41.84548E-06
-6.969228E+03,-3.547137E-06,-6.969228E+03,-42.72746E-06
-6.994200E+03,-2.524635E-06,-6.994200E+03,-41.84535E-06
-7.019265E+03,-2.098614E-06,-7.019265E+03,-41.56024E-06
-7.044534E+03,-2.726488E-06,-7.044534E+03,-42.33017E-06
-7.069460E+03,-2.020571E-06,-7.069460E+03,-41.76439E-06
-7.094293E+03,-864.5515E-09,-7.094293E+03,-40.74798E-06
-7.119219E+03,-2.025866E-06,-7.119219E+03,-42.04942E-06
-7.143923E+03,-3.329777E-06,-7.143923E+03,-43.49222E-06
-7.169015E+03,-1.225516E-06,-7.169015E+03,-41.52902E-06
-7.194432E+03,-642.9044E-09,-7.194432E+03,-41.08930E-06
-7.219145E+03,-1.917564E-06,-7.219145E+03,-42.50290E-06
-7.244506E+03,-723.4690E-09,-7.244506E+03,-41.45138E-06
-7.269534E+03,-1.091998E-06,-7.269534E+03,-41.96061E-06
-7.294319E+03,-1.269527E-06,-7.294319E+03,-42.27748E-06
-7.319173E+03,-663.9596E-09,-7.319173E+03,-41.81164E-06
-7.344423E+03,-1.487256E-06,-7.344423E+03,-42.77689E-06
-7.369349E+03,-504.7218E-09,-7.369349E+03,-41.93448E-06
-7.394302E+03,-489.8444E-09,-7.394302E+03,-42.05990E-06
-7.419385E+03,-1.259557E-06,-7.419385E+03,-42.97062E-06
-7.444225E+03,-668.8577E-09,-7.444225E+03,-42.51957E-06
-7.469071E+03,+2.059727E-06,-7.469071E+03,-39.93066E-06
-7.494006E+03,-1.190844E-06,-7.494006E+03,-43.32142E-06
-7.519006E+03,+86.46325E-09,-7.519006E+03,-42.18466E-06
-7.544080E+03,+171.1884E-09,-7.544080E+03,-42.24090E-06
-7.569274E+03,-903.8882E-09,-7.569274E+03,-43.45761E-06
-7.594136E+03,+778.8897E-09,-7.594136E+03,-41.91461E-06
-7.618932E+03,+940.9014E-09,-7.618932E+03,-41.89199E-06
-7.643913E+03,+1.051221E-06,-7.643913E+03,-41.92212E-06
-7.669006E+03,+68.05571E-09,-7.669006E+03,-43.04635E-06
-7.694117E+03,+980.3642E-09,-7.694117E+03,-42.27521E-06
-7.718839E+03,+2.148865E-06,-7.718839E+03,-41.24570E-06
-7.743793E+03,+909.1295E-09,-7.743793E+03,-42.62572E-06
-7.768663E+03,+1.020457E-06,-7.768663E+03,-42.65421E-06
-7.793774E+03,+1.947769E-06,-7.793774E+03,-41.86808E-06
-7.818941E+03,+1.990762E-06,-7.818941E+03,-41.96656E-06
-7.843654E+03,+2.012574E-06,-7.843654E+03,-42.08369E-06
-7.868691E+03,+1.750077E-06,-7.868691E+03,-42.48694E-06
-7.893450E+03,+2.892984E-06,-7.893450E+03,-41.48322E-06
-7.918645E+03,+1.537256E-06,-7.918645E+03,-42.98060E-06
-7.943312E+03,+2.328024E-06,-7.943312E+03,-42.32850E-06
-7.968571E+03,+3.094081E-06,-7.968571E+03,-41.70445E-06
-7.993376E+03,+3.284712E-06,-7.993376E+03,-41.65327E-06
-8.018571E+03,+2.573878E-06,-8.018571E+03,-42.50575E-06
-8.043505E+03,+2.794390E-06,-8.043505E+03,-42.42542E-06
-8.068349E+03,+2.924378E-06,-8.068349E+03,-42.43509E-06
-8.093658E+03,+3.764404E-06,-8.093658E+03,-41.73736E-06
-8.118747E+03,+2.671085E-06,-8.118747E+03,-42.97172E-06
-8.143645E+03,+4.564415E-06,-8.143645E+03,-41.21837E-06
-8.168469E+03,+4.513479E-06,-8.168469E+03,-41.40886E-06
-8.193544E+03,+3.399318E-06,-8.193544E+03,-42.66399E-06
-8.218433E+03,+2.861212E-06,-8.218433E+03,-43.34202E-06
-8.243516E+03,+4.403033E-06,-8.243516E+03,-41.94121E-06
-8.268349E+03,+4.459769E-06,-8.268349E+03,-42.02408E-06
-8.293358E+03,+4.088214E-06,-8.293358E+03,-42.53624E-06
-8.318396E+03,+3.565742E-06,-8.318396E+03,-43.19947E-06
-8.343433E+03,+4.454096E-06,-8.343433E+03,-42.45187E-06
-8.368367E+03,+4.414255E-06,-8.368367E+03,-42.63189E-06
-8.393294E+03,+5.582378E-06,-8.393294E+03,-41.60391E-06
-8.418027E+03,+5.938891E-06,-8.418027E+03,-41.38644E-06
-8.443173E+03,+6.421056E-06,-8.443173E+03,-41.04564E-06
-8.468108E+03,+4.617873E-06,-8.468108E+03,-42.98901E-06
-8.493034E+03,+6.080769E-06,-8.493034E+03,-41.66624E-06
-8.517970E+03,+4.508688E-06,-8.517970E+03,-43.37851E-06
-8.542812E+03,+5.477858E-06,-8.542812E+03,-42.54900E-06
-8.567691E+03,+5.792173E-06,-8.567691E+03,-42.37456E-06
-8.592737E+03,+6.845564E-06,-8.592737E+03,-41.46197E-06
-8.617795E+03,+6.034159E-06,-8.617795E+03,-42.41425E-06
-8.643080E+03,+6.508429E-06,-8.643080E+03,-42.08213E-06
-8.667710E+03,+6.901922E-06,-8.667710E+03,-41.82710E-06
-8.692471E+03,+6.604561E-06,-8.692471E+03,-42.26367E-06
-8.717683E+03,+6.194240E-06,-8.717683E+03,-42.81573E-06
-8.742519E+03,+6.862119E-06,-8.742519E+03,-42.28747E-06
-8.767368E+03,+7.530048E-06,-8.767368E+03,-41.75925E-06
-8.792404E+03,+6.603366E-06,-8.792404E+03,-42.82668E-06
-8.817663E+03,+6.987277E-06,-8.817663E+03,-42.58477E-06
-8.842396E+03,+8.110264E-06,-8.842396E+03,-41.60083E-06
-8.867065E+03,+8.746598E-06,-8.867065E+03,-41.10318E-06
-8.892095E+03,+7.885514E-06,-8.892095E+03,-42.10498E-06
-8.917441E+03,+8.425840E-06,-8.917441E+03,-41.70715E-06
-8.942451E+03,+9.096455E-06,-8.942451E+03,-41.17714E-06
-8.967173E+03,+7.965021E-06,-8.967173E+03,-42.44755E-06
-8.991887E+03,+9.308472E-06,-8.991887E+03,-41.24304E-06
-9.016831E+03,+7.394134E-06,-9.016831E+03,-43.29762E-06
-9.041631E+03,+9.414065E-06,-9.041631E+03,-41.41710E-06
-9.066654E+03,+9.481374E-06,-9.066654E+03,-41.49048E-06
-9.091497E+03,+9.729498E-06,-9.091497E+03,-41.38202E-06
-9.116488E+03,+10.26382E-06,-9.116488E+03,-40.98819E-06
-9.141237E+03,+9.730633E-06,-9.141237E+03,-41.66051E-06
-9.166631E+03,+11.31106E-06,-9.166631E+03,-40.22284E-06
-9.191321E+03,+9.349622E-06,-9.191321E+03,-42.32310E-06
-9.216442E+03,+9.321190E-06,-9.216442E+03,-42.49275E-06
-9.241220E+03,+11.10363E-06,-9.241220E+03,-40.84961E-06
-9.266043E+03,+10.24667E-06,-9.266043E+03,-41.84612E-06
-9.290932E+03,+10.24869E-06,-9.290932E+03,-41.98403E-06
-9.316053E+03,+9.992121E-06,-9.316053E+03,-42.38182E-06
-9.340914E+03,+10.55191E-06,-9.340914E+03,-41.96180E-06
-9.365858E+03,+10.71984E-06,-9.365858E+03,-41.93410E-06
-9.390784E+03,+10.03701E-06,-9.390784E+03,-42.75707E-06
-9.415960E+03,+12.70131E-06,-9.415960E+03,-40.23430E-06
-9.440756E+03,+10.89283E-06,-9.440756E+03,-42.18218E-06
-9.465612E+03,+9.987630E-06,-9.465612E+03,-43.22712E-06
-9.490201E+03,+11.74702E-06,-9.490201E+03,-41.60597E-06
-9.515090E+03,+12.05843E-06,-9.515090E+03,-41.43448E-06
-9.540303E+03,+11.40711E-06,-9.540303E+03,-42.22755E-06
-9.565220E+03,+12.02502E-06,-9.565220E+03,-41.74972E-06
-9.590368E+03,+12.06057E-06,-9.590368E+03,-41.85554E-06
-9.615433E+03,+12.78603E-06,-9.615433E+03,-41.27100E-06
-9.640340E+03,+12.42154E-06,-9.640340E+03,-41.77551E-06
-9.665197E+03,+12.05182E-06,-9.665197E+03,-42.28498E-06
-9.690210E+03,+12.52921E-06,-9.690210E+03,-41.94821E-06
-9.715368E+03,+13.32918E-06,-9.715368E+03,-41.28967E-06
-9.740340E+03,+14.49894E-06,-9.740340E+03,-40.26030E-06
-9.765275E+03,+13.95731E-06,-9.765275E+03,-40.94212E-06
-9.790664E+03,+13.58500E-06,-9.790664E+03,-41.45717E-06
-9.815320E+03,+13.08449E-06,-9.815320E+03,-42.09629E-06
-9.840285E+03,+13.22290E-06,-9.840285E+03,-42.09823E-06
-9.865377E+03,+13.28657E-06,-9.865377E+03,-42.17562E-06
-9.890488E+03,+13.87019E-06,-9.890488E+03,-41.73318E-06
-9.915701E+03,+12.71480E-06,-9.915701E+03,-43.03031E-06
-9.940405E+03,+14.94881E-06,-9.940405E+03,-40.93519E-06
-9.965303E+03,+15.52863E-06,-9.965303E+03,-40.49533E-06
-9.991493E+03,+14.41180E-06,-9.991493E+03,-41.75941E-06

-9.993375E+03,+15.16306E-06,-9.993375E+03,-41.01872E-06
-9.969528E+03,+14.56096E-06,-9.969528E+03,-41.48676E-06
-9.944955E+03,+14.85260E-06,-9.944955E+03,-41.05697E-06
-9.920363E+03,+14.40489E-06,-9.920363E+03,-41.36643E-06
-9.895677E+03,+13.42185E-06,-9.895677E+03,-42.21068E-06
-9.871132E+03,+13.45299E-06,-9.871132E+03,-42.04155E-06
-9.846122E+03,+12.71682E-06,-9.846122E+03,-42.63713E-06
-9.821326E+03,+12.48294E-06,-9.821326E+03,-42.73160E-06
-9.796612E+03,+12.84050E-06,-9.796612E+03,-42.23510E-06
-9.771604E+03,+11.42652E-06,-9.771604E+03,-43.50848E-06
-9.746955E+03,+11.77891E-06,-9.746955E+03,-43.01752E-06
-9.721818E+03,+11.44290E-06,-9.721818E+03,-43.21222E-06
-9.696891E+03,+13.53936E-06,-9.696891E+03,-40.97562E-06
-9.671854E+03,+12.35459E-06,-9.671854E+03,-42.01963E-06
-9.646955E+03,+11.61955E-06,-9.646955E+03,-42.61469E-06
-9.622085E+03,+13.37016E-06,-9.622085E+03,-40.72427E-06
-9.597001E+03,+12.26484E-06,-9.597001E+03,-41.68857E-06
-9.572225E+03,+12.12135E-06,-9.572225E+03,-41.69277E-06
-9.547048E+03,+12.96103E-06,-9.547048E+03,-40.71154E-06
-9.521965E+03,+11.11902E-06,-9.521965E+03,-42.41255E-06
-9.497178E+03,+11.12444E-06,-9.497178E+03,-42.26777E-06
-9.472001E+03,+11.86860E-06,-9.472001E+03,-41.38207E-06
-9.447168E+03,+11.47204E-06,-9.447168E+03,-41.63902E-06
-9.422224E+03,+9.851795E-06,-9.422224E+03,-43.11903E-06
-9.397289E+03,+10.71027E-06,-9.397289E+03,-42.12038E-06
-9.372541E+03,+11.56227E-06,-9.372541E+03,-41.12925E-06
-9.347527E+03,+10.12828E-06,-9.347527E+03,-42.42261E-06
-9.322529E+03,+10.37465E-06,-9.322529E+03,-42.03571E-06
-9.297548E+03,+11.10716E-06,-9.297548E+03,-41.16275E-06
-9.272814E+03,+10.23067E-06,-9.272814E+03,-41.90019E-06
-9.247992E+03,+10.41978E-06,-9.247992E+03,-41.57153E-06
-9.223011E+03,+11.44682E-06,-9.223011E+03,-40.40405E-06
-9.197928E+03,+10.03121E-06,-9.197928E+03,-41.67865E-06
-9.172975E+03,+10.40301E-06,-9.172975E+03,-41.16656E-06
-9.148178E+03,+9.234133E-06,-9.148178E+03,-42.19603E-06
-9.123261E+03,+8.549272E-06,-9.123261E+03,-42.74082E-06
-9.098122E+03,+8.406801E-06,-9.098122E+03,-42.74196E-06
-9.073196E+03,+10.92435E-06,-9.073196E+03,-40.08428E-06
-9.048104E+03,+8.820215E-06,-9.048104E+03,-42.04734E-06
-9.023131E+03,+8.729691E-06,-9.023131E+03,-41.99747E-06
-8.998474E+03,+8.505775E-06,-8.998474E+03,-42.08277E-06
-8.973409E+03,+9.693062E-06,-8.973409E+03,-40.75457E-06
-8.948501E+03,+9.661164E-06,-8.948501E+03,-40.64644E-06
-8.923761E+03,+7.592078E-06,-8.923761E+03,-42.57644E-06
-8.898511E+03,+7.983554E-06,-8.898511E+03,-42.04301E-06
-8.873631E+03,+9.345839E-06,-8.873631E+03,-40.54085E-06
-8.848409E+03,+8.591634E-06,-8.848409E+03,-41.15326E-06
-8.823786E+03,+7.858182E-06,-8.823786E+03,-41.74829E-06
-8.799001E+03,+7.607587E-06,-8.799001E+03,-41.85954E-06
-8.773965E+03,+6.918943E-06,-8.773965E+03,-42.40744E-06
-8.748780E+03,+6.854516E-06,-8.748780E+03,-42.33028E-06
-8.723992E+03,+8.076601E-06,-8.723992E+03,-40.96884E-06
-8.699048E+03,+6.025798E-06,-8.699048E+03,-42.87940E-06
-8.674066E+03,+7.125208E-06,-8.674066E+03,-41.63955E-06
-8.649177E+03,+6.836991E-06,-8.649177E+03,-41.78784E-06
-8.624455E+03,+7.229602E-06,-8.624455E+03,-41.25625E-06
-8.599233E+03,+6.642325E-06,-8.599233E+03,-41.70173E-06
-8.574446E+03,+7.587414E-06,-8.574446E+03,-40.61729E-06
-8.549188E+03,+5.754350E-06,-8.549188E+03,-42.30835E-06
-8.524391E+03,+6.006634E-06,-8.524391E+03,-41.91666E-06
-8.499585E+03,+7.592836E-06,-8.499585E+03,-40.19101E-06
-8.474613E+03,+5.929600E-06,-8.474613E+03,-41.71385E-06
-8.449706E+03,+6.446524E-06,-8.449706E+03,-41.05690E-06
-8.424362E+03,+5.783474E-06,-8.424362E+03,-41.57747E-06
-8.399531E+03,+6.577713E-06,-8.399531E+03,-40.64364E-06
-8.374558E+03,+5.639618E-06,-8.374558E+03,-41.44133E-06
-8.349613E+03,+4.833594E-06,-8.349613E+03,-42.10712E-06
-8.324604E+03,+5.964650E-06,-8.324604E+03,-40.83546E-06
-8.299659E+03,+5.617050E-06,-8.299659E+03,-41.04283E-06
-8.274521E+03,+6.696035E-06,-8.274521E+03,-39.82252E-06
-8.249428E+03,+4.682425E-06,-8.249428E+03,-41.69506E-06
-8.224622E+03,+4.521548E-06,-8.224622E+03,-41.71648E-06
-8.199606E+03,+3.148528E-06,-8.199606E+03,-42.94886E-06
-8.174817E+03,+2.974557E-06,-8.174817E+03,-42.98347E-06
-8.149815E+03,+4.288207E-06,-8.149815E+03,-41.52926E-06
-8.124882E+03,+3.734184E-06,-8.124882E+03,-41.94311E-06
-8.099706E+03,+4.522809E-06,-8.099706E+03,-41.01295E-06
-8.074749E+03,+2.610546E-06,-8.074749E+03,-42.78491E-06
-8.049965E+03,+3.243736E-06,-8.049965E+03,-42.01238E-06
-8.025021E+03,+2.092130E-06,-8.025021E+03,-43.02376E-06
-8.000126E+03,+1.843266E-06,-8.000126E+03,-43.13267E-06
-7.975085E+03,+3.162920E-06,-7.975085E+03,-41.67224E-06
-7.949919E+03,+1.846275E-06,-7.949919E+03,-42.84740E-06
-7.924650E+03,+2.686719E-06,-7.924650E+03,-41.86490E-06
-7.900136E+03,+2.032742E-06,-7.900136E+03,-42.38106E-06
-7.875410E+03,+2.229682E-06,-7.875410E+03,-42.04511E-06
-7.850104E+03,+2.052919E-06,-7.850104E+03,-42.07960E-06
-7.825493E+03,+2.170677E-06,-7.825493E+03,-41.82348E-06
-7.800032E+03,+2.716909E-06,-7.800032E+03,-41.13411E-06
-7.775141E+03,+561.0250E-09,-7.775141E+03,-43.15006E-06
-7.749956E+03,+1.432862E-06,-7.749956E+03,-42.13663E-06
-7.725150E+03,+613.2218E-09,-7.725150E+03,-42.81682E-06
-7.700160E+03,+1.888134E-06,-7.700160E+03,-41.40142E-06
-7.674956E+03,+1.545199E-06,-7.674956E+03,-41.60266E-06
-7.650041E+03,+269.9131E-09,-7.650041E+03,-42.73788E-06
-7.625159E+03,-229.7432E-09,-7.625159E+03,-43.09765E-06
-7.600345E+03,+292.0983E-09,-7.600345E+03,-42.43630E-06
-7.575317E+03,+52.42190E-09,-7.575317E+03,-42.53527E-06
-7.550289E+03,+539.0873E-09,-7.550289E+03,-41.90790E-06
-7.525164E+03,+402.0964E-09,-7.525164E+03,-41.90364E-06
-7.500502E+03,+451.3362E-09,-7.500502E+03,-41.71576E-06
-7.475373E+03,-593.7335E-09,-7.475373E+03,-42.61955E-06
-7.450465E+03,+78.77243E-09,-7.450465E+03,-41.80702E-06
-7.425512E+03,-396.2937E-09,-7.425512E+03,-42.14180E-06
-7.400513E+03,+436.9085E-09,-7.400513E+03,-41.16806E-06
-7.375530E+03,-339.8102E-09,-7.375530E+03,-41.80432E-06
-7.350697E+03,-135.6881E-09,-7.350697E+03,-41.46059E-06
-7.325447E+03,-872.4944E-09,-7.325447E+03,-42.05545E-06
-7.300558E+03,-1.252245E-06,-7.300558E+03,-42.29527E-06
-7.275438E+03,-643.4087E-09,-7.275438E+03,-41.54521E-06
-7.250650E+03,-1.830570E-06,-7.250650E+03,-42.59302E-06
-7.225660E+03,-1.769673E-06,-7.225660E+03,-42.39163E-06
-7.200655E+03,-762.7605E-09,-7.200655E+03,-41.24414E-06
-7.175383E+03,-2.415402E-06,-7.175383E+03,-42.75471E-06
-7.150438E+03,-1.303055E-06,-7.150438E+03,-41.50212E-06
-7.125673E+03,-1.055131E-06,-7.125673E+03,-41.11497E-06
-7.100678E+03,-3.257155E-06,-7.100678E+03,-43.17648E-06
-7.075706E+03,-1.249597E-06,-7.075706E+03,-41.02853E-06
-7.050623E+03,-2.309292E-06,-7.050623E+03,-41.94721E-06
-7.025493E+03,-3.516373E-06,-7.025493E+03,-43.01301E-06
-7.000567E+03,-2.753216E-06,-7.000567E+03,-42.10972E-06
-6.975400E+03,-2.177287E-06,-6.975400E+03,-41.39231E-06
-6.950697E+03,-3.792361E-06,-6.950697E+03,-42.86850E-06
-6.925899E+03,-3.665525E-06,-6.925899E+03,-42.60226E-06
-6.901113E+03,-3.813290E-06,-6.901113E+03,-42.61068E-06
-6.875789E+03,-4.874245E-06,-6.875789E+03,-43.52926E-06
-6.850697E+03,-3.661112E-06,-6.850697E+03,-42.17507E-06
-6.825780E+03,-3.983118E-06,-6.825780E+03,-42.35699E-06
-6.800826E+03,-3.941386E-06,-6.800826E+03,-42.17497E-06
-6.775835E+03,-4.058262E-06,-6.775835E+03,-42.15135E-06
-6.750752E+03,-4.045023E-06,-6.750752E+03,-41.99710E-06
-6.725730E+03,-4.860312E-06,-6.725730E+03,-42.67171E-06
-6.700678E+03,-5.055547E-06,-6.700678E+03,-42.72611E-06
-6.675576E+03,-5.897882E-06,-6.675576E+03,-43.42732E-06
-6.650899E+03,-4.297795E-06,-6.650899E+03,-41.68851E-06
-6.625872E+03,-3.669685E-06,-6.625872E+03,-40.91969E-06
-6.600928E+03,-4.875128E-06,-6.600928E+03,-41.98490E-06
-6.575771E+03,-4.469784E-06,-6.575771E+03,-41.43813E-06
-6.550512E+03,-4.856594E-06,-6.550512E+03,-41.68294E-06
-6.525910E+03,-4.775652E-06,-6.525910E+03,-41.46368E-06
-6.500787E+03,-6.052274E-06,-6.500787E+03,-42.59907E-06
-6.476067E+03,-4.698113E-06,-6.476067E+03,-41.10593E-06
-6.450956E+03,-5.628073E-06,-6.450956E+03,-41.89472E-06
-6.425808E+03,-7.532119E-06,-6.425808E+03,-43.65739E-06
-6.400854E+03,-6.457673E-06,-6.400854E+03,-42.44265E-06
-6.375826E+03,-7.217173E-06,-6.375826E+03,-43.06145E-06
-6.350900E+03,-7.483201E-06,-6.350900E+03,-43.18734E-06
-6.325974E+03,-7.654416E-06,-6.325974E+03,-43.21843E-06
-6.300938E+03,-8.167684E-06,-6.300938E+03,-43.59094E-06
-6.276076E+03,-7.515603E-06,-6.276076E+03,-42.79909E-06
-6.250872E+03,-7.597429E-06,-6.250872E+03,-42.73923E-06
-6.226058E+03,-7.433777E-06,-6.226058E+03,-42.43607E-06
-6.201085E+03,-5.026045E-06,-6.201085E+03,-39.88795E-06
-6.176030E+03,-8.916341E-06,-6.176030E+03,-43.63738E-06
-6.151178E+03,-9.205820E-06,-6.151178E+03,-43.78715E-06
-6.126381E+03,-8.190253E-06,-6.126381E+03,-42.63217E-06
-6.101085E+03,-7.264201E-06,-6.101085E+03,-41.56391E-06
-6.076021E+03,-6.784218E-06,-6.076021E+03,-40.94301E-06
-6.051104E+03,-9.421415E-06,-6.051104E+03,-43.44013E-06
-6.026197E+03,-7.968101E-06,-6.026197E+03,-41.84679E-06
-6.001187E+03,-7.914769E-06,-6.001187E+03,-41.65286E-06
-5.976326E+03,-8.335622E-06,-5.976326E+03,-41.93395E-06
-5.951743E+03,-8.349364E-06,-5.951743E+03,-41.80948E-06
-5.926271E+03,-8.750548E-06,-5.926271E+03,-42.06747E-06
-5.901354E+03,-8.531801E-06,-5.901354E+03,-41.70864E-06
-5.876317E+03,-9.028048E-06,-5.876317E+03,-42.06413E-06
-5.851548E+03,-9.593008E-06,-5.851548E+03,-42.48985E-06
-5.826363E+03,-9.431627E-06,-5.826363E+03,-42.18688E-06
-5.801067E+03,-10.03555E-06,-5.801067E+03,-42.64858E-06
-5.776145E+03,-11.40499E-06,-5.776145E+03,-43.87792E-06
-5.751289E+03,-10.11674E-06,-5.751289E+03,-42.44993E-06
-5.726446E+03,-10.24496E-06,-5.726446E+03,-42.43849E-06
-5.701724E+03,-11.22346E-06,-5.701724E+03,-43.27800E-06
-5.676474E+03,-10.33171E-06,-5.676474E+03,-42.24429E-06
-5.651585E+03,-11.69803E-06,-5.651585E+03,-43.47069E-06
-5.626280E+03,-9.242887E-06,-5.626280E+03,-40.87328E-06
-5.601021E+03,-10.42185E-06,-5.601021E+03,-41.91025E-06
-5.576150E+03,-10.65636E-06,-5.576150E+03,-42.00493E-06
-5.551154E+03,-11.02874E-06,-5.551154E+03,-42.23678E-06
-5.526317E+03,-11.09184E-06,-5.526317E+03,-42.16025E-06
-5.501465E+03,-12.34317E-06,-5.501465E+03,-43.27187E-06
-5.476308E+03,-12.45009E-06,-5.476308E+03,-43.23736E-06
-5.451261E+03,-11.64305E-06,-5.451261E+03,-42.28952E-06
-5.426132E+03,-11.01720E-06,-5.426132E+03,-41.52238E-06
-5.401280E+03,-11.47373E-06,-5.401280E+03,-41.83920E-06
-5.376234E+03,-12.59281E-06,-5.376234E+03,-42.81748E-06
-5.351362E+03,-13.19261E-06,-5.351362E+03,-43.27745E-06
-5.326678E+03,-12.34746E-06,-5.326678E+03,-42.29352E-06
-5.301335E+03,-11.98864E-06,-5.301335E+03,-41.79223E-06
-5.276289E+03,-12.40180E-06,-5.276289E+03,-42.06458E-06
-5.251183E+03,-12.62650E-06,-5.251183E+03,-42.14813E-06
-5.226558E+03,-13.42695E-06,-5.226558E+03,-42.81015E-06
-5.201410E+03,-12.99509E-06,-5.201410E+03,-42.23691E-06
-5.176196E+03,-11.90706E-06,-5.176196E+03,-41.00714E-06
-5.151141E+03,-12.45286E-06,-5.151141E+03,-41.41207E-06
-5.126335E+03,-13.28095E-06,-5.126335E+03,-42.10071E-06
-5.101094E+03,-12.83349E-06,-5.101094E+03,-41.51135E-06
-5.076196E+03,-13.78716E-06,-5.076196E+03,-42.32504E-06
-5.051447E+03,-14.03679E-06,-5.051447E+03,-42.43553E-06
-5.026400E+03,-14.14648E-06,-5.026400E+03,-42.40442E-06
-5.001789E+03,-13.55139E-06,-5.001789E+03,-41.67096E-06
-4.976733E+03,-13.54773E-06,-4.976733E+03,-41.52644E-06
-4.951632E+03,-15.05892E-06,-4.951632E+03,-42.89651E-06
-4.926845E+03,-14.28290E-06,-4.926845E+03,-41.98114E-06
-4.901817E+03,-16.02166E-06,-4.901817E+03,-43.57920E-06
-4.876863E+03,-14.27975E-06,-4.876863E+03,-41.69700E-06
-4.851613E+03,-16.20813E-06,-4.851613E+03,-43.48343E-06
-4.826604E+03,-16.13916E-06,-4.826604E+03,-43.27386E-06
-4.801418E+03,-16.03439E-06,-4.801418E+03,-43.02750E-06
-4.776692E+03,-15.52887E-06,-4.776692E+03,-42.38297E-06
-4.751863E+03,-15.46880E-06,-4.751863E+03,-42.18331E-06
-4.726863E+03,-15.40778E-06,-4.726863E+03,-41.98174E-06
-4.701873E+03,-14.53960E-06,-4.701873E+03,-40.97307E-06
-4.676696E+03,-15.32885E-06,-4.676696E+03,-41.62078E-06
-4.651805E+03,-16.28896E-06,-4.651805E+03,-42.44096E-06
-4.626835E+03,-16.73779E-06,-4.626835E+03,-42.74941E-06
-4.601678E+03,-17.28472E-06,-4.601678E+03,-43.15491E-06
-4.576650E+03,-16.31403E-06,-4.576650E+03,-42.04352E-06
-4.551957E+03,-16.48409E-06,-4.551957E+03,-42.07475E-06
-4.526631E+03,-16.14862E-06,-4.526631E+03,-41.59690E-06
-4.501725E+03,-18.34492E-06,-4.501725E+03,-43.65317E-06
-4.476530E+03,-16.31428E-06,-4.476530E+03,-41.48090E-06
-4.451557E+03,-17.23139E-06,-4.451557E+03,-42.25761E-06
-4.426631E+03,-17.24185E-06,-4.426631E+03,-42.12794E-06
-4.401664E+03,-17.27680E-06,-4.401664E+03,-42.02253E-06
-4.376635E+03,-17.09593E-06,-4.376635E+03,-41.70095E-06
-4.351743E+03,-16.08129E-06,-4.351743E+03,-40.54637E-06
-4.326659E+03,-16.76035E-06,-4.326659E+03,-41.08441E-06
-4.301521E+03,-17.29228E-06,-4.301521E+03,-41.47501E-06
-4.276579E+03,-19.14420E-06,-4.276579E+03,-43.18671E-06
-4.251835E+03,-19.02801E-06,-4.251835E+03,-42.93142E-06
-4.226863E+03,-18.75240E-06,-4.226863E+03,-42.51542E-06
-4.201400E+03,-19.44609E-06,-4.201400E+03,-43.06595E-06
-4.176579E+03,-17.96958E-06,-4.176579E+03,-41.44990E-06
-4.151601E+03,-17.81893E-06,-4.151601E+03,-41.15883E-06
-4.126493E+03,-17.89002E-06,-4.126493E+03,-41.08876E-06
-4.101446E+03,-19.21070E-06,-4.101446E+03,-42.26864E-06
-4.076409E+03,-20.27822E-06,-4.076409E+03,-43.19540E-06
-4.051391E+03,-18.67827E-06,-4.051391E+03,-41.45479E-06
-4.026381E+03,-20.25098E-06,-4.026381E+03,-42.88691E-06
-4.001585E+03,-19.96150E-06,-4.001585E+03,-42.45802E-06
-3.976742E+03,-20.46746E-06,-3.976742E+03,-42.82432E-06
-3.951307E+03,-20.59455E-06,-3.951307E+03,-42.80841E-06
-3.926277E+03,-21.02135E-06,-3.926277E+03,-43.09450E-06
-3.901641E+03,-20.31616E-06,-3.901641E+03,-42.25081E-06
-3.876039E+03,-20.61724E-06,-3.876039E+03,-42.40795E-06
-3.851343E+03,-20.81017E-06,-3.851343E+03,-42.46204E-06
-3.826456E+03,-21.31042E-06,-3.826456E+03,-42.82238E-06
-3.801391E+03,-20.24127E-06,-3.801391E+03,-41.61232E-06
-3.776335E+03,-21.91535E-06,-3.776335E+03,-43.14554E-06
-3.751777E+03,-21.04036E-06,-3.751777E+03,-42.13249E-06
-3.726687E+03,-21.32479E-06,-3.726687E+03,-42.27587E-06
-3.701474E+03,-21.06003E-06,-3.701474E+03,-41.86936E-06
-3.676522E+03,-22.70544E-06,-3.676522E+03,-43.37449E-06
-3.651622E+03,-21.68652E-06,-3.651622E+03,-42.21558E-06
-3.626758E+03,-23.48106E-06,-3.626758E+03,-43.87035E-06
-3.601566E+03,-21.34964E-06,-3.601566E+03,-41.59729E-06
-3.576409E+03,-22.13059E-06,-3.576409E+03,-42.23681E-06
-3.551566E+03,-20.54323E-06,-3.551566E+03,-40.50979E-06
-3.526539E+03,-22.02844E-06,-3.526539E+03,-41.85430E-06
-3.501492E+03,-23.44444E-06,-3.501492E+03,-43.12949E-06
-3.476465E+03,-22.43076E-06,-3.476465E+03,-41.97511E-06
-3.451465E+03,-22.93255E-06,-3.451465E+03,-42.33635E-06
-3.426372E+03,-23.24586E-06,-3.426372E+03,-42.50859E-06
-3.401239E+03,-22.99793E-06,-3.401239E+03,-42.11937E-06
-3.376557E+03,-23.35820E-06,-3.376557E+03,-42.34087E-06
-3.351701E+03,-23.13179E-06,-3.351701E+03,-41.97473E-06
-3.326640E+03,-24.02919E-06,-3.326640E+03,-42.73124E-06
-3.301400E+03,-23.48693E-06,-3.301400E+03,-42.04708E-06
-3.276279E+03,-24.53792E-06,-3.276279E+03,-42.95685E-06
-3.251233E+03,-24.14254E-06,-3.251233E+03,-42.42066E-06
-3.226085E+03,-24.28110E-06,-3.226085E+03,-42.41784E-06
-3.201352E+03,-24.88216E-06,-3.201352E+03,-42.87984E-06
-3.176881E+03,-24.82488E-06,-3.176881E+03,-42.68499E-06
-3.151594E+03,-24.29661E-06,-3.151594E+03,-42.01456E-06
-3.126233E+03,-25.01551E-06,-3.126233E+03,-42.59089E-06
-3.101205E+03,-23.87512E-06,-3.101205E+03,-41.30980E-06
-3.076576E+03,-23.70958E-06,-3.076576E+03,-41.00579E-06
-3.051261E+03,-24.85690E-06,-3.051261E+03,-42.01079E-06
-3.026465E+03,-26.43138E-06,-3.026465E+03,-43.44587E-06
-3.001678E+03,-25.51075E-06,-3.001678E+03,-42.38589E-06
-2.976309E+03,-25.63978E-06,-2.976309E+03,-42.37230E-06
-2.951286E+03,-24.98891E-06,-2.951286E+03,-41.58075E-06
-2.926219E+03,-27.33714E-06,-2.926219E+03,-43.78806E-06
-2.901066E+03,-25.99830E-06,-2.901066E+03,-42.30781E-06
-2.876251E+03,-25.82910E-06,-2.876251E+03,-41.99910E-06
-2.851512E+03,-25.23760E-06,-2.851512E+03,-41.26853E-06
-2.826483E+03,-25.94433E-06,-2.826483E+03,-41.83455E-06
-2.801316E+03,-26.84618E-06,-2.801316E+03,-42.59491E-06
-2.776085E+03,-27.16125E-06,-2.776085E+03,-42.76813E-06
-2.751201E+03,-26.59579E-06,-2.751201E+03,-42.06277E-06
-2.726307E+03,-27.31545E-06,-2.726307E+03,-42.64248E-06
-2.701150E+03,-27.13818E-06,-2.701150E+03,-42.32378E-06
-2.676178E+03,-27.89629E-06,-2.676178E+03,-42.94150E-06
-2.651131E+03,-26.89144E-06,-2.651131E+03,-41.79584E-06
-2.626094E+03,-27.26741E-06,-2.626094E+03,-42.03105E-06
-2.600891E+03,-27.81081E-06,-2.600891E+03,-42.43276E-06
-2.576011E+03,-26.47967E-06,-2.576011E+03,-40.96175E-06
-2.551210E+03,-27.44168E-06,-2.551210E+03,-41.78434E-06
-2.526317E+03,-28.85790E-06,-2.526317E+03,-43.06060E-06
-2.501261E+03,-26.88627E-06,-2.501261E+03,-40.94812E-06
-2.476122E+03,-27.99413E-06,-2.476122E+03,-41.91465E-06
-2.451475E+03,-26.94326E-06,-2.451475E+03,-40.72522E-06
-2.426604E+03,-27.55853E-06,-2.426604E+03,-41.20066E-06
-2.401455E+03,-27.78837E-06,-2.401455E+03,-41.28912E-06
-2.376446E+03,-28.95145E-06,-2.376446E+03,-42.31160E-06
-2.351251E+03,-28.57813E-06,-2.351251E+03,-41.79664E-06
-2.326104E+03,-29.30106E-06,-2.326104E+03,-42.37819E-06
-2.301201E+03,-29.54428E-06,-2.301201E+03,-42.48141E-06
-2.276483E+03,-29.46421E-06,-2.276483E+03,-42.26238E-06
-2.251557E+03,-29.34469E-06,-2.251557E+03,-42.00272E-06
-2.226483E+03,-29.36196E-06,-2.226483E+03,-41.87903E-06
-2.201390E+03,-30.07141E-06,-2.201390E+03,-42.44741E-06
-2.176085E+03,-30.84251E-06,-2.176085E+03,-43.07624E-06
-2.151154E+03,-30.26223E-06,-2.151154E+03,-42.35581E-06
-2.126233E+03,-32.38257E-06,-2.126233E+03,-44.33604E-06
-2.101113E+03,-30.88638E-06,-2.101113E+03,-42.69863E-06
-2.076066E+03,-30.87756E-06,-2.076066E+03,-42.54900E-06
-2.051094E+03,-31.86324E-06,-2.051094E+03,-43.39430E-06
-2.025881E+03,-30.57169E-06,-2.025881E+03,-41.96100E-06
-2.000798E+03,-30.86735E-06,-2.000798E+03,-42.11564E-06
-1.975752E+03,-30.14844E-06,-1.975752E+03,-41.25593E-06
-1.951192E+03,-30.54728E-06,-1.951192E+03,-41.51669E-06
-1.926131E+03,-30.59892E-06,-1.926131E+03,-41.42745E-06
-1.901131E+03,-30.25410E-06,-1.901131E+03,-40.94207E-06
-1.876126E+03,-31.13318E-06,-1.876126E+03,-41.68057E-06
-1.851141E+03,-31.84105E-06,-1.851141E+03,-42.24799E-06
-1.826039E+03,-31.71800E-06,-1.826039E+03,-41.98381E-06
-1.801020E+03,-31.91456E-06,-1.801020E+03,-42.03972E-06
-1.776011E+03,-31.98125E-06,-1.776011E+03,-41.96581E-06
-1.751141E+03,-30.76699E-06,-1.751141E+03,-40.61173E-06
-1.726020E+03,-32.28990E-06,-1.726020E+03,-41.99341E-06
-1.700835E+03,-32.86003E-06,-1.700835E+03,-42.42195E-06
-1.676013E+03,-33.87781E-06,-1.676013E+03,-43.30019E-06
-1.651085E+03,-34.79950E-06,-1.651085E+03,-44.08174E-06
-1.626196E+03,-31.65042E-06,-1.626196E+03,-40.79274E-06
-1.601298E+03,-33.17119E-06,-1.601298E+03,-42.17353E-06
-1.576307E+03,-32.89823E-06,-1.576307E+03,-41.76007E-06
-1.550844E+03,-32.52919E-06,-1.550844E+03,-41.24789E-06
-1.525798E+03,-32.94538E-06,-1.525798E+03,-41.52327E-06
-1.500780E+03,-32.13885E-06,-1.500780E+03,-40.57609E-06
-1.476048E+03,-33.88518E-06,-1.476048E+03,-42.18337E-06
-1.450909E+03,-35.61675E-06,-1.450909E+03,-43.77362E-06
-1.426039E+03,-34.84665E-06,-1.426039E+03,-42.86370E-06
-1.400975E+03,-34.43609E-06,-1.400975E+03,-42.31223E-06
-1.375631E+03,-33.48639E-06,-1.375631E+03,-41.22005E-06
-1.350789E+03,-34.32696E-06,-1.350789E+03,-41.92096E-06
-1.325715E+03,-33.83727E-06,-1.325715E+03,-41.29031E-06
-1.300613E+03,-33.76326E-06,-1.300613E+03,-41.07517E-06
-1.275824E+03,-35.48944E-06,-1.275824E+03,-42.66200E-06
-1.251048E+03,-35.10550E-06,-1.251048E+03,-42.13877E-06
-1.225937E+03,-35.07788E-06,-1.225937E+03,-41.96998E-06
-1.200994E+03,-34.98512E-06,-1.200994E+03,-41.73699E-06
-1.176289E+03,-35.64575E-06,-1.176289E+03,-42.25873E-06
-1.151057E+03,-35.27621E-06,-1.151057E+03,-41.74734E-06
-1.125974E+03,-35.47819E-06,-1.125974E+03,-41.80830E-06
-1.101041E+03,-37.65576E-06,-1.101041E+03,-43.84570E-06
-1.076029E+03,-35.34870E-06,-1.076029E+03,-41.39803E-06
-1.050965E+03,-34.93567E-06,-1.050965E+03,-40.84409E-06
-1.026020E+03,-36.30526E-06,-1.026020E+03,-42.07345E-06
-1.001020E+03,-34.79370E-06,-1.001020E+03,-40.42134E-06
-976.0220E+00,-35.62702E-06,-976.0220E+00,-41.11412E-06
-951.1313E+00,-36.21272E-06,-951.1313E+00,-41.55989E-06
-925.8073E+00,-36.78752E-06,-925.8073E+00,-41.99232E-06
-900.7980E+00,-38.73985E-06,-900.7980E+00,-43.80405E-06
-875.7146E+00,-36.79256E-06,-875.7146E+00,-41.71574E-06
-850.9091E+00,-35.45309E-06,-850.9091E+00,-40.23682E-06
-825.8998E+00,-35.35538E-06,-825.8998E+00,-39.99851E-06
-800.9370E+00,-38.17062E-06,-800.9370E+00,-42.67341E-06
-775.8627E+00,-37.23863E-06,-775.8627E+00,-41.60045E-06
-750.9739E+00,-36.20364E-06,-750.9739E+00,-40.42555E-06
-725.8443E+00,-37.00677E-06,-725.8443E+00,-41.08739E-06
-700.8906E+00,-38.66736E-06,-700.8906E+00,-42.60769E-06
-676.1035E+00,-37.72189E-06,-676.1035E+00,-41.52288E-06
-650.9831E+00,-38.31270E-06,-650.9831E+00,-41.97246E-06
-626.0572E+00,-37.72453E-06,-626.0572E+00,-41.24417E-06
-600.8350E+00,-37.62254E-06,-600.8350E+00,-41.00037E-06
-575.8073E+00,-39.38210E-06,-575.8073E+00,-42.61923E-06
-550.9183E+00,-37.27153E-06,-550.9183E+00,-40.36874E-06
-526.0386E+00,-38.88005E-06,-526.0386E+00,-41.83739E-06
-500.8164E+00,-37.38790E-06,-500.8164E+00,-40.20345E-06
-475.6127E+00,-36.86657E-06,-475.6127E+00,-39.54042E-06
-450.6351E+00,-39.16411E-06,-450.6351E+00,-41.69754E-06
-425.7423E+00,-39.65481E-06,-425.7423E+00,-42.04829E-06
-400.7979E+00,-39.12465E-06,-400.7979E+00,-41.37789E-06
-375.8143E+00,-38.84477E-06,-375.8143E+00,-40.95756E-06
-351.0664E+00,-38.43134E-06,-351.0664E+00,-40.40500E-06
-325.8072E+00,-37.85843E-06,-325.8072E+00,-39.69009E-06
-300.3442E+00,-30.79132E-06,-300.3442E+00,-32.47983E-06
-275.6256E+00,-18.87122E-06,-275.6256E+00,-20.42076E-06
-250.7979E+00,-15.24766E-06,-250.7979E+00,-16.65762E-06
-225.7979E+00,-14.74801E-06,-225.7979E+00,-16.01742E-06
-200.7331E+00,-11.27390E-06,-200.7331E+00,-12.40240E-06
-175.6405E+00,-8.367520E-06,-175.6405E+00,-9.354953E-06
-150.4738E+00,-8.760382E-06,-150.4738E+00,-9.606331E-06
-125.2979E+00,-5.763986E-06,-125.2979E+00,-6.468399E-06
-100.5124E+00,-5.668699E-06,-100.5124E+00,-6.233770E-06
-75.78864E+00,-5.132330E-06,-75.78864E+00,-5.558406E-06
-50.85345E+00,-4.239816E-06,-50.85345E+00,-4.525709E-06
-25.90900E+00,-3.563149E-06,-25.90900E+00,-3.708807E-06
-844.1867E-03,-769.4878E-09,-844.1867E-03,-774.2337E-09
+24.29066E+00,-2.163373E-06,+24.29066E+00,-2.026813E-06
+49.72063E+00,-646.0564E-09,+49.72063E+00,-366.5318E-09
+74.26693E+00,+1.755372E-06,+74.26693E+00,+2.172894E-06
+99.47063E+00,+2.972792E-06,+99.47063E+00,+3.532007E-06
+124.4614E+00,+2.299656E-06,+124.4614E+00,+2.999366E-06
+149.4614E+00,+2.949090E-06,+149.4614E+00,+3.789347E-06
+174.3780E+00,+2.886680E-06,+174.3780E+00,+3.867017E-06
+199.5725E+00,+5.792300E-06,+199.5725E+00,+6.914277E-06
+224.3503E+00,+6.306198E-06,+224.3503E+00,+7.567473E-06
+249.3132E+00,+6.031724E-06,+249.3132E+00,+7.433339E-06
+274.5447E+00,+6.682796E-06,+274.5447E+00,+8.226260E-06
+299.2423E+00,+8.705362E-06,+299.2423E+00,+10.38767E-06
+324.4089E+00,+9.996573E-06,+324.4089E+00,+11.82037E-06
+349.7855E+00,+9.478979E-06,+349.7855E+00,+11.44544E-06
+374.5632E+00,+11.86011E-06,+374.5632E+00,+13.96587E-06
+399.7021E+00,+12.20796E-06,+399.7021E+00,+14.45505E-06
+424.4336E+00,+13.28379E-06,+424.4336E+00,+15.66992E-06
+449.6095E+00,+14.11276E-06,+449.6095E+00,+16.64043E-06
+474.6744E+00,+13.83892E-06,+474.6744E+00,+16.50749E-06
+499.5910E+00,+13.68107E-06,+499.5910E+00,+16.48972E-06
+524.6465E+00,+15.63454E-06,+524.6465E+00,+18.58405E-06
+549.5077E+00,+17.99625E-06,+549.5077E+00,+21.08553E-06
+574.6188E+00,+16.41018E-06,+574.6188E+00,+19.64063E-06
+599.5818E+00,+18.83544E-06,+599.5818E+00,+22.20623E-06
+624.6558E+00,+20.08879E-06,+624.6558E+00,+23.60054E-06
+650.0910E+00,+21.90332E-06,+650.0910E+00,+25.55807E-06
+674.6479E+00,+21.70081E-06,+674.6479E+00,+25.49362E-06
+699.7855E+00,+21.64511E-06,+699.7855E+00,+25.57923E-06
+724.8781E+00,+26.22468E-06,+724.8781E+00,+30.29988E-06
+749.6188E+00,+24.98999E-06,+749.6188E+00,+29.20427E-06
+774.7206E+00,+25.95941E-06,+774.7206E+00,+30.31482E-06
+799.8225E+00,+29.61243E-06,+799.8225E+00,+34.10895E-06
+824.9058E+00,+30.06391E-06,+824.9058E+00,+34.70145E-06
+849.7484E+00,+31.67168E-06,+849.7484E+00,+36.44888E-06
+874.6373E+00,+34.52321E-06,+874.6373E+00,+39.44033E-06
+899.6857E+00,+34.19142E-06,+899.6857E+00,+39.24937E-06
+924.3318E+00,+34.90144E-06,+924.3318E+00,+40.09795E-06
+949.6281E+00,+35.65893E-06,+949.6281E+00,+40.99765E-06
+974.7114E+00,+34.46168E-06,+974.7114E+00,+39.94142E-06
+999.6929E+00,+36.12076E-06,+999.6929E+00,+41.74093E-06
+1.024461E+03,+35.33818E-06,+1.024461E+03,+41.09761E-06
+1.049786E+03,+35.81905E-06,+1.049786E+03,+41.72084E-06
+1.074786E+03,+35.78463E-06,+1.074786E+03,+41.82697E-06
+1.099841E+03,+34.91115E-06,+1.099841E+03,+41.09435E-06
+1.124924E+03,+34.85076E-06,+1.124924E+03,+41.17498E-06
+1.149924E+03,+34.07147E-06,+1.149924E+03,+40.53623E-06
+1.174887E+03,+34.48841E-06,+1.174887E+03,+41.09351E-06
+1.199999E+03,+36.05999E-06,+1.199999E+03,+42.80626E-06
+1.224639E+03,+34.76692E-06,+1.224639E+03,+41.65171E-06
+1.249480E+03,+34.48690E-06,+1.249480E+03,+41.51135E-06
+1.274711E+03,+33.55026E-06,+1.274711E+03,+40.71656E-06
+1.299776E+03,+35.05236E-06,+1.299776E+03,+42.35958E-06
+1.324795E+03,+34.99928E-06,+1.324795E+03,+42.44715E-06
+1.349887E+03,+32.43496E-06,+1.349887E+03,+40.02390E-06
+1.374714E+03,+33.79384E-06,+1.374714E+03,+41.52235E-06
+1.399619E+03,+34.47063E-06,+1.399619E+03,+42.33915E-06
+1.424795E+03,+33.55770E-06,+1.424795E+03,+41.56775E-06
+1.449980E+03,+33.13873E-06,+1.449980E+03,+41.29038E-06
+1.474742E+03,+33.39665E-06,+1.474742E+03,+41.68751E-06
+1.499804E+03,+32.78370E-06,+1.499804E+03,+41.21545E-06
+1.524850E+03,+34.07285E-06,+1.524850E+03,+42.64541E-06
+1.549887E+03,+34.05785E-06,+1.549887E+03,+42.77117E-06
+1.575156E+03,+32.39890E-06,+1.575156E+03,+41.25428E-06
+1.600119E+03,+32.79063E-06,+1.600119E+03,+41.78634E-06
+1.625267E+03,+33.23771E-06,+1.625267E+03,+42.37480E-06
+1.650045E+03,+33.45670E-06,+1.650045E+03,+42.73310E-06
+1.675025E+03,+32.38774E-06,+1.675025E+03,+41.80457E-06
+1.699887E+03,+32.11661E-06,+1.699887E+03,+41.67321E-06
+1.725073E+03,+31.11062E-06,+1.725073E+03,+40.80881E-06
+1.750100E+03,+31.99406E-06,+1.750100E+03,+41.83296E-06
+1.775110E+03,+32.11451E-06,+1.775110E+03,+42.09401E-06
+1.799934E+03,+31.74581E-06,+1.799934E+03,+41.86486E-06
+1.824989E+03,+30.58046E-06,+1.824989E+03,+40.84037E-06
+1.849837E+03,+32.14457E-06,+1.849837E+03,+42.54418E-06
+1.874989E+03,+32.13250E-06,+1.874989E+03,+42.67350E-06
+1.899950E+03,+30.56402E-06,+1.899950E+03,+41.24536E-06
+1.924943E+03,+31.56879E-06,+1.924943E+03,+42.39063E-06
+1.949934E+03,+29.91187E-06,+1.949934E+03,+40.87420E-06
+1.974969E+03,+29.79790E-06,+1.974969E+03,+40.90098E-06
+1.999832E+03,+30.40219E-06,+1.999832E+03,+41.64505E-06
+2.024915E+03,+29.47084E-06,+2.024915E+03,+40.85472E-06
+2.050156E+03,+30.50129E-06,+2.050156E+03,+42.02706E-06
+2.075147E+03,+32.57579E-06,+2.075147E+03,+44.24206E-06
+2.100054E+03,+30.58588E-06,+2.100054E+03,+42.39218E-06
+2.125054E+03,+30.78585E-06,+2.125054E+03,+42.73270E-06
+2.150091E+03,+28.98972E-06,+2.150091E+03,+41.07732E-06
+2.174931E+03,+31.37459E-06,+2.174931E+03,+43.60185E-06
+2.200045E+03,+30.29515E-06,+2.200045E+03,+42.66359E-06
+2.225147E+03,+28.96690E-06,+2.225147E+03,+41.47646E-06
+2.250128E+03,+28.85885E-06,+2.250128E+03,+41.50885E-06
+2.275017E+03,+29.43932E-06,+2.275017E+03,+42.22924E-06
+2.300119E+03,+29.02981E-06,+2.300119E+03,+41.96086E-06
+2.325242E+03,+29.71620E-06,+2.325242E+03,+42.78849E-06
+2.350008E+03,+29.16686E-06,+2.350008E+03,+42.37838E-06
+2.375415E+03,+29.45836E-06,+2.375415E+03,+42.81271E-06
+2.400224E+03,+26.99225E-06,+2.400224E+03,+40.48608E-06
+2.425119E+03,+28.86554E-06,+2.425119E+03,+42.49932E-06
+2.450267E+03,+28.86604E-06,+2.450267E+03,+42.64120E-06
+2.475332E+03,+29.46996E-06,+2.475332E+03,+43.38603E-06
+2.499714E+03,+28.42816E-06,+2.499714E+03,+42.48131E-06
+2.524832E+03,+28.05472E-06,+2.524832E+03,+42.24908E-06
+2.550139E+03,+27.00420E-06,+2.550139E+03,+41.34083E-06
+2.574980E+03,+28.64464E-06,+2.574980E+03,+43.12093E-06
+2.600026E+03,+27.44626E-06,+2.600026E+03,+42.06336E-06
+2.625147E+03,+28.52449E-06,+2.625147E+03,+43.28281E-06
+2.650304E+03,+25.99749E-06,+2.650304E+03,+40.89724E-06
+2.675489E+03,+26.35593E-06,+2.675489E+03,+41.39727E-06
+2.700309E+03,+28.30291E-06,+2.700309E+03,+43.48378E-06
+2.725128E+03,+26.61452E-06,+2.725128E+03,+41.93492E-06
+2.749878E+03,+26.60708E-06,+2.749878E+03,+42.06663E-06
+2.775313E+03,+26.88370E-06,+2.775313E+03,+42.48624E-06
+2.800129E+03,+26.86585E-06,+2.800129E+03,+42.60791E-06
+2.825452E+03,+25.87721E-06,+2.825452E+03,+41.76162E-06
+2.850346E+03,+24.48963E-06,+2.850346E+03,+40.51401E-06
+2.875202E+03,+24.72169E-06,+2.875202E+03,+40.88580E-06
+2.900212E+03,+25.99875E-06,+2.900212E+03,+42.30345E-06
+2.925452E+03,+26.51643E-06,+2.925452E+03,+42.96304E-06
+2.950212E+03,+24.89896E-06,+2.950212E+03,+41.48476E-06
+2.975258E+03,+24.54556E-06,+2.975258E+03,+41.27217E-06
+3.000489E+03,+24.71766E-06,+3.000489E+03,+41.58612E-06
+3.025309E+03,+26.31721E-06,+3.025309E+03,+43.32520E-06
+3.049887E+03,+24.14854E-06,+3.049887E+03,+41.29471E-06
+3.075128E+03,+26.29402E-06,+3.075128E+03,+43.58210E-06
+3.100138E+03,+24.09306E-06,+3.100138E+03,+41.52174E-06
+3.125221E+03,+25.18276E-06,+3.125221E+03,+42.75245E-06
+3.150471E+03,+23.30532E-06,+3.150471E+03,+41.01696E-06
+3.175517E+03,+24.15976E-06,+3.175517E+03,+42.01221E-06
+3.200675E+03,+25.38575E-06,+3.200675E+03,+43.37963E-06
+3.225582E+03,+23.23087E-06,+3.225582E+03,+41.36478E-06
+3.250517E+03,+24.36262E-06,+3.250517E+03,+42.63671E-06
+3.275261E+03,+22.64202E-06,+3.275261E+03,+41.05522E-06
+3.300313E+03,+23.92512E-06,+3.300313E+03,+42.47917E-06
+3.325462E+03,+26.81133E-06,+3.325462E+03,+45.50675E-06
+3.350406E+03,+22.90527E-06,+3.350406E+03,+41.74093E-06
+3.375471E+03,+24.03998E-06,+3.375471E+03,+43.01655E-06
+3.400619E+03,+22.48215E-06,+3.400619E+03,+41.60010E-06
+3.425684E+03,+23.14016E-06,+3.425684E+03,+42.39902E-06
+3.450554E+03,+22.05022E-06,+3.450554E+03,+41.44890E-06
+3.475656E+03,+22.54594E-06,+3.475656E+03,+42.08575E-06
+3.500795E+03,+22.45491E-06,+3.500795E+03,+42.13605E-06
+3.525693E+03,+21.58497E-06,+3.525693E+03,+41.40607E-06
+3.550752E+03,+21.12673E-06,+3.550752E+03,+41.08872E-06
+3.575545E+03,+21.20181E-06,+3.575545E+03,+41.30318E-06
+3.600462E+03,+21.28578E-06,+3.600462E+03,+41.52723E-06
+3.625851E+03,+21.62998E-06,+3.625851E+03,+42.01416E-06
+3.650786E+03,+21.27154E-06,+3.650786E+03,+41.79590E-06
+3.675702E+03,+21.62494E-06,+3.675702E+03,+42.28938E-06
+3.700758E+03,+21.08923E-06,+3.700758E+03,+41.89453E-06
+3.725739E+03,+21.66743E-06,+3.725739E+03,+42.61317E-06
+3.750943E+03,+20.63786E-06,+3.750943E+03,+41.72530E-06
+3.775545E+03,+20.62526E-06,+3.775545E+03,+41.85100E-06
+3.800887E+03,+20.48342E-06,+3.800887E+03,+41.85164E-06
+3.825507E+03,+20.65182E-06,+3.825507E+03,+42.15845E-06
+3.850490E+03,+20.64543E-06,+3.850490E+03,+42.29250E-06
+3.875517E+03,+20.31926E-06,+3.875517E+03,+42.10704E-06
+3.900675E+03,+19.50542E-06,+3.900675E+03,+41.43464E-06
+3.925804E+03,+18.81325E-06,+3.925804E+03,+40.88374E-06
+3.950790E+03,+20.52773E-06,+3.950790E+03,+42.73869E-06
+3.975517E+03,+20.31283E-06,+3.975517E+03,+42.66280E-06
+4.000591E+03,+19.16286E-06,+4.000591E+03,+41.65380E-06
+4.025517E+03,+18.12233E-06,+4.025517E+03,+40.75340E-06
+4.050499E+03,+18.08438E-06,+4.050499E+03,+40.85589E-06
+4.075582E+03,+18.60793E-06,+4.075582E+03,+41.52046E-06
+4.100822E+03,+18.77542E-06,+4.100822E+03,+41.82985E-06
+4.125822E+03,+21.08544E-06,+4.125822E+03,+44.28042E-06
+4.150924E+03,+17.98465E-06,+4.150924E+03,+41.32075E-06
+4.175786E+03,+18.66838E-06,+4.175786E+03,+42.14424E-06
+4.200749E+03,+17.61385E-06,+4.200749E+03,+41.23005E-06
+4.225794E+03,+19.51513E-06,+4.225794E+03,+43.27214E-06
+4.250924E+03,+18.39088E-06,+4.250924E+03,+42.28916E-06
+4.276193E+03,+18.74340E-06,+4.276193E+03,+42.78374E-06
+4.300997E+03,+17.54031E-06,+4.300997E+03,+41.72010E-06
+4.325729E+03,+17.59772E-06,+4.325729E+03,+41.91655E-06
+4.350786E+03,+17.82289E-06,+4.350786E+03,+42.28259E-06
+4.375767E+03,+18.88599E-06,+4.375767E+03,+43.48613E-06
+4.401119E+03,+17.20296E-06,+4.401119E+03,+41.94563E-06
+4.426119E+03,+16.62666E-06,+4.426119E+03,+41.50987E-06
+4.451073E+03,+16.66738E-06,+4.451073E+03,+41.69088E-06
+4.475997E+03,+16.95224E-06,+4.475997E+03,+42.11585E-06
+4.500887E+03,+17.36800E-06,+4.500887E+03,+42.67155E-06
+4.525869E+03,+16.03308E-06,+4.525869E+03,+41.47707E-06
+4.551184E+03,+17.14711E-06,+4.551184E+03,+42.73342E-06
+4.576063E+03,+16.80053E-06,+4.576063E+03,+42.52671E-06
+4.600989E+03,+15.79592E-06,+4.600989E+03,+41.66224E-06
+4.626063E+03,+15.40318E-06,+4.626063E+03,+41.41046E-06
+4.651119E+03,+15.51855E-06,+4.651119E+03,+41.66668E-06
+4.676211E+03,+15.14170E-06,+4.676211E+03,+41.43090E-06
+4.701406E+03,+15.53771E-06,+4.701406E+03,+41.96856E-06
+4.726285E+03,+15.68333E-06,+4.726285E+03,+42.25405E-06
+4.751424E+03,+15.60466E-06,+4.751424E+03,+42.31670E-06
+4.776174E+03,+14.66310E-06,+4.776174E+03,+41.51429E-06
+4.801332E+03,+15.77360E-06,+4.801332E+03,+42.76623E-06
+4.826360E+03,+15.80349E-06,+4.826360E+03,+42.93681E-06
+4.851205E+03,+13.72293E-06,+4.851205E+03,+40.99593E-06
+4.876193E+03,+14.30377E-06,+4.876193E+03,+41.71726E-06
+4.901318E+03,+14.92157E-06,+4.901318E+03,+42.47631E-06
+4.925943E+03,+14.27692E-06,+4.925943E+03,+41.97009E-06
+4.951017E+03,+13.45135E-06,+4.951017E+03,+41.28549E-06
+4.976091E+03,+14.33845E-06,+4.976091E+03,+42.31355E-06
+5.000999E+03,+14.36997E-06,+5.000999E+03,+42.48510E-06
+5.026147E+03,+15.10854E-06,+5.026147E+03,+43.36505E-06
+5.050837E+03,+14.19887E-06,+5.050837E+03,+42.59418E-06
+5.075794E+03,+15.36322E-06,+5.075794E+03,+43.89884E-06
+5.100971E+03,+14.49920E-06,+5.100971E+03,+43.17636E-06
+5.126063E+03,+12.45331E-06,+5.126063E+03,+41.27154E-06
+5.150987E+03,+13.11879E-06,+5.150987E+03,+42.07714E-06
+5.175638E+03,+12.11050E-06,+5.175638E+03,+41.20743E-06
+5.200776E+03,+13.78824E-06,+5.200776E+03,+43.02650E-06
+5.226026E+03,+13.86515E-06,+5.226026E+03,+43.24536E-06
+5.250934E+03,+12.90947E-06,+5.250934E+03,+42.42970E-06
+5.275989E+03,+14.83759E-06,+5.275989E+03,+44.49869E-06
+5.300952E+03,+13.21130E-06,+5.300952E+03,+43.01274E-06
+5.326157E+03,+12.57439E-06,+5.326157E+03,+42.51753E-06
+5.351211E+03,+12.08529E-06,+5.351211E+03,+42.16928E-06
+5.376193E+03,+12.64558E-06,+5.376193E+03,+42.87002E-06
+5.401267E+03,+12.75174E-06,+5.401267E+03,+43.11714E-06
+5.425997E+03,+11.38821E-06,+5.425997E+03,+41.89264E-06
+5.450813E+03,+10.89321E-06,+5.450813E+03,+41.53715E-06
+5.476221E+03,+12.24389E-06,+5.476221E+03,+43.03068E-06
+5.501119E+03,+13.16478E-06,+5.501119E+03,+44.09153E-06
+5.526276E+03,+12.49706E-06,+5.526276E+03,+43.56525E-06
+5.551202E+03,+10.48496E-06,+5.551202E+03,+41.69329E-06
+5.575999E+03,+10.81945E-06,+5.575999E+03,+42.16718E-06
+5.601167E+03,+10.67642E-06,+5.601167E+03,+42.16564E-06
+5.626239E+03,+9.999811E-06,+5.626239E+03,+41.62998E-06
+5.651276E+03,+11.64943E-06,+5.651276E+03,+43.42036E-06
+5.676396E+03,+8.599199E-06,+5.676396E+03,+40.51135E-06
+5.701295E+03,+10.20948E-06,+5.701295E+03,+42.26161E-06
+5.726214E+03,+8.764453E-06,+5.726214E+03,+40.95667E-06
+5.751165E+03,+10.72136E-06,+5.751165E+03,+43.05385E-06
+5.776158E+03,+9.387731E-06,+5.776158E+03,+41.86073E-06
+5.801174E+03,+11.15306E-06,+5.801174E+03,+43.76670E-06
+5.826295E+03,+9.121418E-06,+5.826295E+03,+41.87628E-06
+5.851267E+03,+9.131379E-06,+5.851267E+03,+42.02663E-06
+5.876109E+03,+10.27466E-06,+5.876109E+03,+43.30958E-06
+5.901249E+03,+8.309217E-06,+5.901249E+03,+41.48546E-06
+5.926119E+03,+9.960853E-06,+5.926119E+03,+43.27692E-06
+5.951378E+03,+8.044325E-06,+5.951378E+03,+41.50240E-06
+5.976323E+03,+7.909925E-06,+5.976323E+03,+41.50823E-06
+6.001415E+03,+9.502304E-06,+6.001415E+03,+43.24168E-06
+6.026450E+03,+7.772501E-06,+6.026450E+03,+41.65262E-06
+6.051286E+03,+6.825770E-06,+6.051286E+03,+40.84551E-06
+6.076249E+03,+7.236031E-06,+6.076249E+03,+41.39611E-06
+6.101508E+03,+8.504513E-06,+6.101508E+03,+42.80660E-06
+6.126721E+03,+7.277637E-06,+6.126721E+03,+41.72147E-06
+6.151507E+03,+7.831462E-06,+6.151507E+03,+42.41464E-06
+6.176369E+03,+6.309981E-06,+6.176369E+03,+41.03293E-06
+6.201322E+03,+7.199342E-06,+6.201322E+03,+42.06257E-06
+6.226369E+03,+7.471547E-06,+6.226369E+03,+42.47559E-06
+6.251415E+03,+7.834403E-06,+6.251415E+03,+42.97925E-06
+6.276461E+03,+5.517699E-06,+6.276461E+03,+40.80336E-06
+6.301536E+03,+5.741868E-06,+6.301536E+03,+41.16849E-06
+6.326536E+03,+6.260936E-06,+6.326536E+03,+41.82811E-06
+6.351337E+03,+6.580154E-06,+6.351337E+03,+42.28675E-06
+6.376174E+03,+5.388090E-06,+6.376174E+03,+41.23432E-06
+6.401258E+03,+5.422384E-06,+6.401258E+03,+41.40963E-06
+6.426276E+03,+3.577216E-06,+6.426276E+03,+39.70512E-06
+6.451499E+03,+3.737840E-06,+6.451499E+03,+40.00754E-06
+6.476591E+03,+5.179177E-06,+6.476591E+03,+41.58994E-06
+6.501341E+03,+3.680979E-06,+6.501341E+03,+40.23089E-06
+6.526044E+03,+5.235841E-06,+6.526044E+03,+41.92463E-06
+6.551054E+03,+5.325050E-06,+6.551054E+03,+42.15444E-06
+6.576628E+03,+4.158818E-06,+6.576628E+03,+41.13198E-06
+6.601544E+03,+4.647504E-06,+6.601544E+03,+41.76074E-06
+6.626497E+03,+4.527267E-06,+6.626497E+03,+41.78079E-06
+6.651230E+03,+5.548841E-06,+6.651230E+03,+42.94141E-06
+6.676416E+03,+5.601668E-06,+6.676416E+03,+43.13583E-06
+6.701544E+03,+4.682830E-06,+6.701544E+03,+42.35826E-06
+6.726462E+03,+4.329656E-06,+6.726462E+03,+42.14517E-06
+6.751582E+03,+4.783036E-06,+6.751582E+03,+42.73978E-06
+6.776545E+03,+4.084306E-06,+6.776545E+03,+42.18138E-06
+6.801677E+03,+4.937433E-06,+6.801677E+03,+43.17580E-06
+6.826424E+03,+3.833156E-06,+6.826424E+03,+42.21065E-06
+6.851295E+03,+2.760097E-06,+6.851295E+03,+41.27741E-06
+6.876563E+03,+3.319384E-06,+6.876563E+03,+41.97876E-06
+6.901684E+03,+4.973290E-06,+6.901684E+03,+43.77389E-06
+6.926887E+03,+4.482968E-06,+6.926887E+03,+43.42525E-06
+6.951629E+03,+3.425868E-06,+6.951629E+03,+42.50725E-06
+6.976406E+03,+2.929169E-06,+6.976406E+03,+42.14984E-06
+7.001730E+03,+2.559505E-06,+7.001730E+03,+41.92255E-06
+7.026406E+03,+1.945878E-06,+7.026406E+03,+41.44765E-06
+7.051554E+03,+2.332436E-06,+7.051554E+03,+41.97559E-06
+7.076628E+03,+3.795711E-06,+7.076628E+03,+43.57982E-06
+7.101545E+03,+3.010238E-06,+7.101545E+03,+42.93443E-06
+7.126461E+03,+2.967497E-06,+7.126461E+03,+43.03177E-06
+7.151332E+03,+2.188202E-06,+7.151332E+03,+42.39229E-06
+7.176684E+03,+2.275323E-06,+7.176684E+03,+42.62194E-06
+7.201925E+03,+935.7322E-09,+7.201925E+03,+41.42425E-06
+7.226988E+03,+1.648395E-06,+7.226988E+03,+42.27782E-06
+7.251767E+03,+1.498802E-06,+7.251767E+03,+42.26753E-06
+7.276924E+03,+550.9387E-09,+7.276924E+03,+41.46110E-06
+7.301962E+03,+106.1316E-09,+7.301962E+03,+41.15705E-06
+7.326875E+03,+2.031200E-06,+7.326875E+03,+43.22218E-06
+7.351823E+03,+1.344229E-06,+7.351823E+03,+42.67546E-06
+7.376980E+03,+524.3360E-09,+7.376980E+03,+41.99700E-06
+7.401952E+03,-64.70560E-09,+7.401952E+03,+41.54835E-06
+7.426922E+03,-114.1762E-09,+7.426922E+03,+41.63926E-06
+7.451791E+03,+690.1598E-09,+7.451791E+03,+42.58340E-06
+7.476978E+03,-463.3249E-09,+7.476978E+03,+41.57152E-06
+7.501823E+03,+373.6715E-09,+7.501823E+03,+42.54819E-06
+7.526721E+03,+170.1798E-09,+7.526721E+03,+42.48467E-06
+7.551749E+03,-674.6764E-09,+7.551749E+03,+41.78052E-06
+7.576860E+03,+531.1443E-09,+7.576860E+03,+43.12751E-06
+7.601676E+03,-1.898200E-06,+7.601676E+03,+40.83769E-06
+7.626461E+03,-558.1792E-09,+7.626461E+03,+42.31705E-06
+7.651461E+03,-234.9124E-09,+7.651461E+03,+42.78086E-06
+7.676526E+03,-873.2509E-09,+7.676526E+03,+42.28343E-06
+7.701860E+03,-1.536931E-06,+7.701860E+03,+41.76218E-06
+7.726855E+03,-837.1376E-09,+7.726855E+03,+42.60249E-06
+7.751554E+03,-1.076743E-06,+7.751554E+03,+42.50174E-06
+7.776767E+03,-1.424469E-06,+7.776767E+03,+42.29576E-06
+7.801786E+03,-1.382484E-06,+7.801786E+03,+42.47840E-06
+7.827101E+03,-2.030531E-06,+7.827101E+03,+41.97267E-06
+7.852045E+03,-2.341694E-06,+7.852045E+03,+41.80174E-06
+7.876959E+03,-3.130883E-06,+7.876959E+03,+41.15262E-06
+7.901943E+03,-3.584204E-06,+7.901943E+03,+40.83975E-06
+7.926846E+03,-4.653110E-06,+7.926846E+03,+39.91085E-06
+7.951749E+03,-2.394900E-06,+7.951749E+03,+42.30906E-06
+7.976980E+03,-3.105356E-06,+7.976980E+03,+41.74045E-06
+8.001959E+03,-4.290987E-06,+8.001959E+03,+40.69525E-06
+8.026851E+03,-1.815692E-06,+8.026851E+03,+43.31048E-06
+8.051962E+03,-1.205217E-06,+8.051962E+03,+44.06213E-06
+8.077091E+03,-3.527721E-06,+8.077091E+03,+41.88090E-06
+8.101913E+03,-2.793295E-06,+8.101913E+03,+42.75487E-06
+8.126832E+03,-5.220459E-06,+8.126832E+03,+40.46780E-06
+8.151979E+03,-5.541011E-06,+8.151979E+03,+40.28862E-06
+8.176702E+03,-4.212709E-06,+8.176702E+03,+41.75592E-06
+8.201832E+03,-3.380712E-06,+8.201832E+03,+42.72919E-06
+8.226860E+03,-1.617370E-06,+8.226860E+03,+44.63324E-06
+8.252118E+03,-3.171244E-06,+8.252118E+03,+43.22136E-06
+8.277073E+03,-3.816335E-06,+8.277073E+03,+42.71657E-06
+8.302092E+03,-3.576765E-06,+8.302092E+03,+43.09679E-06
+8.327203E+03,-4.560435E-06,+8.327203E+03,+42.25429E-06
+8.352249E+03,-5.462278E-06,+8.352249E+03,+41.49325E-06
+8.377147E+03,-5.295350E-06,+8.377147E+03,+41.80016E-06
+8.402083E+03,-4.452511E-06,+8.402083E+03,+42.78318E-06
+8.427240E+03,-4.653229E-06,+8.427240E+03,+42.72390E-06
+8.452460E+03,-4.975539E-06,+8.452460E+03,+42.54337E-06
+8.477166E+03,-7.482318E-06,+8.477166E+03,+40.17549E-06
+8.501888E+03,-6.668099E-06,+8.501888E+03,+41.12869E-06
+8.527147E+03,-5.666905E-06,+8.527147E+03,+42.27189E-06
+8.551999E+03,-8.047278E-06,+8.551999E+03,+40.03123E-06
+8.577240E+03,-4.786369E-06,+8.577240E+03,+43.43404E-06
+8.602187E+03,-5.370162E-06,+8.602187E+03,+42.99049E-06
+8.627139E+03,-5.263073E-06,+8.627139E+03,+43.23786E-06
+8.652258E+03,-6.206902E-06,+8.652258E+03,+42.43525E-06
+8.677202E+03,-6.073888E-06,+8.677202E+03,+42.70850E-06
+8.702240E+03,-6.326425E-06,+8.702240E+03,+42.59673E-06
+8.727215E+03,-6.814544E-06,+8.727215E+03,+42.24901E-06
+8.752009E+03,-6.308648E-06,+8.752009E+03,+42.89429E-06
+8.777063E+03,-6.049429E-06,+8.777063E+03,+43.29437E-06
+8.802055E+03,-7.430373E-06,+8.802055E+03,+42.05393E-06
+8.826885E+03,-7.250530E-06,+8.826885E+03,+42.37336E-06
+8.851888E+03,-7.113662E-06,+8.851888E+03,+42.65079E-06
+8.877082E+03,-7.416757E-06,+8.877082E+03,+42.48934E-06
+8.901980E+03,-8.857842E-06,+8.901980E+03,+41.18823E-06
+8.927026E+03,-8.308253E-06,+8.927026E+03,+41.87862E-06
+8.952139E+03,-10.38189E-06,+8.952139E+03,+39.94617E-06
+8.977110E+03,-9.186908E-06,+8.977110E+03,+41.28154E-06
+9.001922E+03,-8.145368E-06,+9.001922E+03,+42.46256E-06
+9.026854E+03,-8.952953E-06,+9.026854E+03,+41.79515E-06
+9.052230E+03,-8.231985E-06,+9.052230E+03,+42.65878E-06
+9.077045E+03,-7.860704E-06,+9.077045E+03,+43.16956E-06
+9.101916E+03,-9.644196E-06,+9.101916E+03,+41.52589E-06
+9.127102E+03,-10.37508E-06,+9.127102E+03,+40.93660E-06
+9.152129E+03,-9.732956E-06,+9.152129E+03,+41.71942E-06
+9.177249E+03,-10.00163E-06,+9.177249E+03,+41.59197E-06
+9.202193E+03,-9.449909E-06,+9.202193E+03,+42.28393E-06
+9.227224E+03,-9.491094E-06,+9.227224E+03,+42.38346E-06
+9.252259E+03,-11.15815E-06,+9.252259E+03,+40.85715E-06
+9.277185E+03,-10.73213E-06,+9.277185E+03,+41.42330E-06
+9.302389E+03,-9.720727E-06,+9.302389E+03,+42.57640E-06
+9.327203E+03,-9.626294E-06,+9.327203E+03,+42.81034E-06
+9.352092E+03,-10.71106E-06,+9.352092E+03,+41.86549E-06
+9.377119E+03,-11.16761E-06,+9.377119E+03,+41.54964E-06
+9.402120E+03,-11.72274E-06,+9.402120E+03,+41.13507E-06
+9.427397E+03,-11.16484E-06,+9.427397E+03,+41.83508E-06
+9.452271E+03,-12.59990E-06,+9.452271E+03,+40.53985E-06
+9.477222E+03,-10.76491E-06,+9.477222E+03,+42.51511E-06
+9.502231E+03,-11.49441E-06,+9.502231E+03,+41.92621E-06
+9.527230E+03,-12.46017E-06,+9.527230E+03,+41.10099E-06
+9.552342E+03,-11.55203E-06,+9.552342E+03,+42.15031E-06
+9.577286E+03,-11.52013E-06,+9.577286E+03,+42.32244E-06
+9.602230E+03,-12.35225E-06,+9.602230E+03,+41.63056E-06
+9.627149E+03,-12.27067E-06,+9.627149E+03,+41.85223E-06
+9.651943E+03,-12.57037E-06,+9.651943E+03,+41.69192E-06
+9.677027E+03,-13.11478E-06,+9.677027E+03,+41.28853E-06
+9.702313E+03,-12.11245E-06,+9.702313E+03,+42.43302E-06
+9.727509E+03,-13.23733E-06,+9.727509E+03,+41.44978E-06
+9.752379E+03,-12.92440E-06,+9.752379E+03,+41.90253E-06
+9.777480E+03,-11.73396E-06,+9.777480E+03,+43.23409E-06
+9.802300E+03,-12.83331E-06,+9.802300E+03,+42.27426E-06
+9.827146E+03,-11.86306E-06,+9.827146E+03,+43.38420E-06
+9.852295E+03,-14.07436E-06,+9.852295E+03,+41.31428E-06
+9.877509E+03,-14.00187E-06,+9.877509E+03,+41.52852E-06
+9.902573E+03,-14.65698E-06,+9.902573E+03,+41.01433E-06
+9.927592E+03,-14.34947E-06,+9.927592E+03,+41.46249E-06
+9.952263E+03,-13.45813E-06,+9.952263E+03,+42.49252E-06
+9.977128E+03,-14.15657E-06,+9.977128E+03,+41.93388E-06
+10.00330E+03,-13.99417E-06,+10.00330E+03,+42.24341E-06

MicroMag 2900/3900 Data File ends
