Keff(MJ/m3):0.018491319685824868 Ms(MA/m):1.0843042775314116
H(kOe) moment(emu) M(MA/m) M_norm()
9.967032999999999 5.88972e-05 1.0882705099778271 1.003657859263864
9.938537 5.827545e-05 1.076782150776053 0.9930627159633791
9.91036 5.939968e-05 1.0975550628233555 1.012220541379871
9.881879000000001 5.881106e-05 1.086678861788618 1.002189961163496
9.852934 5.820648e-05 1.0755077605321508 0.9918874091142686
9.82362 5.859447e-05 1.0826768292682927 0.9984990852689211
9.794582 5.835323e-05 1.078219327420547 0.9943881526274913
9.765388999999999 5.910741e-05 1.0921546563192905 1.0072400145886646
9.736152 5.850415e-05 1.0810079453067258 0.9969599564504251
9.706676 5.839384e-05 1.078969696969697 0.9950801812071981
9.676718999999999 5.88728e-05 1.087819660014782 1.0032420627274237
9.647499 5.851578e-05 1.0812228381374722 0.9971581414389007
9.617879 5.897372e-05 1.0896844050258685 1.0049618244674876
9.587999 5.889139e-05 1.0881631559497413 1.0035588519738345
9.558193 5.921337e-05 1.0941125277161863 1.0090456621706823
9.528165999999999 5.79873e-05 1.0714578713968959 0.9881523974398011
9.498296 5.927145e-05 1.0951856984478936 1.0100353942541436
9.468718999999998 5.797129e-05 1.0711620473022914 0.9878795735648663
9.438777 5.86916e-05 1.0844715447154472 1.0001542622191038
9.408942999999999 5.935128e-05 1.0966607538802662 1.0113957646436533
9.379036 5.863555e-05 1.0834358832224686 0.9991991230442068
9.348869 5.886775e-05 1.0877263488543976 1.0031560064770537
9.318841 5.83079e-05 1.0773817442719882 0.9936156912751617
9.289222 5.865569e-05 1.083808019216556 0.9995423255951869
9.259073 5.904861e-05 1.091068181818182 1.0062380130992101
9.228814 5.830288e-05 1.0772889874353289 0.9935301462500414
9.198546 5.826981e-05 1.076677937915743 0.9929666056164315
9.168794 5.913252e-05 1.092618625277162 1.007667910122682
9.139026 5.821143e-05 1.0755992239467849 0.9919717612804727
9.109156 5.850098e-05 1.080949371766445 0.9969059369823713
9.078935 5.835933e-05 1.078332039911308 0.9944921017616013
9.048879000000001 5.839887e-05 1.0790626385809312 0.9951658966407346
9.018989 5.872068e-05 1.085008869179601 1.0006498098945007
8.988805000000001 5.939222e-05 1.0974172209903919 1.012093416701107
8.958936 5.827642e-05 1.07680007390983 0.9930792455797868
8.929296 5.937782e-05 1.0971511456023653 1.0118480285812406
8.898944 5.838657e-05 1.0788353658536585 0.9949562942883488
8.868924999999999 5.829209e-05 1.077089615668884 0.9933462755685584
8.839073 5.869209e-05 1.084480598669623 1.0001626122315157
8.808916 5.832247e-05 1.0776509608277902 0.9938639763381099
8.778786 5.870688e-05 1.0847538802660754 1.0004146462796286
8.748833000000001 5.817188e-05 1.074868440502587 0.991297795992923
8.718954 5.79557e-05 1.0708739837398376 0.9876139068434275
8.689238999999999 5.816706e-05 1.0747793791574278 0.9912156591361342
8.659181 5.865741e-05 1.083839800443459 0.9995716358428375
8.629156 5.908965e-05 1.0918264966740578 1.0069373692408294
8.598786 5.86953e-05 1.084539911308204 1.000217313333236
8.568907 5.870595e-05 1.0847366962305987 1.0003987982968874
8.538924999999999 5.864177e-05 1.0835508130081302 0.9993051170793159
8.508879 5.908628e-05 1.0917642276422763 1.0068799416044438
8.478777000000001 5.927708e-05 1.095289726533629 1.0101313341926745
8.449119000000001 5.938351e-05 1.0972562823355507 1.0119449909702711
8.418666 5.833419e-05 1.0778675166297118 0.9940636950023346
8.388768 5.874272e-05 1.0854161123429418 1.0010253900446298
8.358832 5.974227e-05 1.1038852549889133 1.0180585633232777
8.329 5.873184e-05 1.0852150776053215 1.0008399856873973
8.298934 5.828221e-05 1.0769070583887659 0.9931779120529832
8.268823000000001 5.851553e-05 1.0812182187730968 0.9971538812284864
8.238721 5.837214e-05 1.0785687361419067 0.9947103949432325
8.208906 5.846662e-05 1.0803144863266816 0.9963204136630233
8.178888 5.889321e-05 1.0881967849223948 1.0035898663056508
8.148767 5.842285e-05 1.0795057280118256 0.9955745360236791
8.118628 5.90341e-05 1.09080007390983 1.0059907504867611
8.088643 5.873082e-05 1.0851962305986698 1.0008226040289068
8.05848 5.854215e-05 1.081710088691796 0.9976075084334062
8.028749 5.881637e-05 1.0867769770879527 1.0022804480326968
7.998721 5.847428e-05 1.0804560236511456 0.9964509465101188
7.968646 5.85362e-05 1.08160014781966 0.9975061154255446
7.938554 5.859667e-05 1.0827174796747967 0.9985365751205673
7.908461 5.871185e-05 1.0848457132298597 1.000499339262666
7.878693 5.877244e-05 1.0859652623798965 1.0015318438586873
7.848813 5.865947e-05 1.0838778640059128 0.9996067399766517
7.818545 5.824018e-05 1.076130450849963 0.9924616854781227
7.788693 5.846708e-05 1.0803229859571324 0.9963282524501857
7.7586 5.900978e-05 1.090350702143385 1.0055763172176533
7.72873 5.822488e-05 1.0758477457501847 0.9922009606007647
7.698841000000001 5.899739e-05 1.0901217664449372 1.0053651811895183
7.668461000000001 5.889821e-05 1.088289172209904 1.003675070513938
7.638517 5.846407e-05 1.0802673688100517 0.9962769595167968
7.608258 5.855658e-05 1.0819767184035476 0.9978534077785224
7.5781279999999995 5.87655e-05 1.0858370288248336 1.001413580417585
7.548539 5.901013e-05 1.0903571692535108 1.0055822815122335
7.518526 5.853387e-05 1.0815570953436806 0.9974664102644829
7.488721 5.880108e-05 1.0864944567627495 1.0020198935637552
7.458609 5.824974e-05 1.0763070953436809 0.9926245959243677
7.428618999999999 5.877237e-05 1.0859639689578715 1.0015306509997715
7.39861 5.896924e-05 1.0896016260162602 1.0048854814968626
7.3683689999999995 5.846992e-05 1.0803754619364376 0.9963766484404927
7.33849 5.873682e-05 1.0853070953436807 1.000924849078851
7.308539 5.854998e-05 1.0818547671840355 0.9977409382235837
7.278573000000001 5.861293e-05 1.0830179231337769 0.9988136592059165
7.24836 5.86455e-05 1.083619733924612 0.9993686794186979
7.2185820000000005 5.86019e-05 1.0828141167775314 0.9986256987224353
7.188286 5.86898e-05 1.0844382852919439 1.0001235887041204
7.157979999999999 5.865517e-05 1.0837984109386547 0.9995334643575248
7.128029000000001 5.890407e-05 1.0883974501108649 1.0037749298460503
7.098304 5.854501e-05 1.0817629342202513 0.9976562452405463
7.068304 5.856729e-05 1.0821746119733926 0.9980359151926731
7.0380259999999994 5.848948e-05 1.0807368810051736 0.9967099673033112
7.008166 5.799153e-05 1.0715360310421285 0.9882244802000119
6.97811 5.883356e-05 1.0870946045824097 1.0025733801007874
6.948180000000001 5.827985e-05 1.0768634515890614 0.9931376956666718
6.918647 5.883694e-05 1.0871570583887658 1.0026309781455893
6.888434 5.848159e-05 1.0805910938654841 0.9965755150626343
6.8582030000000005 5.840596e-05 1.0791936437546195 0.9952867162080857
6.82823 5.902923e-05 1.090710088691796 1.0059077615878895
6.798221 5.899391e-05 1.0900574648928307 1.0053058790605505
6.768184 5.889658e-05 1.0882590539541759 1.0036472939420362
6.738249 5.913893e-05 1.0927370657797488 1.0077771419177057
6.708036 5.873141e-05 1.0852071322985957 1.0008326581254845
6.677878 5.797825e-05 1.071290650406504 0.9879981778228016
6.648211 5.86342e-05 1.0834109386548412 0.9991761179079693
6.618147 5.855281e-05 1.0819070583887658 0.997789163805474
6.5878689999999995 5.818803e-05 1.0751668514412418 0.9915730055856898
6.557907 5.920398e-05 1.093939024390244 1.0088856486675193
6.528128 5.839212e-05 1.0789379157427939 0.9950508709595474
6.498045 5.892013e-05 1.0886941980783444 1.004048605763068
6.4678320000000005 5.842924e-05 1.0796237989652624 0.9956834270018698
6.438008 5.818784e-05 1.0751633407243164 0.991569767825775
6.407850000000001 5.812233e-05 1.0739528824833704 0.9904534222887991
6.377795 5.843335e-05 1.079699741315595 0.9957534648610817
6.34802 5.861944e-05 1.083138211382114 0.9989245950851062
6.318128 5.806566e-05 1.0729057649667406 0.9894877177920746
6.287989 5.850197e-05 1.0809676644493718 0.996922807415612
6.25773 5.884911e-05 1.0873819290465634 1.00283836518856
6.227823 5.898884e-05 1.0899637841832963 1.0052194819933475
6.1980200000000005 5.843435e-05 1.079718218773097 0.9957705057027391
6.168285 5.822597e-05 1.075867886178862 0.9922195351181714
6.138211 5.845378e-05 1.0800772357723576 0.9961016092561421
6.108207999999999 5.879259e-05 1.0863375831485589 1.001875216818084
6.078266999999999 5.841409e-05 1.0793438654841094 0.9954252582507603
6.048249 5.889497e-05 1.088229305247598 1.003619858186968
6.0181000000000004 5.885867e-05 1.0875585735402808 1.0030012756348043
5.988091000000001 5.863861e-05 1.0834924242424242 0.9992512680196783
5.958017 5.825791e-05 1.076458056171471 0.9927638196007085
5.927868999999999 5.831127e-05 1.0774440133037695 0.9936731189115471
5.8978410000000006 5.859337e-05 1.0826565040650407 0.998480340343098
5.867961 5.855283e-05 1.0819074279379157 0.9977895046223072
5.8380730000000005 5.839576e-05 1.0790051736881006 0.9951128996231802
5.8078590000000005 5.843976e-05 1.0798181818181818 0.9958626966561055
5.777711 5.889529e-05 1.0882352180339985 1.0036253112562983
5.747693 5.846332e-05 1.0802535107169253 0.9962641788855537
5.717536 5.859329e-05 1.0826550258684406 0.9984789770757654
5.687916 5.847969e-05 1.0805559866962309 0.9965431374634854
5.658220999999999 5.852957e-05 1.0814776422764227 0.9973931346453562
5.627924 5.846874e-05 1.0803536585365856 0.996356540247337
5.5978509999999995 5.84211e-05 1.0794733924611974 0.9955447145507786
5.567934 5.827247e-05 1.0767270879526978 0.9930119342552401
5.5375820000000004 5.921055e-05 1.0940604212860312 1.0089976069972084
5.507661 5.894924e-05 1.0892320768662231 1.0045446646637146
5.477841000000001 5.896447e-05 1.0895134885439763 1.0048041966821568
5.447573 5.83658e-05 1.0784515890613453 0.9946023560071248
5.4175450000000005 5.851498e-05 1.0812080561714708 0.9971445087655748
5.387656 5.888263e-05 1.0880012934220251 1.0034095742009157
5.357359000000001 5.855212e-05 1.0818943089430895 0.9977774056247304
5.327507 5.847765e-05 1.0805182926829269 0.9965083741465042
5.2974250000000005 5.867627e-05 1.0841882852919438 0.9998930261164959
5.267749 5.905515e-05 1.091189024390244 1.0063494602036493
5.237804 5.87526e-05 1.0855986696230597 1.0011937535602047
5.207591000000001 5.876272e-05 1.0857856614929786 1.0013662068777776
5.177638 5.803224e-05 1.0722882483370288 0.9889182128638844
5.147499 5.885033e-05 1.0874044715447155 1.0028591550153818
5.1172759999999995 5.861288e-05 1.0830169992609018 0.9988128071638336
5.087463 5.877846e-05 1.0860764966740575 1.001634429725465
5.057415 5.822597e-05 1.075867886178862 0.9922195351181714
5.027174 5.810727e-05 1.0736746119733924 0.9901967872134387
4.997693 5.902505e-05 1.0906328529194385 1.0058365308697619
4.967525999999999 5.884371e-05 1.0872821507760533 1.0027463446436098
4.93768 5.843558e-05 1.079740946045824 0.9957914659379776
4.9079690000000005 5.837841e-05 1.0786845898004436 0.9948172410204245
4.877746 5.858047e-05 1.0824181448632668 0.9982605134857175
4.847813 5.873948e-05 1.0853562453806358 1.0009701777176598
4.817906 5.856563e-05 1.0821439393939394 0.9980076273955218
4.787888 5.851642e-05 1.0812346637102734 0.9971690475775614
4.7578130000000005 5.832244e-05 1.077650406504065 0.9938634651128602
4.727887 5.880811e-05 1.0866243532889877 1.0021396906806068
4.6978230000000005 5.879209e-05 1.086328344419808 1.0018666963972553
4.667508 5.820973e-05 1.075567812269032 0.9919427918496554
4.637637 5.864498e-05 1.083610125646711 0.9993598181810358
4.6078220000000005 5.880059e-05 1.0864854028085735 1.002011543551343
4.577693 5.835863e-05 1.078319105691057 0.9944801731724413
4.547563 5.84565e-05 1.080127494456763 0.9961479603454504
4.517572 5.831194e-05 1.0774563932002956 0.9936845362754575
4.487813 5.861438e-05 1.0830447154471545 0.9988383684263197
4.457674 5.862557e-05 1.0832514781966 0.999029055444466
4.427656 5.850414e-05 1.0810077605321509 0.9969597860420085
4.397554 5.841871e-05 1.079429231337768 0.9955039869392175
4.367470999999999 5.798621e-05 1.0714377309682188 0.9881338229223946
4.337536 5.837073e-05 1.0785426829268294 0.9946863673564958
4.307332000000001 5.864535e-05 1.0836169623059868 0.9993661232924493
4.277554 5.814798e-05 1.0744268292682928 0.9908905198773112
4.247517 5.80006e-05 1.0717036215816704 0.9883790406338445
4.217286 5.787351e-05 1.0693553215077607 0.9862133200676063
4.1874340000000005 5.80404e-05 1.072439024390244 0.9890572661318088
4.1575169999999995 5.815566e-05 1.0745687361419067 0.9910213935412399
4.127359 5.827242e-05 1.0767261640798227 0.9930110822131573
4.0972669999999995 5.854298e-05 1.0817254249815225 0.9976216523319817
4.067156 5.840822e-05 1.0792354028085736 0.9953252285102314
4.037137 5.857975e-05 1.0824048410938656 0.9982482440797242
4.00697 5.860038e-05 1.0827860310421287 0.9985997966431162
3.977054 5.849107e-05 1.0807662601626016 0.9967370622415465
3.947276 5.839623e-05 1.0790138580931263 0.9951209088187591
3.916952 5.872822e-05 1.085148189209165 1.0007782978405975
3.8868690000000004 5.826543e-05 1.0765970066518848 0.9928919667299722
3.856859 5.818592e-05 1.075127864005913 0.9915370494097928
3.826619 5.854298e-05 1.0817254249815225 0.9976216523319817
3.796953 5.867221e-05 1.0841132668144862 0.9998238402993667
3.7672109999999996 5.870899e-05 1.0847928677014045 1.000450602455526
3.7368870000000003 5.869472e-05 1.084529194382853 1.0002074296450747
3.7069720000000004 5.812732e-05 1.0740450849963048 0.9905384560886695
3.6772669999999996 5.858426e-05 1.0824881744271988 0.998325098275599
3.647119 5.853561e-05 1.081589246119734 0.997496061328967
3.6171100000000003 5.850524e-05 1.0810280857354029 0.9969785309678317
3.58685 5.872154e-05 1.0850247597930525 1.000664465018326
3.557054 5.8218e-05 1.075720620842572 0.992083719610162
3.5272759999999996 5.842276e-05 1.0795040650406504 0.9955730023479299
3.497174 5.842988e-05 1.0796356245380636 0.9956943331405306
3.467174 5.824891e-05 1.0762917590539542 0.9926104520257919
3.436832 5.773069e-05 1.0667163710273466 0.9837795470620972
3.406628 5.854867e-05 1.0818305617147081 0.9977186147210125
3.3766 5.887511e-05 1.0878623429416114 1.0032814270716521
3.3468780000000002 5.837399e-05 1.0786029194382853 0.9947419205002989
3.3169989999999996 5.833852e-05 1.0779475240206948 0.994137481846711
3.286998 5.843372e-05 1.0797065779748707 0.9957597699724949
3.256989 5.841364e-05 1.0793355506282336 0.9954175898720146
3.227036 5.801094e-05 1.0718946784922396 0.9885552429365819
3.196721 5.80268e-05 1.0721877309682188 0.9888255106852682
3.166878 5.83919e-05 1.0789338507021435 0.9950471219743827
3.136813 5.844879e-05 1.0799850332594234 0.9960165754562719
3.106489 5.846177e-05 1.0802248706577975 0.9962377655809849
3.0766280000000004 5.77836e-05 1.0676940133037696 0.98468117799419
3.046424 5.882296e-05 1.08689874353289 1.0023927471792191
3.016554 5.83095e-05 1.0774113082039911 0.9936429566218135
2.986535 5.830357e-05 1.0773017368810052 0.993541904430785
2.9561930000000003 5.807852e-05 1.0731433850702143 0.9897068630157887
2.92635 5.848352e-05 1.0806267553584628 0.9966084038870332
2.896415 5.804548e-05 1.0725328898743534 0.9891438336074282
2.866727 5.801539e-05 1.0719769031781228 0.9886310746819573
2.836785 5.796809e-05 1.0711029194382853 0.9878250428715625
2.8067480000000002 5.825084e-05 1.0763274205469326 0.9926433408501907
2.7766930000000003 5.845815e-05 1.080157982261641 0.9961760777341852
2.746517 5.818718e-05 1.0751511456023652 0.9915585208702811
2.7167109999999997 5.823215e-05 1.0759820768662232 0.992324847519614
2.686545 5.800838e-05 1.0718473762010345 0.9885116183819389
2.656248 5.814394e-05 1.0743521803399854 0.9908216748770154
2.626406 5.824637e-05 1.0762448263118995 0.9925671682879822
2.596332 5.809665e-05 1.0734783813747228 0.9900158134750371
2.566332 5.846913e-05 1.0803608647450111 0.9963631861755834
2.5364720000000003 5.788204e-05 1.0695129342202512 0.9863586784469438
2.5064699999999998 5.815632e-05 1.0745809312638581 0.9910326404967338
2.4767020000000004 5.80436e-05 1.0724981522542498 0.9891117968251124
2.4465909999999997 5.855082e-05 1.081870288248337 0.9977552525305758
2.416683 5.75422e-05 1.0632335550628234 0.980567518818095
2.386915 5.775739e-05 1.067209719142646 0.9842345375343496
2.356915 5.825793e-05 1.076458425720621 0.9927641604175417
2.326498 5.839114e-05 1.078919807834442 0.9950341709347231
2.296674 5.813739e-05 1.0742311529933481 0.9907100573641594
2.266711 5.790165e-05 1.0698752771618627 0.9866928493518454
2.23651 5.769392e-05 1.0660369549150037 0.9831529553143548
2.206443 5.781306e-05 1.068238359201774 0.9851832011894168
2.176274 5.793718e-05 1.070531781226903 0.9872983104559325
2.1465349999999996 5.800365e-05 1.071759977827051 0.9884310152008995
2.116332 5.800048e-05 1.07170140428677 0.9883769957328455
2.086699 5.803453e-05 1.072330561714708 0.9889572363912797
2.05648 5.783887e-05 1.0687152623798966 0.9856230253125942
2.026646 5.775195e-05 1.067109201773836 0.9841418353557335
1.996461 5.786113e-05 1.0691265705838877 0.9860023544478878
1.966642 5.810078e-05 1.0735546932742057 0.9900861921510823
1.936674 5.802972e-05 1.072241685144124 0.9888752699429078
1.906609 5.798412e-05 1.07139911308204 0.9880982075633307
1.8763409999999998 5.804719e-05 1.0725644863266817 0.9891729734466626
1.846284 5.768164e-05 1.0658100517368811 0.9829436937788022
1.816498 5.797797e-05 1.0712854767184035 0.9879934063871376
1.786295 5.813095e-05 1.0741121581670363 0.9906003143438858
1.756548 5.767675e-05 1.065719696969697 0.9828603640630974
1.726452 5.80522e-05 1.0726570583887658 0.989258348063366
1.696359 5.81042e-05 1.073617886178862 0.9901444718295506
1.666174 5.784721e-05 1.068869364375462 0.9857651459320169
1.636161 5.763153e-05 1.0648841463414636 0.9820897772033501
1.606312 5.774061e-05 1.0668996674057651 0.9839485922113387
1.576619 5.775971e-05 1.0672525868440503 0.9842740722869948
1.5462850000000001 5.796337e-05 1.0710157058388765 0.9877446100989397
1.516156 5.842128e-05 1.0794767184035476 0.9955477819022769
1.486184 5.784726e-05 1.0688702882483372 0.9857659979740997
1.456321 5.729888e-05 1.0587376201034737 0.976421141226018
1.426508 5.782578e-05 1.0684733924611973 0.9853999606952988
1.396137 5.780748e-05 1.0681352549889136 0.9850881132929686
1.366072 5.806797e-05 1.0729484478935698 0.9895270821363031
1.33598 5.7918e-05 1.0701773835920179 0.9869714671129437
1.306133 5.770123e-05 1.0661720251293423 0.9832775238668705
1.276109 5.719554e-05 1.056828159645233 0.974660140649143
1.246137 5.70326e-05 1.0538174427198816 0.971883505909487
1.216045 5.745169e-05 1.0615611603843311 0.9790251522396842
1.186321 5.740464e-05 1.0606917960088693 0.9782233806397039
1.156471 5.779368e-05 1.067880266075388 0.9848529496780966
1.1265450000000001 5.74301e-05 1.0611622320768663 0.9786572404683013
1.096258 5.677816e-05 1.0491160384331117 0.9675476341581799
1.0660999999999998 5.762713e-05 1.0648028455284553 0.9820147975000575
1.036218 5.733919e-05 1.0594824464153734 0.9771080575532275
1.006443 5.711471e-05 1.0553346267553585 0.9732827294179757
0.976313 5.741878e-05 1.0609530672579452 0.9784643381407395
0.9460261000000001 5.660921e-05 1.0459942719881745 0.9646685839601631
0.9156371 5.709583e-05 1.0549857723577236 0.9729609983274841
0.88601 5.688982e-05 1.051179231337768 0.9694504145376445
0.8558316 5.680898e-05 1.0496855136733185 0.9680728328980607
0.8261232 5.712915e-05 1.055601441241685 0.9735287991715084
0.7945481 5.626446e-05 1.0396241685144125 0.9587937537987766
0.7663223 5.660661e-05 1.0459462305986698 0.9646242777718539
0.7360099 5.556031e-05 1.0266132668144863 0.9467944451457224
0.7060168 5.634491e-05 1.041110679970436 0.9601646895101137
0.6763224 5.585157e-05 1.0319950110864744 0.951757760686855
0.6460288000000001 5.406213e-05 0.9989307095343681 0.9212641969914481
0.6159705 5.365446e-05 0.9913980044345899 0.9143171570729783
0.5859149 5.291737e-05 0.977778455284553 0.9017565230957297
0.5561463999999999 5.009821e-05 0.9256875461936438 0.853715663928871
0.5260688 4.871891e-05 0.9002015890613452 0.8302112310308275
0.4957575 4.597676e-05 0.8495336289726535 0.7834826870800047
0.46595339999999996 4.249765e-05 0.7852485218034 0.7241957244613487
0.4358409 3.898695e-05 0.720379711751663 0.6643704416547358
0.40574829999999995 3.587485e-05 0.6628760162601626 0.6113376383327599
0.3758501 3.199437e-05 0.5911746119733924 0.5452109930980757
0.34591489999999997 2.873836e-05 0.5310118255728011 0.48972584225318444
0.3157205 2.623903e-05 0.48483056171470806 0.44713515547361
0.28572980000000003 2.352506e-05 0.43468329637841835 0.40088682244069246
0.2554983 2.090762e-05 0.386319660014782 0.3562834418529633
0.2256464 1.852063e-05 0.3422141537324464 0.31560712322518036
0.196026 1.553054e-05 0.28696489283074644 0.26465347299382325
0.165776 1.39714e-05 0.2581559497413156 0.23808441513211406
0.1354797 1.221602e-05 0.2257209903917221 0.20817126250355783
0.1054612 9.823579e-06 0.18151476348854395 0.16740205424790053
0.07551677999999999 8.591162e-06 0.1587428307464893 0.14640063129502007
0.04559085 6.772714e-06 0.12514253510716927 0.11541274686481533
0.01565567 5.026357e-06 0.09287429785661493 0.08565335375053376
-0.014501739999999999 2.14287e-06 0.039594789356984475 0.036516308362379804
-0.044659149999999995 2.010368e-06 0.037146489283074645 0.03425836276109179
-0.07469759000000001 1.085188e-06 0.020051515151515154 0.018492516876504043
-0.1043536 -6.1213e-07 -0.011310606060606061 -0.010431210403740569
-0.13427950000000002 -1.457297e-06 -0.026927143385070212 -0.024833567424795252
-0.1641684 -4.188093e-06 -0.07738531042128603 -0.07136862965944007
-0.1942919 -4.792489e-06 -0.0885530118255728 -0.08166804619380236
-0.2241592 -6.522659e-06 -0.12052215447154471 -0.11115159920417565
-0.2544092 -6.738597e-06 -0.12451213968957874 -0.11483136446999002
-0.28421640000000004 -7.951546e-06 -0.14692435328898742 -0.13550103631748434
-0.31415919999999997 -9.496829e-06 -0.17547725424981522 -0.16183395923634708
-0.34445549999999997 -1.087446e-05 -0.20093237250554324 -0.18530995096966438
-0.37441840000000004 -1.183125e-05 -0.21861141906873616 -0.20161445785904236
-0.4044184 -1.380792e-05 -0.25513525498891354 -0.2352985783379633
-0.4344555 -1.390334e-05 -0.2568983739837399 -0.23692461544891186
-0.4643014 -1.627746e-05 -0.3007660753880266 -0.27738161844456394
-0.4943721 -1.752178e-05 -0.32375794530672586 -0.29858587853569246
-0.5243351 -1.970514e-05 -0.3641008869179601 -0.3357921705767801
-0.5540851 -2.081553e-05 -0.3846180709534368 -0.35471415074473384
-0.5843259000000001 -2.162257e-05 -0.39953011825572804 -0.36846679159591705
-0.6145574 -2.312392e-05 -0.4272712490761271 -0.39405105921824546
-0.6445656000000001 -2.47281e-05 -0.45691241685144124 -0.4213876365882037
-0.674261 -2.791343e-05 -0.515769216555802 -0.4756683407447505
-0.7043351 -2.884131e-05 -0.5329140798226164 -0.4914801969018131
-0.7343351 -3.159014e-05 -0.5837054693274205 -0.5383225736749073
-0.7642796 -3.352066e-05 -0.6193765705838877 -0.5712202593113397
-0.7947240000000001 -3.621231e-05 -0.6691114190687362 -0.617088240758464
-0.8245562 -3.807799e-05 -0.7035844419807835 -0.6488809982218309
-0.8544185 -3.963301e-05 -0.7323172579453068 -0.6753798478159116
-0.8843629 -4.302173e-05 -0.7949321877309682 -0.7331264887571556
-0.9144648 -4.456232e-05 -0.8233983739837399 -0.7593794390061204
-0.9450018 -4.643634e-05 -0.8580254988913525 -0.7913143170889096
-0.9748486000000001 -4.876052e-05 -0.9009704360679972 -0.8309203004521917
-1.004326 -5.042395e-05 -0.9317063932002957 -0.8592665476903505
-1.034724 -5.099043e-05 -0.9421735033259424 -0.868919843672431
-1.064557 -5.257459e-05 -0.9714447524020695 -0.8959152633924082
-1.094872 -5.351768e-05 -0.9888706577974872 -0.9119863107510799
-1.1249 -5.374421e-05 -0.9930563562453807 -0.9158465726117294
-1.1546880000000002 -5.514223e-05 -1.0188882113821138 -0.9396700100655992
-1.184483 -5.434224e-05 -1.0041064301552107 -0.9260375071481006
-1.214539 -5.456308e-05 -1.0081869918699187 -0.9298008066197195
-1.244724 -5.506383e-05 -1.017439578713969 -0.9383340080796596
-1.274706 -5.629399e-05 -1.0401698078344421 -0.9592969698529193
-1.304567 -5.633859e-05 -1.0409939024390245 -0.9600569913908391
-1.3346959999999999 -5.494927e-05 -1.0153228011825572 -0.9363818092593885
-1.364622 -5.617659e-05 -1.038000554323725 -0.9572963750423412
-1.394335 -5.572962e-05 -1.0297416851441241 -0.9496796300467358
-1.424502 -5.575615e-05 -1.0302318920916482 -0.9501317235759066
-1.45465 -5.632374e-05 -1.040719512195122 -0.9598039348922268
-1.48452 -5.69402e-05 -1.0521101256467111 -0.970308932140344
-1.514465 -5.717999e-05 -1.056540835181079 -0.9743951555613704
-1.54453 -5.824978e-05 -1.0763078344419807 -0.9926252775580338
-1.5748440000000001 -5.676076e-05 -1.0487945306725794 -0.9672511235133411
-1.604613 -5.789569e-05 -1.0697651515151514 -0.9865912859355672
-1.634761 -5.703805e-05 -1.0539181448632668 -0.97197637849652
-1.664798 -5.763426e-05 -1.0649345898004434 -0.9821362987010748
-1.694576 -5.772078e-05 -1.0665332594235035 -0.9836106723212726
-1.724547 -5.721106e-05 -1.0571149297856617 -0.9749246145116657
-1.7546410000000001 -5.730425e-05 -1.058836844050259 -0.9765126505457182
-1.784594 -5.828258e-05 -1.0769138950480415 -0.9931842171643964
-1.814854 -5.75087e-05 -1.0626145602365116 -0.9799966506225725
-1.8446600000000002 -5.820305e-05 -1.0754443828529194 -0.9918289590273839
-1.8743720000000001 -5.892411e-05 -1.0887677383592018 -1.0041164283128643
-1.904768 -5.73905e-05 -1.0604305247597932 -0.9779824231386685
-1.935076 -5.695355e-05 -1.0523567997043608 -0.9705364273764702
-1.96478 -5.728861e-05 -1.0585478566149298 -0.9762461317821964
-1.994928 -5.796533e-05 -1.07105192165558 -0.9877780101485881
-2.0248720000000002 -5.696126e-05 -1.0524992609016999 -0.9706678122656486
-2.0551039999999996 -5.794374e-05 -1.0706529933481155 -0.9874100983772051
-2.085298 -5.758964e-05 -1.064110125646711 -0.9813759363463217
-2.1149340000000003 -5.887408e-05 -1.0878433111603842 -1.003263875004745
-2.144483 -5.718559e-05 -1.0566443089430895 -0.9744905842746518
-2.17478 -5.725109e-05 -1.0578545824094603 -0.975606759403211
-2.2047800000000004 -5.821594e-05 -1.0756825572801183 -0.9920486154763477
-2.234937 -5.746249e-05 -1.0617607169253511 -0.9792091933295841
-2.264965 -5.811039e-05 -1.0737322616407983 -0.9902499546394097
-2.294882 -5.836597e-05 -1.0784547302291205 -0.9946052529502065
-2.324807 -5.78474e-05 -1.0688728750923875 -0.9857683836919318
-2.355113 -5.845886e-05 -1.0801711012564672 -0.9961881767317619
-2.385067 -5.731322e-05 -1.0590025868440502 -0.976665506895385
-2.4150189999999996 -5.838245e-05 -1.078759238728751 -0.9948860860207203
-2.4449 -5.778894e-05 -1.0677926829268292 -0.9847721760886404
-2.4749369999999997 -5.751692e-05 -1.0627664449371765 -0.9801367263409961
-2.504891 -5.824994e-05 -1.0763107908351812 -0.9926280040926992
-2.534891 -5.757792e-05 -1.0638935698447896 -0.9811762176820973
-2.565104 -5.816058e-05 -1.074659645232816 -0.9911052344821943
-2.594688 -5.802704e-05 -1.0721921655580193 -0.988829600487266
-2.6247890000000003 -5.763022e-05 -1.064859940872136 -0.9820674537007787
-2.65478 -5.812717e-05 -1.0740423133776793 -0.9905358999624208
-2.685085 -5.783299e-05 -1.0686066149297857 -0.9855228251636488
-2.7150390000000004 -5.801382e-05 -1.0719478935698448 -0.9886043205605552
-2.74502 -5.8161e-05 -1.0746674057649668 -0.9911123916356905
-2.774735 -5.871546e-05 -1.0849124168514412 -1.000560856701049
-2.8045940000000003 -5.816183e-05 -1.0746827420546934 -0.9911265355342661
-2.834854 -5.874815e-05 -1.0855164449371766 -1.0011179218148292
-2.8648350000000002 -5.796039e-05 -1.0709606430155212 -0.9876938283908007
-2.8950210000000003 -5.83539e-05 -1.0782317073170733 -0.9943995699914018
-2.924992 -5.738409e-05 -1.0603120842572062 -0.9778731913436444
-2.9550569999999996 -5.780611e-05 -1.0681099408721362 -0.985064767339898
-2.984934 -5.871956e-05 -1.0849881744271987 -1.0006307241518444
-3.014752 -5.696752e-05 -1.0526149297856615 -0.970774487934424
-3.0449810000000004 -5.854687e-05 -1.0817973022912046 -0.997687941206029
-3.074733 -5.838938e-05 -1.0788872875092388 -0.9950041790534061
-3.1047800000000003 -5.828247e-05 -1.0769118625277163 -0.9931823426718142
-3.135224 -5.78182e-05 -1.0683333333333336 -0.985270791115536
-3.165206 -5.750681e-05 -1.0625796378418328 -0.9799644434318397
-3.19503 -5.868548e-05 -1.0843584626755358 -1.0000499722681604
-3.225094 -5.865329e-05 -1.0837636733185514 -0.9995014275752089
-3.2549740000000003 -5.740139e-05 -1.0606317442719884 -0.9781679979043175
-3.285317 -5.769498e-05 -1.0660565410199558 -0.9831710186065118
-3.3152429999999997 -5.89887e-05 -1.0899611973392462 -1.0052170962755154
-3.345335 -5.77277e-05 -1.066661123429416 -0.9837285949455417
-3.375085 -5.8e-05 -1.0716925351071693 -0.9883688161288501
-3.405335 -5.760219e-05 -1.0643420177383593 -0.9815897989091222
-3.435226 -5.907203e-05 -1.091500923872875 -1.006637109610826
-3.4651959999999997 -5.867191e-05 -1.0841077235772356 -0.9998187280468694
-3.495261 -5.793499e-05 -1.0704913155949742 -0.9872609910127028
-3.525058 -5.761887e-05 -1.0646502217294902 -0.9818740401479675
-3.555132 -5.816202e-05 -1.0746862527716188 -0.9911297732941811
-3.585187 -5.919214e-05 -1.093720251293422 -1.0086838851022957
-3.6151500000000003 -5.985505e-05 -1.105969142645972 -1.0199804294453987
-3.645335 -5.949694e-05 -1.0993521803399853 -1.0138779336394694
-3.675363 -5.840484e-05 -1.0791729490022173 -0.9952676304654294
-3.705122 -5.779766e-05 -1.0679538063562455 -0.984920772227893
-3.735159 -5.868931e-05 -1.084429231337768 -1.0001152386917083
-3.7651779999999997 -5.850945e-05 -1.0811058758314858 -0.9970502729112095
-3.794783 -5.810308e-05 -1.07359719142646 -0.9901253860868943
-3.8248539999999998 -5.97539e-05 -1.10410014781966 -1.0182567483117533
-3.854641 -5.805056e-05 -1.0726267553584627 -0.9892304010830479
-3.884891 -5.883937e-05 -1.0872019586104953 -1.0026723873908168
-3.914826 -5.882807e-05 -1.0869931633407244 -1.0024798258800882
-3.9449560000000004 -5.891918e-05 -1.0886766444937177 -1.0040324169634935
-3.974882 -5.854088e-05 -1.0816866223207686 -0.9975858665645013
-4.004937 -5.889507e-05 -1.0882311529933482 -1.0036215622711335
-4.034937 -5.837201e-05 -1.0785663340724316 -0.9947081796338171
-4.064965 -5.884406e-05 -1.087288617886179 -1.00275230893819
-4.095242 -5.929171e-05 -1.095560051736881 -1.0103806417061225
-4.125345 -5.750393e-05 -1.0625264227642277 -0.9799153658078665
-4.155065 -5.897176e-05 -1.089648189209165 -1.0049284244178391
-4.185149999999999 -5.850802e-05 -1.0810794530672578 -0.9970259045076392
-4.215095 -5.881587e-05 -1.0867677383592018 -1.002271927611868
-4.245363 -5.811059e-05 -1.0737359571322986 -0.9902533628077412
-4.27503 -5.855576e-05 -1.0819615668883962 -0.9978394342883633
-4.305113 -5.915232e-05 -1.0929844789356984 -1.0080053187874982
-4.335140999999999 -5.870016e-05 -1.084629711751663 -1.000300131823691
-4.365372000000001 -5.850089e-05 -1.08094770879527 -0.9969044033066221
-4.395335 -5.794993e-05 -1.0707673688100516 -0.9875155811870643
-4.425408999999999 -5.941086e-05 -1.0977616407982262 -1.0124110579896008
-4.4554279999999995 -5.815782e-05 -1.074608647450111 -0.99105820175922
-4.485283000000001 -5.774591e-05 -1.0669975979305248 -0.9840389086721227
-4.515141 -5.769463e-05 -1.06605007390983 -0.9831650543119316
-4.545187 -5.891304e-05 -1.0885631929046562 -1.003927786195717
-4.575317 -5.889939e-05 -1.088310975609756 -1.0036951787070936
-4.605326 -5.816036e-05 -1.0746555801921656 -0.9911014854970298
-4.635224 -5.841173e-05 -1.079300258684405 -0.9953850418644488
-4.665437 -5.812524e-05 -1.0740066518847007 -0.990503011138022
-4.6956880000000005 -5.773746e-05 -1.0668414634146342 -0.9838949135601177
-4.7256409999999995 -5.830994e-05 -1.077419438285292 -0.9936504545921427
-4.755668 -5.801295e-05 -1.0719318181818183 -0.9885894950283133
-4.785521 -5.921862e-05 -1.094209534368071 -1.0091351265893835
-4.815354 -5.883291e-05 -1.0870825942350333 -1.00256230355371
-4.845264 -5.845267e-05 -1.0800567257945308 -0.9960826939219026
-4.875206 -5.874391e-05 -1.0854381005173688 -1.001045668646202
-4.905048 -5.835155e-05 -1.078188285291944 -0.9943595240135069
-4.9351959999999995 -5.804723e-05 -1.0725652254249816 -0.9891736550803286
-4.965132 -5.829114e-05 -1.077072062084257 -0.9933300867689836
-4.994974 -5.772102e-05 -1.0665376940133038 -0.9836147621232701
-5.025058 -5.796532e-05 -1.071051736881005 -0.9877778397401715
-5.054817 -5.837463e-05 -1.0786147450110863 -0.9947528266389594
-5.0847430000000005 -5.810709e-05 -1.0736712860310422 -0.9901937198619404
-5.114789 -6.020963e-05 -1.1125208795269772 -1.0260227710802776
-5.144845 -5.830558e-05 -1.0773388765705838 -0.9935761565225164
-5.17503 -5.875056e-05 -1.085560975609756 -1.0011589902432236
-5.204752 -5.705692e-05 -1.0542668144863268 -0.9722979391785949
-5.234604 -5.8572e-05 -1.0822616407982262 -0.9981161775568793
-5.2649 -5.871099e-05 -1.0848298226164081 -1.0004846841388406
-5.294943 -5.809527e-05 -1.0734528824833702 -0.98999229711355
-5.324938 -5.834892e-05 -1.078139689578714 -0.994314706599948
-5.3548350000000005 -5.886347e-05 -1.0876472653362899 -1.00308307167476
-5.384826 -5.924177e-05 -1.0946372875092387 -1.0095296220737522
-5.414835 -5.816755e-05 -1.0747884331116038 -0.9912240091485464
-5.444641 -5.941657e-05 -1.0978671470805619 -1.0125083611954646
-5.474558 -5.922049e-05 -1.0942440872135994 -1.0091669929632827
-5.5047060000000005 -5.884543e-05 -1.0873139320029563 -1.0027756548912605
-5.534792 -5.931045e-05 -1.0959063192904657 -1.010699987078782
-5.564952 -5.94311e-05 -1.0981356245380636 -1.0127559646247466
-5.59483 -5.790388e-05 -1.0699164818920917 -0.9867308504287413
-5.624613 -5.911266e-05 -1.0922516629711752 -1.007329479007366
-5.654783 -5.803688e-05 -1.0723739837398376 -0.9889972823691748
-5.685123 -5.814682e-05 -1.0744053954175907 -0.9908707525009887
-5.714651 -5.85347e-05 -1.0815724316334074 -0.9974805541630587
-5.744687 -5.857107e-05 -1.0822444567627494 -0.998100329574138
-5.774642 -5.846034e-05 -1.08019844789357 -0.9962133971774148
-5.804811 -5.80019e-05 -1.0717276422764228 -0.9884011937279991
-5.8348819999999995 -5.850726e-05 -1.0810654101995565 -0.9970129534679796
-5.864764 -5.869096e-05 -1.084459719142646 -1.000143356080443
-5.894868000000001 -5.821825e-05 -1.0757252402069475 -0.9920879798205763
-5.9248199999999995 -5.776246e-05 -1.0673033998521804 -0.9843209346015526
-5.955085 -5.888819e-05 -1.0881040280857355 -1.0035043212805308
-5.9851980000000005 -5.887356e-05 -1.0878337028824836 -1.0032550137670833
-6.01483 -5.855401e-05 -1.081929231337768 -0.9978096128154629
-6.044981 -5.882846e-05 -1.0870003695491501 -1.0024864718083346
-6.074573999999999 -5.921802e-05 -1.0941984478935698 -1.009124902084389
-6.104743 -5.855765e-05 -1.0819964892830747 -0.9978716414790957
-6.135104 -5.860487e-05 -1.082868994826312 -0.998676310022158
-6.164821 -5.832028e-05 -1.0776104951958612 -0.9938266568948803
-6.194717 -5.891039e-05 -1.0885142276422763 -1.0038826279653248
-6.224824 -5.871303e-05 -1.084867516629712 -1.0005194474558217
-6.254462 -5.706223e-05 -1.0543649297856617 -0.9723884260477957
-6.28428 -5.814634e-05 -1.0743965262379898 -0.9908625728969931
-6.3144089999999995 -5.818668e-05 -1.0751419068736143 -0.9915500004494524
-6.3445469999999995 -5.846611e-05 -1.0803050628233555 -0.9963117228337779
-6.374404999999999 -5.83883e-05 -1.078867331855137 -0.9949857749444162
-6.4042449999999995 -5.841582e-05 -1.0793758314855877 -0.9954547389068277
-6.434418 -5.858588e-05 -1.0825181079083521 -0.9983527044390842
-6.4645 -5.89394e-05 -1.089050258684405 -1.0043769827818059
-6.494075 -5.82639e-05 -1.076568736141907 -0.9928658942422364
-6.5241869999999995 -5.856271e-05 -1.0820899852180341 -0.9979578681378822
-6.5542430000000005 -5.89133e-05 -1.0885679970436066 -1.003932216814548
-6.5845839999999995 -5.797166e-05 -1.071168883961567 -0.9878858786762795
-6.614283 -5.788202e-05 -1.0695125646711012 -0.9863583376301106
-6.6440850000000005 -5.878624e-05 -1.086220251293422 -1.0017670074735594
-6.674308 -5.910931e-05 -1.092189763488544 -1.0072723921878137
-6.704188 -5.805919e-05 -1.0727862158167036 -0.9893774635465511
-6.7342830000000005 -5.880557e-05 -1.086577420546933 -1.002096406942797
-6.764283000000001 -5.8269e-05 -1.0766629711751663 -0.9929528025346891
-6.794438 -5.853581e-05 -1.0815929416112342 -0.9974994694972982
-6.824349 -5.892596e-05 -1.0888019216555804 -1.0041479538699307
-6.854224 -5.749313e-05 -1.062326866223208 -0.9797313247179669
-6.884576 -5.802488e-05 -1.0721522542498154 -0.9887927922692861
-6.914566 -5.812566e-05 -1.0740144124168514 -0.9905101682915181
-6.944415 -5.833363e-05 -1.0778571692535108 -0.9940541521310065
-6.974245 -5.891837e-05 -1.0886616777531413 -1.004018613881751
-7.0039620000000005 -5.864824e-05 -1.0836703621581671 -0.9994153713248392
-7.034326 -5.749262e-05 -1.0623174427198818 -0.9797226338887216
-7.064028 -5.937568e-05 -1.0971116038433113 -1.0118115611800937
-7.094095 -5.830171e-05 -1.0772673688100518 -0.9935102084653024
-7.1237889999999995 -5.889654e-05 -1.0882583148558758 -1.00364661230837
-7.154256999999999 -5.80817e-05 -1.0732021433850703 -0.9897610528922591
-7.184024 -5.803369e-05 -1.0723150406504065 -0.9889429220842876
-7.21444 -5.843118e-05 -1.079659645232816 -0.9957164862346852
-7.244453 -5.829074e-05 -1.0770646711012564 -0.9933232704323206
-7.274434 -5.830214e-05 -1.0772753141167775 -0.9935175360272149
-7.304142 -5.891241e-05 -1.0885515521064304 -1.003917050465473
-7.334141 -5.834993e-05 -1.078158351810791 -0.994331917850022
-7.364273 -5.792379e-05 -1.0702843680709537 -0.9870701335861402
-7.394234 -5.903208e-05 -1.0907627494456762 -1.005956327986613
-7.4241790000000005 -5.846361e-05 -1.080258869179601 -0.9962691207296344
-7.453728 -5.88888e-05 -1.0881152993348113 -1.0035147161939417
-7.483959 -5.89939e-05 -1.0900572801182558 -1.0053057086521338
-7.513984000000001 -5.747659e-05 -1.0620212490761272 -0.9794494691969534
-7.544141 -5.820094e-05 -1.0754053954175906 -0.9917930028514869
-7.573981 -5.850724e-05 -1.0810650406504065 -0.9970126126511465
-7.603613 -5.872002e-05 -1.0849966740576498 -1.0006385629390069
-7.633566 -5.83304e-05 -1.0777974870657796 -0.9939991102124529
-7.663669 -5.84674e-05 -1.080328898743533 -0.996333705519516
-7.693896 -5.912956e-05 -1.0925639320029565 -1.0076174692313762
-7.7233339999999995 -5.83035e-05 -1.0773004434589801 -0.9935407115718692
-7.7534 -5.880067e-05 -1.0864868810051738 -1.0020129068186756
-7.7831719999999995 -5.836663e-05 -1.0784669253510717 -0.9946164999057003
-7.813472 -5.825434e-05 -1.0763920916481893 -0.9927029837959916
-7.843688 -5.799619e-05 -1.0716221359940874 -0.9883038905221354
-7.873754 -5.861093e-05 -1.0829809682187732 -0.9987795775226017
-7.903519 -5.849796e-05 -1.0808935698447895 -0.996854473640566
-7.933358 -5.873514e-05 -1.0852760532150778 -1.0008962204648668
-7.963462000000001 -5.784144e-05 -1.0687627494456762 -0.9856668202756536
-7.993585 -5.780903e-05 -1.0681638950480414 -0.9851145265975375
-8.023452 -5.816765e-05 -1.074790280857354 -0.991225713232712
-8.053021 -5.861393e-05 -1.0830364005912787 -0.9988307000475738
-8.083298 -5.773575e-05 -1.0668098669623058 -0.9838657737208836
-8.113053 -5.910757e-05 -1.0921576127124908 -1.00724274112333
-8.143132 -5.880041e-05 -1.0864820768662233 -1.0020084761998447
-8.173198000000001 -5.862122e-05 -1.083171101256467 -0.9989549277832563
-8.203039 -5.892342e-05 -1.0887549889135255 -1.0041046701321208
-8.233057 -5.832394e-05 -1.0776781226903178 -0.9938890263753463
-8.26315 -5.820658e-05 -1.075509608277901 -0.9918891131984344
-8.29298 -5.809795e-05 -1.0735024020694752 -0.9900379665691917
-8.323217000000001 -5.752153e-05 -1.0628516260162602 -0.9802152846210366
-8.352952 -5.834896e-05 -1.0781404286770142 -0.9943153882336143
-8.382952999999999 -5.876643e-05 -1.0858542128603106 -1.0014294284003267
-8.412914 -5.861817e-05 -1.0831147450110865 -0.9989029532162014
-8.442872 -5.825891e-05 -1.0764765336289728 -0.9927808604423659
-8.472983000000001 -5.774463e-05 -1.0669739467849224 -0.9840170963948013
-8.502886 -5.898548e-05 -1.0899016999260902 -1.0051622247653786
-8.532688 -5.83542e-05 -1.0782372505543238 -0.994404682243899
-8.562545 -5.829889e-05 -1.0772152623798965 -0.9934621532918285
-8.592604 -5.879173e-05 -1.0863216925351071 -1.0018605616942584
-8.622538 -5.905214e-05 -1.0911334072431635 -1.0062981672702607
-8.652642 -5.848076e-05 -1.0805757575757577 -0.9965613711640589
-8.682225 -5.878757e-05 -1.0862448263118996 -1.0017896717929637
-8.712659 -5.846648e-05 -1.080311899482631 -0.9963180279451911
-8.742446 -5.822924e-05 -1.0759283074648929 -0.992275258670391
-8.772065000000001 -5.854988e-05 -1.0818529194382853 -0.9977392341394179
-8.802011 -5.927819e-05 -1.095310236511456 -1.0101502495269143
-8.832158999999999 -5.87599e-05 -1.0857335550628233 -1.0013181517043037
-8.861754000000001 -5.804338e-05 -1.0724940872135995 -0.9891080478399478
-8.891743 -5.840732e-05 -1.079218773096822 -0.9953098917527398
-8.921955 -5.816275e-05 -1.074699741315595 -0.9911422131085909
-8.951763000000001 -5.805121e-05 -1.072638765705839 -0.9892414776301253
-8.981405 -5.884385e-05 -1.0872847376201034 -1.002748730361442
-9.011311 -5.802045e-05 -1.0720703991130822 -0.9887173013407439
-9.041272999999999 -5.833001e-05 -1.077790280857354 -0.9939924642842065
-9.071465 -5.804554e-05 -1.0725339985218034 -0.9891448560579277
-9.101474 -5.900755e-05 -1.090309497413156 -1.0055383161407572
-9.131442999999999 -5.774514e-05 -1.0669833702882483 -0.9840257872240465
-9.161104 -5.819508e-05 -1.0752971175166297 -0.9916931435193743
-9.190857 -5.859336e-05 -1.0826563192904657 -0.9984801699346814
-9.220782 -5.829615e-05 -1.0771646341463414 -0.9934154613856873
-9.250839 -5.896166e-05 -1.0894615668883962 -1.0047563119170995
-9.280717000000001 -5.827051e-05 -1.0766908721359942 -0.9929785342055917
-9.310853999999999 -5.836737e-05 -1.078480598669623 -0.9946291101285268
-9.340857 -5.907047e-05 -1.0914720990391722 -1.0066105258978406
-9.370868 -5.899157e-05 -1.0900142276422764 -1.005266003491072
-9.400319999999999 -5.832611e-05 -1.077718218773097 -0.9939260050017428
-9.430233 -5.905567e-05 -1.0911986326681449 -1.0063583214413112
-9.460196 -5.81235e-05 -1.0739745011086475 -0.9904733600735381
-9.490289 -5.829762e-05 -1.0771917960088693 -0.9934405114229237
-9.520112999999998 -5.902602e-05 -1.0906507760532151 -1.0058530604861695
-9.550094 -5.909013e-05 -1.0918353658536586 -1.0069455488448251
-9.580279 -5.800286e-05 -1.0717453806356245 -0.9884175529359901
-9.609801 -5.849765e-05 -1.080887841832964 -0.9968491909796522
-9.639880999999999 -5.836113e-05 -1.0783652993348116 -0.9945227752765848
-9.669918 -5.889621e-05 -1.0882522172949003 -1.003640988830623
-9.700292 -5.853263e-05 -1.0815341832963783 -0.9974452796208277
-9.729942999999999 -5.877731e-05 -1.0860552475979304 -1.001614832757559
-9.760121999999999 -5.863476e-05 -1.0834212860310422 -0.9991856607792975
-9.790047000000001 -5.807666e-05 -1.073109016999261 -0.9896751670503059
-9.820214 -5.815454e-05 -1.074548041389505 -0.9910023077985838
-9.850168 -5.791272e-05 -1.070079822616408 -0.9868814914689927
-9.88049 -5.896576e-05 -1.0895373244641537 -1.0048261793678948
-9.910207 -5.853114e-05 -1.0815066518847007 -0.9974198887667582
-9.940358 -5.79647e-05 -1.071040280857354 -0.987767274418344
-9.970353999999999 -5.836692e-05 -1.0784722838137473 -0.994621441749781
-9.992201999999999 -5.8107e-05 -1.073669623059867 -0.9901921861861912
-9.993964 -5.821454e-05 -1.0756566888396157 -0.9920247582980274
-9.965252 -5.833023e-05 -1.0777943458980046 -0.9939962132693714
-9.935753 -5.849824e-05 -1.08089874353289 -0.99685924507623
-9.906611000000002 -5.900618e-05 -1.0902841832963786 -1.0055149701876869
-9.877036 -5.853834e-05 -1.0816396895787141 -0.9975425828266915
-9.846938 -5.812006e-05 -1.073910938654841 -0.9904147395782368
-9.817112 -5.851613e-05 -1.0812293052475979 -0.9971641057334808
-9.787348 -5.827278e-05 -1.0767328159645233 -0.993017216916154
-9.7578 -5.891673e-05 -1.0886313747228382 -1.003990666901433
-9.727799000000001 -5.887524e-05 -1.0878647450110863 -1.0032836423810674
-9.697612999999999 -5.773054e-05 -1.0667135994087213 -0.9837769909358487
-9.667688 -5.881412e-05 -1.0867354028085736 -1.0022421061389675
-9.637659 -5.858227e-05 -1.0824514042867701 -0.9982911870007009
-9.608030000000001 -5.867509e-05 -1.0841664818920917 -0.9998729179233401
-9.577838 -5.911099e-05 -1.0922208056171472 -1.007301020801798
-9.548263 -5.845046e-05 -1.0800158906134518 -0.9960450336618398
-9.517975 -5.846075e-05 -1.0802060236511457 -0.9962203839224943
-9.487966 -5.795316e-05 -1.0708270509977829 -0.9875706231056178
-9.458291 -5.801021e-05 -1.0718811899482632 -0.9885428031221721
-9.428512000000001 -5.739423e-05 -1.0604994456762749 -0.9780459854780504
-9.398549000000001 -5.801029e-05 -1.0718826681448634 -0.9885441663895047
-9.368574 -5.836348e-05 -1.078408721359941 -0.9945628212544796
-9.338508 -5.848751e-05 -1.080700480413895 -0.9966763968452461
-9.308706 -5.833298e-05 -1.0778451589061344 -0.9940430755839289
-9.278763000000001 -5.782509e-05 -1.068460643015521 -0.9853882025145553
-9.248951 -5.824138e-05 -1.0761526237989654 -0.9924821344881118
-9.219036000000001 -5.834654e-05 -1.0780957132298594 -0.9942741493968033
-9.189141 -5.828962e-05 -1.0770439763488544 -0.9933041846896644
-9.159178 -5.856957e-05 -1.0822167405764966 -0.9980747683116519
-9.129379 -5.860576e-05 -1.0828854397634886 -0.998691476371233
-9.099602999999998 -5.854047e-05 -1.081679046563193 -0.9975788798194217
-9.069521 -5.877011e-05 -1.0859222099039172 -1.0014921386976257
-9.039367 -5.857839e-05 -1.0823797117516631 -0.9982250685350702
-9.009574 -5.90109e-05 -1.0903713968957873 -1.0055954029603096
-8.979809999999999 -5.813647e-05 -1.0742141537324466 -0.9906943797898345
-8.950111000000001 -5.858754e-05 -1.082548780487805 -0.9983809922362352
-8.919772 -5.875653e-05 -1.0856712860310422 -1.0012607240679183
-8.889819 -5.81504e-05 -1.0744715447154471 -0.9909317587141221
-8.859596 -5.895499e-05 -1.089338322246859 -1.0046426495032448
-8.829848 -5.888342e-05 -1.0880158906134516 -1.003423036465825
-8.800216 -5.886341e-05 -1.0876461566888398 -1.0030820492242607
-8.770123 -5.767007e-05 -1.0655962675535848 -0.9827465312408261
-8.739951 -5.838975e-05 -1.0788941241685146 -0.9950104841648194
-8.710064000000001 -5.818897e-05 -1.0751842202512936 -0.9915890239768478
-8.680225 -5.815612e-05 -1.0745772357723578 -0.9910292323284022
-8.650046 -5.845375e-05 -1.080076681448633 -0.9961010980308926
-8.620149 -5.870748e-05 -1.0847649667405765 -1.000424870784623
-8.590253 -5.952618e-05 -1.0998924611973393 -1.0143762078495315
-8.560404 -5.813884e-05 -1.0742579453067258 -0.9907347665845626
-8.530419 -5.944517e-05 -1.0983956023651147 -1.012995729266866
-8.500546 -5.84115e-05 -1.0792960088691799 -0.9953811224708677
-8.470753 -5.820056e-05 -1.0753983739837398 -0.9917865273316571
-8.440475000000001 -5.89636e-05 -1.0894974131559498 -1.0047893711499147
-8.410577 -5.85416e-05 -1.08169992609017 -0.9975981359704946
-8.380346 -5.815423e-05 -1.0745423133776795 -0.9909970251376701
-8.350493 -5.849415e-05 -1.0808231707317075 -0.9967895480338513
-8.320539 -5.891548e-05 -1.088608277900961 -1.0039693658493611
-8.290837999999999 -5.913674e-05 -1.0926966001478198 -1.007739822474476
-8.260938 -5.890899e-05 -1.0884883592017738 -1.0038587707870046
-8.230652 -5.887201e-05 -1.0878050628233558 -1.0032286004625142
-8.200828 -5.912609e-05 -1.092499815225425 -1.0075583375108248
-8.171196 -5.846961e-05 -1.080369733924612 -0.9963713657795789
-8.140932 -5.8157e-05 -1.0745934959349595 -0.991044228269061
-8.110909 -5.841758e-05 -1.0794083518107909 -0.9954847307881446
-8.080451 -5.918781e-05 -1.093640243902439 -1.0086100982579191
-8.050753 -5.849389e-05 -1.0808183665927569 -0.9967851174150202
-8.020818 -5.852104e-05 -1.0813200295639323 -0.9972477762660187
-7.990706 -5.817799e-05 -1.0749813377679232 -0.9914019155354495
-7.960752 -5.847805e-05 -1.0805256836659276 -0.9965151904831672
-7.930866 -5.849764e-05 -1.080887657058389 -0.9968490205712356
-7.90113 -5.861238e-05 -1.0830077605321509 -0.9988042867430049
-7.871271 -5.853979e-05 -1.0816664818920918 -0.9975672920470947
-7.841307 -5.879924e-05 -1.086460458240946 -1.0019885384151055
-7.810866 -5.822891e-05 -1.0759222099039172 -0.9922696351926441
-7.780835 -5.865485e-05 -1.0837924981522544 -0.9995280112881946
-7.750965 -5.893572e-05 -1.0889822616407983 -1.0043142724845067
-7.721045 -5.884049e-05 -1.0872226533628973 -1.002691473133473
-7.691474 -5.854586e-05 -1.0817786400591278 -0.9976707299559551
-7.660993 -5.873994e-05 -1.0853647450110866 -1.000978016504822
-7.63002 -5.825292e-05 -1.0763658536585368 -0.9926787858008382
-7.601507 -5.866302e-05 -1.0839434589800443 -0.9996672349645354
-7.571611 -5.854999e-05 -1.0818549519586107 -0.9977411086320003
-7.541592 -5.833158e-05 -1.077819290465632 -0.9940192184056088
-7.511611 -5.830522e-05 -1.0773322246858834 -0.9935700218195199
-7.481432 -5.884624e-05 -1.087328898743533 -1.0027894579730032
-7.451432 -5.866146e-05 -1.0839146341463415 -0.9996406512515499
-7.421437 -5.858569e-05 -1.0825145971914267 -0.9983494666791692
-7.391526 -5.857024e-05 -1.082229120473023 -0.9980861856755623
-7.361641 -5.839285e-05 -1.0789514042867703 -0.9950633107739573
-7.331381 -5.852044e-05 -1.081308943089431 -0.997237551761024
-7.30163 -5.836637e-05 -1.0784621212121213 -0.9946120692868694
-7.272011 -5.882179e-05 -1.0868771249076128 -1.00237280939448
-7.241771 -5.85968e-05 -1.082719881744272 -0.9985387904299827
-7.211881 -5.893015e-05 -1.088879342202513 -1.0042193549964749
-7.181456 -5.839251e-05 -1.0789451219512196 -0.9950575168877938
-7.151526 -5.866695e-05 -1.0840160753880266 -0.9997342054722489
-7.121863 -5.872887e-05 -1.0851601995565412 -1.0007893743876748
-7.091576 -5.813997e-05 -1.074278824833703 -0.9907540227356354
-7.061520000000001 -5.889206e-05 -1.0881755358462677 -1.0035702693377448
-7.0314 -5.806662e-05 -1.0729235033259423 -0.9895040770000656
-7.001667 -5.855061e-05 -1.0818664079822617 -0.9977516739538278
-6.9717139999999995 -5.915797e-05 -1.093088876570584 -1.0081015995428626
-6.941687 -5.878541e-05 -1.0862049150036954 -1.0017528635749837
-6.911724 -5.879729e-05 -1.0864244271988175 -1.0019553087738737
-6.881845 -5.833067e-05 -1.0778024759793052 -0.9940037112397004
-6.851408999999999 -5.863474e-05 -1.0834209164818922 -0.9991853199624643
-6.821517 -5.837799e-05 -1.0786768292682927 -0.9948100838669284
-6.791875 -5.932368e-05 -1.0961507760532152 -1.0109254374139094
-6.762076 -5.884557e-05 -1.0873165188470069 -1.0027780406090927
-6.731998 -5.829608e-05 -1.0771633407243164 -0.9934142685267713
-6.701798 -5.891314e-05 -1.0885650406504064 -1.0039294902798828
-6.6716679999999995 -5.893894e-05 -1.0890417590539543 -1.0043691439946436
-6.641418 -5.819615e-05 -1.0753168883961566 -0.9917113772199477
-6.611536 -5.857781e-05 -1.082368994826312 -0.9982151848469089
-6.582083 -5.85906e-05 -1.0826053215077607 -0.998433137211707
-6.551483 -5.912927e-05 -1.092558573540281 -1.0076125273872953
-6.521501 -5.841366e-05 -1.0793359201773836 -0.9954179306888475
-6.491676999999999 -5.860196e-05 -1.0828152254249817 -0.998626721172935
-6.461863 -5.876161e-05 -1.0857651515151514 -1.0013472915435377
-6.431752 -5.84349e-05 -1.079728381374723 -0.9957798781656506
-6.401592 -5.830632e-05 -1.0773525498891354 -0.993588766745343
-6.371835 -5.877644e-05 -1.0860391722099039 -1.0016000072253168
-6.341866 -5.798544e-05 -1.0714235033259425 -0.9881207014743184
-6.312372 -5.83703e-05 -1.0785347376201035 -0.9946790397945829
-6.282085 -5.797892e-05 -1.0713030303030304 -0.9880095951867123
-6.251956 -5.848723e-05 -1.0806953067257945 -0.9966716254095821
-6.2221589999999996 -5.875124e-05 -1.0855735402808573 -1.0011705780155506
-6.192113 -5.863078e-05 -1.083347745750185 -0.9991178382295011
-6.162029 -5.858767e-05 -1.08255118255728 -0.9983832075456507
-6.131956 -5.803295e-05 -1.0723013673318553 -0.9889303118614613
-6.102234 -5.88324e-05 -1.0870731707317074 -1.002553612724465
-6.072206 -5.862046e-05 -1.0831570583887657 -0.9989419767435967
-6.042372 -5.855613e-05 -1.0819684035476718 -0.9978457393997765
-6.012085 -5.788647e-05 -1.0695947893569846 -0.9864341693754862
-5.982326 -5.844036e-05 -1.079829268292683 -0.9958729211611002
-5.952187 -5.877933e-05 -1.0860925720620842 -1.0016492552577068
-5.921997999999999 -5.817721e-05 -1.0749669253510716 -0.9913886236789567
-5.8921779999999995 -5.84198e-05 -1.079449371766445 -0.995522561456624
-5.862242 -5.838253e-05 -1.078760716925351 -0.994887449288053
-5.832085 -5.866385e-05 -1.083958795269771 -0.999681378863111
-5.802281 -5.850545e-05 -1.0810319660014782 -0.9969821095445798
-5.772122 -5.832628e-05 -1.0777213599408721 -0.9939289019448245
-5.742347 -5.823633e-05 -1.076059312638581 -0.9923960782377419
-5.712566 -5.869597e-05 -1.0845522912047303 -1.0002287306971465
-5.682604 -5.870033e-05 -1.0846328529194385 -1.000303028766773
-5.652326 -5.840261e-05 -1.0791317442719883 -0.9952296293885334
-5.622196 -5.866257e-05 -1.0839351441241685 -0.9996595665857896
-5.591863 -5.822206e-05 -1.0757956393200294 -0.9921529054272908
-5.562215 -5.858226e-05 -1.0824512195121951 -0.9982910165922843
-5.532511 -5.864727e-05 -1.0836524390243902 -0.9993988417084315
-5.502196 -5.84774e-05 -1.0805136733185514 -0.9965041139360898
-5.472205 -5.844156e-05 -1.079851441241685 -0.9958933701710888
-5.442243 -5.851474e-05 -1.0812036215816705 -0.997140418963577
-5.412262 -5.901466e-05 -1.0904408721359942 -1.0056594765249414
-5.382289 -5.859507e-05 -1.0826879157427938 -0.9985093097739155
-5.3523559999999994 -5.853476e-05 -1.0815735402808573 -0.997481576613558
-5.322667999999999 -5.806472e-05 -1.0728883961566889 -0.9894716994009166
-5.292206 -5.835274e-05 -1.078210273466371 -0.9943798026150792
-5.262366 -5.87856e-05 -1.0862084257206208 -1.0017561013348988
-5.232418 -5.836885e-05 -1.078507945306726 -0.9946543305741797
-5.202465 -5.828566e-05 -1.0769708056171472 -0.9932367029567012
-5.172372 -5.831379e-05 -1.077490576496674 -0.9937160618325237
-5.141974 -5.847781e-05 -1.0805212490761271 -0.9965111006811694
-5.1122060000000005 -5.8499e-05 -1.0809127864005914 -0.9968721961158896
-5.082178 -5.86743e-05 -1.0841518847006653 -0.9998594556584308
-5.052243000000001 -5.856323e-05 -1.0820995934959348 -0.9979667293755439
-5.02253 -5.87778e-05 -1.0860643015521063 -1.0016231827699709
-4.992649999999999 -5.868785e-05 -1.0844022542498153 -1.0000903590628885
-4.962742 -5.775772e-05 -1.0672158167036216 -0.9842401610120967
-4.932791 -5.868304e-05 -1.0843133776792315 -1.0000083926145165
-4.902927 -5.851793e-05 -1.0812625646711012 -0.997194779248464
-4.872770999999999 -5.859665e-05 -1.0827171101256468 -0.9985362343037342
-4.842696 -5.795024e-05 -1.0707730968218774 -0.987520863847978
-4.812899000000001 -5.906321e-05 -1.091337952697709 -1.006486809387408
-4.782733 -5.848257e-05 -1.080609201773836 -0.9965922150874588
-4.7527420000000005 -5.863107e-05 -1.0833531042128604 -0.9991227800735817
-4.722816 -5.882491e-05 -1.0869347745750186 -1.0024259768204509
-4.692631 -5.831435e-05 -1.077500923872875 -0.9937256047038517
-4.662706 -5.836361e-05 -1.0784111234294163 -0.994565036563895
-4.63263 -5.846495e-05 -1.0802836289726534 -0.9962919554574553
-4.602677 -5.887708e-05 -1.08789874353289 -1.003314997529717
-4.572391 -5.872594e-05 -1.0851060606060607 -1.0007394447216187
-4.54239 -5.877341e-05 -1.0859831855136732 -1.0015483734750952
-4.512488 -5.769246e-05 -1.066009977827051 -0.9831280756855351
-4.482687 -5.813456e-05 -1.0741788617886179 -0.990661831782269
-4.452548 -5.791611e-05 -1.0701424611973394 -0.9869392599222113
-4.4225389999999996 -5.840573e-05 -1.079189393939394 -0.9952827968145045
-4.392517 -5.833642e-05 -1.077908721359941 -0.9941016960792305
-4.362631 -5.836548e-05 -1.0784456762749446 -0.9945969029377943
-4.332316 -5.844452e-05 -1.0799061345158907 -0.9959438110623948
-4.30263 -5.833026e-05 -1.0777949002217295 -0.9939967244946208
-4.272622 -5.839038e-05 -1.0789057649667406 -0.9950212198950635
-4.242437 -5.855477e-05 -1.0819432742054693 -0.9978225638551225
-4.2122790000000006 -5.887238e-05 -1.0878118994826314 -1.0032349055739276
-4.182196 -5.874971e-05 -1.0855452697708794 -1.0011445055278148
-4.152316 -5.847685e-05 -1.0805035107169254 -0.9964947414731783
-4.122526 -5.796904e-05 -1.0711204730229122 -0.9878412316711371
-4.0924830000000005 -5.817274e-05 -1.0748843311160385 -0.9913124511167484
-4.062094 -5.865908e-05 -1.0838706577974873 -0.9996000940484053
-4.032029 -5.898424e-05 -1.089878787878788 -1.0051410941217236
-4.0022150000000005 -5.850437e-05 -1.0810120103473762 -0.9969637054355898
-3.972585 -5.87254e-05 -1.0850960827790095 -1.0007302426671234
-3.942354 -5.830492e-05 -1.0773266814486326 -0.9935649095670225
-3.912279 -5.901158e-05 -1.0903839615668884 -1.0056069907326366
-3.882187 -5.865191e-05 -1.0837381744271988 -0.9994779112137216
-3.851946 -5.832855e-05 -1.0777633037694012 -0.9939675846553868
-3.8223000000000003 -5.882895e-05 -1.0870094235033259 -1.0024948218207468
-3.792344 -5.825054e-05 -1.076321877309682 -0.9926382285976935
-3.7621219999999997 -5.88795e-05 -1.0879434589800443 -1.003356236366528
-3.732234 -5.898109e-05 -1.0898205838876571 -1.0050874154705027
-3.7023629999999996 -5.873383e-05 -1.0852518477457502 -1.0008738969622955
-3.672501 -5.868994e-05 -1.0844408721359942 -1.0001259744219524
-3.642298 -5.799163e-05 -1.0715378787878787 -0.9882261842841775
-3.612366 -5.867655e-05 -1.0841934589800444 -0.9998977975521599
-3.58227 -5.837889e-05 -1.0786934589800443 -0.99482542062442
-3.552261 -5.840019e-05 -1.0790870288248338 -0.9951883905517226
-3.5223069999999996 -5.833188e-05 -1.0778248337028826 -0.994024330658106
-3.492372 -5.849044e-05 -1.0807546193643756 -0.9967263265113023
-3.462328 -5.870198e-05 -1.0846633407243165 -1.0003311461555076
-3.432576 -5.861901e-05 -1.083130266075388 -0.9989172675231935
-3.402335 -5.880114e-05 -1.0864955654101995 -1.0020209160142546
-3.3722689999999997 -5.805582e-05 -1.0727239467849223 -0.9893200359101657
-3.342413 -5.872923e-05 -1.0851668514412418 -1.0007955090906715
-3.312502 -5.835701e-05 -1.078289172209904 -0.9944525670089561
-3.282529 -5.831479e-05 -1.0775090539541758 -0.993733102674181
-3.252168 -5.792042e-05 -1.0702220990391722 -0.9870127059497547
-3.222131 -5.829693e-05 -1.077179046563193 -0.99342875324218
-3.192316 -5.865479e-05 -1.0837913895048041 -0.999526988837695
-3.162363 -5.842518e-05 -1.079548780487805 -0.995614241184741
-3.1320569999999996 -5.779847e-05 -1.067968773096822 -0.9849345753096355
-3.102085 -5.754037e-05 -1.063199741315595 -0.980536334077862
-3.0718069999999997 -5.820937e-05 -1.0755611603843314 -0.9919366571466587
-3.04177 -5.875565e-05 -1.0856550258684405 -1.0012457281272598
-3.012149 -5.826611e-05 -1.0766095713229862 -0.9929035545022992
-2.982131 -5.823719e-05 -1.0760752032520324 -0.9924107333615672
-2.952168 -5.845121e-05 -1.080029748706578 -0.9960578142930827
-2.9218159999999997 -5.860697e-05 -1.0829077974870658 -0.9987120957896385
-2.8921959999999998 -5.820531e-05 -1.0754861419068735 -0.9918674713295296
-2.862039 -5.842152e-05 -1.0794811529933481 -0.9955518717042747
-2.8323470000000004 -5.834402e-05 -1.078049150036955 -0.9942312064758266
-2.802261 -5.871152e-05 -1.0848396156688842 -1.000493715784919
-2.7719549999999997 -5.823313e-05 -1.076000184774575 -0.9923415475444383
-2.742168 -5.87262e-05 -1.0851108647450112 -1.0007438753404496
-2.711927 -5.840987e-05 -1.0792658906134516 -0.9953533458989661
-2.682102 -5.810668e-05 -1.0736637102734665 -0.9901867331168609
-2.652363 -5.858424e-05 -1.0824878048780489 -0.9983247574587658
-2.622187 -5.843243e-05 -1.0796827420546933 -0.9957377872867569
-2.592205 -5.775283e-05 -1.0671254619364376 -0.984156831296392
-2.562279 -5.827973e-05 -1.0768612342941613 -0.9931356507656729
-2.532001 -5.836125e-05 -1.078367516629712 -0.9945248201775837
-2.502048 -5.778699e-05 -1.0677566518847006 -0.9847389464474084
-2.4718809999999998 -5.809889e-05 -1.073519770879527 -0.9900539849603497
-2.442366 -5.823965e-05 -1.0761206577974871 -0.9924526538320446
-2.412696 -5.77711e-05 -1.0674630450849962 -0.9844681674734725
-2.3823809999999996 -5.753203e-05 -1.0630456393200296 -0.9803942134584392
-2.352224 -5.83517e-05 -1.0781910569105693 -0.9943620801397555
-2.322159 -5.742608e-05 -1.0610879526977088 -0.9785887362848386
-2.291969 -5.787731e-05 -1.0694255358462676 -0.9862780752659044
-2.262465 -5.846537e-05 -1.0802913895048043 -0.9962991126109516
-2.232498 -5.795401e-05 -1.0708427568366594 -0.9875851078210266
-2.202585 -5.847012e-05 -1.080379157427938 -0.9963800566088241
-2.172131 -5.844927e-05 -1.0799939024390244 -0.9960247550602673
-2.1421959999999998 -5.844122e-05 -1.0798451589061346 -0.9958875762849255
-2.112353 -5.806086e-05 -1.0728170731707318 -0.9894059217521192
-2.08214 -5.822769e-05 -1.075899667405765 -0.9922488453658221
-2.052029 -5.796685e-05 -1.071080007390983 -0.9878039122279073
-2.021856 -5.884717e-05 -1.0873460827790098 -1.0028053059557445
-1.992048 -5.806205e-05 -1.0728390613451588 -0.9894262003536912
-1.962039 -5.798889e-05 -1.0714872505543238 -0.9881794923780364
-1.9321220000000001 -5.817586e-05 -1.0749419807834442 -0.9913656185427193
-1.902196 -5.804321e-05 -1.072490946045824 -0.989105150896866
-1.871798 -5.802143e-05 -1.072088507021434 -0.9887340013655681
-1.841856 -5.774804e-05 -1.0670369549150036 -0.984075205664853
-1.812057 -5.792211e-05 -1.0702533259423503 -0.9870415049721556
-1.782168 -5.824303e-05 -1.0761831116038434 -0.9925102518768465
-1.7519369999999999 -5.788496e-05 -1.0695668883961569 -0.9864084377045835
-1.721807 -5.80475e-05 -1.0725702143385072 -0.9891782561075764
-1.691659 -5.757944e-05 -1.0639216555801922 -0.9812021197614165
-1.6619030000000001 -5.827415e-05 -1.0767581300813007 -0.9930405628692245
-1.6321130000000001 -5.769018e-05 -1.0659678492239468 -0.9830892225665562
-1.602057 -5.762402e-05 -1.0647453806356246 -0.981961800482503
-1.5718530000000002 -5.796126e-05 -1.0709767184035477 -0.9877086539230425
-1.541557 -5.76443e-05 -1.065120103473762 -0.9823073887513151
-1.511641 -5.782563e-05 -1.068470620842572 -0.9853974045690502
-1.481548 -5.778635e-05 -1.0677448263118996 -0.9847280403087477
-1.45164 -5.777318e-05 -1.0675014781966001 -0.9845036124241199
-1.421751 -5.735335e-05 -1.0597440872135995 -0.9773493558710962
-1.391807 -5.782564e-05 -1.068470805617147 -0.9853975749774668
-1.3616679999999999 -5.733795e-05 -1.059459534368071 -0.9770869269095723
-1.331603 -5.737628e-05 -1.0601677753141168 -0.9777401023703003
-1.3017699999999999 -5.771215e-05 -1.0663737989652624 -0.9834636098577693
-1.2716310000000002 -5.766729e-05 -1.0655449002217297 -0.9826991577010186
-1.24196 -5.765795e-05 -1.0653723207686623 -0.9825399962399385
-1.212011 -5.770813e-05 -1.066299519586105 -0.9833951056743063
-1.1819179999999998 -5.777735e-05 -1.0675785291943827 -0.9845746727338311
-1.152196 -5.743935e-05 -1.0613331485587585 -0.9788148682536322
-1.122002 -5.763588e-05 -1.0649645232815965 -0.9821639048645597
-1.091742 -5.780681e-05 -1.0681228750923875 -0.9850766959290581
-1.0620070000000001 -5.705374e-05 -1.0542080561714708 -0.9722437493021244
-1.0320850000000001 -5.732983e-05 -1.059309497413156 -0.9769485552753144
-1.0018719999999999 -5.682764e-05 -1.050030303030303 -0.9683908150033875
-0.9718441 -5.705616e-05 -1.0542527716186252 -0.9722849881389353
-0.9419274000000001 -5.801353e-05 -1.0719425351071694 -0.9885993787164746
-0.9114552 -5.711072e-05 -1.0552609016999264 -0.9732147364597629
-0.8813256 -5.671302e-05 -1.0479124168514413 -0.9664375937326172
-0.8518372000000001 -5.725416e-05 -1.0579113082039913 -0.9756590747870993
-0.8217607 -5.682668e-05 -1.0500125646711012 -0.9683744557953965
-0.7916681999999999 -5.714278e-05 -1.0558532889874355 -0.9737610658432989
-0.7616297 -5.716025e-05 -1.0561760901699926 -0.9740587693470535
-0.7315941 -5.645495e-05 -1.0431439393939395 -0.9620398637260935
-0.7018163 -5.605937e-05 -1.0358346267553584 -0.9552988475832614
-0.67152 -5.640678e-05 -1.0422538802660755 -0.9612190063834568
-0.6416774000000001 -5.542897e-05 -1.0241864375461938 -0.9445563010024405
-0.611658 -5.439369e-05 -1.0050570953436808 -0.9269142584513737
-0.581483 -5.335007e-05 -0.9857736511456024 -0.9091300952808842
-0.5514274 -5.166151e-05 -0.9545733555062824 -0.8803556116918749
-0.5217617999999999 -4.916456e-05 -0.9084360679970436 -0.837805482115445
-0.4916497 -4.704515e-05 -0.8692747597930525 -0.8016889518983477
-0.4615826 -4.460702e-05 -0.8242243163340726 -0.7601411646282059
-0.4313904 -4.071516e-05 -0.7523126385809313 -0.6938205946154605
-0.401658 -3.749807e-05 -0.6928689948263119 -0.638998673327875
-0.3718626 -3.368457e-05 -0.6224052106430155 -0.574013423667403
-0.3416219 -3.069258e-05 -0.5671208425720621 -0.5230273958368968
-0.3119128 -2.778884e-05 -0.5134671101256467 -0.4735452222826557
-0.2814829 -2.455625e-05 -0.4537370657797487 -0.4184591679493806
-0.25152 -2.140498e-05 -0.395509608277901 -0.3647588748596847
-0.2216486 -1.932146e-05 -0.35701145602365114 -0.3292539404496712
-0.1913626 -1.69789e-05 -0.3137269031781227 -0.2893347464167264
-0.16145990000000002 -1.48911e-05 -0.275149667405765 -0.2537568772044193
-0.1313996 -1.245876e-05 -0.23020620842572062 -0.21230775640747365
-0.1012978 -1.083162e-05 -0.20014079822616407 -0.1845799213130616
-0.07145988 -8.955526e-06 -0.16547535107169256 -0.15260970052467476
-0.04152924 -7.47457e-06 -0.1381110495195861 -0.12737296382710722
-0.0117429 -6.115351e-06 -0.11299613821138212 -0.10421072807038585
0.01854484 -4.322516e-06 -0.07986910569105692 -0.07365931071755194
0.048554099999999996 -2.822933e-06 -0.05216062453806357 -0.04810515426243212
0.07876707000000001 -1.489288e-06 -0.027518255728011826 -0.025378720990256946
0.1086652 9.118181e-07 0.01684808019216556 0.015538147862445817
0.1385873 7.75532e-07 0.014329859571322986 0.013215718012242058
0.1687578 2.721566e-06 0.05028762010347376 0.046377775266147066
0.1988137 4.205553e-06 0.07770792682926829 0.07166616275477816
0.228693 5.612149e-06 0.10369824464153733 0.0956357424667019
0.2585684 6.574696e-06 0.12148366592756837 0.11203835348150147
0.2883874 8.241777e-06 0.1522870842572062 0.14044681683255145
0.3189522 9.570131e-06 0.17683168883961567 0.16308308701151739
0.34870049999999997 1.08344e-05 0.20019216555801925 0.1846272948528692
0.3787023 1.15555e-05 0.21351626016260164 0.19691544577201597
0.4085819 1.274383e-05 0.2354735772357724 0.21716558913874695
0.43862819999999997 1.404039e-05 0.2594307095343681 0.23926006279805767
0.4686722 1.580161e-05 0.29197357723577233 0.26927273394189305
0.4989337 1.734294e-05 0.3204534368070953 0.29553829441368407
0.5290912 1.826249e-05 0.33744438285291944 0.3112082003597407
0.5587477 1.994473e-05 0.3685279009608278 0.3398749858294752
0.5885264 2.176014e-05 0.4020720620842573 0.3708111001827248
0.6186157 2.277079e-05 0.4207463045084997 0.38803342680377
0.6488042 2.411197e-05 0.44552790096082784 0.4108882628178336
0.6789059999999999 2.703197e-05 0.4994820768662232 0.46064752045742396
0.7089430999999999 2.793873e-05 0.5162366962305986 0.4760994740386825
0.7389741 3.072735e-05 0.5677633037694014 0.5236199059013246
0.7689708000000001 3.268875e-05 0.6040049889135255 0.557043812728137
0.7990308 3.419935e-05 0.6319170362158167 0.5827857081357963
0.8288412 3.584014e-05 0.6622346637102735 0.6107461507188318
0.8590078999999999 3.918453e-05 0.724030487804878 0.6677373711494036
0.8887571000000001 4.148434e-05 0.7665251293422026 0.7069280692014949
0.9186375 4.421156e-05 0.8169172209903918 0.7534021933863728
0.9490540999999999 4.658001e-05 0.8606801552106431 0.7937625748098276
0.9789836000000001 4.807919e-05 0.8883811899482631 0.8193098638057593
1.009017 4.988084e-05 0.9216711012564672 0.8500114961778032
1.039239 5.090823e-05 0.9406546563192905 0.8675190864881932
1.069212 5.213192e-05 0.9632653362897267 0.8883717940159297
1.099427 5.357955e-05 0.9900138580931265 0.913040627624423
1.128869 5.432131e-05 1.003719696969697 0.9256808423322114
1.159073 5.412944e-05 1.0001744271988176 0.9224112160434073
1.1887860000000001 5.477763e-05 1.01215133037694 0.9334569191973133
1.219021 5.537744e-05 1.0232342941611234 0.9436781864318349
1.248776 5.575057e-05 1.030128787878788 0.9500366356794584
1.278675 5.593128e-05 1.0334678492239469 0.953116086175366
1.308962 5.667125e-05 1.0471406134515893 0.9657257977765878
1.338965 5.573387e-05 1.0298202143385071 0.9497520536237799
1.368786 5.698335e-05 1.0529074279379158 0.9710442444578605
1.398952 5.707277e-05 1.054559682187731 0.9725680365188646
1.4289459999999998 5.730859e-05 1.0589170362158167 0.9765866077985113
1.458647 5.745736e-05 1.0616659275683666 0.9791217738118818
1.488712 5.746019e-05 1.061718218773097 0.9791699993937721
1.518989 5.677686e-05 1.0490920177383591 0.967525481064025
1.548971 5.757075e-05 1.063761086474501 0.9810540348474136
1.579267 5.729781e-05 1.0587178492239468 0.9764029075254446
1.609026 5.792463e-05 1.0702998891352549 0.9870844478931322
1.639054 5.67997e-05 1.0495140428677014 0.96791469388748
1.668943 5.767401e-05 1.065669068736142 0.9828136721569563
1.699249 5.804284e-05 1.0724841093865485 0.9890988457854527
1.729462 5.756447e-05 1.0636450480413897 0.9809470183618053
1.759399 5.80371e-05 1.072378048780488 0.9890010313543394
1.788934 5.785659e-05 1.0690426829268291 0.9859249890267631
1.819304 5.765498e-05 1.065317442719882 0.9824893849402161
1.849116 5.874597e-05 1.0854761640798227 1.0010807727800162
1.879128 5.820109e-05 1.075408167036216 0.9917955589777354
1.909323 5.808068e-05 1.0731832963784185 0.9897436712337686
1.939239 5.799472e-05 1.0715949741315594 0.9882788404848989
1.969276 5.87917e-05 1.0863211382113822 1.001860050469009
1.9993889999999999 5.791013e-05 1.070031966001478 0.9868373556890999
2.029239 5.829591e-05 1.0771601995565412 0.9934113715836895
2.059536 5.832935e-05 1.0777780857354027 0.9939812173287127
2.089388 5.825621e-05 1.0764266444937178 0.9927348501698909
2.1192379999999997 5.84417e-05 1.0798540280857356 0.995895755888921
2.149128 5.764344e-05 1.0651042128603105 0.9822927336274897
2.179101 5.751123e-05 1.0626613082039913 0.9800397639519656
2.209517 5.782884e-05 1.0685299334811529 0.9854521056707705
2.2393780000000003 5.800982e-05 1.0718739837398374 0.9885361571939257
2.2692759999999996 5.789747e-05 1.0697980413895047 0.9866216186337173
2.299517 5.879524e-05 1.0863865484109387 1.001920375048476
2.329342 5.802159e-05 1.0720914634146343 0.9887367279002333
2.359128 5.758122e-05 1.0639545454545456 0.9812324524595666
2.389536 5.831924e-05 1.077591278640059 0.9938089344195563
2.4194250000000004 5.82238e-05 1.0758277900960829 0.9921825564917749
2.449536 5.847476e-05 1.0804648928307465 0.9964591261141144
2.47948 5.799619e-05 1.0716221359940874 0.9883038905221354
2.5092849999999998 5.822123e-05 1.075780303030303 0.9921387615287153
2.538962 5.844874e-05 1.0799841093865483 0.996015723414189
2.569221 5.810507e-05 1.0736339615668884 0.9901592973617924
2.5991750000000002 5.847869e-05 1.0805375092387288 0.9965260966218279
2.629212 5.803901e-05 1.0724133407243164 0.989033579361905
2.6592860000000003 5.872898e-05 1.0851622320768664 1.000791248880257
2.689527 5.868684e-05 1.0843835920177385 1.0000731478128146
2.7193229999999997 5.879776e-05 1.0864331116038435 1.0019633179694527
2.74924 5.823564e-05 1.0760465631929046 0.9923843200569983
2.779277 5.756187e-05 1.063597006651885 0.9809027121734961
2.809239 5.84085e-05 1.0792405764966742 0.9953299999458954
2.839452 5.838712e-05 1.0788455284552845 0.9949656667512603
2.8695079999999997 5.886471e-05 1.0876701773835922 1.0031042023184151
2.899502 5.868954e-05 1.0844334811529934 1.0001191580852895
2.929249 5.85389e-05 1.0816500369549151 0.9975521256980197
2.959387 5.802268e-05 1.0721116038433114 0.9887553024176398
2.989455 5.881607e-05 1.0867714338507022 1.0022753357801995
3.019425 5.82303e-05 1.0759478935698448 0.9922933219625478
3.049314 5.816638e-05 1.0747668144863267 0.9912040713638072
3.07923 5.790588e-05 1.0699534368070953 0.9867649321120561
3.109119 5.836277e-05 1.0783956023651147 0.9945507222569029
3.1396379999999997 5.885431e-05 1.087478011825573 1.0029269775651783
3.169693 5.813519e-05 1.0741905025868441 0.9906725675125131
3.199647 5.877685e-05 1.0860467479674796 1.0016069939703964
3.229712 5.810416e-05 1.0736171470805618 0.9901437901958843
3.2593609999999997 5.842656e-05 1.0795742793791574 0.9956377575462279
3.289536 5.923502e-05 1.0945125646711011 1.0094145963925647
3.319712 5.820748e-05 1.0755262379896526 0.9919044499559261
3.3498319999999997 5.840739e-05 1.079220066518847 0.9953110846116557
3.379804 5.768381e-05 1.0658501478196603 0.9829806724051987
3.4095590000000002 5.892414e-05 1.088768292682927 1.0041169395381142
3.4396649999999998 5.93576e-05 1.0967775314116779 1.0115034627629282
3.4698510000000002 5.904702e-05 1.0910388026607538 1.0062109181609746
3.499965 5.866033e-05 1.0838937546193645 0.999621395100477
3.529453 5.797137e-05 1.0711635254988914 0.9878809368321989
3.559415 5.938985e-05 1.0973734294161124 1.012053029906379
3.589719 5.91504e-05 1.092949002217295 1.0079726003715161
3.619712 5.866741e-05 1.0840245750184774 0.9997420442594113
3.649795 5.829599e-05 1.0771616777531412 0.9934127348510221
3.6798040000000003 5.904989e-05 1.0910918329637842 1.0062598253765314
3.70973 5.867575e-05 1.084178677014043 0.999884164878834
3.739832 5.910229e-05 1.092060051736881 1.0071527654793788
3.769871 5.884069e-05 1.0872263488543976 1.0026948813018046
3.7996909999999997 5.881012e-05 1.0866614929785663 1.002173942772338
3.829721 5.910766e-05 1.092159275683666 1.007244274799079
3.85961 5.927335e-05 1.095220805617147 1.0100677718532927
3.889767 5.814292e-05 1.0743333333333336 0.9908042932185249
3.919889 5.807927e-05 1.0731572431633407 0.9897196436470317
3.949767 5.879733e-05 1.0864251662971176 1.00195599040754
3.97973 5.809989e-05 1.073538248337029 0.9900710258020072
4.009749 5.882821e-05 1.0869957501847747 1.0024822115979202
4.0397289999999995 5.831165e-05 1.07745103473762 0.9936795944313769
4.069859 5.844255e-05 1.0798697339246122 0.9959102406043298
4.100191 5.849692e-05 1.0808743532889875 0.9968367511652423
4.130017 5.873538e-05 1.085280487804878 1.0009003102668643
4.160146 5.870972e-05 1.0848063562453807 1.0004630422699357
4.189993 5.871267e-05 1.0848608647450113 1.000513312752825
4.220073 5.781069e-05 1.0681945676274944 0.9851428143946888
4.250248 5.863121e-05 1.0833556910569107 0.9991251657914137
4.280175 5.936381e-05 1.0968922764227644 1.0116092863896204
4.310211000000001 5.766656e-05 1.065531411677753 0.9826867178866086
4.340125 5.895911e-05 1.0894144493717666 1.0047128577708733
4.369924 5.78351e-05 1.0686456023651147 0.9855587813395458
4.400286 5.931669e-05 1.0960216186252771 1.010806321930724
4.430406 5.903127e-05 1.0907477827050998 1.0059425249048706
4.460229 5.812441e-05 1.073991315594974 0.9904888672394464
4.4901279999999995 5.835521e-05 1.0782559127864006 0.9944218934939729
4.519946 5.883593e-05 1.087138396156689 1.0026137668955155
4.550063 5.809877e-05 1.0735175535846266 0.9900519400593508
4.580138 5.9021e-05 1.090558019216556 1.0057675154610495
4.610627999999999 5.816282e-05 1.0747010347376202 0.9911434059675069
4.640305000000001 5.926923e-05 1.0951446784922396 1.0099975635856642
4.670101 5.849814e-05 1.0808968957871399 0.9968575409920644
4.700573 5.858947e-05 1.0825844419807835 0.9984138810606341
4.730453000000001 5.935473e-05 1.0967245011086475 1.0114545555473713
4.760823 5.871248e-05 1.084857354028086 1.0005100749929101
4.790531 5.912404e-05 1.0924619364375463 1.007523403785427
4.820424 5.750998e-05 1.062638211382114 0.9800184628998939
4.850238 5.824571e-05 1.0762326311899484 0.9925559213324883
4.8804989999999995 5.80331e-05 1.0723041389504804 0.9889328679877097
4.910573 5.847304e-05 1.0804331116038435 0.9964298158664637
4.940456 5.942828e-05 1.0980835181079085 1.0127079094512728
4.970184000000001 5.81269e-05 1.0740373244641537 0.9905312989351732
5.000258 5.784931e-05 1.068908167036216 0.9858009316994973
5.0303320000000005 5.862944e-05 1.0833229859571325 0.9990950035016802
5.060172 5.868222e-05 1.0842982261640797 0.9999944191243573
5.090193 5.83146e-05 1.0775055432372505 0.9937298649142662
5.120078 5.832535e-05 1.0777041759053954 0.9939130539620832
5.149934 5.864384e-05 1.0835890613451589 0.9993403916215464
5.180369 5.855769e-05 1.0819972283813748 0.9978723231127621
5.21049 5.837992e-05 1.0787124907612713 0.9948429726913272
5.240097 5.855845e-05 1.0820112712490761 0.9978852741524217
5.270027 5.884948e-05 1.087388765705839 1.0028446702999732
5.300249 5.840145e-05 1.0791103104212862 0.995209862012211
5.330276 5.816044e-05 1.0746570583887658 0.9911028487643624
5.360277 5.889282e-05 1.088189578713969 1.0035832203774044
5.390474 5.823434e-05 1.0760225424981522 0.9923621669628436
5.420406 5.847688e-05 1.0805040650406503 0.996495252698428
5.450628 5.883363e-05 1.0870958980044347 1.0025745729597035
5.480417 5.899456e-05 1.0900694752402071 1.0053169556076278
5.510304 5.875558e-05 1.0856537324464155 1.001244535268344
5.540258 5.922351e-05 1.0942998891352549 1.009218456305088
5.57022 5.930446e-05 1.0957956393200294 1.0105979124372542
5.600193 5.81059e-05 1.073649297856615 0.9901734412603681
5.630332 5.775973e-05 1.0672529563932003 0.9842744131038279
5.660597 5.922611e-05 1.0943479305247599 1.0092627624933974
5.690276 5.818254e-05 1.0750654101995565 0.9914794513649906
5.72061 5.905474e-05 1.0911814486326683 1.0063424734585698
5.750465 5.840825e-05 1.0792359571322987 0.9953257397354811
5.780267 5.868974e-05 1.0844371766444938 1.000122566253621
5.810527 5.849361e-05 1.0808131929046563 0.9967803459793562
5.840739999999999 5.874886e-05 1.0855295639320028 1.001130020812406
5.870777 5.82856e-05 1.076969696969697 0.9932356805062017
5.900758 5.818754e-05 1.0751577974870659 0.9915646555732778
5.930693 5.921186e-05 1.0940846267553583 1.0090199304997793
5.960888 5.791963e-05 1.0702075018477457 0.9869992436848453
5.990647 5.823208e-05 1.0759807834441981 0.992323654660698
6.02098 5.791102e-05 1.070048410938655 0.9868525220381752
6.050625 5.866e-05 1.0838876570583889 0.9996157716227301
6.080563 5.88359e-05 1.0871378418329638 1.0026132556702656
6.110823 5.83029e-05 1.0772893569844788 0.9935304870668746
6.140851 5.839762e-05 1.079039541759054 0.995144595588663
6.170814 5.770432e-05 1.066229120473023 0.9833301800675918
6.200619 5.870557e-05 1.084729674796748 1.0003923227770575
6.230601 5.993581e-05 1.1074613821138213 1.02135664781765
6.2605640000000005 5.805564e-05 1.0727206208425721 0.9893169685586675
6.290456 5.867123e-05 1.0840951589061345 0.9998071402745424
6.320341999999999 5.904523e-05 1.0910057280118255 1.0061804150544078
6.350758 5.918487e-05 1.0935859201773837 1.0085599981834465
6.380483 5.893294e-05 1.088930894308943 1.0042668989446992
6.410397 5.928272e-05 1.0953939393939396 1.0102274445396224
6.440434 5.880577e-05 1.0865811160384333 1.0020998151111284
6.4708879999999995 5.965009e-05 1.1021820029563933 1.0164877385392992
6.500484 5.842552e-05 1.0795550628233554 0.9956200350709042
6.530564 5.849788e-05 1.0808920916481892 0.9968531103732334
6.560416 5.875229e-05 1.0855929416112344 1.001188470899291
6.590962 5.833509e-05 1.0778841463414635 0.9940790317598263
6.620756999999999 5.803907e-05 1.0724144493717664 0.9890346018124044
6.650712 5.919801e-05 1.0938287139689578 1.0087839148428244
6.680757 5.82732e-05 1.076740576496674 0.99302437406965
6.710545 5.862604e-05 1.083260162601626 0.9990370646400449
6.7410630000000005 5.915915e-05 1.093110679970436 1.008121707736018
6.770843 5.904794e-05 1.0910558019216556 1.0062265957352994
6.800554 5.835618e-05 1.0782738359201773 0.9944384231103806
6.830601 5.860697e-05 1.0829077974870658 0.9987120957896385
6.860721 5.877934e-05 1.0860927568366592 1.0016494256661232
6.890833 5.856227e-05 1.082081855136733 0.9979503701675528
6.920925 5.925193e-05 1.0948250184774577 1.0097027570249915
6.950888 5.801705e-05 1.0720075757575758 0.9886593624791086
6.980832 5.858235e-05 1.0824528824833703 0.9982925502680334
7.0111099999999995 5.92905e-05 1.0955376940133037 1.010360022287717
7.040971 5.910022e-05 1.092021803399852 1.0071174909371479
7.071021 5.855543e-05 1.0819554693274205 0.9978338108106164
7.100693000000001 5.885105e-05 1.0874177753141168 1.0028714244213752
7.130897 5.886692e-05 1.0877110125646712 1.003141862578478
7.161082 5.817872e-05 1.0749948263118996 0.9914143553498594
7.190918 5.892495e-05 1.0887832594235034 1.0041307426198565
7.221063 5.974595e-05 1.1039532520325204 1.018121273620577
7.251008 5.859426e-05 1.0826729490022173 0.998495506692173
7.281333 5.856964e-05 1.082218033998522 0.998075961170568
7.310993000000001 5.803411e-05 1.0723228011825574 0.9889500792377839
7.340906 5.78703e-05 1.0692960088691796 0.986158618965886
7.371128 5.89241e-05 1.0887675535846268 1.0041162579044478
7.40124 5.88792e-05 1.0879379157427937 1.0033511241140307
7.431406 5.868964e-05 1.0844353288987436 1.0001208621694553
7.461088 5.784468e-05 1.0688226164079822 0.9857220326026235
7.490591 5.809322e-05 1.0734150036954915 0.9899573633881523
7.521054 5.797561e-05 1.0712418699186992 0.9879531900008262
7.550953000000001 5.786491e-05 1.0691964153732447 0.9860667688293527
7.581041 5.930149e-05 1.095740761271249 1.0105473011375317
7.610721 5.883461e-05 1.0871140059127866 1.0025912729845277
7.6409530000000006 5.912724e-05 1.0925210643015522 1.0075779344787308
7.670999 5.892192e-05 1.0887272727272728 1.0040791088696346
7.701097 5.759202e-05 1.0641541019955656 0.9814164935494665
7.730888 5.99755e-05 1.1081947524020694 1.022032998823032
7.760851 5.791636e-05 1.0701470805617148 0.9869435201326257
7.790971 5.932724e-05 1.0962165558019217 1.0109861028102096
7.8209930000000005 5.878193e-05 1.0861406134515892 1.001693561446016
7.850943 5.915271e-05 1.0929916851441241 1.0080119647157446
7.881119 5.830583e-05 1.0773434959349595 0.993580416732931
7.911041 5.914574e-05 1.0928628972653365 1.0078931900493926
7.940850999999999 5.873801e-05 1.085329083518108 1.0009451276804235
7.971157 5.795545e-05 1.070869364375462 0.9876096466330132
8.001082 5.870319e-05 1.0846856984478936 1.000351765573913
8.031212 5.936859e-05 1.096980598669623 1.0116907416127427
8.061277 5.815133e-05 1.074488728750924 0.9909476066968634
8.091424 5.959733e-05 1.1012071322985957 1.015588663733455
8.121012 5.84813e-05 1.0805857354028086 0.9965705732185536
8.150823 5.801705e-05 1.0720075757575758 0.9886593624791086
8.181203 5.877205e-05 1.0859580561714708 1.0015251979304411
8.211443 5.866037e-05 1.0838944937176644 0.9996220767341434
8.241397999999998 5.903279e-05 1.0907758684405027 1.00596842698419
8.271092000000001 5.935997e-05 1.0968213229859571 1.011543849557656
8.301378000000001 5.813861e-05 1.0742536954915003 0.9907308471909814
8.331304 5.803075e-05 1.072260716925351 0.9888928220098149
8.361582 5.80259e-05 1.0721711012564672 0.9888101739277766
8.391097 5.832454e-05 1.077689209164819 0.9938992508803407
8.421128000000001 5.827928e-05 1.0768529194382854 0.9931279823869271
8.451609000000001 5.885036e-05 1.0874050258684407 1.0028596662406315
8.481591 5.798565e-05 1.0714273835920178 0.9881242800510665
8.511388 5.88323e-05 1.0870713229859572 1.0025519086402992
8.541153 5.855492e-05 1.0819460458240946 0.9978251199813711
8.571155000000001 5.890241e-05 1.0883667775314119 1.003746642048899
8.601507999999999 5.851059e-05 1.081126940133038 0.9970696994706989
8.631545000000001 5.822304e-05 1.0758137472283813 0.9921696054521151
8.661397999999998 5.813939e-05 1.0742681079083518 0.9907441390474742
8.691192 5.845564e-05 1.0801116038433114 0.9961333052216251
8.721489 5.923364e-05 1.0944870657797487 1.0093910800310775
8.751209999999999 5.805555e-05 1.072718957871397 0.9893154348829183
8.780984 5.884401e-05 1.087287694013304 1.0027514568961073
8.811258 5.872182e-05 1.085029933481153 1.00066923645399
8.841370000000001 5.835603e-05 1.078271064301552 0.994435866984132
8.871378 5.742496e-05 1.0610672579453067 0.9785696505421821
8.901408 5.92037e-05 1.0939338507021434 1.0088808772318552
8.931304 5.860484e-05 1.082868440502587 0.9986757987969083
8.961443 5.909656e-05 1.0919541759053955 1.0070551214566819
8.991493 5.790358e-05 1.069910938654841 0.9867257381762441
9.021341 5.909934e-05 1.0920055432372506 1.0071024949964895
9.051219 5.864321e-05 1.0835774205469328 0.9993296558913025
9.081175 5.79922e-05 1.0715484109386548 0.9882358975639223
9.111109 5.757745e-05 1.0638848854397636 0.9811682084865183
9.141489 5.924989e-05 1.094787324464154 1.0096679937080104
9.171276 5.925976e-05 1.094969696969697 1.0098361868151686
9.201155 5.844833e-05 1.0799765336289726 0.9960087366691095
9.231202 5.743732e-05 1.0612956393200295 0.9787802753450675
9.261610000000001 5.924738e-05 1.0947409460458242 1.0096252211954502
9.291615 5.904533e-05 1.0910075757575757 1.0061821191385736
9.321239 5.851908e-05 1.0812838137472283 0.99721437621637
9.351304 5.855862e-05 1.0820144124168514 0.9978881710955034
9.381655 5.894819e-05 1.0892126755358462 1.0045267717799744
9.41154 5.837957e-05 1.0787060236511457 0.994837008396747
9.441424999999999 5.922537e-05 1.0943342572062085 1.009250152270571
9.471258 5.813083e-05 1.074109940872136 0.9905982694428868
9.501655000000001 5.896359e-05 1.0894972283813746 1.0047892007414982
9.531554 5.817214e-05 1.0748732446415374 0.9913022266117539
9.561474 5.948434e-05 1.099119364375462 1.0136632190345862
9.591460999999999 5.827451e-05 1.0767647819660016 0.9930466975722212
9.621229 5.909455e-05 1.0919170362158168 1.0070208693649507
9.651396 5.7705e-05 1.066241685144124 0.9833417678399188
9.681313 5.890336e-05 1.0883843311160386 1.0037628308484734
9.711822 5.882931e-05 1.0870160753880267 1.0025009565237433
9.741644 5.862609e-05 1.0832610864745011 0.9990379166821277
9.77174 5.853732e-05 1.0816208425720621 0.997525201168201
9.801587 5.942263e-05 1.097979120473023 1.0126116286959084
9.831341 5.854904e-05 1.081837398373984 0.9977249198324257
9.861722 5.826418e-05 1.0765739098300076 0.9928706656779005
9.891861 5.831857e-05 1.0775788987435329 0.9937975170556459
9.921738999999999 5.855607e-05 1.0819672949002217 0.9978447169492771
9.951721 5.860838e-05 1.0829338507021435 0.9987361233763754
9.981952999999999 5.929401e-05 1.0956025498891353 1.0104198356419345
10.00361 5.805966e-05 1.0727949002217294 0.9893854727421301
