Keff(MJ/m3):0.00638913377703568 Ms(MA/m):1.1142325965294702
H(kOe) moment(emu) M(MA/m) M_norm()
9.966811 6.812323e-05 1.116849695422051 1.0023487904596693
9.938863 6.837904e-05 1.1210435852388716 1.0061127171567372
9.910234 6.681413e-05 1.0953875901126435 0.9830870085155257
9.88191 6.844488e-05 1.122123002406064 1.0070814710511704
9.853058 6.8789e-05 1.1277646949269358 1.0121447698080406
9.823649999999999 6.805262e-05 1.1156920762517073 1.0013098519346706
9.794834999999999 6.787062e-05 1.1127082681649971 0.9986319477914928
9.765642 6.771645e-05 1.1101807204027547 0.9963635275620765
9.736212 6.807735e-05 1.1160975134714015 1.0016737231954442
9.706836 6.830704e-05 1.119863177644129 1.0050533265066888
9.676716 6.798122e-05 1.114521505386921 1.0002592895400393
9.647165000000001 6.773628e-05 1.1105058243278068 0.9966553014036107
9.617872 6.828617e-05 1.119521023387153 1.004746250355765
9.588095 6.808263e-05 1.1161840766950162 1.0017514118431146
9.558244 6.788514e-05 1.1129463170299367 0.9988455915725858
9.528203 6.804478e-05 1.11556354298028 1.0011944960638877
9.498493 6.818246e-05 1.1178207446142263 1.0032202864069246
9.468787 6.916438e-05 1.1339188810785252 1.01766802067214
9.438809 6.86346e-05 1.12523337641821 1.0098729654140477
9.408873 6.738763e-05 1.1047898644957657 0.9915253493183416
9.378549000000001 6.8096e-05 1.1164032718275396 1.0019481348013246
9.348769 6.662884e-05 1.0923498439566737 0.9803606961051442
9.318836 6.724486e-05 1.102449214602691 0.9894246659418499
9.288995000000002 6.938192e-05 1.13748535146964 1.020868851811189
9.259278 6.754632e-05 1.107391515623678 0.9938602757385665
9.229021000000001 6.770254e-05 1.1099526722132704 0.9961588591739907
9.198958000000001 6.842808e-05 1.1218475739672906 1.0068342798994923
9.169003 6.893664e-05 1.130185186278155 1.0143171091910006
9.13907 6.718253e-05 1.1014273423057426 0.9885075573416067
9.109169 6.801439e-05 1.115065312607999 1.000747344927013
9.079087 6.816186e-05 1.1174830168857304 1.0029171829709385
9.048771 6.851027e-05 1.123195042025789 1.0080436037540406
9.018703 6.719629e-05 1.101652931312738 0.9887100186658382
8.988975 6.823877e-05 1.1187439217206145 1.0040488181778167
8.958956 6.807882e-05 1.116121613459794 1.0016953524212158
8.928967 6.790066e-05 1.1132007604448035 0.9990739491127073
8.898817 6.855307e-05 1.1238967287626638 1.0086733526404583
8.868788 6.785409e-05 1.1124372662547042 0.9983887293547523
8.838873 6.903327e-05 1.131769391637599 1.01573889972592
8.808826 6.696018e-05 1.0977820141294785 0.9852359530216306
8.778853999999999 6.756924e-05 1.1077672787080044 0.9941975150954985
8.749113999999999 6.779116e-05 1.1114055572277994 0.997462792499092
8.719188 6.825123e-05 1.1189481978127045 1.004232151615311
8.688835999999998 6.826544e-05 1.119181164367167 1.0044412341311053
8.659003 6.807486e-05 1.1160566910420833 1.0016370859354633
8.628929 6.78224e-05 1.1119177229675183 0.9979224503311409
8.598835999999999 6.861961e-05 1.124987622114805 1.0096524061662113
8.569023 6.773666e-05 1.110512054256779 0.9966608926320415
8.538984000000001 6.805234e-05 1.1156874857777277 1.0013057320821426
8.509103999999999 6.778542e-05 1.1113114525112187 0.9973783355222688
8.478938 6.889584e-05 1.1295162886411343 1.01371678782264
8.448816999999998 6.871905e-05 1.1266178961595434 1.0111155423640004
8.418769000000001 6.714884e-05 1.1008750099187026 0.9880118507999381
8.38903 6.883158e-05 1.1284627748628266 1.0127712816674719
8.358808999999999 6.798833e-05 1.114638070636902 1.0003639043667316
8.328816999999999 6.851967e-05 1.1233491507951028 1.0081819130889083
8.298675 6.621006e-05 1.0854841343382533 0.9741988680992099
8.268512000000001 6.846773e-05 1.1224976178718955 1.0074176804449706
8.238854 6.845209e-05 1.1222412071110373 1.0071875572537654
8.208947 6.872995e-05 1.1267965967537477 1.0112759223374106
8.178761999999999 6.718266e-05 1.1014294735972328 0.9885094701302802
8.148855 6.871801e-05 1.1266008458276195 1.011100240054611
8.118262 6.744324e-05 1.105701565417205 0.9923435814579138
8.088595999999999 6.782656e-05 1.1119859242952144 0.997983659568699
8.058769 6.873721e-05 1.1269156211862175 1.011382744227957
8.02916 6.779414e-05 1.111454412986582 0.9975066395009969
7.998994 6.852375e-05 1.1234160405588047 1.0082419452257443
7.968725999999999 6.783182e-05 1.1120721596278305 0.9980610539411888
7.938762 6.904419e-05 1.1319484201228016 1.0158995739745107
7.908651 6.704097e-05 1.0991065298180793 0.9864246776135391
7.878531 6.870708e-05 1.1264216533969178 1.01093941866843
7.84876 6.742696e-05 1.1054346621443938 0.9921040414609306
7.818818 6.797424e-05 1.1144070714284307 1.0001565875020206
7.7888459999999995 6.786559e-05 1.1126258035788643 0.9985579375835796
7.758604999999999 6.706375e-05 1.0994799976654157 0.9867598570442072
7.728549 6.80437e-05 1.1155458368663584 1.0011786052041367
7.698364 6.817655e-05 1.1177238528241578 1.0031333280910664
7.66842 6.762484e-05 1.1086788156839442 0.9950156000974802
7.638383 6.782359e-05 1.1119372324819314 0.9979399597043848
7.608679 6.822362e-05 1.1184955442892206 1.0038259047285354
7.57841 6.809599e-05 1.1164031078820402 1.0019479876637345
7.548521 6.803636e-05 1.1154255008698946 1.0010706062128678
7.518382 6.861992e-05 1.1249927044252823 1.0096569674315101
7.488595999999999 6.840174e-05 1.121415741522214 1.0064467194866829
7.4584660000000005 6.70947e-05 1.0999874089856558 0.9872152478861377
7.428788 6.933147e-05 1.1366582464258237 1.0201265426682036
7.3988000000000005 6.771138e-05 1.110097600034625 0.9962889288038023
7.36854 6.82925e-05 1.1196248008881908 1.004839388450415
7.338533 6.842666e-05 1.1218242937063945 1.006813386361672
7.30867 6.77278e-05 1.110366798544426 0.9965305287270495
7.278688 6.731046e-05 1.1035246970779007 0.9903898885341162
7.248559 6.815547e-05 1.1173782557116971 1.0028231620507468
7.218694 6.760121e-05 1.1082914124691698 0.9946679139716381
7.188577 6.706405e-05 1.0994849160303939 0.9867642711719158
7.158346 6.851661e-05 1.123298983472326 1.008136888986281
7.128113999999999 6.783872e-05 1.1121852820223266 0.9981625788784853
7.098514 6.827213e-05 1.1192908439061782 1.0045396691790054
7.068447 6.873402e-05 1.1268633225719504 1.0113358073366563
7.038253 6.830362e-05 1.119807108283379 1.0050030054508114
7.008287999999999 6.802107e-05 1.115174828201511 1.000845632837323
6.978383 6.833368e-05 1.1202999284541841 1.0054453010472069
6.948531 6.805317e-05 1.115701093254167 1.001317944502136
6.918716000000001 6.788249e-05 1.1129028714726306 0.9988066001111605
6.888631999999999 6.733159e-05 1.1038711139178576 0.9907007902623872
6.8582160000000005 6.785291e-05 1.1124179206857903 0.9983713671190988
6.82829 6.821955e-05 1.1184288184710178 1.0037660197292897
6.798197 6.736287e-05 1.104383935439574 0.9911610366447974
6.76842 6.815415e-05 1.1173566149057934 1.002803739888829
6.738493999999999 6.769779e-05 1.1098747981011174 0.9960889688186058
6.708354999999999 6.77437e-05 1.1106274718882652 0.9967644774956018
6.677948000000001 6.70341e-05 1.098993899260081 0.9863235940890138
6.648024 6.883785e-05 1.1285655686908687 1.0128635369365804
6.618252999999999 6.787796e-05 1.112828604161461 0.9987399467827613
6.588124 6.778067e-05 1.1112335783990654 0.9973084451668837
6.557881999999999 6.890676e-05 1.1296953171263369 1.013877462071231
6.5276689999999995 6.786469e-05 1.11261104848393 0.9985446952004539
6.497807 6.834586e-05 1.1204996140722945 1.0056245146321732
6.468179 6.751945e-05 1.10695099406714 0.993464917033472
6.437947 6.802737e-05 1.1152781138660512 1.0009383295192023
6.407984000000001 6.863353e-05 1.1252158342497884 1.0098572216918875
6.3776139999999995 6.787575e-05 1.1127923722061226 0.9987074293753087
6.347688 6.720945e-05 1.1018686835897769 0.9889036517346526
6.318109000000001 6.803306e-05 1.1153713988551353 1.0010220508080738
6.288068 6.822924e-05 1.1185876816598102 1.0039085960542753
6.2580860000000005 6.844739e-05 1.1221641527263808 1.0071184025863318
6.227836 6.836926e-05 1.1208832465405858 1.0059688165934388
6.1979750000000005 6.82354e-05 1.1186886720873603 1.0039992328098906
6.1678180000000005 6.81993e-05 1.1180968288349964 1.0034680661089634
6.138062 6.908159e-05 1.1325615762900705 1.0164498685621746
6.108161 6.724245e-05 1.102409703737367 0.9893892057825913
6.078179 6.751658e-05 1.1069039417088495 0.9934226885450602
6.048020999999999 6.832478e-05 1.1201540169598339 1.0053143485918534
6.018108 6.851586e-05 1.1232866875598808 1.0081258536670097
5.988216 6.87389e-05 1.1269433279755943 1.0114076104807153
5.958271 6.870169e-05 1.1263332867728113 1.0108601115072666
5.928049 6.755682e-05 1.1075636583979112 0.9940147702083652
5.897641999999999 6.783145e-05 1.1120660936443574 0.9980556098503482
5.867684000000001 6.78731e-05 1.112748926648816 0.9986684379138832
5.837994 6.785098e-05 1.1123862792044312 0.9983429695641739
5.807707000000001 6.795181e-05 1.1140393416735686 0.9998265578870125
5.777863 6.825579e-05 1.1190229569603716 1.0042992463564808
5.747938 6.739388e-05 1.1048923304328093 0.9916173103122695
5.717762 6.781222e-05 1.1117508264492615 0.9977726642642311
5.6879480000000004 6.750214e-05 1.1066672044079042 0.9932102218646895
5.657938 6.82941e-05 1.1196510321680742 1.0048629304648606
5.627679 6.782384e-05 1.111941331119413 0.9979436381441418
5.597741 6.746342e-05 1.1060324074347316 0.992640505115108
5.567799 6.838917e-05 1.1212096620296317 1.0062617675356953
5.5377160000000005 6.83345e-05 1.120313371985124 1.00545736632961
5.507734 6.86904e-05 1.1261481923041357 1.0106939931678351
5.477531 6.746285e-05 1.106023062541273 0.9926321182724617
5.447475000000001 6.745774e-05 1.1059392863911461 0.9925569309638262
5.417618 6.775329e-05 1.1107846956220648 0.9969055824446847
5.387809 6.675941e-05 1.0944904803406392 0.9822818716214888
5.357892 6.775349e-05 1.11078797453205 0.9969085251964902
5.3275950000000005 6.852894e-05 1.123501128272926 1.0083183096351018
5.29729 6.878204e-05 1.1276505888594441 1.0120423620452026
5.2674840000000005 6.84539e-05 1.1222708812464053 1.007214189157607
5.237457 6.767397e-05 1.1094842799218567 0.9957384870785481
5.207458 6.748814e-05 1.1064376807089262 0.9930042292382911
5.1772920000000004 6.914166e-05 1.1335463969041841 1.0173337240670137
5.147505 6.912059e-05 1.1332009637372227 1.0170237051642843
5.117456 6.790374e-05 1.1132512556585787 0.9991192674905149
5.087241 6.739535e-05 1.104916430421202 0.9916389395380413
5.05731 6.734909e-05 1.1041580185415798 0.9909582810453851
5.027105 6.796225e-05 1.1142105007748062 0.9999801695312696
4.997788 6.778057e-05 1.1112319389440726 0.9973069737909808
4.967651 6.782715e-05 1.1119955970796713 0.997992340686526
4.937627 6.781528e-05 1.1118009937720383 0.9978176883668584
4.9079939999999995 6.75843e-05 1.1080141806299046 0.9944191043064669
4.877864 6.80977e-05 1.1164311425624156 1.0019731481916732
4.847854999999999 6.796214e-05 1.1142086973743142 0.9999785510177763
4.817781 6.822852e-05 1.1185758775838626 1.0038980021477748
4.787735 6.812074e-05 1.116808872992733 1.0023121531996886
4.757528000000001 6.740871e-05 1.1051354616082265 0.9918355153586614
4.7274840000000005 6.792816e-05 1.1136516105677956 0.9994785774859898
4.697533 6.866975e-05 1.1258096448481436 1.0103901540438978
4.667559 6.800822e-05 1.1149641582349494 1.0006565610338074
4.637624 6.761785e-05 1.1085642177799548 0.9949127509218715
4.607781 6.777932e-05 1.111211445756664 0.9972885815921952
4.577799 6.763697e-05 1.1088776815745587 0.9951940779944954
4.547577 6.772113e-05 1.1102574468964133 0.9964323879543299
4.517549 6.780004e-05 1.111551140831151 0.9975934506792645
4.48742 6.815267e-05 1.1173323509719013 1.002781963525467
4.457327 6.74359e-05 1.105581229420741 0.992235582466645
4.42741 6.722508e-05 1.1021249304051353 0.9891336277882671
4.397354 6.771721e-05 1.1101931802606995 0.9963747100189382
4.367549 6.912939e-05 1.13334523577658 1.0171531862437344
4.337364 6.87557e-05 1.1272187564143674 1.011654801632393
4.307512 6.771285e-05 1.1101217000230177 0.996310558029574
4.277466 6.753286e-05 1.1071708449816609 0.9936622285420434
4.247363999999999 6.816504e-05 1.117535151554498 1.0029639727246487
4.21742 6.813798e-05 1.1170915150334741 1.0025658184053392
4.1875029999999995 6.837923e-05 1.121046700203358 1.0061155127709527
4.157114 6.710127e-05 1.100095121178676 0.9873119172829546
4.127197 6.744543e-05 1.1057374694815452 0.992375804590186
4.097049 6.782466e-05 1.111954774650353 0.997955703426545
4.06709 6.83066e-05 1.119855964042161 1.005046852452716
4.037318 6.84081e-05 1.1215200108597496 1.006540298994104
4.0069099999999995 6.776528e-05 1.1109812662756893 0.9970820004154358
3.976864 6.763056e-05 1.1087725925095266 0.995099762799123
3.946595 6.762058e-05 1.1086089749012555 0.9949529194840192
3.9169479999999997 6.769803e-05 1.1098787327931 0.9960925001207726
3.887049 6.785276e-05 1.1124154615033013 0.9983691600552445
3.857021 6.722719e-05 1.1021595229054812 0.9891646738198172
3.826901 6.732874e-05 1.103824389450566 0.9906588560491562
3.796948 6.68311e-05 1.0956658056249045 0.9833367010062385
3.766808 6.786321e-05 1.1125867845500381 0.9985229188370918
3.73678 6.822019e-05 1.118439310982971 1.0037754365350677
3.707042 6.77535e-05 1.110788138477549 0.9969086723340804
3.677308 6.691778e-05 1.0970868852125748 0.9846120896388244
3.647262 6.703345e-05 1.0989832428026285 0.9863140301456452
3.617317 6.651634e-05 1.0905054570898882 0.9787053982144434
3.586817 6.813549e-05 1.117050692604156 1.0025291811453583
3.55679 6.774392e-05 1.1106310786892488 0.9967677145225879
3.5266509999999998 6.769108e-05 1.1097647906711074 0.9959902394955248
3.496825 6.653147e-05 1.0907535066302836 0.9789280173885438
3.467197 6.852744e-05 1.1234765364480355 1.0082962389965593
3.4367069999999997 6.711564e-05 1.1003307108611269 0.9875233540001936
3.4066140000000003 6.700146e-05 1.0984587811504642 0.9858433369943251
3.376778 6.708051e-05 1.099754770322192 0.987006459645524
3.347123 6.657303e-05 1.091434864125249 0.9795395212137663
3.316882 6.766792e-05 1.1093850928947986 0.9956494688364259
3.2867159999999997 6.833084e-05 1.1202533679323912 1.0054035139715658
3.256636 6.690464e-05 1.0968714608265342 0.9844187508451907
3.226975 6.724691e-05 1.1024828234300412 0.9894548291478581
3.1967800000000004 6.749576e-05 1.10656260717937 0.9931163480820879
3.1665949999999996 6.83754e-05 1.1209839090771372 1.0060591590738734
3.136632 6.763366e-05 1.1088234156143002 0.9951453754521112
3.106844 6.637146e-05 1.0881302146964678 0.9765736688064016
3.076938 6.746536e-05 1.1060642128615898 0.992669049807623
3.046716 6.83044e-05 1.119819896032322 1.0050144821828537
3.0167620000000004 6.804153e-05 1.115510260693017 1.001146676347045
2.986549 6.703988e-05 1.0990886597586589 0.9864086396161982
2.9562779999999997 6.747164e-05 1.106167170635131 0.9927614522143215
2.926614 6.687237e-05 1.0963424087003908 0.9839439378413426
2.896665 6.797208e-05 1.1143716592005883 1.0001248057825192
2.866901 6.766311e-05 1.1093062351096499 0.9955786956554991
2.836836 6.737661e-05 1.1046091965555704 0.9913632036938481
2.8066880000000003 6.651143e-05 1.090424959849747 0.9786331536576138
2.7766100000000002 6.744442e-05 1.105720910986119 0.9923609436935674
2.746344 6.750194e-05 1.1066639254979187 0.9932072791128838
2.716771 6.771694e-05 1.110188753732219 0.9963707373040005
2.686743 6.801449e-05 1.1150669520629914 1.0007488163029157
2.656514 6.75744e-05 1.1078518745856274 0.9942734380920852
2.6265680000000002 6.726998e-05 1.1028610456968566 0.9897942755686444
2.5965770000000004 6.636391e-05 1.088006435844519 0.9764625799257368
2.566604 6.722486e-05 1.1021213236041512 0.9891303907612807
2.536502 6.760208e-05 1.1083056757276062 0.9946807149419927
2.506533 6.717833e-05 1.101358485196049 0.9884457595536871
2.476614 6.571869e-05 1.0774283443406338 0.9669689683254005
2.4467800000000004 6.640997e-05 1.0887615688141556 0.9771402956665872
2.416558 6.672682e-05 1.093956181958519 0.9818023502147517
2.386882 6.694732e-05 1.0975711802174177 0.9850467340805249
2.356688 6.729426e-05 1.1032591053690837 0.9901515256378554
2.32654 6.667798e-05 1.0931554721400853 0.9810837302238021
2.296476 6.670997e-05 1.0936799337922494 0.9815544233751223
2.2666880000000003 6.593819e-05 1.0810269480496058 0.9701986384321453
2.236531 6.637771e-05 1.0882326806335114 0.9766656298003294
2.2065300000000003 6.690488e-05 1.0968753955185169 0.9844222821473575
2.176373 6.664903e-05 1.0926808499196992 0.9806577668999285
2.146428 6.754325e-05 1.1073411843554022 0.9938151044983491
2.116382 6.733942e-05 1.103999483243786 0.99081599899558
2.0865709999999997 6.639321e-05 1.0884867961573796 0.9768936930652705
2.0564839999999998 6.566527e-05 1.0765525474835347 0.9661829593181006
2.026503 6.68859e-05 1.0965642269609026 0.9841430150009975
1.996401 6.586279e-05 1.0797907989851117 0.9690892210014003
1.966558 6.708077e-05 1.099759032905173 0.9870102852228715
1.936391 6.718787e-05 1.1015148892023523 0.9885861288148184
1.906438 6.626967e-05 1.0864614134594008 0.9750759552748959
1.876505 6.667949e-05 1.093180227910475 0.9811059479999351
1.846447 6.630055e-05 1.0869676771611458 0.9755303161536943
1.816558 6.568687e-05 1.0769066697619576 0.9665007765131153
1.7863820000000001 6.576911e-05 1.078254957547952 0.9677108360556148
1.756382 6.616923e-05 1.084814744864735 0.9735981053180782
1.726354 6.594007e-05 1.0810577698034685 0.9702263002991188
1.6966780000000001 6.617002e-05 1.0848276965591772 0.9736097291877107
1.6666320000000001 6.582348e-05 1.079146329227482 0.9685108231339917
1.6363910000000002 6.53595e-05 1.0715395859523626 0.9616839332199717
1.606586 6.605955e-05 1.083016590628744 0.9719843002278379
1.576316 6.523744e-05 1.0695384671882755 0.959887971792959
1.546558 6.562478e-05 1.0758887321569912 0.9655871992150385
1.516354 6.559952e-05 1.0754746058258358 0.9652155296619801
1.4865119999999998 6.627313e-05 1.0865181386021479 0.9751268648811342
1.456364 6.562351e-05 1.075867911078584 0.9655685127410726
1.4261510000000002 6.621503e-05 1.0855656152513906 0.9742719954815815
1.3959949999999999 6.492959e-05 1.0644914049932552 0.9553583410760508
1.3664649999999998 6.49204e-05 1.064340739079426 0.955223121630579
1.3362429999999998 6.514708e-05 1.0680570556568736 0.9585584365271482
1.306335 6.538725e-05 1.0719945347128361 0.9620922400330111
1.276188 6.542005e-05 1.0725322759504408 0.9625748513291441
1.246155 6.581921e-05 1.0790763244992938 0.9684479953829402
1.216327 6.482197e-05 1.0627270235301134 0.9537748463294088
1.186104 6.482853e-05 1.0628345717776346 0.9538713685886355
1.156234 6.424655e-05 1.0532932716111316 0.9453082551092582
1.1263910000000001 6.464522e-05 1.0598292868305201 0.9511741894211304
1.0964559999999999 6.550416e-05 1.0739112215447992 0.9638124256010271
1.0660209999999999 6.51134e-05 1.067504887215333 0.9580628771230699
1.03624 6.47265e-05 1.0611618358485848 0.9523701237549627
1.006521 6.387823e-05 1.0472548309820267 0.9398888833838995
0.976623 6.494734e-05 1.064782408254459 0.9556195102988057
0.9462803 6.477325e-05 1.0619282810576713 0.9530579919895429
0.9159933 6.38225e-05 1.046341162714596 0.9390688855932439
0.8860489 6.38085e-05 1.0461116390156184 0.9388628929668457
0.8558914999999999 6.318415e-05 1.0358757017687092 0.9296763575174328
0.8261415 6.332019e-05 1.0381060163407756 0.9316780172956634
0.7960674 6.306446e-05 1.0339134380879493 0.9279152676993179
0.7660611 6.134765e-05 1.005767110827813 0.9026545390616847
0.7362618 6.110362e-05 1.0017663488091326 0.8990639404459723
0.7063267 5.981687e-05 0.9806706616905926 0.8801310110161142
0.6764933 5.781312e-05 0.9478200822744091 0.8506483163628576
0.6458544 5.585132e-05 0.9156572542276624 0.8217828639008448
0.6160516 5.463933e-05 0.8957872236616634 0.8039499350959537
0.5861877 5.237758e-05 0.8587068503643194 0.770671090613357
0.5561137 4.880327e-05 0.8001076466148204 0.7180795545803784
0.5260767 4.815537e-05 0.7894856177171309 0.7085465101058457
0.49614139999999995 4.544816e-05 0.745102128209315 0.6687132745264358
0.46595620000000004 4.123824e-05 0.6760823845807289 0.606769526117384
0.4356877 3.870714e-05 0.6345861392605532 0.5695275306404745
0.4057686 3.687605e-05 0.6045662428347619 0.5425853136210701
0.37614139999999996 3.389345e-05 0.5556678582225552 0.49870005594281536
0.3460858 3.009692e-05 0.49342545758828293 0.44283882837853455
0.3155025 2.801787e-05 0.45934036856259786 0.4122481876704357
0.2856365 2.53387e-05 0.41541658223473443 0.3728275258941836
0.2559655 2.256411e-05 0.3699284279528387 0.3320028772314368
0.2258451 2.161632e-05 0.3543898374775476 0.3180573235618622
0.195947 1.793987e-05 0.29411609439850683 0.2639629241817176
0.1658822 1.539671e-05 0.25242213080621173 0.22654348077092493
0.1356229 1.442409e-05 0.2364764636562338 0.212232584464674
0.1058252 1.251743e-05 0.20521763109246063 0.1841784486754897
0.07585439 1.133442e-05 0.1858227145833456 0.1667719246072432
0.04585438 9.399998e-06 0.15410873652449963 0.13830930543991105
0.01593772 7.523458e-06 0.1233437078045271 0.11069834807266367
-0.014506729999999999 5.737518e-06 0.09406402530793881 0.08442045727339384
-0.044358589999999996 3.791204e-06 0.06215508326136124 0.055782862083695386
-0.07446969 3.248033e-06 0.053250039182974315 0.04779077487845323
-0.10425029999999999 1.62175e-06 0.02658786134407766 0.023862038704388633
-0.1342012 -7.856359e-07 -0.012880146986976823 -0.011559657316699367
-0.16457149999999998 -2.52112e-06 -0.04133262771190446 -0.037095152161805624
-0.1944327 -4.183483e-06 -0.06858632091216652 -0.06155476076161669
-0.22432149999999998 -5.405442e-06 -0.08861978874638744 -0.07953437103026231
-0.2540993 -7.922701e-06 -0.12988911710102385 -0.1165727133684591
-0.284229 -7.842274e-06 -0.1285705526340467 -0.11538932987107794
-0.3145438 -9.550068e-06 -0.15656906663204134 -0.14051739925731052
-0.3445901 -1.155207e-05 -0.18939098837495252 -0.16997437425978532
-0.3745438 -1.191462e-05 -0.19533483245097863 -0.17530884759554982
-0.4046364 -1.417294e-05 -0.23235897244207307 -0.2085372238846788
-0.4342692 -1.61581e-05 -0.26490477717511407 -0.2377463897575964
-0.46430309999999997 -1.73282e-05 -0.2840880400446718 -0.25496295919678563
-0.4946086 -2.01828e-05 -0.33088792226622515 -0.29696485571939873
-0.524288 -2.102278e-05 -0.3446590163138887 -0.30932411902811613
-0.5541364 -2.362528e-05 -0.38732583249885066 -0.347616676899657
-0.5842567000000001 -2.53587e-05 -0.41574447323327407 -0.3731218010747526
-0.6142938 -2.855614e-05 -0.46816506295179267 -0.42016816274267943
-0.6447382 -2.984465e-05 -0.48928960447820397 -0.4391269883884274
-0.6745239000000001 -3.153805e-05 -0.5170521353245496 -0.4640432679272045
-0.7043216 -3.430855e-05 -0.5624732358972441 -0.504807737315525
-0.7343679 -3.73096e-05 -0.6116740999556034 -0.5489644638478546
-0.7643447 -3.930342e-05 -0.644361881491012 -0.5783010508739586
-0.7947938 -4.243435e-05 -0.6956920696938873 -0.6243688004289032
-0.8243918 -4.489253e-05 -0.7359928244333878 -0.6605378685974582
-0.8546086 -4.684941e-05 -0.7680749912944937 -0.6893309293650512
-0.8842974 -4.966395e-05 -0.8142181078459724 -0.7307433927009847
-0.9140438000000001 -5.124789e-05 -0.840186091257311 -0.7540491041765076
-0.9446827 -5.375546e-05 -0.8812965728177049 -0.7909448849034778
-0.9745345 -5.600368e-05 -0.9181551278545369 -0.8240246522264194
-1.004684 -5.736371e-05 -0.9404522075917258 -0.8440358059178821
-1.034535 -5.877008e-05 -0.9635090107725307 -0.8647287952027232
-1.0646179999999998 -5.912722e-05 -0.9693641603334517 -0.8699836671021437
-1.094646 -6.069744e-05 -0.9951072105197922 -0.8930875058037964
-1.1248399999999998 -6.092402e-05 -0.9988218876422471 -0.8964213493244626
-1.154873 -6.174891e-05 -1.0123455879315126 -0.9085585820094406
-1.1846269999999999 -6.264553e-05 -1.0270452692870402 -0.9217512326295293
-1.214673 -6.358403e-05 -1.0424315543935094 -0.9355600954777294
-1.244748 -6.250464e-05 -1.0247354411478282 -0.9196782111200111
-1.27472 -6.330447e-05 -1.0378482940159233 -0.931446717003736
-1.30476 -6.33166e-05 -1.0380471599065377 -0.9316251949007512
-1.334479 -6.493095e-05 -1.0645137015811559 -0.9553783517883294
-1.364498 -6.392586e-05 -1.048035703395049 -0.9405896997264247
-1.394692 -6.526522e-05 -1.069993907785247 -0.9602967200187692
-1.424961 -6.495579e-05 -1.064920942201342 -0.955743841562596
-1.454939 -6.521162e-05 -1.0691151599091608 -0.9595080625348444
-1.4858330000000002 -6.487784e-05 -1.0636429870345339 -0.9545969040463284
-1.514563 -6.578859e-05 -1.0785743233805296 -0.967997460081489
-1.5445719999999998 -6.541062e-05 -1.0723776753446295 -0.9624361005815059
-1.574675 -6.498503e-05 -1.065400318841207 -0.956174071876588
-1.604683 -6.617387e-05 -1.084890815576396 -0.9736663771599703
-1.634748 -6.589484e-05 -1.080316244310271 -0.9695607969782618
-1.6648589999999999 -6.628589e-05 -1.0867273330592164 -0.9753146124463373
-1.694738 -6.515751e-05 -1.0682280508126119 -0.9587119010338148
-1.7249700000000001 -6.587899e-05 -1.0800563906939284 -0.9693275838976609
-1.7548540000000001 -6.643638e-05 -1.089194548877727 -0.9775288860425286
-1.7843769999999999 -6.593235e-05 -1.080931203878032 -0.9701127100794191
-1.81447 -6.652252e-05 -1.090606775408437 -0.9787963292452392
-1.84459 -6.498534e-05 -1.0654054011516843 -0.9561786331418868
-1.874942 -6.610087e-05 -1.0836940134317268 -0.9725922727508935
-1.9047129999999999 -6.60348e-05 -1.082610825518051 -0.9716201346918837
-1.9346459999999999 -6.643029e-05 -1.089094706068672 -0.9774392792500454
-1.964507 -6.612486e-05 -1.0840873186844748 -0.972945255829986
-1.994683 -6.626645e-05 -1.0864086230086356 -0.9750285769708241
-2.02497 -6.71179e-05 -1.1003677625439616 -0.9875566070955977
-2.054977 -6.597666e-05 -1.0816576463852967 -0.9707646767419698
-2.084692 -6.609157e-05 -1.0835415441174057 -0.9724554347919289
-2.114794 -6.609636e-05 -1.083620074011556 -0.9725259136976752
-2.144905 -6.664865e-05 -1.092674619990727 -0.9806521756714975
-2.174924 -6.768663e-05 -1.1096918349239324 -0.9959247632678483
-2.205099 -6.657208e-05 -1.0914192893028183 -0.9795255431426894
-2.23509 -6.661987e-05 -1.0922027848438285 -0.980228713686659
-2.264914 -6.678503e-05 -1.0949105087097681 -0.9826588381277976
-2.294951 -6.735804e-05 -1.1043047497634266 -0.99108996918869
-2.324883 -6.653631e-05 -1.0908328562519303 -0.9789992319822417
-2.3553029999999997 -6.619182e-05 -1.0851850977475852 -0.9739304891345307
-2.385229 -6.612838e-05 -1.0841450275002178 -0.9729970482617661
-2.41521 -6.64383e-05 -1.0892260264135871 -0.9775571364598633
-2.4449479999999997 -6.644741e-05 -1.0893753807634219 -0.9776911788046125
-2.474618 -6.676507e-05 -1.0945832734932257 -0.9823651514975897
-2.5049609999999998 -6.691791e-05 -1.0970890165040652 -0.9846140024274982
-2.5351660000000003 -6.704198e-05 -1.0991230883135055 -0.9864395385101578
-2.5649789999999997 -6.721456e-05 -1.1019524597399033 -0.9889788390432876
-2.594816 -6.6363e-05 -1.0879915168040855 -0.976449190405021
-2.624627 -6.652779e-05 -1.0906931746865522 -0.9788738707553193
-2.65484 -6.679857e-05 -1.0951324909157798 -0.982858062425043
-2.685053 -6.697005e-05 -1.0979438283372578 -0.9853811778232414
-2.714713 -6.661608e-05 -1.0921406494996053 -0.9801729485399412
-2.744637 -6.685132e-05 -1.0959973034244277 -0.9836342132137935
-2.774442 -6.74101e-05 -1.105158250032625 -0.9918559674837109
-2.80484 -6.777246e-05 -1.111098979144165 -0.9971876452052602
-2.834822 -6.709947e-05 -1.1000656109888076 -0.9872854325167035
-2.864831 -6.670174e-05 -1.0935450066463501 -0.981433329138318
-2.895007 -6.577891e-05 -1.0784156241372367 -0.9678550308940937
-2.9248960000000004 -6.702192e-05 -1.0987942136419704 -0.9861443805040473
-2.9546750000000004 -6.797972e-05 -1.1144969135620306 -1.0002372189014967
-2.984803 -6.767044e-05 -1.1094264071606144 -0.9956865475091775
-3.014911 -6.750431e-05 -1.1067027805812457 -0.9932421507217812
-3.0447379999999997 -6.570294e-05 -1.077170130179284 -0.9667372266207023
-3.0747289999999996 -6.738542e-05 -1.1047536325404268 -0.9914928319108887
-3.104766 -6.723744e-05 -1.1023275670422326 -0.9893154898498586
-3.135109 -6.832881e-05 -1.1202200869960395 -1.0053736450407382
-3.1649879999999997 -6.661243e-05 -1.0920808093923717 -0.9801192433194872
-3.1948220000000003 -6.640506e-05 -1.0886810715740143 -0.9770680511097577
-3.224785 -6.73588e-05 -1.104317209621371 -0.9911011516455515
-3.255007 -6.715048e-05 -1.1009018969805826 -0.9880359813647448
-3.285174 -6.701498e-05 -1.0986804354654771 -0.9860422670163898
-3.3152199999999996 -6.7771e-05 -1.1110750431012715 -0.9971661631170784
-3.3449299999999997 -6.651475e-05 -1.0904793897555045 -0.9786820033375884
-3.374822 -6.741645e-05 -1.105262355424661 -0.9919493998535415
-3.4049609999999997 -6.71183e-05 -1.1003743203639325 -0.9875624925992091
-3.434958 -6.778647e-05 -1.111328666788642 -0.9973937849692486
-3.465303 -6.765135e-05 -1.1091134352025085 -0.9954056618493244
-3.494877 -6.777198e-05 -1.1110911097601999 -0.9971805826009263
-3.525081 -6.636338e-05 -1.0879977467330577 -0.9764547816334518
-3.5550439999999996 -6.686469e-05 -1.0962164985569514 -0.983830936172004
-3.5850999999999997 -6.766056e-05 -1.1092644290073361 -0.9955411755699766
-3.615279 -6.775663e-05 -1.1108394534188208 -0.9969547263998396
-3.6449789999999997 -6.813488e-05 -1.1170406919287006 -1.002520205752351
-3.675201 -6.65823e-05 -1.0915868416030718 -0.97967591775996
-3.705222 -6.742883e-05 -1.1054653199527573 -0.9921315561903138
-3.735118 -6.667497e-05 -1.0931061245448053 -0.9810394418091266
-3.764933 -6.770666e-05 -1.1100202177589698 -0.996219479861188
-3.7950619999999997 -6.729759e-05 -1.1033136992203405 -0.9902005224554201
-3.824914 -6.765187e-05 -1.1091219603684705 -0.9954133130040193
-3.855016 -6.743561e-05 -1.105576475001262 -0.9922313154765265
-3.885109 -6.771848e-05 -1.1102140013391064 -0.9963933964929043
-3.91492 -6.787898e-05 -1.1128453266023866 -0.9987549548169705
-3.9449699999999996 -6.774704e-05 -1.1106822296850212 -0.9968136214507569
-3.974942 -6.765682e-05 -1.1092031133906088 -0.9954861461112099
-4.004739 -6.749781e-05 -1.1065962160067202 -0.9931465112880962
-4.0349699999999995 -6.760646e-05 -1.1083774838562863 -0.9947451612065372
-4.064864 -6.749813e-05 -1.106601462262697 -0.9931512196909854
-4.095281 -6.834295e-05 -1.120451905932007 -1.0055816975934004
-4.125306999999999 -6.68399e-05 -1.0958100776642616 -0.9834661820856887
-4.154988 -6.753714e-05 -1.1072410136553483 -0.9937252034306852
-4.1852659999999995 -6.794446e-05 -1.1139188417316053 -0.9997184117581533
-4.2151369999999995 -6.766366e-05 -1.1093152521121097 -0.9955867882229646
-4.2453590000000005 -6.845096e-05 -1.1222226812696199 -1.0071709307060632
-4.27521 -6.759968e-05 -1.1082663288077814 -0.9946454019203245
-4.30522 -6.714979e-05 -1.1008905847411332 -0.9880258288710152
-4.335293 -6.729997e-05 -1.1033527182491667 -0.9902355412019076
-4.365241 -6.832633e-05 -1.1201794285122206 -1.0053371549183476
-4.395481 -6.820657e-05 -1.1182160172129656 -1.0035750351371004
-4.425458 -6.7914e-05 -1.1134194637408295 -0.9992702306581469
-4.455146 -6.72644e-05 -1.1027695641082642 -0.9897121727932658
-4.485024999999999 -6.746332e-05 -1.1060307679797385 -0.9926390337392049
-4.515275 -6.787297e-05 -1.1127467953573256 -0.9986665251252095
-4.5454229999999995 -6.710177e-05 -1.1001033184536397 -0.9873192741624691
-4.5755159999999995 -6.709718e-05 -1.1000280674694747 -0.9872517380085284
-4.605296999999999 -6.7013e-05 -1.0986479742566215 -0.9860131337735134
-4.635313 -6.770589e-05 -1.1100075939555258 -0.996208150266736
-4.6654979999999995 -6.802136e-05 -1.11517958262099 -1.0008498998274413
-4.695533 -6.657557e-05 -1.0914765062820633 -0.9795768941616986
-4.7255069999999995 -6.739939e-05 -1.104982664402907 -0.9916983831245162
-4.755331 -6.745269e-05 -1.105856493914015 -0.9924826264807326
-4.7853069999999995 -6.837211e-05 -1.1209299710078775 -1.00601075080667
-4.8150900000000005 -6.729944e-05 -1.1033440291377052 -0.9902277429096226
-4.845321 -6.74105e-05 -1.1051648078525957 -0.9918618529873223
-4.875701 -6.72985e-05 -1.103328618260774 -0.9902139119761358
-4.905392 -6.819575e-05 -1.1180386281827557 -1.0034158322644127
-4.935331 -6.667205e-05 -1.0930582524590184 -0.9809964776327635
-4.9653540000000005 -6.777098e-05 -1.111074715210273 -0.9971658688418978
-4.99497 -6.823993e-05 -1.1187629393985297 -1.0040658861382894
-5.024951 -6.84921e-05 -1.1228971530536158 -1.0077762547524935
-5.055025 -6.743729e-05 -1.1056040178451394 -0.9922560345916944
-5.0850159999999995 -6.779713e-05 -1.1115034326908635 -0.9975506336404919
-5.1147219999999995 -6.875432e-05 -1.127196131935468 -1.0116344966449338
-5.144849 -6.754491e-05 -1.107368399308281 -0.9938395293383363
-5.175053 -6.694895e-05 -1.0975979033337986 -0.9850707175077411
-5.205043 -6.788781e-05 -1.112990090478242 -0.9988848773091917
-5.235127 -6.701937e-05 -1.0987524075396566 -0.9861068604185247
-5.26476 -6.749263e-05 -1.1065112922380984 -0.9930702940163287
-5.294784 -6.799204e-05 -1.1146988944171308 -1.0004184924127268
-5.325071 -6.755533e-05 -1.1075392305185199 -0.9939928467074125
-5.354692 -6.722114e-05 -1.102060335878423 -0.9890756555776948
-5.385063 -6.788744e-05 -1.1129840244947689 -0.9988794332183512
-5.414713 -6.764886e-05 -1.1090726127731905 -0.9953690245893437
-5.444618 -6.707463e-05 -1.0996583703686216 -0.9869199427424369
-5.474729 -6.811504e-05 -1.1167154240581492 -1.0022282847732265
-5.504933 -6.815018e-05 -1.1172915285425833 -1.0027453262654862
-5.5348310000000005 -6.736974e-05 -1.1044965659975718 -0.9912621201693226
-5.564826 -6.836863e-05 -1.1208729179741317 -1.005959546925251
-5.5947569999999995 -6.675714e-05 -1.0944532647123049 -0.9822484713884942
-5.624859000000001 -6.845718e-05 -1.1223246553701656 -1.00726245028722
-5.6551279999999995 -6.733214e-05 -1.1038801309203174 -0.9907088828298528
-5.684831 -6.894632e-05 -1.130343885521448 -1.0144595383783963
-5.715025 -6.749434e-05 -1.1065393269184736 -0.9930954545442675
-5.7450529999999995 -6.839508e-05 -1.1213065538197005 -1.0063487258515535
-5.7748919999999995 -6.645772e-05 -1.089544408573169 -0.9778428776601958
-5.804600000000001 -6.79602e-05 -1.1141768919474557 -0.9999500063252611
-5.834785 -6.796941e-05 -1.1143278857522834 -1.0000855200459133
-5.864581 -6.740585e-05 -1.1050885731954352 -0.9917934340078399
-5.894692 -6.832581e-05 -1.1201709033462584 -1.0053295037636527
-5.924747999999999 -6.815831e-05 -1.1174248162334894 -1.0028649491263872
-5.955006999999999 -6.734599e-05 -1.1041071954368062 -0.9909126683923969
-5.985024999999999 -6.783289e-05 -1.1120897017962523 -0.9980767976633493
-6.01485 -6.779424e-05 -1.1114560524415744 -0.9975081108768996
-6.044905 -6.72711e-05 -1.1028794075927746 -0.9898107549787561
-6.074765999999999 -6.70031e-05 -1.0984856682123445 -0.9858674675591318
-6.104807 -6.777938e-05 -1.1112124294296595 -0.9972894644177368
-6.134933 -6.827749e-05 -1.1193787186937871 -1.0046185349273982
-6.164896 -6.778089e-05 -1.1112371852000493 -0.9973116821938698
-6.194608000000001 -6.794526e-05 -1.113931957371547 -0.9997301827653764
-6.22471 -6.755658e-05 -1.1075597237059287 -0.9940112389061982
-6.25484 -6.748379e-05 -1.106366364416744 -0.9929402243865175
-6.284590000000001 -6.811399e-05 -1.116698209780726 -1.0022128353262467
-6.314756999999999 -6.772792e-05 -1.110368765890417 -0.9965322943781327
-6.344411 -6.748782e-05 -1.1064324344529497 -0.9929995208354021
-6.3741080000000006 -6.840416e-05 -1.1214554163330375 -1.0064823267835319
-6.404222 -6.825459e-05 -1.1190032835004593 -1.0042815898456467
-6.434155 -6.822631e-05 -1.1185396456285241 -1.003865484740322
-6.46422 -6.717796e-05 -1.101352419212576 -0.9884403154628465
-6.494359 -6.742557e-05 -1.1054118737199952 -0.9920835893358809
-6.5242309999999994 -6.653012e-05 -1.0907313739878821 -0.9789081538138554
-6.554173 -6.895334e-05 -1.1304589752619354 -1.0145628289667759
-6.584516 -6.706507e-05 -1.0995016384713194 -0.9867792792061248
-6.614479 -6.898488e-05 -1.1309760593666325 -1.0150269009265334
-6.644423 -6.787093e-05 -1.1127133504754745 -0.9986365090567915
-6.674572 -6.811973e-05 -1.1167923144973066 -1.0022972923030697
-6.7042969999999995 -6.799479e-05 -1.11474397942943 -1.0004589552500553
-6.734497999999999 -6.785151e-05 -1.1123949683158927 -0.998350767856459
-6.764257 -6.854605e-05 -1.1237816390221762 -1.0085700620520786
-6.794738000000001 -6.768249e-05 -1.1096239614872347 -0.9958638483054705
-6.824222 -6.808132e-05 -1.1161625998346114 -1.001732136818787
-6.854229 -6.844561e-05 -1.1221349704275105 -1.007092212095261
-6.884572 -6.828099e-05 -1.1194360996185315 -1.0046700330839977
-6.914401 -6.72966e-05 -1.1032974686159127 -0.9901859558339818
-6.9440990000000005 -6.775777e-05 -1.1108581432057374 -0.9969715000851319
-6.974247999999999 -6.699841e-05 -1.098408777773187 -0.9857984600292883
-7.004016 -6.774705e-05 -1.1106823936305203 -0.9968137685883471
-7.034368000000001 -6.730053e-05 -1.103361899197126 -0.9902437809069637
-7.0642879999999995 -6.800129e-05 -1.1148505440039553 -1.0005545946837402
-7.094309 -6.826103e-05 -1.1191088644019889 -1.0043763464537898
-7.12425 -6.809984e-05 -1.1164662268992593 -1.002004635635994
-7.15385 -6.75278e-05 -1.1070878885590303 -0.9935877769213595
-7.18421 -6.852341e-05 -1.1234104664118294 -1.0082369425476745
-7.214201 -6.740904e-05 -1.1051408718097022 -0.9918403708991407
-7.244007 -6.812842e-05 -1.1169347831361722 -1.002425154869027
-7.274183 -6.795368e-05 -1.114069999481932 -0.9998540726163957
-7.304164 -6.825085e-05 -1.118941967883732 -1.00422656038688
-7.334415 -6.825502e-05 -1.1190103331569279 -1.0042879167620289
-7.364303 -6.787795e-05 -1.1128284402159618 -0.9987397996451711
-7.394005 -6.856541e-05 -1.1240990375087627 -1.0088549204268693
-7.424035 -6.711474e-05 -1.1003159557661926 -0.9875101116170679
-7.454183 -6.885842e-05 -1.1289028045828666 -1.0131661989597953
-7.484192 -6.812787e-05 -1.1169257661337124 -1.0024170623015614
-7.514062 -6.825113e-05 -1.1189465583577118 -1.0042306802394083
-7.543859 -6.793223e-05 -1.1137183363859984 -0.9995384624852355
-7.5741000000000005 -6.769441e-05 -1.109819384522364 -0.9960392363130894
-7.603713 -6.773703e-05 -1.1105181202402519 -0.9966663367228819
-7.633488000000001 -6.810413e-05 -1.116536559518446 -1.002067757662226
-7.663572 -6.787722e-05 -1.1128164721945153 -0.9987290586010804
-7.693775 -6.873431e-05 -1.1268680769914294 -1.0113400743267746
-7.723581 -6.869275e-05 -1.126186719496464 -1.010728570501552
-7.75347 -6.777811e-05 -1.111191608351252 -0.9972707779437706
-7.78359 -6.695213e-05 -1.0976500380025667 -0.9851175072614518
-7.813775 -6.815747e-05 -1.1174110448115508 -1.0028525895688034
-7.843882 -6.743536e-05 -1.1055723763637804 -0.9922276370367696
-7.873609 -6.879299e-05 -1.1278301091811445 -1.012203477706564
-7.903646 -6.735236e-05 -1.1042116287198411 -0.9910063950374083
-7.933363999999999 -6.86916e-05 -1.126167865764048 -1.0107116496786694
-7.963535 -6.749653e-05 -1.1065752309828139 -0.9931276776765399
-7.99359 -6.797578e-05 -1.1144323190353183 -1.0001792466909245
-8.023571 -6.800309e-05 -1.114880054193824 -1.0005810794499914
-8.053423 -6.805155e-05 -1.1156745340832854 -1.0012941082125102
-8.08327 -6.810909e-05 -1.1166178764860837 -1.002140737907007
-8.113174 -6.80021e-05 -1.1148638235893962 -1.000566512828553
-8.143358000000001 -6.846438e-05 -1.1224426961296399 -1.007368389352225
-8.17321 -6.694717e-05 -1.0975687210349288 -0.9850445270166707
-8.203387000000001 -6.805269e-05 -1.115693223870202 -1.0013108818978025
-8.233257 -6.759269e-05 -1.1081517309037918 -0.9945425527447154
-8.263164000000002 -6.797809e-05 -1.1144701904456495 -1.00021323547428
-8.293258 -6.791855e-05 -1.1134940589429971 -0.9993371782617262
-8.323024 -6.776366e-05 -1.1109547071048076 -0.9970581641258097
-8.352915000000001 -6.820545e-05 -1.1181976553170476 -1.0035585557269886
-8.383155 -6.764618e-05 -1.1090286753793859 -0.9953295917151473
-8.412825999999999 -6.72418e-05 -1.1023990472799143 -0.9893796418392228
-8.442859 -6.742305e-05 -1.1053705594541794 -0.9920465106631294
-8.472691999999999 -6.813032e-05 -1.1169659327810335 -1.002453111011181
-8.502767 -6.771052e-05 -1.1100835007216878 -0.9962762749710379
-8.532638 -6.792502e-05 -1.1136001316810247 -0.9994323762826404
-8.562767 -6.74949e-05 -1.1065485078664326 -0.9931036942493234
-8.592896000000001 -6.798864e-05 -1.114643152947379 -1.0003684656320302
-8.622748 -6.758887e-05 -1.108089103723071 -0.9944863461852268
-8.652816000000001 -6.766101e-05 -1.109271806554803 -0.9955477967615393
-8.682368 -6.799762e-05 -1.1147903760057234 -1.0005005951881059
-8.71235 -6.821561e-05 -1.1183642239443055 -1.0037080475187174
-8.742322 -6.761093e-05 -1.10845076749446 -0.9948109317093945
-8.772331 -6.866617e-05 -1.125750952359405 -1.010337478786576
-8.802202 -6.839321e-05 -1.1212758960113367 -1.0063212111221702
-8.832304 -6.78838e-05 -1.1129243483330347 -0.9988258751354876
-8.862174000000001 -6.771042e-05 -1.1100818612666952 -0.996274803595135
-8.891893 -6.864098e-05 -1.1253379736467444 -1.0099668391966492
-8.921738 -6.834626e-05 -1.1205061718922653 -1.0056304001357845
-8.951692 -6.705082e-05 -1.09926801613486 -0.9865696081399695
-8.981739 -6.730383e-05 -1.103416001211885 -0.9902923363117577
-9.011738 -6.762143e-05 -1.1086229102686933 -0.9949654261791931
-9.041675 -6.910157e-05 -1.1328891393976115 -1.016743849467563
-9.071439 -6.816193e-05 -1.1174841645042253 -1.0029182129340704
-9.101507 -6.812865e-05 -1.1169385538826555 -1.0024285390336036
-9.131359 -6.799994e-05 -1.1148284113615539 -1.0005347311090518
-9.161071 -6.824627e-05 -1.1188668808450666 -1.0041591713705298
-9.190896 -6.750222e-05 -1.106668515971898 -0.9932113989654117
-9.221191999999999 -6.821643e-05 -1.1183776674752457 -1.003720112801121
-9.251147000000001 -6.714629e-05 -1.1008332038163888 -0.9879743307144156
-9.280905 -6.769975e-05 -1.1099069314189745 -0.9961178077863015
-9.310761000000001 -6.769677e-05 -1.109858075660192 -0.9960739607843966
-9.34059 -6.884123e-05 -1.1286209822696218 -1.0129132694420964
-9.370700999999999 -6.806604e-05 -1.1159120911117273 -1.0015073105808323
-9.400737999999999 -6.839741e-05 -1.12134475312103 -1.0063830089100898
-9.430757999999999 -6.778049e-05 -1.1112306273800785 -0.9973057966902584
-9.460279 -6.883181e-05 -1.1284665456093097 -1.0127746658320482
-9.490210999999999 -6.668507e-05 -1.0932717094990674 -0.9811880507753137
-9.520044 -6.903217e-05 -1.1317513576326792 -1.0157227145909886
-9.550405000000001 -6.754653e-05 -1.1073949584791627 -0.9938633656279623
-9.580165999999998 -6.904211e-05 -1.1319143194589534 -1.0158689693557315
-9.610202 -6.792768e-05 -1.1136437411838302 -0.9994715148816559
-9.639971 -6.890724e-05 -1.1297031865103018 -1.0138845246755643
-9.670072 -6.727658e-05 -1.1029692497263748 -0.9898913863782324
-9.700327 -6.848448e-05 -1.122772226583172 -1.0076641359086969
-9.730359 -6.729234e-05 -1.103227627833224 -0.9901232752205208
-9.760268 -6.818301e-05 -1.117829761616686 -1.0032283789743899
-9.790091 -6.827441e-05 -1.119328223480012 -1.0045732165495906
-9.819887000000001 -6.796756e-05 -1.1142975558349182 -1.0000582995917104
-9.850200999999998 -6.698665e-05 -1.0982159778660459 -0.9856254262231139
-9.880201999999999 -6.860391e-05 -1.1247302276809514 -1.0094214001494648
-9.910174999999999 -6.806985e-05 -1.115974554346949 -1.0015633700027307
-9.940063 -6.747385e-05 -1.1062034025904697 -0.9927939696217746
-9.970138 -6.803474e-05 -1.115398941699013 -1.001046769923242
-9.992097 -6.823606e-05 -1.1186994924903122 -1.0040089438908495
-9.99386 -6.758721e-05 -1.108061888770192 -0.9944619213452397
-9.965321 -6.743946e-05 -1.1056395940184809 -0.9922879634487861
-9.936108 -6.844731e-05 -1.1221628411623865 -1.0071172254856096
-9.906229 -6.806289e-05 -1.1158604482794572 -1.0014609622398927
-9.876905 -6.768914e-05 -1.1097329852442492 -0.9959616948030098
-9.846887 -6.711253e-05 -1.100279723810854 -0.9874775942096151
-9.817026 -6.84051e-05 -1.1214708272099687 -1.0064961577170186
-9.787342 -6.778331e-05 -1.1112768600108727 -0.9973472894907188
-9.757757999999999 -6.788642e-05 -1.1129673020538433 -0.9988644251841421
-9.727748 -6.694724e-05 -1.0975698686534237 -0.9850455569798026
-9.697572000000001 -6.893208e-05 -1.130110427130488 -1.0142500144498312
-9.667442 -6.725877e-05 -1.1026772627921753 -0.9896293343299356
-9.637795 -6.801351e-05 -1.115050885404063 -1.0007343968190678
-9.607822 -6.747356e-05 -1.106198648170991 -0.9927897026316563
-9.578145000000001 -6.804132e-05 -1.1155068178375325 -1.0011435864576492
-9.548063 -6.828389e-05 -1.1194836438133198 -1.0047127029851803
-9.518153 -6.810012e-05 -1.1164708173732387 -1.002008755488522
-9.488341 -6.718025e-05 -1.1013899627319088 -0.9884740099710216
-9.458313 -6.943862e-05 -1.1384149224504998 -1.021703121948102
-9.428544 -6.771236e-05 -1.1101136666935536 -0.9963033482876502
-9.39847 -6.687723e-05 -1.096422086213036 -0.984015446710221
-9.368358 -6.878858e-05 -1.1277578092159666 -1.0121385900292486
-9.338682 -6.760983e-05 -1.1084327334895403 -0.9947947465744632
-9.308784 -6.791113e-05 -1.113372411382539 -0.9992280021697352
-9.279239 -6.822228e-05 -1.1184735755923183 -1.0038061882914373
-9.248961 -6.795569e-05 -1.1141029525272852 -0.9998836472720429
-9.218945 -6.844354e-05 -1.122101033709162 -1.0070617546140723
-9.189063 -6.88336e-05 -1.128495891853679 -1.0128010034607093
-9.159192 -6.754796e-05 -1.107418402685558 -0.9938844063033728
-9.129109 -6.842442e-05 -1.1217875699145579 -1.0067804275414483
-9.099512 -6.728852e-05 -1.103165000652503 -0.990067068661032
-9.069608 -6.797972e-05 -1.1144969135620306 -1.0002372189014967
-9.039526 -6.884174e-05 -1.1286293434900847 -1.012920773459201
-9.009433000000001 -6.87162e-05 -1.1265711716922517 -1.0110736081507694
-8.979313 -6.754717e-05 -1.1074054509911158 -0.9938727824337403
-8.949672 -6.730262e-05 -1.1033961638064733 -0.9902745326633332
-8.919794 -6.767345e-05 -1.1094757547558947 -0.9957308359238533
-8.889850000000001 -6.746243e-05 -1.1060161768303036 -0.9926259384936698
-8.859701 -6.860362e-05 -1.1247254732614724 -1.0094171331593464
-8.830025 -6.826346e-05 -1.1191487031583114 -1.004412100888229
-8.799942 -6.855017e-05 -1.1238491845678755 -1.0086306827392757
-8.769952 -6.848275e-05 -1.1227438640117984 -1.0076386811055775
-8.74005 -6.675099e-05 -1.0943524382302539 -0.9821579817704692
-8.710248 -6.856746e-05 -1.124132646336113 -1.0088850836328775
-8.680294 -6.817323e-05 -1.1176694229184 -1.003084478411092
-8.650128 -6.654782e-05 -1.0910215575215898 -0.9791685873486592
-8.619988 -6.827928e-05 -1.119408064938156 -1.0046448725560588
-8.590191 -6.862876e-05 -1.1251376322466369 -1.0097870370613218
-8.560406 -6.731748e-05 -1.103639786818388 -0.9904931791224958
-8.530436 -6.79964e-05 -1.1147703746548125 -1.0004826444020911
-8.500748 -6.780539e-05 -1.1116388516732605 -0.997672169290067
-8.470665 -6.830879e-05 -1.1198918681065013 -1.0050790755849885
-8.440691000000001 -6.735889e-05 -1.1043186851308642 -0.9911024758838639
-8.410452 -6.744486e-05 -1.1057281245880868 -0.9923674177475399
-8.380646 -6.776457e-05 -1.1109696261452409 -0.9970715536465254
-8.350554 -6.794615e-05 -1.1139465485209818 -0.9997432780109116
-8.320786 -6.858593e-05 -1.1244354536732644 -1.0091568467621332
-8.290692 -6.668745e-05 -1.0933107285278938 -0.9812230695218016
-8.260701 -6.892539e-05 -1.1300007475914762 -1.0141515794019307
-8.230609000000001 -6.776263e-05 -1.1109378207183827 -0.9970430089540103
-8.200489 -6.867683e-05 -1.1259257182616265 -1.0104943274578193
-8.170635 -6.761181e-05 -1.1084651946983959 -0.9948238798173397
-8.140721 -6.869253e-05 -1.12618311269548 -1.0107253334745658
-8.110871 -6.790229e-05 -1.1132274835611844 -0.9990979325399236
-8.08098 -6.866165e-05 -1.1256768489937352 -1.0102709725957675
-8.050758 -6.902125e-05 -1.1315723291474766 -1.0155620403423982
-8.021068 -6.806871e-05 -1.1159558645600323 -1.0015465963174384
-7.991313 -6.74067e-05 -1.1051025085628732 -0.9918059407030142
-7.961239 -6.858102e-05 -1.1243549564331228 -1.0090846022053035
-7.931101 -6.721514e-05 -1.101961968578861 -0.9889873730235244
-7.901146 -6.862934e-05 -1.1251471410855944 -1.0097955710415583
-7.871267 -6.817618e-05 -1.1177177868406847 -1.0031278840002258
-7.841285 -6.7488e-05 -1.1064353854719366 -0.9930021693120272
-7.811100000000001 -6.854882e-05 -1.123827051925474 -1.0086108191645873
-7.781044 -6.893783e-05 -1.130204695792568 -1.0143346185642446
-7.750946 -6.764921e-05 -1.1090783508656648 -0.9953741744050035
-7.721184 -6.804875e-05 -1.1156286293434898 -1.0012529096872305
-7.6912389999999995 -6.77029e-05 -1.1099585742512443 -0.9961641561272411
-7.661304 -6.82521e-05 -1.118962461071141 -1.0042449525856658
-7.631082 -6.871323e-05 -1.1265224798789686 -1.011029908286455
-7.6012569999999995 -6.818286e-05 -1.117827302434197 -1.003226171910536
-7.57134 -6.887613e-05 -1.1291931520620735 -1.0134267796321894
-7.541257 -6.777825e-05 -1.111193903588242 -0.9972728378700348
-7.511332 -6.891254e-05 -1.1297900776249148 -1.0139625075984153
-7.481517 -6.772912e-05 -1.1103884393503296 -0.996549950888967
-7.451489 -6.831589e-05 -1.1200082694109827 -1.0051835432740905
-7.421606 -6.805062e-05 -1.1156592871518534 -1.0012804244166136
-7.391822 -6.852551e-05 -1.123444894966676 -1.008267841441634
-7.361720999999999 -6.746719e-05 -1.106094214887956 -0.992695975986645
-7.3314520000000005 -6.863938e-05 -1.1253117423668615 -1.009943297182204
-7.301461000000001 -6.799516e-05 -1.1147500454129031 -1.000464399340896
-7.271748 -6.818521e-05 -1.1178658296265254 -1.0032607492442527
-7.241886999999999 -6.801848e-05 -1.1151323663172001 -1.0008075242014394
-7.211869 -6.77381e-05 -1.110535662408674 -0.9966820804450425
-7.181795 -6.8229e-05 -1.1185837469678277 -1.0039050647521084
-7.151924 -6.736298e-05 -1.1043857388400657 -0.9911626551582903
-7.121970999999999 -6.812579e-05 -1.1168916654698644 -1.0023864576827823
-7.091813 -6.794083e-05 -1.1138593295153703 -0.9996650008128801
-7.061924 -6.795954e-05 -1.114166071544504 -0.9999402952443025
-7.031859000000001 -6.781566e-05 -1.1118072237010106 -0.9978232795952893
-7.001656 -6.790675e-05 -1.1133006032538588 -0.9991635559051905
-6.971554 -6.821234e-05 -1.1183106137660443 -1.0036599335266947
-6.941833 -6.798148e-05 -1.114525767969902 -1.0002631151173866
-6.912184 -6.880505e-05 -1.1280278274532638 -1.0123809256404472
-6.881813 -6.831452e-05 -1.1199858088775831 -1.0051633854242217
-6.851823 -6.787793e-05 -1.1128281123249633 -0.9987395053699906
-6.821702 -6.748821e-05 -1.1064388283274214 -0.9930052592014232
-6.791758 -6.73735e-05 -1.1045582095052975 -0.9913174439032697
-6.761748 -6.846523e-05 -1.122456631497078 -1.0073808960473993
-6.7320079999999995 -6.858083e-05 -1.1243518414686366 -1.009081806591088
-6.702101 -6.755044e-05 -1.1074590611693773 -0.9939208964257638
-6.671841000000001 -6.790231e-05 -1.113227811452183 -0.9990982268151042
-6.641859999999999 -6.767203e-05 -1.1094524744949983 -0.9957099423860327
-6.611738999999999 -6.735906e-05 -1.1043214722043517 -0.9911049772228987
-6.581739 -6.890288e-05 -1.1296317062726202 -1.0138203726862005
-6.551582000000001 -6.769093e-05 -1.1097623314886182 -0.9959880324316703
-6.521701 -6.832995e-05 -1.1202387767829562 -1.0053904187260305
-6.492044 -6.802704e-05 -1.1152727036645749 -1.0009334739787226
-6.461888 -6.77275e-05 -1.110361880179448 -0.9965261145993409
-6.431943 -6.688893e-05 -1.0966139024471813 -0.9841875976908536
-6.401536 -6.841997e-05 -1.1217146141673826 -1.0067149513137714
-6.371833 -6.92508e-05 -1.1353356980832146 -1.0189395837273787
-6.341924 -6.804388e-05 -1.1155487878853456 -1.001181253680762
-6.312017 -6.7526e-05 -1.1070583783691619 -0.9935612921551084
-6.2820730000000005 -6.811618e-05 -1.116734113845066 -1.0022450584585187
-6.25198 -6.880328e-05 -1.1279988090998931 -1.0123548822869668
-6.2219430000000004 -6.757672e-05 -1.1078899099414583 -0.9943075740130314
-6.192171999999999 -6.816332e-05 -1.117506952928624 -1.00293866505912
-6.1623410000000005 -6.920697e-05 -1.134617124959915 -1.0182946796691617
-6.132443 -6.886075e-05 -1.1289410038841965 -1.0132004820183318
-6.1023320000000005 -6.779528e-05 -1.1114731027734985 -0.9975234131862892
-6.072221 -6.804045e-05 -1.115492554579096 -1.0011307854872944
-6.042286 -6.768053e-05 -1.1095918281693777 -0.9958350093377747
-6.012267 -6.826431e-05 -1.1191626385257494 -1.0044246075834031
-5.982220999999999 -6.753307e-05 -1.1071742878371453 -0.9936653184314393
-5.952258 -6.760473e-05 -1.1083491212849126 -0.994719706403418
-5.922059 -6.732126e-05 -1.1037017582171122 -0.9905487971316235
-5.892193 -6.716997e-05 -1.1012214267586593 -0.9883227525282091
-5.862437 -6.868748e-05 -1.1261003202183488 -1.010651028991472
-5.832497999999999 -6.782531e-05 -1.1119654311078058 -0.9979652673699135
-5.802479999999999 -6.823796e-05 -1.1187306421351737 -1.0040369000330036
-5.772211 -6.918771e-05 -1.1343013659283212 -1.0180112926702736
-5.742323000000001 -6.807771e-05 -1.116103415509375 -1.0016790201486943
-5.7123040000000005 -6.889157e-05 -1.129446283912946 -1.0136539600715886
-5.6822669999999995 -6.79224e-05 -1.1135571779602162 -0.999393826233986
-5.652512 -6.696006e-05 -1.0977800467834875 -0.9852341873705474
-5.622082000000001 -6.740844e-05 -1.1051310350797463 -0.9918315426437238
-5.592118999999999 -6.893213e-05 -1.1301112468579844 -1.0142507501377824
-5.562184 -6.719192e-05 -1.1015812871295565 -0.9886457195388836
-5.532082 -6.725439e-05 -1.1026054546634951 -0.989564888065391
-5.502153 -6.799414e-05 -1.1147333229719776 -1.0004493913066868
-5.472535 -6.748973e-05 -1.1064637480433102 -0.9930276241151464
-5.442434 -6.828799e-05 -1.11955086146802 -1.0047730293971966
-5.412054 -6.756649e-05 -1.1077221936957051 -0.9941570522581702
-5.382044 -6.894564e-05 -1.1303327372274978 -1.014449533022257
-5.352165 -6.756502e-05 -1.1076980937073124 -0.9941354230323983
-5.322285 -6.761577e-05 -1.1085301171161066 -0.9948821463030921
-5.292396 -6.770685e-05 -1.1100233327234557 -0.9962222754754033
-5.262294 -6.688847e-05 -1.0966063609542152 -0.9841808293617008
-5.2322299999999995 -6.863071e-05 -1.1251696016189943 -1.0098157288914271
-5.202455 -6.863341e-05 -1.1252138669037972 -1.009855456040804
-5.1725069999999995 -6.770386e-05 -1.1099743130191742 -0.9961782813359084
-5.142165 -6.70889e-05 -1.0998923205960793 -0.9871299080837728
-5.112091 -6.800184e-05 -1.1148595610064154 -1.000562687251206
-5.082174 -6.789954e-05 -1.1131823985488853 -0.9990574697025955
-5.052427 -6.829006e-05 -1.1195847981863691 -1.0048034868783857
-5.022619 -6.833836e-05 -1.120376654947842 -1.0055141614394598
-4.992813 -6.827719e-05 -1.1193738003288087 -1.0046141207996895
-4.9625259999999995 -6.765367e-05 -1.1091514705583392 -0.9954397977702706
-4.932627999999999 -6.669694e-05 -1.0934663128067006 -0.9813627030949814
-4.902609 -6.817272e-05 -1.1176610616979372 -1.0030769743939871
-4.872860999999999 -6.795106e-05 -1.1140270457611234 -0.9998155225677413
-4.842786 -6.872038e-05 -1.1266397009109466 -1.0111351116635083
-4.812832 -6.777852e-05 -1.1111983301167223 -0.9972768105849723
-4.78261 -6.755137e-05 -1.1074743081008092 -0.99393458022166
-4.7526459999999995 -6.668313e-05 -1.0932399040722092 -0.9811595060827986
-4.72271 -6.77792e-05 -1.1112094784106727 -0.9972868159411118
-4.692786 -6.773549e-05 -1.1104928726333645 -0.9966436775339782
-4.662497999999999 -6.826826e-05 -1.1192273969979607 -1.0044827269315653
-4.632823 -6.741847e-05 -1.1052954724155137 -0.9919791216467791
-4.60286 -6.756148e-05 -1.107640057000571 -0.9940833363254378
-4.572943 -6.809762e-05 -1.1164298309984213 -1.0019719710909507
-4.542628 -6.76509e-05 -1.1091060576550416 -0.9953990406577617
-4.512663 -6.695794e-05 -1.0977452903376423 -0.985202994201407
-4.482721 -6.857672e-05 -1.1242844598684367 -1.009021333041481
-4.452646 -6.863221e-05 -1.125194193443885 -1.0098377995299699
-4.422693000000001 -6.774568e-05 -1.1106599330971205 -0.9967936107384783
-4.392674 -6.684753e-05 -1.0959351680802045 -0.9835784480670758
-4.362549 -6.804074e-05 -1.1154973089985747 -1.0011350524774125
-4.332508 -6.770712e-05 -1.1100277592519363 -0.9962262481903412
-4.302813 -6.816997e-05 -1.1176159766856384 -1.0030365115566593
-4.272563 -6.770218e-05 -1.1099467701752967 -0.9961535622207405
-4.242662999999999 -6.719142e-05 -1.1015730898545932 -0.9886383626593696
-4.212674 -6.73311e-05 -1.1038630805883936 -0.9906935805204634
-4.182471 -6.739014e-05 -1.1048310148160825 -0.9915622808535031
-4.152276 -6.765297e-05 -1.1091399943733902 -0.9954294981389505
-4.122682 -6.793768e-05 -1.1138076866831004 -0.9996186524719406
-4.092433 -6.751713e-05 -1.1069129587113096 -0.993430781112526
-4.0622 -6.673051e-05 -1.0940166778477494 -0.9818566439855666
-4.032415 -6.784711e-05 -1.1123228322962138 -0.9982860273167338
-4.002368 -6.801896e-05 -1.115140235701165 -1.0008145868057727
-3.97223 -6.796342e-05 -1.1142296823982207 -0.9999973846293329
-3.9424050000000004 -6.736016e-05 -1.1043395062092716 -0.9911211623578301
-3.912134 -6.734548e-05 -1.1040988342163436 -0.9909051643752926
-3.882387 -6.799967e-05 -1.1148239848330739 -1.0005307583941143
-3.8522849999999997 -6.780868e-05 -1.1116927897425202 -0.9977205775572705
-3.822128 -6.721804e-05 -1.1020095127736493 -0.9890300429247068
-3.792239 -6.69466e-05 -1.0975593761414701 -0.9850361401740243
-3.762248 -6.76713e-05 -1.1094405064735517 -0.995699201341942
-3.7324430000000004 -6.793802e-05 -1.1138132608300755 -0.9996236551500102
-3.7026280000000003 -6.782574e-05 -1.1119724807642744 -0.9979715942862959
-3.672387 -6.767213e-05 -1.1094541139499912 -0.9957114137619356
-3.642406 -6.677498e-05 -1.0947457434830021 -0.9825109648495617
-3.612257 -6.749914e-05 -1.106618020758123 -0.993166080587604
-3.581989 -6.739656e-05 -1.1049362678266137 -0.9916567431864657
-3.5522289999999996 -6.822147e-05 -1.1184602960068775 -1.0037942701466243
-3.522294 -6.719891e-05 -1.1016958850335463 -0.9887485687144927
-3.4925349999999997 -6.691842e-05 -1.097097377724528 -0.9846215064446027
-3.4622020000000004 -6.730862e-05 -1.1034945311060351 -0.9903628152175038
-3.432128 -6.763927e-05 -1.1089153890393906 -0.9952279196402608
-3.402115 -6.747929e-05 -1.1062925889420725 -0.9928740124708894
-3.372563 -6.681192e-05 -1.0953513581573049 -0.9830544911080729
-3.342368 -6.78166e-05 -1.1118226345779416 -0.9978371105287758
-3.3122849999999997 -6.755643e-05 -1.1075572645234397 -0.994009031842344
-3.281961 -6.797436e-05 -1.1144090387744219 -1.000158353153104
-3.252049 -6.753553e-05 -1.1072146184299658 -0.9937015142786494
-3.222276 -6.776112e-05 -1.110913064947993 -0.9970207911778775
-3.192192 -6.712491e-05 -1.1004826883389498 -0.9876597505463873
-3.162342 -6.781102e-05 -1.1117311529893492 -0.9977550077533972
-3.132377 -6.771082e-05 -1.110088419086666 -0.9962806890987463
-3.100563 -6.666265e-05 -1.0929041436897047 -0.980858168297896
-3.072165 -6.675142e-05 -1.0943594878867227 -0.9821643086868517
-3.042351 -6.787918e-05 -1.112848605512372 -0.9987578975687763
-3.012378 -6.770528e-05 -1.1099975932800703 -0.9961991748737286
-2.982118 -6.716319e-05 -1.1011102717101544 -0.9882229932419961
-2.952219 -6.661205e-05 -1.0920745794633995 -0.9801136520910564
-2.9222390000000003 -6.813848e-05 -1.1170997123084376 -1.0025731752848532
-2.892183 -6.727229e-05 -1.102898917107188 -0.9898282643520001
-2.862247 -6.673399e-05 -1.0940737308814954 -0.9819078478669856
-2.832489 -6.645938e-05 -1.0895716235260478 -0.9778673025001829
-2.8020590000000003 -6.7283e-05 -1.103074502736906 -0.989985848711195
-2.7722849999999997 -6.758307e-05 -1.1079940153334944 -0.9944010063828619
-2.742183 -6.63961e-05 -1.0885341764066687 -0.9769362158288628
-2.712211 -6.773874e-05 -1.1105461549206272 -0.9966914972508207
-2.682053 -6.749891e-05 -1.10661425001164 -0.9931626964230277
-2.6521909999999997 -6.672138e-05 -1.093866995606916 -0.9817223073656369
-2.622128 -6.649861e-05 -1.090214781719683 -0.978444523266869
-2.591979 -6.782657e-05 -1.1119860882407135 -0.9979838067062893
-2.562031 -6.705533e-05 -1.0993419555550306 -0.9866359671931877
-2.532248 -6.666641e-05 -1.0929657871974303 -0.9809134920318431
-2.502294 -6.681116e-05 -1.0953388982993604 -0.9830433086512111
-2.47235 -6.789624e-05 -1.1131282965341263 -0.9990089142978016
-2.44197 -6.780488e-05 -1.1116304904527974 -0.9976646652729623
-2.412313 -6.653938e-05 -1.0908831875202059 -0.9790444032224589
-2.382415 -6.804175e-05 -1.115513867494001 -1.0011499133740314
-2.352396 -6.667355e-05 -1.093082844283909 -0.9810185482713062
-2.322322 -6.695456e-05 -1.097689876758889 -0.9851532616958907
-2.2923780000000002 -6.637596e-05 -1.0882039901711391 -0.9766398807220297
-2.2620259999999996 -6.669002e-05 -1.0933528625212061 -0.9812608838825048
-2.232361 -6.616145e-05 -1.084687195266303 -0.973483632272837
-2.202563 -6.588566e-05 -1.0801657423419415 -0.9694257246703807
-2.1720900000000003 -6.704857e-05 -1.0992311283975242 -0.9865365021821555
-2.142433 -6.693964e-05 -1.0974452700739785 -0.9849337324111863
-2.1120349999999997 -6.579844e-05 -1.0787358096973105 -0.9681423906079194
-2.082081 -6.705654e-05 -1.0993617929604422 -0.9866537708416121
-2.052063 -6.56304e-05 -1.0759808695275808 -0.9656698905407785
-2.0218979999999998 -6.582867e-05 -1.079231416941603 -0.9685871875433495
-1.991989 -6.691476e-05 -1.0970373736717953 -0.9845676540865587
-1.961924 -6.593868e-05 -1.0810349813790698 -0.9702058481740691
-1.9318030000000002 -6.637101e-05 -1.0881228371490008 -0.976567047614839
-1.902087 -6.687557e-05 -1.096394871260157 -0.9839910218702337
-1.872162 -6.652333e-05 -1.090620054993878 -0.9788082473900525
-1.842044 -6.610689e-05 -1.0837927086222872 -0.9726808495802448
-1.812128 -6.633387e-05 -1.0875139435647128 -0.9760205786045223
-1.781952 -6.693012e-05 -1.097289193958674 -0.9847936574252357
-1.752087 -6.63542e-05 -1.087847244764728 -0.9763197093255706
-1.721942 -6.630388e-05 -1.0870222710124027 -0.9755793129712591
-1.691933 -6.608839e-05 -1.0834894094486378 -0.9724086450382183
-1.6617760000000001 -6.644035e-05 -1.0892596352409374 -0.9775872996658715
-1.632007 -6.593827e-05 -1.0810282596135998 -0.9701998155328675
-1.602016 -6.67691e-05 -1.0946493435294318 -0.9824244479464747
-1.571979 -6.601481e-05 -1.082283098465011 -0.9713260066489051
-1.541832 -6.538416e-05 -1.0719438755535615 -0.962046774517613
-1.5117850000000002 -6.582096e-05 -1.079105014961666 -0.96847374446124
-1.48185 -6.593789e-05 -1.0810220296846276 -0.9701942243044366
-1.4515719999999999 -6.698538e-05 -1.0981951567876385 -0.9856067397491477
-1.4218510000000002 -6.51951e-05 -1.068844321944367 -0.9592649912356943
-1.391924 -6.508388e-05 -1.0670209201014884 -0.95762852695655
-1.361998 -6.480266e-05 -1.0624104447710236 -0.9534907236425694
-1.331942 -6.529665e-05 -1.0705091884894518 -0.9607591734650335
-1.301915 -6.595525e-05 -1.08130663907136 -0.9704496551611705
-1.272109 -6.525785e-05 -1.069873079952285 -0.9601882796147295
-1.242247 -6.525624e-05 -1.0698466847269026 -0.9601645904626938
-1.212127 -6.562116e-05 -1.0758293838862558 -0.9655339354073558
-1.1820350000000002 -6.466174e-05 -1.0601001247953137 -0.9514172607202801
-1.1520899999999998 -6.522694e-05 -1.0693663244140421 -0.9597334773231602
-1.122128 -6.435452e-05 -1.0550633911667473 -0.9468968996715599
-1.091831 -6.523309e-05 -1.0694671508960931 -0.9598239669411851
-1.061887 -6.509221e-05 -1.0671574867023803 -0.9577510925692572
-1.031719 -6.53421e-05 -1.0712543207836331 -0.9614279138128766
-1.002239 -6.463174e-05 -1.0596082882975044 -0.9509758479494269
-0.9721436999999999 -6.445326e-05 -1.0566821890265374 -0.9483497362380291
-0.9418128 -6.365946e-05 -1.0436681952945017 -0.9366699543212456
-0.9115072 -6.422292e-05 -1.0529058683963572 -0.9449605689834161
-0.881889 -6.264028e-05 -1.0269591978999235 -0.92167398539463
-0.8520443 -6.357654e-05 -1.0423087592145566 -0.9354498894226065
-0.8217295 -6.407296e-05 -1.0504473416893074 -0.9427540936795097
-0.7918418 -6.195497e-05 -1.0157238488894658 -0.9115904991948429
-0.7619239 -6.209246e-05 -1.017977935558926 -0.9136134939236646
-0.7317943 -6.101895e-05 -1.0003782222668152 -0.8978181264690334
-0.7016739 -6.006081e-05 -0.9846699481997798 -0.8837202853935143
-0.6715535 -5.853977e-05 -0.9597331819788483 -0.8613400693608809
-0.6416154000000001 -5.646477e-05 -0.9257144908803674 -0.8308090193768473
-0.6116461000000001 -5.490204e-05 -0.9000942358729801 -0.8078153867303178
-0.5813961000000001 -5.388263e-05 -0.8833814677319187 -0.7928160336391257
-0.5514517 -5.096512e-05 -0.8355502043744593 -0.7498884945360328
-0.5214424 -4.812828e-05 -0.789041489359609 -0.708147914373765
-0.4915399 -4.633227e-05 -0.7595967137452562 -0.6817218560210787
-0.4617942 -4.292505e-05 -0.7037368753430558 -0.6315888419841637
-0.43152569999999996 -4.028375e-05 -0.660433950620927 -0.5927253902623189
-0.4017201 -3.717944e-05 -0.609540185337108 -0.5470493209727115
-0.3716461 -3.548184e-05 -0.5817087973810688 -0.522071243646015
-0.3413868 -3.245077e-05 -0.5320157689339017 -0.4774728100676513
-0.3114331 -2.940781e-05 -0.4821278092881026 -0.4326994298944394
-0.28136059999999996 -2.642679e-05 -0.4332553280647807 -0.3888374199554496
-0.2516183 -2.392403e-05 -0.3922237042895355 -0.3520124124094064
-0.2216275 -2.270442e-05 -0.37222874725309313 -0.33406736476071863
-0.1917285 -2.017845e-05 -0.3308166059740428 -0.29690085086762497
-0.16148859999999998 -1.788092e-05 -0.29314963568031144 -0.2630955480869905
-0.1316368 -1.545851e-05 -0.253435313991699 -0.2274527910788831
-0.1014832 -1.302677e-05 -0.21356803115226794 -0.19167275469904035
-0.07156272 -1.191582e-05 -0.19535450591089099 -0.17532650410638395
-0.04146087 -1.080989e-05 -0.17722328131014747 -0.15905411658405036
-0.011502090000000001 -9.186798e-06 -0.1506134184800678 -0.13517233201504553
0.01840951 -6.301379e-06 -0.10330827262431494 -0.09271697215293463
0.048557659999999996 -6.019044e-06 -0.09867951737068141 -0.08856276299763723
0.07836583 -3.392146e-06 -0.055612706956601 -0.04991121883332023
0.10858540000000001 -8.08914e-07 -0.013261780959632024 -0.011902165670739526
0.1385484 -2.148205e-07 -0.0035218854125885217 -0.0031608170713711228
0.1685262 2.211737e-06 0.036260432671846025 0.03254296525230671
0.1985391 2.877547e-06 0.04717608795872769 0.04233953315103894
0.2285762 4.173592e-06 0.06842416241883877 0.061409226971066294
0.2584558 6.798706e-06 0.11146172495584947 0.10003452178927655
0.2884036 7.248149e-06 0.11883014065868051 0.10664751778830014
0.3184003 9.343204e-06 0.15317762445594682 0.13747365220964924
0.3488818 1.073464e-05 0.17598959142814233 0.15794690621715948
0.3788564 1.231352e-05 0.20187461841685042 0.18117816607199846
0.4084466 1.309963e-05 0.21476253805994758 0.1927447991818532
0.4384651 1.405042e-05 0.23035031218501964 0.2067344941285131
0.46869659999999996 1.716103e-05 0.28134736313337877 0.2525032600999997
0.4988187 1.948948e-05 0.31952125291085226 0.2867635123097938
0.5288169 2.123007e-05 0.34805744256825205 0.31237413413712345
0.5590021000000001 2.277271e-05 0.37334833106760645 0.33507216736477147
0.5886866 2.466723e-05 0.4044081337952661 0.3629476781193503
0.6185946999999999 2.734576e-05 0.44832142761117627 0.40235892308982424
0.6487521 2.910581e-05 0.47717665521015507 0.4282558746678475
0.6788911000000001 3.119976e-05 0.5115060230297521 0.4590657503854702
0.7087621000000001 3.444335e-05 0.5646832212274009 0.5067911520325601
0.738641 3.639934e-05 0.5967507969390717 0.5355711175546177
0.7687706 3.921357e-05 0.642888831180073 0.5769790196252523
0.7990946999999999 4.14481e-05 0.6795229448284047 0.6098573555870945
0.8292706 4.356663e-05 0.7142552906852068 0.6410288955016364
0.8590451 4.634765e-05 0.759848861923133 0.6819481536349362
0.8887891 4.874956e-05 0.7992270953382424 0.7172892785829604
0.9186111 5.141001e-05 0.8428439756914726 0.7564344987901999
0.9487707000000001 5.304863e-05 0.8697084130928185 0.7805447586093984
0.9790114 5.509021e-05 0.9031791983327396 0.8105840747667011
1.009132 5.760526e-05 0.9444123111265874 0.8475899144112041
1.038904 5.783514e-05 0.9481810902638013 0.8509723133366642
1.06891 5.939825e-05 0.9738075752001608 0.8739715372116246
1.099354 5.987868e-05 0.9816840088215791 0.8810404684616627
1.129413 6.104792e-05 1.0008531723781997 0.8982443840680875
1.158947 6.154645e-05 1.0090263473532963 0.9055796343565407
1.189076 6.24794e-05 1.0243216427076711 0.9193068358421329
1.219036 6.200848e-05 1.0166011212560584 0.9123778324404553
1.248993 6.39916e-05 1.0491134811072484 0.941556982244955
1.278956 6.299598e-05 1.03279073930895 0.9269076694810497
1.308836 6.480081e-05 1.062380114853659 0.9534635031883669
1.339095 6.484612e-05 1.06312295191085 0.954130183609946
1.36903 6.56688e-05 1.0766104202447768 0.9662348988874709
1.399095 6.525638e-05 1.0698489799638924 0.9601666503889578
1.429121 6.535315e-05 1.0714354805603261 0.9615905008501409
1.458845 6.482976e-05 1.0628547370740449 0.9538894665122405
1.488956 6.587268e-05 1.0799529410838893 0.9692347400781914
1.518835 6.582679e-05 1.0792005951877404 0.968559525676376
1.548521 6.605478e-05 1.082938388625592 0.9719141155972721
1.578928 6.566493e-05 1.0765469733365594 0.9661779566400309
1.609391 6.590247e-05 1.080441334726214 0.9696730629596491
1.639308 6.654354e-05 1.0909513888479023 0.9791056124600174
1.669141 6.672332e-05 1.0938988010337747 0.9817508520581522
1.699289 6.617046e-05 1.0848349101611452 0.9736162032416834
1.729234 6.60876e-05 1.0834764577541955 0.9723970211685858
1.759234 6.751714e-05 1.1069131226568085 0.993430928250116
1.7891679999999999 6.658673e-05 1.0916594694592483 0.979741099712456
1.819036 6.63733e-05 1.0881603806683335 0.9766007421230142
1.8489280000000001 6.647073e-05 1.089757701667719 0.9780343036651559
1.879484 6.69105e-05 1.0969675328891064 0.9845049734730974
1.9092719999999999 6.682526e-05 1.0955700614533308 0.9832507726535122
1.9393820000000002 6.792216e-05 1.1135532432682338 0.9993902949318191
1.9689320000000001 6.597125e-05 1.0815689518701916 0.9706850753056256
1.999002 6.717911e-05 1.101371272944992 0.9884572362857293
2.029289 6.729383e-05 1.103252055712615 0.9901451987214731
2.0591880000000002 6.622967e-05 1.0858056314623215 0.9744874049137576
2.0895390000000003 6.657717e-05 1.0915027375619466 0.9796004361761441
2.11913 6.772509e-05 1.110322369314124 0.9964906544400824
2.14915 6.69907e-05 1.09828237579325 0.9856850169471791
2.179206 6.654515e-05 1.0909777840732848 0.9791293016120532
2.209508 6.695393e-05 1.097679548192435 0.985143992027703
2.239484 6.641292e-05 1.0888099327364402 0.9771837012557212
2.269475 6.705966e-05 1.0994129439562146 0.986699677769781
2.2995360000000002 6.738267e-05 1.104708547528128 0.9914523690735607
2.329141 6.705562e-05 1.0993467099745096 0.986640234183306
2.359484 6.689352e-05 1.096689153431346 0.9842551338447941
2.389319 6.699924e-05 1.0984223852496267 0.9858106724492821
2.419243 6.717799e-05 1.1013529110490738 0.9884407568756173
2.4492800000000003 6.717449e-05 1.1012955301243295 0.9883892587190177
2.4793380000000003 6.741225e-05 1.1051934983149678 0.9918876020656221
2.509225 6.73851e-05 1.1047483862844503 0.9914881235079996
2.539092 6.665818e-05 1.092830860051531 0.9807923977950388
2.5689189999999997 6.701928e-05 1.0987509320301632 0.9861055361802121
2.598937 6.715556e-05 1.1009851812942117 0.9881107272606093
2.6290169999999997 6.768277e-05 1.1096285519612143 0.9958679681579984
2.659086 6.771862e-05 1.1102162965760962 0.9963954564191682
2.6891599999999998 6.625627e-05 1.086241726490379 0.9748787909039145
2.719373 6.751761e-05 1.1069208280952745 0.9934378437168595
2.749188 6.844934e-05 1.1221961220987382 1.0071470944164371
2.7792060000000003 6.785443e-05 1.112442840401679 0.9983937320328219
2.809141 6.747431e-05 1.1062109440834362 0.9928007379509277
2.8394749999999997 6.716674e-05 1.1011684723623953 0.9882752270865472
2.8697060000000003 6.80721e-05 1.1160114420842848 1.001596475960545
2.899576 6.756337e-05 1.107671042699933 0.9941111453300014
2.929253 6.727644e-05 1.102966954489385 0.9898893264519684
2.95928 6.786569e-05 1.112627443033857 0.9985594089594823
2.989364 6.729841e-05 1.1033271427512807 0.9902125877378234
3.019771 6.722666e-05 1.10215083379402 0.9891568755275321
3.049394 6.850598e-05 1.1231247094066024 1.0079804817278086
3.0794099999999998 6.718946e-05 1.1015409565367362 0.9886095236916737
3.109641 6.773842e-05 1.1105409086646505 0.9966867888479315
3.139687 6.709339e-05 1.0999659321252515 0.9871959728618106
3.169438 6.770514e-05 1.1099952980430807 0.9961971149474649
3.1995210000000003 6.703026e-05 1.0989309441883612 0.9862670932543445
3.229641 6.669835e-05 1.0934894291220978 0.9813834494952117
3.259604 6.663424e-05 1.0924383745262791 0.9804401504038978
3.2896509999999997 6.755691e-05 1.1075651339074044 0.9940160944466775
3.319873 6.768896e-05 1.1097300342252623 0.9959590463263844
3.349891 6.794233e-05 1.1138839213402607 0.9996870714514228
3.379576 6.741393e-05 1.105221041158845 0.9919123211807898
3.4099 6.713461e-05 1.1006417154732415 0.9878024740089631
3.439923 6.782168e-05 1.1119059188915708 0.9979118564246403
3.4697620000000002 6.80489e-05 1.115631088525979 1.0012551167510848
3.4996039999999997 6.715196e-05 1.1009261609144747 0.9880577577281069
3.529743 6.730344e-05 1.1034096073374136 0.9902865979457366
3.559791 6.757535e-05 1.107867449408058 0.9942874161631622
3.589799 6.810747e-05 1.1165913173152018 1.002116901617381
3.6198629999999996 6.78806e-05 1.1128718857732682 0.9987787911065965
3.649863 6.720076e-05 1.1017262149509113 0.9887757891686954
3.679734 6.802475e-05 1.1152351601452424 1.0008997794705476
3.709752 6.712509e-05 1.1004856393579365 0.9876623990230123
3.739632 6.75063e-05 1.1067354057356 0.9932714311022477
3.76954 6.776708e-05 1.1110107764655577 0.9971084851816869
3.799928 6.843547e-05 1.1219687296912508 1.0069430145787126
3.82966 6.759013e-05 1.108109760855979 0.9945048855216028
3.859956 6.76194e-05 1.1085896293323416 0.9949355572483656
3.889791 6.787394e-05 1.1127626980707548 0.9986807974714672
3.9197710000000003 6.723731e-05 1.1023254357507424 0.9893135770611852
3.949875 6.718875e-05 1.1015293164062883 0.9885990769227636
3.9797890000000002 6.687016e-05 1.096306176745052 0.9839114204338896
4.009761 6.73804e-05 1.1046713318997936 0.9914189688405659
4.039854 6.777822e-05 1.1111934117517444 0.997272396457264
4.069942 6.70488e-05 1.0992348991440075 0.9865398863467321
4.099993 6.770657e-05 1.1100187422494765 0.9962181556228756
4.130021 6.847476e-05 1.1226128715578818 1.0075211181709403
4.16003 6.739815e-05 1.1049623351609976 0.991680138063321
4.1901779999999995 6.812612e-05 1.1168970756713401 1.0023913132232616
4.220289 6.788291e-05 1.1129097571835995 0.9988127798899522
4.250345 6.788578e-05 1.1129568095418902 0.9988550083783639
4.280253 6.827815e-05 1.1193895390967386 1.0046282460083569
4.310215 6.810323e-05 1.1165218044235117 1.0020545152791005
4.340132 6.796175e-05 1.1142023034998427 0.9999728126517552
4.370178 6.793876e-05 1.1138253927970214 0.9996345433316911
4.399965 6.811522e-05 1.116718375077136 1.0022309332498514
4.430308 6.768829e-05 1.1097190498768112 0.9959491881078354
4.460354000000001 6.785011e-05 1.1123720159459949 0.9983301685938193
4.490074 6.699521e-05 1.0983563152134208 0.9857513760003975
4.520021 6.754697e-05 1.1074021720811305 0.9938698396819348
4.550196 6.832627e-05 1.120178444839225 1.0053362720928058
4.580354000000001 6.846652e-05 1.1224777804664836 1.007399876796546
4.6103559999999995 6.858023e-05 1.1243420047386805 1.0090729783356711
4.640039 6.718301e-05 1.1014352116897073 0.9885146199459403
4.670225 6.818968e-05 1.117939113264699 1.00332651974711
4.700381999999999 6.756199e-05 1.1076484182210338 0.9940908403425422
4.7305209999999995 6.713333e-05 1.100620730449335 0.9877836403974068
4.760583 6.774717e-05 1.1106843609765118 0.9968155342394306
4.790373 6.85249e-05 1.123434894291221 1.008258866048627
4.820281 6.78799e-05 1.1128604095883194 0.9987684914752767
4.8502979999999996 6.828192e-05 1.1194513465499636 1.004683716879894
4.880261000000001 6.737126e-05 1.104521485713461 0.9912844850830459
4.910404000000001 6.78176e-05 1.1118390291278688 0.9978518242878043
4.9403630000000005 6.756781e-05 1.1077438345016086 0.9941764744200877
4.9704 6.800286e-05 1.1148762834473407 1.0005776952854148
5.0003850000000005 6.756494e-05 1.1076967821433183 0.9941342459316762
5.029965 6.77494e-05 1.110720920822849 0.9968483459220642
5.060141 6.85572e-05 1.1239644382538623 1.0087341204652458
5.090002 6.890437e-05 1.1296561341520115 1.013842296187153
5.120289 6.750698e-05 1.1067465540295507 0.9932814364583872
5.150206 6.879714e-05 1.1278981465633413 1.012264539806532
5.180188 6.780995e-05 1.1117136108209271 0.9977392640312365
5.210539 6.795605e-05 1.1141088545652589 0.9998889442252932
5.240149000000001 6.743805e-05 1.105616477703084 0.9922672170485561
5.2701970000000005 6.793799e-05 1.1138127689935777 0.9996232137372394
5.300067 6.84257e-05 1.1218085549384647 1.0067992611530048
5.3302439999999995 6.781174e-05 1.1117429570652966 0.9977656016598976
5.360131 6.810527e-05 1.1165552493053628 1.0020845313475186
5.390289 6.832693e-05 1.1201892652421765 1.0053459831737646
5.420345 6.797686e-05 1.1144500251492393 1.0001951375506752
5.450373 6.795066e-05 1.1140204879411526 0.99980963706413
5.480576 6.882052e-05 1.1282814511406343 1.0126085474926174
5.510441 6.726502e-05 1.102779728729219 0.9897212953238635
5.540197 6.81424e-05 1.1171639789441514 1.0026308532202448
5.569965 6.790356e-05 1.1132483046395918 0.9991166190138899
5.600252 6.826223e-05 1.1191285378619011 1.0043940029646239
5.630298 6.708389e-05 1.0998101839009453 0.9870561921510403
5.6605479999999995 6.789652e-05 1.1131328870081059 0.9990130341503295
5.690688 6.748081e-05 1.1063175086579615 0.9928963773846126
5.720548 6.800832e-05 1.114965797689942 1.0006580324097103
5.750516999999999 6.753403e-05 1.1071900266050752 0.9936794436401065
5.780520999999999 6.828499e-05 1.1195016778182394 1.0047288881201115
5.810576 6.75923e-05 1.1081453370293204 0.9945368143786945
5.840706 6.70029e-05 1.0984823893023592 0.9858645248073261
5.870555 6.763599e-05 1.10886161491563 0.9951796585106474
5.900354 6.847657e-05 1.1226425456932498 1.0075477500747818
5.930446 6.723074e-05 1.1022177235577222 0.9892169076643682
5.960882 6.732761e-05 1.1038058636091483 0.9906422295014541
5.990837000000001 6.746284e-05 1.1060228985957739 0.9926319711348713
6.0204189999999995 6.778161e-05 1.1112489892759967 0.9973222761003704
6.05053 6.814192e-05 1.1171561095601863 1.002623790615911
6.080688 6.88571e-05 1.1288811637769631 1.0131467767978781
6.110828000000001 6.711374e-05 1.1002995612162656 0.9874953978580396
6.140317 6.746421e-05 1.106045359129174 0.9926521289847405
6.170576 6.870138e-05 1.126328204462334 1.0108555502419678
6.200335 6.732519e-05 1.1037661887983252 0.9906066222046053
6.230593 6.774134e-05 1.1105887807504373 0.9967297530242947
6.260438 6.814045e-05 1.1171320095717938 1.0026021613901392
6.290604 6.811505e-05 1.1167155880036486 1.0022284319108166
6.320428 6.86953e-05 1.1262285255987778 1.0107660905870748
6.3505389999999995 6.745678e-05 1.1059235476232163 0.992542805755159
6.380715 6.814685e-05 1.1172369346913265 1.0026963294479214
6.410715 6.768247e-05 1.109623633596236 0.9958635540302897
6.440512 6.862756e-05 1.1251179587867244 1.0097693805504875
6.470641 6.757986e-05 1.1079413888282288 0.9943537752163806
6.50066 6.832972e-05 1.1202350060364732 1.0053870345614542
6.530517 6.747401e-05 1.106206025718458 0.992796323823219
6.560178 6.892136e-05 1.1299346775552706 1.014092282953046
6.590789 6.882507e-05 1.128356046342802 1.0126754950961967
6.620555 6.901856e-05 1.1315282278081729 1.0155224603306114
6.650577 6.835783e-05 1.1206958568349206 1.0058006383277438
6.68053 6.960287e-05 1.1411077272760057 1.0241198568685248
6.710798 6.866198e-05 1.125682259195211 1.0102758281362467
6.740956 6.786793e-05 1.1126641668256936 0.9985923677797063
6.77096 6.813258e-05 1.1170029844638685 1.0024863641065853
6.800428 6.849938e-05 1.123016505377084 1.0078833709182207
6.8306130000000005 6.811987e-05 1.1167946097342965 1.0022993522293338
6.8606229999999995 6.835156e-05 1.120593063006878 1.0057083830586353
6.8909650000000005 6.906265e-05 1.1322510635144536 1.0161711899661758
6.921045 6.86482e-05 1.125456342297217 1.0100730725368348
6.950715 6.83781e-05 1.1210281743619404 1.0060988862232505
6.981012 6.852316e-05 1.123406367774348 1.0082332641079175
7.011092 6.760752e-05 1.1083948620792092 0.9947607577911076
7.040632 6.752442e-05 1.1070324749802771 0.9935380444158434
7.070753 6.715051e-05 1.1009023888170804 0.9880364227775156
7.100715 6.819217e-05 1.117979935694017 1.0033631570070907
7.130761000000001 6.805712e-05 1.1157658517263784 1.0013760638502984
7.1609 6.838056e-05 1.1210685049547608 1.0061350820704607
7.19103 6.766959e-05 1.1094124717931768 0.9956740408140036
7.22128 6.819261e-05 1.1179871492959852 1.0033696310610634
7.251252999999999 6.842287e-05 1.121762158362171 1.006757621214954
7.281113 6.821314e-05 1.1183237294059858 1.0036717045339174
7.31097 6.958776e-05 1.1408600056266092 1.023897531969605
7.340882 6.80376e-05 1.115445830111804 1.0010888512740632
7.37116 6.788129e-05 1.112883198012718 0.9987889436003263
7.40116 6.813247e-05 1.1170011810633764 1.0024847455930923
7.431225 6.776142e-05 1.110917983312971 0.9970252053055859
7.460979 6.692058e-05 1.0971327899523704 0.9846532881641041
7.491011 6.795199e-05 1.1140422926925555 0.9998292063636378
7.521067 6.79871e-05 1.1146179053404917 1.0003458064431265
7.551233 6.767536e-05 1.1095070683462551 0.9957589392035975
7.581123 6.798835e-05 1.1146383985279003 1.000364198641912
7.610975000000001 6.841865e-05 1.1216929733614793 1.006695529151854
7.640993000000001 6.869577e-05 1.1262362310372436 1.0107730060538183
7.671045 6.766044e-05 1.1092624616613447 0.9955394099188931
7.701008 6.772643e-05 1.110344338011026 0.9965103708771805
7.730817 6.918549e-05 1.1342649700274836 1.0179786281252305
7.7611229999999995 6.806759e-05 1.115937502664114 1.0015301169073265
7.791113 6.867278e-05 1.1258593203344223 1.010434736733754
7.821045 6.863159e-05 1.12518402882293 1.009828676999372
7.850835 6.792376e-05 1.113579474548117 0.9994138369462646
7.881058 6.819032e-05 1.1179496057766523 1.0033359365528882
7.911131999999999 6.82249e-05 1.1185165293131272 1.003844738340092
7.941085 6.859443e-05 1.1245748073476436 1.009281913713875
7.9711229999999995 6.833468e-05 1.1203163230041107 1.005460014806235
8.001456000000001 6.78545e-05 1.1124439880201742 0.998394761995954
8.031225000000001 6.816769e-05 1.1175785971118046 1.0030029641860743
8.061095 6.784608e-05 1.1123059459097893 0.9982708721449346
8.090942 6.817898e-05 1.1177636915804803 1.0031690825255055
8.120761 6.824455e-05 1.1188386822191925 1.004133863705001
8.15141 6.730403e-05 1.10341928012187 0.9902952790635631
8.181206 6.812281e-05 1.1168428097110819 1.0023426106808775
8.211196 6.819845e-05 1.1180828934675584 1.0034555594137893
8.241299999999999 6.737728e-05 1.1046201809040215 0.9913730619123972
8.271253 6.833496e-05 1.1203209134780905 1.0054641346587632
8.30141 6.755582e-05 1.1075472638479844 0.9940000564493368
8.331423000000001 6.878857e-05 1.1277576452704672 1.0121384428916582
8.361077 6.823905e-05 1.1187485121945937 1.0040529380303445
8.391316999999999 6.858558e-05 1.1244297155807896 1.009151696946473
8.421325999999999 6.76894e-05 1.10973724782723 0.9959655203803569
8.451546 6.955815e-05 1.1403745630032713 1.0234618575647727
8.481392 6.85683e-05 1.1241464177580518 1.0088974431904616
8.511576 6.734968e-05 1.104167691326037 0.990966962163212
8.541376 6.685407e-05 1.096042388436727 0.9836746760511219
8.570993 6.744288e-05 1.1056956633792312 0.9923382845046635
8.601475 6.970741e-05 1.1428216135253724 1.0256580332373593
8.631419 6.868512e-05 1.1260616290805212 1.010616304520165
8.661429 6.843132e-05 1.1219006923090542 1.0068819524787447
8.691595 6.871434e-05 1.1265406778293878 1.0110462405589766
8.721493 6.879462e-05 1.1278568322975255 1.0122274611337805
8.751366 6.791011e-05 1.1133556889416136 0.9992129941355262
8.78128 6.893052e-05 1.1300848516326019 1.0142270609857467
8.811309 6.743822e-05 1.1056192647765715 0.9922697183875909
8.841325999999999 6.764464e-05 1.1090034277724983 0.9953069325262434
8.871329 6.820562e-05 1.118200442390535 1.0035610570660234
8.901133 6.76091e-05 1.1084207654680938 0.9947840055303726
8.931364 6.882428e-05 1.1283430946483595 1.012663871226564
8.961466 6.708463e-05 1.099822315867891 0.9870670803327213
8.991356 6.759644e-05 1.108213210466018 0.9945977293410723
9.021012 6.789052e-05 1.1130345197085438 0.9989247515961588
9.051150999999999 6.805813e-05 1.1157824102218048 1.0013909247469173
9.081373 6.723808e-05 1.102338059554186 0.9893249066556369
9.111537 6.789445e-05 1.113098950289757 0.9989825766691407
9.141281000000001 6.839447e-05 1.121296553144245 1.006339750458546
9.1714 6.850465e-05 1.1231029046551995 1.0079609124283007
9.201271 6.794801e-05 1.1139770423838458 0.9997706456027042
9.231457 6.820996e-05 1.118271594737218 1.0036249147802068
9.261508 6.784854e-05 1.1123462765026095 0.9983070679921445
9.291466 6.758287e-05 1.1079907364235089 0.9943980636310561
9.321558999999999 6.869413e-05 1.1262093439753633 1.0107488754890113
9.351574000000001 6.78834e-05 1.1129177905130638 0.9988199896318762
9.381355 6.831246e-05 1.1199520361047333 1.0051330750806229
9.411466 6.85078e-05 1.1231545474874696 1.0080072607692405
9.441466 6.742415e-05 1.105388593459099 0.9920626957980606
9.471658 6.739355e-05 1.1048869202313334 0.9916124547717899
9.501373 6.777189e-05 1.1110896342507064 0.9971792583626138
9.531438 6.77752e-05 1.1111439002109649 0.997227960904998
9.561919 6.806372e-05 1.1158740557558968 1.0014731746598864
9.591460999999999 6.898987e-05 1.1310578681707681 1.0151003225840853
9.621438 6.821094e-05 1.1182876613961463 1.0036393342640546
9.651318999999999 6.904687e-05 1.1319923575166058 1.0159390068487069
9.681289000000001 6.710877e-05 1.1002180803031283 0.987422270475668
9.711734 6.772912e-05 1.1103884393503296 0.996549950888967
9.741771 6.866774e-05 1.1257766918027903 1.0103605793882506
9.771753 6.789908e-05 1.1131748570559188 0.9990507013734423
9.801527 6.834057e-05 1.1204128869031809 1.0055466788469127
9.831393 6.685148e-05 1.0959999265524158 0.9836365674152381
9.861725 6.655676e-05 1.091168124797937 0.9793001283543735
9.891556000000001 6.761788e-05 1.1085647096164524 0.994913192334642
9.921355 6.82004e-05 1.1181148628399162 1.0034842512438948
9.951623 6.836752e-05 1.120854720023713 1.0059432146527294
9.981374 6.708702e-05 1.0998614988422166 0.9871022462167993
10.00375 6.748173e-05 1.1063325916438944 0.9929099140429187
