Keff(MJ/m3):-0.0063493914187646465 Ms(MA/m):1.162707599884683
H(kOe) moment(emu) M(MA/m) M_norm()
9.96724 7.024179e-05 1.1911848799348796 1.0244922111569763
9.939056 6.93351e-05 1.1758089133089134 1.0112679347976479
9.910305000000001 6.93376e-05 1.1758513091846425 1.0113043978565746
9.881656000000001 7.010758e-05 1.188908899742233 1.0225347283015511
9.852732 6.949279e-05 1.1784830755664089 1.0135678787025133
9.824176 6.896602e-05 1.1695499253832589 1.0058848204821698
9.794889 6.983916e-05 1.1843569393569393 1.0186197625907008
9.765556 6.970976e-05 1.1821625288291955 1.0167324346606506
9.736268 6.933627e-05 1.1758287545787542 1.0112849995092255
9.706639 6.942734e-05 1.177373151539818 1.01261327581981
9.676833 6.966091e-05 1.1813341134174469 1.0160199464892214
9.647120000000001 6.88579e-05 1.167716388549722 1.0043078661097042
9.61762 6.870059e-05 1.165048670465337 1.0020134645897956
9.588056 6.962234e-05 1.1806800298466964 1.015457394416099
9.558449000000001 6.923691e-05 1.174143772893773 1.0098358116952397
9.528749 6.908118e-05 1.171502849002849 1.0075644548285727
9.498842 6.993422e-05 1.1859690001356666 1.0200062339433325
9.469093 6.969961e-05 1.181990401573735 1.016584394641408
9.438839 6.949646e-05 1.1785453127119794 1.013621406473018
9.40874 6.946971e-05 1.178091676841677 1.0132312517425013
9.378665999999999 6.965223e-05 1.181186914936915 1.0158933467486275
9.348694 6.9546e-05 1.1793854293854296 1.014343958448711
9.319203 6.963714e-05 1.1809310134310134 1.0156732557249455
9.289018 6.998141e-05 1.1867692646859311 1.0206945106436343
9.258968999999999 6.91138e-05 1.1720560303893637 1.0080402248214493
9.229019000000001 6.927577e-05 1.1748027743861078 1.0104025934831975
9.199102 6.933372e-05 1.1757855107855106 1.0112478071891202
9.168981 6.95818e-05 1.1799925383258716 1.0148661094525424
9.13911 6.926488e-05 1.1746180979514314 1.0102437603985126
9.10899 6.955792e-05 1.179587572920906 1.0145178143136737
9.079081 6.903482e-05 1.1707166598833267 1.0068882838638347
9.049175 6.93212e-05 1.175573192239859 1.011065200190015
9.019147 6.952583e-05 1.1790433794600461 1.0140497744892896
8.989073000000001 6.955836e-05 1.1795950345950346 1.0145242318120449
8.958935 6.907586e-05 1.1714126305792971 1.0074868614391765
8.929064 6.940126e-05 1.1769308777642111 1.012232893189086
8.898916 6.968623e-05 1.1817634988468322 1.0163892443500318
8.868814 6.933635e-05 1.175830111246778 1.0112861663271113
8.839212999999999 6.96822e-05 1.1816951566951566 1.0163304658990417
8.809239999999999 6.939114e-05 1.176759259259259 1.0120852907265505
8.779027 6.905696e-05 1.1710921177587843 1.00721120071369
8.749111000000001 6.921299e-05 1.173738129154796 1.0094869331474283
8.719175 6.964739e-05 1.1811048365215033 1.0158227542665454
8.689083 6.971676e-05 1.182281237281237 1.0168345312256455
8.659222 6.925037e-05 1.1743720322886988 1.0100321288045013
8.629166999999999 6.927221e-05 1.1747424026590694 1.0103506700872857
8.598953 6.942432e-05 1.1773219373219372 1.0125692284446266
8.569102 6.904946e-05 1.1709649301315967 1.0071018115369097
8.539064 6.885778e-05 1.1677143535476866 1.0043061158828757
8.509037000000001 6.937941e-05 1.1765603378103378 1.011914206054066
8.479102000000001 6.884952e-05 1.1675742775742777 1.0041856419361816
8.448666999999999 6.889891e-05 1.1684118504951837 1.004906006128339
8.418479999999999 6.911718e-05 1.1721133496133496 1.0080895228771183
8.388874 6.949449e-05 1.1785119047619048 1.0135926735825835
8.359138999999999 6.874065e-05 1.165728021978022 1.0025977486460382
8.329046 6.909941e-05 1.1718119997286662 1.0078303434542668
8.299175 6.893668e-05 1.1690523673857005 1.0054568900226049
8.268833 6.89752e-05 1.1697056030389363 1.0060187128345486
8.238991 6.92112e-05 1.1737077737077737 1.0094608255972366
8.209037 6.922479e-05 1.1739382376882377 1.0096590387855626
8.178583 6.933288e-05 1.1757712657712658 1.0112355556013208
8.148769 6.898698e-05 1.1699053724053723 1.0061905267682116
8.118556 6.894129e-05 1.1691305453805454 1.0055241279032658
8.088733 6.892622e-05 1.1688749830416496 1.005304328584055
8.058824 6.895436e-05 1.1693521910188576 1.005714756775335
8.029009 6.923992e-05 1.174194817528151 1.0098797132181876
7.998991 6.905956e-05 1.1711362094695428 1.007249122294974
7.968796 6.852334e-05 1.1620428028761363 0.9994282337118869
7.938731 6.954606e-05 1.179386446886447 1.0143448335621252
7.908759 6.976124e-05 1.1830355447022114 1.017483281970071
7.878832999999999 6.939106e-05 1.176757902591236 1.0120841239086649
7.848463 6.9098e-05 1.1717880884547551 1.007809778289032
7.818546 6.904641e-05 1.1709132071632073 1.0070573266050191
7.7883059999999995 6.907172e-05 1.1713424230090896 1.0074264786135938
7.758439999999999 6.9293e-05 1.1750949667616335 1.010653896885321
7.728768 6.947534e-05 1.1781871523538192 1.0133133665512044
7.698759 6.903463e-05 1.170713437796771 1.0068855126713558
7.668648 6.917762e-05 1.1731383123049788 1.008971053789732
7.638573999999999 6.957817e-05 1.179930979514313 1.0148131650909809
7.608287000000001 6.909899e-05 1.171804877221544 1.0078242176603671
7.578648 6.923523e-05 1.1741152828652828 1.0098113085196407
7.548324 6.912332e-05 1.1722174738841407 1.0081790761498426
7.518337000000001 6.87572e-05 1.1660086826753493 1.0028391340961336
7.488963 6.922855e-05 1.1740020010853345 1.0097138792261886
7.458722 6.910253e-05 1.1718649097815765 1.0078758493518074
7.42887 6.947967e-05 1.1782605820105818 1.0133765205692655
7.398676 6.911668e-05 1.1721048704382038 1.008082230265333
7.368843 6.882464e-05 1.1671523538190205 1.0038227615737423
7.338509 6.896161e-05 1.1694751390584721 1.0058204996462226
7.308573999999999 6.944159e-05 1.1776148080314748 1.012821115255693
7.278454 6.910333e-05 1.1718784764618098 1.0078875175306639
7.248435000000001 6.900007e-05 1.1701273572106905 1.0063814473447523
7.21862 6.887261e-05 1.1679658458825124 1.0045224147484293
7.188759 6.915648e-05 1.1727798127798128 1.0086627221634474
7.158481 6.928651e-05 1.1749849070682403 1.010559238784347
7.128481 6.903357e-05 1.170695461945462 1.006870052334371
7.098453999999999 6.93939e-05 1.1768060643060643 1.0121255459436056
7.068176 6.876241e-05 1.166097035680369 1.002915123110937
7.038019 6.933957e-05 1.175884717134717 1.0113331307470088
7.008148 6.895686e-05 1.1693945868945868 1.0057512198342617
6.9784120000000005 6.930647e-05 1.1753233957400624 1.0108503598468184
6.948582999999999 6.887652e-05 1.168032153032153 1.004579442972591
6.918444999999999 6.880005e-05 1.166735347985348 1.0034641109261386
6.888082000000001 6.930967e-05 1.175377662460996 1.0108970325622448
6.858231 6.929252e-05 1.1750868267534933 1.0106468959780068
6.828093 6.923023e-05 1.1740304911138244 1.0097383824017874
6.79845 6.897231e-05 1.1696565934065934 1.0059765615384293
6.768435 6.873073e-05 1.1655597951431285 1.002453063228217
6.738306 6.920643e-05 1.1736268823768823 1.0093912540808043
6.7079629999999995 6.902043e-05 1.170472629222629 1.006678402496652
6.678091 6.955721e-05 1.179575532492199 1.0145074588049385
6.648407 6.868562e-05 1.1647948039614706 1.0017951237929419
6.618546 6.898498e-05 1.1698714557047891 1.0061613563210703
6.588185 6.917212e-05 1.1730450413783746 1.0088908350600931
6.5580929999999995 6.927634e-05 1.1748124406457738 1.0104109070606329
6.527917 6.887124e-05 1.167942612942613 1.0045024329921375
6.498044 6.878314e-05 1.1664485822819155 1.0032174747955578
6.468278000000001 6.857756e-05 1.1629622846289513 1.000219044533891
6.43812 6.932205e-05 1.175587606837607 1.0110775976300501
6.407861 6.88861e-05 1.168194614027947 1.0047191694143982
6.378091 6.911859e-05 1.1721372608872607 1.008110088042353
6.348083 6.924312e-05 1.174249084249084 1.0099263859336136
6.318102 6.965423e-05 1.1812208316374981 1.0159225171957689
6.287833 6.926528e-05 1.174624881291548 1.0102495944879408
6.258167 6.911606e-05 1.1720943562610229 1.008073187426719
6.22825 6.966959e-05 1.1814813118979786 1.0161465462298152
6.198231 6.930318e-05 1.1752676027676028 1.0108023744612706
6.168213 6.882361e-05 1.16713488671822 1.0038077387934645
6.13812 6.880968e-05 1.166898656898657 1.0036045666291247
6.108185000000001 6.907782e-05 1.171445868945869 1.0075154484773752
6.078296 6.951351e-05 1.1788344525844527 1.0138700845348987
6.048185 6.912403e-05 1.1722295143128476 1.0081894316585778
6.017971999999999 6.893756e-05 1.1690672907339574 1.0054697250193472
5.988241 6.901406e-05 1.1703646045312712 1.0065854946225066
5.958102 6.902993e-05 1.1706337335504002 1.0068169621205738
5.927713 6.925849e-05 1.1745097340930675 1.0101505608198957
5.897842 6.939664e-05 1.1768525301858634 1.0121655094561894
5.86812 6.853908e-05 1.1623097273097271 0.9996578051308899
5.837954 6.925378e-05 1.1744298602631935 1.0100818644168774
5.807823999999999 6.910194e-05 1.1718549043549042 1.0078672440699006
5.77774 6.926824e-05 1.1746750780084114 1.0102927667497101
5.747657 6.936862e-05 1.1763773572106906 1.0117568314917382
5.717852 6.897163e-05 1.169645061728395 1.0059666435864014
5.687939999999999 6.867661e-05 1.1646420092253427 1.00166371092857
5.658111 6.904784e-05 1.170937457604124 1.007078183474725
5.6277870000000005 6.901333e-05 1.170352224935558 1.0065748474092997
5.59775 6.953533e-05 1.179204483787817 1.0141883341132114
5.56774 6.902582e-05 1.1705640347307014 1.0067570168516982
5.538018 6.896538e-05 1.169539072039072 1.0058754859390842
5.507935000000001 6.902803e-05 1.1706015126848461 1.0067892501957894
5.477898 6.876755e-05 1.166184201600868 1.0029900911600904
5.447676 6.922499e-05 1.173941629358296 1.0096619558302768
5.41737 6.916603e-05 1.1729417650250982 1.0088020110485476
5.387592 6.8866e-05 1.1678537511870846 1.004426006420627
5.357667 6.87991e-05 1.1667192375525708 1.0034502549637463
5.327667 6.932802e-05 1.1756888481888481 1.0111646714147673
5.297676 6.915439e-05 1.172744369827703 1.0086322390461844
5.267629 6.897772e-05 1.1697483380816713 1.006055467597947
5.237731 6.90393e-05 1.170792633292633 1.0069536256654312
5.207836 6.913562e-05 1.1724260615927282 1.0083584743997622
5.178019 6.942732e-05 1.1773728123728124 1.0126129841153388
5.147676000000001 6.873812e-05 1.165685117351784 1.0025608480304042
5.117564000000001 6.925952e-05 1.1745272011938679 1.0101655836001735
5.087704 6.899775e-05 1.1700880138380139 1.0063476096260684
5.057572 6.931134e-05 1.1754059829059829 1.0109213898856078
5.027518 6.93391e-05 1.17587674671008 1.0113262756919306
4.997639 6.913028e-05 1.1723355040021706 1.0082805893058946
4.968072 6.899734e-05 1.1700810609143941 1.006341629684404
4.937546 6.929781e-05 1.1751765364265363 1.010724051810696
4.907827 6.912076e-05 1.1721740605073938 1.0081417379775015
4.877912 6.887627e-05 1.16802791344458 1.0045757966666982
4.847556 6.918953e-05 1.1733402862569529 1.0091447638024593
4.817564 6.97439e-05 1.1827414869081536 1.0172303741933548
4.787731 6.901687e-05 1.1704122574955906 1.0066264791007402
4.757721999999999 6.896257e-05 1.1694914190747523 1.0058345014608505
4.7278270000000004 6.891759e-05 1.1687286324786326 1.0051784581046401
4.697824 6.90879e-05 1.1716168091168093 1.007662467530968
4.667833 6.946831e-05 1.1780679351512686 1.0132108324295024
4.637592 6.946389e-05 1.1779929792429793 1.0131463657413198
4.60775 6.922973e-05 1.1740220119386784 1.0097310897900018
4.577694 6.898237e-05 1.1698271944105276 1.0061232888875506
4.547759 6.927314e-05 1.1747581739248405 1.0103642343452066
4.517667 6.885287e-05 1.1676310880477547 1.0042345024351436
4.487694 6.896364e-05 1.1695095645095643 1.0058501076500712
4.45763 6.857529e-05 1.1629237891737891 1.0001859360763854
4.4278699999999995 6.907676e-05 1.1714278930945599 1.00749998814039
4.39775 6.900557e-05 1.1702206281372947 1.006461666074391
4.36775 6.932583e-05 1.1756517094017092 1.0111327297751471
4.337556999999999 6.890116e-05 1.1684500067833399 1.004938822881373
4.307139 6.907876e-05 1.1714618097951432 1.0075291585875317
4.277259 6.913973e-05 1.172495760412427 1.0084184196686379
4.247555 6.919397e-05 1.173415581332248 1.0092095221951132
4.217402 6.919604e-05 1.1734506851173516 1.0092397136079045
4.1875919999999995 6.852121e-05 1.162006681590015 0.9993971671856814
4.1575370000000005 6.861577e-05 1.1636102631935967 1.000776345926528
4.1276019999999995 6.953874e-05 1.1792623117623116 1.0142380697255875
4.0974260000000005 6.900162e-05 1.1701536426536427 1.0064040544412869
4.067398 6.901129e-05 1.170317629900963 1.0065450935532156
4.037278 6.935655e-05 1.17617266992267 1.0115807878432397
4.007261 6.908108e-05 1.1715011531678199 1.0075629963062158
3.977166 6.884916e-05 1.1675681725681726 1.0041803912556961
3.9472959999999997 6.898942e-05 1.169946750780084 1.0062261147137244
3.917176 6.89386e-05 1.1690849274182606 1.0054848936518606
3.886926 6.945316e-05 1.1778110161443494 1.012989866292406
3.856988 6.902844e-05 1.1706084656084654 1.0067952301374532
3.8271669999999998 6.919064e-05 1.1733591100257765 1.0091609534006227
3.797034 6.861494e-05 1.1635961877628545 1.0007642401909642
3.767074 6.94419e-05 1.177620065120065 1.0128256366749997
3.7371480000000004 6.904607e-05 1.1709074413241078 1.0070523676290049
3.70699 6.896567e-05 1.1695439899606566 1.0058797156539196
3.677242 6.897537e-05 1.1697084859584859 1.0060211923225557
3.6473139999999997 6.916312e-05 1.1728924162257495 1.0087595680479569
3.617314 6.889072e-05 1.1682729616062948 1.0047865531472948
3.586898 6.935745e-05 1.1761879324379325 1.0115939145444532
3.5571010000000003 6.927885e-05 1.1748550061050063 1.0104475159717954
3.52725 6.923344e-05 1.1740849274182605 1.0097852009694492
3.496884 6.944493e-05 1.177671448921449 1.012869829902419
3.467346 6.921183e-05 1.1737184574684574 1.0094700142880861
3.437083 6.93899e-05 1.1767382309048975 1.012067205049323
3.40694 6.895225e-05 1.1693164088997423 1.005683981953601
3.377046 6.93163e-05 1.1754900963234298 1.0109937325945186
3.3467779999999996 6.887802e-05 1.1680575905575907 1.004601320807947
3.317167 6.910683e-05 1.1719378306878308 1.0079385658131614
3.2871289999999997 6.939285e-05 1.176788258038258 1.0121102314588564
3.256926 6.918066e-05 1.1731898656898656 1.009015392869387
3.226907 6.873565e-05 1.1656432302265636 1.0025248225281849
3.197053 6.898632e-05 1.1698941798941798 1.006180900520655
3.167194 6.912411e-05 1.172230870980871 1.0081905984764634
3.136639 6.910509e-05 1.1719083231583232 1.0079131875241485
3.106761 6.939383e-05 1.1768048772215438 1.0121245249779558
3.0769070000000003 6.903231e-05 1.170674094424094 1.006851674952672
3.04674 6.928047e-05 1.1748824786324787 1.01047114403398
3.016759 6.901606e-05 1.1703985212318544 1.006614665069648
2.986759 6.901343e-05 1.1703539207705873 1.006576305931657
2.956481 6.909427e-05 1.1717248338081672 1.0077553754051134
2.926518 6.884449e-05 1.1674889770723103 1.004112278261621
2.896931 6.870782e-05 1.1651712793379458 1.0021189157562118
2.8669070000000003 6.910373e-05 1.1718852598019265 1.0078933516200923
2.836639 6.892934e-05 1.1689278930945597 1.0053498344815959
2.806426 6.902865e-05 1.1706120268620268 1.0067982930344033
2.776398 6.905976e-05 1.1711396011396011 1.0072520393396882
2.746478 6.893121e-05 1.1689596052096052 1.005377108849673
2.717111 6.887966e-05 1.1680854022520688 1.004625240574603
2.686963 6.900047e-05 1.1701341405508072 1.0063872814341805
2.6568519999999998 6.892091e-05 1.1687849342016006 1.0052268810468947
2.6267959999999997 6.903779e-05 1.1707670261836927 1.0069316019778394
2.5964029999999996 6.872852e-05 1.165522317188984 1.0024208298841255
2.56637 6.908704e-05 1.1716022249355582 1.0076499242386971
2.536305 6.891658e-05 1.168711504544838 1.0051637270288336
2.506305 6.857038e-05 1.162840523673857 1.0001143226286533
2.4764540000000004 6.904425e-05 1.170876577126577 1.0070258225221063
2.446389 6.933487e-05 1.1758050128883462 1.0112645801962266
2.416472 6.91419e-05 1.17253256003256 1.0084500696037864
2.386893 6.883522e-05 1.1673317731651065 1.0039770732391207
2.356666 6.875951e-05 1.1660478564645231 1.002872825962582
2.3266109999999998 6.848711e-05 1.1614284018450685 0.99889981106192
2.296564 6.930689e-05 1.1753305182471847 1.0108564856407178
2.2666109999999997 6.863758e-05 1.163980124813458 1.001094449652605
2.236648 6.883065e-05 1.1672542735042735 1.0039104187674024
2.2067310000000004 6.878132e-05 1.1664177180843847 1.0031909296886592
2.176527 6.872937e-05 1.1655367317867318 1.0024332273241605
2.146352 6.920801e-05 1.1736536765703434 1.0094142987340462
2.116657 6.912855e-05 1.1723061660561662 1.0082553568691175
2.086824 6.873733e-05 1.1656717202550535 1.0025493257037834
2.056796 6.856459e-05 1.1627423348256682 1.0000298741841789
2.026722 6.832403e-05 1.1586628340795004 0.9965212528020082
1.996537 6.889206e-05 1.1682956857956857 1.0048060973468795
1.966731 6.865413e-05 1.1642607855107856 1.0013358351027004
1.936574 6.902171e-05 1.1704943359110025 1.0066970715828225
1.906629 6.867733e-05 1.1646542192375526 1.0016742122895408
1.876277 6.85065e-05 1.1617572242572243 0.9991826185469563
1.846384 6.899604e-05 1.170059015059015 1.0063226688937623
1.816861 6.889525e-05 1.1683497829331164 1.0048526242100704
1.786889 6.853586e-05 1.162255121421788 0.9996108407109923
1.756574 6.842688e-05 1.1604070004070004 0.9980213430462561
1.7266199999999998 6.866545e-05 1.1644527540360874 1.0015009398335208
1.6963789999999999 6.848811e-05 1.1614453601953603 0.998914396285491
1.66624 6.842447e-05 1.1603661307827975 0.9979861926574507
1.63624 6.841853e-05 1.160265398182065 0.9978995564294407
1.606525 6.87042e-05 1.1651098901098902 1.0020661172468859
1.576444 6.814047e-05 1.1555499592999592 0.9938439891633686
1.546361 6.855904e-05 1.1626482159815492 0.9999489261933612
1.516393 6.781827e-05 1.1500859788359787 0.9891446301288852
1.486694 6.882462e-05 1.1671520146520147 1.003822469869271
1.456509 6.813156e-05 1.1553988603988603 0.9937140348213535
1.426407 6.827915e-05 1.15790174331841 0.9958666679681548
1.3963050000000001 6.833546e-05 1.1588566680233345 0.9966879619074216
1.366287 6.84116e-05 1.1601478768145432 0.9977984808300955
1.336203 6.814607e-05 1.1556449260615926 0.9939256664153646
1.3064069999999999 6.84191e-05 1.160275064441731 0.997907870006876
1.276092 6.788522e-05 1.1512213403880072 0.9901211108469445
1.2461289999999998 6.822617e-05 1.1570032899199567 0.9950939428233786
1.216389 6.776288e-05 1.1491466558133225 0.9883367545953036
1.186203 6.81322e-05 1.1554097137430472 0.993723369364439
1.156287 6.773176e-05 1.1486189119522452 0.9878828624377831
1.126277 6.836218e-05 1.1593097951431284 0.997077679081231
1.096046 6.798047e-05 1.1528366232532898 0.9915103533920547
1.066459 6.774345e-05 1.148817155067155 0.9880533637013246
1.0366659999999999 6.737369e-05 1.1425466354633023 0.9826603314338184
1.006602 6.729812e-05 1.1412650929317594 0.9815581260885795
0.9762682 6.728767e-05 1.1410878781712115 0.9814057105022658
0.9463052000000001 6.71411e-05 1.1386022927689596 0.9792679542835067
0.9160645 6.681681e-05 1.1331028693528693 0.9745381121317603
0.8862608000000001 6.603117e-05 1.119779711029711 0.9630793770856666
0.8563701 6.509319e-05 1.1038731176231174 0.9493987290808104
0.8264625999999999 6.314067e-05 1.0707615995115995 0.9209207883545246
0.7964256000000001 6.12123e-05 1.0380596255596255 0.8927950807774715
0.7661663 5.874982e-05 0.9963000271333604 0.8568792594390654
0.73612 5.559529e-05 0.9428044023877357 0.8108697341285485
0.7058608000000001 5.272028e-05 0.8940489757156425 0.7689370705105169
0.6760367 4.959531e-05 0.8410546398046397 0.7233586844087501
0.6462608 4.650077e-05 0.7885763464930131 0.6782241266602401
0.6161293 4.341947e-05 0.7363225817392484 0.6332826772718064
0.5860367 4.06051e-05 0.6885955094288427 0.5922344616111027
0.5558145 3.750694e-05 0.6360558268891603 0.5470471053532668
0.5261193 3.491478e-05 0.5920970695970695 0.5092398722222109
0.496407 3.255881e-05 0.5521437050603717 0.4748775230463214
0.4659904 3.00697e-05 0.5099325057658392 0.43857329720422744
0.4358144 2.810808e-05 0.4766666666666667 0.40996263094344815
0.4058929 2.586898e-05 0.43869522452855786 0.3773048568462677
0.37610140000000003 2.347871e-05 0.3981601885768552 0.3424422345019028
0.3460181 2.187604e-05 0.3709815493148827 0.3190669342418304
0.3158422 1.978555e-05 0.3355302876136209 0.28857667021949346
0.28599959999999996 1.762594e-05 0.29890686474019806 0.2570782755439489
0.2555922 1.592589e-05 0.2700768213268213 0.23228266621256058
0.2257126 1.437058e-05 0.24370132953466284 0.2095981221407971
0.1959117 1.29184e-05 0.21907475240808574 0.1884177521758811
0.16594399999999998 1.155984e-05 0.19603581603581602 0.1686028508416551
0.1358422 9.702165e-06 0.16453271265771263 0.14150824564493336
0.1059966 7.82228e-06 0.13265296431963097 0.11408970263270614
0.07596254999999999 6.761971e-06 0.11467187288020621 0.09862485881366848
0.04617551 4.851318e-06 0.08227035002035 0.07075755764261758
0.01580514 3.692035e-06 0.06261082281915614 0.0538491559058923
-0.014268929999999999 2.247107e-06 0.038107227648894314 0.032774557982311096
-0.04435227 7.975778e-07 0.013525603717270384 0.011632850528036325
-0.07419486 -1.198623e-06 -0.0203266687016687 -0.017482184431997085
-0.1038713 -2.634313e-06 -0.04467360263193596 -0.038422044060232065
-0.13400040000000002 -3.942368e-06 -0.06685605752272418 -0.05750031867801926
-0.16427819999999999 -5.310483e-06 -0.09005703093203093 -0.0774545818234634
-0.1943523 -6.673481e-06 -0.11317122846289512 -0.09733421237989621
-0.2242015 -8.507152e-06 -0.14426726360059694 -0.12407871387002659
-0.2541949 -9.66558e-06 -0.1639122914122914 -0.1409746452405989
-0.28422980000000003 -1.118865e-05 -0.189741045991046 -0.16318896170444266
-0.3141023 -1.269592e-05 -0.21530185863519197 -0.18517283163586917
-0.3442134 -1.436099e-05 -0.24353869895536562 -0.20945824984675399
-0.37434300000000004 -1.637762e-05 -0.27773741690408354 -0.23887124925615816
-0.40453750000000005 -1.77013e-05 -0.3001848460181793 -0.2581774179922377
-0.43426760000000003 -1.923223e-05 -0.32614689323022655 -0.2805063743133473
-0.4642875 -2.135142e-05 -0.3620848595848596 -0.3114152342521637
-0.494269 -2.316255e-05 -0.3927986365486365 -0.33783097021778663
-0.5247226 -2.518482e-05 -0.4270929995929996 -0.36732623028812966
-0.5545281999999999 -2.640834e-05 -0.4478418803418803 -0.3851715430313667
-0.5844562 -2.93936e-05 -0.4984669651336318 -0.4287122275480693
-0.6142318999999999 -3.10248e-05 -0.5261294261294261 -0.45250364423661416
-0.6446486 -3.346532e-05 -0.5675166191832858 -0.48809917406540726
-0.6746116 -3.560885e-05 -0.6038673517840184 -0.5193630383459348
-0.7044562 -3.855256e-05 -0.6537878171211504 -0.5622977068232743
-0.7340837 -4.050846e-05 -0.6869566544566544 -0.5908249456052291
-0.7646856000000001 -4.356172e-05 -0.7387349070682404 -0.6353574253247402
-0.79463 -4.61653e-05 -0.782887328720662 -0.6733312217089735
-0.8244562 -4.870831e-05 -0.8260125830959164 -0.7104215911015289
-0.8541115 -5.113138e-05 -0.8671038529371863 -0.7457626087790131
-0.8843523 -5.369134e-05 -0.9105165513498847 -0.7831001977110921
-0.9141856 -5.515786e-05 -0.9353863112196446 -0.8044897197820121
-0.9446260999999999 -5.780638e-05 -0.9803008411341745 -0.8431189761135133
-0.9743523000000001 -5.875627e-05 -0.9964094084927418 -0.8569733341310966
-1.00475 -6.021981e-05 -1.0212286324786324 -0.8783193922357758
-1.034667 -6.13534e-05 -1.040452448785782 -0.8948530558232988
-1.0644939999999998 -6.212771e-05 -1.0535834690001358 -0.9061465402863366
-1.09475 -6.226327e-05 -1.0558823429656763 -0.9081237131935823
-1.124456 -6.280647e-05 -1.0650941188441188 -0.9160464066371928
-1.154658 -6.393896e-05 -1.0842992809659475 -0.9325640264787879
-1.18451 -6.453729e-05 -1.0944459706959708 -0.941290803297852
-1.214692 -6.454629e-05 -1.0945985958485958 -0.9414220703099883
-1.2445840000000001 -6.463879e-05 -1.0961672432505767 -0.9427712034902791
-1.27456 -6.502091e-05 -1.1026473680640345 -0.9483445091211192
-1.304241 -6.537638e-05 -1.1086755528422196 -0.9535291185438003
-1.334352 -6.601935e-05 -1.1195792633292634 -0.9629069797430607
-1.364325 -6.603744e-05 -1.1198860398860397 -0.9631708264374548
-1.394584 -6.674363e-05 -1.1318618572785237 -0.9734707654708556
-1.4247319999999999 -6.669841e-05 -1.1310950006783342 -0.9728112216609883
-1.454565 -6.745456e-05 -1.1439180572513903 -0.9838398384639816
-1.484889 -6.713103e-05 -1.138431522181522 -0.9791210810821493
-1.5144849999999999 -6.715378e-05 -1.1388173246506579 -0.979452894918383
-1.544195 -6.748916e-05 -1.1445048161714828 -0.9843444871995284
-1.5746120000000001 -6.797813e-05 -1.1527969407136074 -0.9914762239688993
-1.6045740000000002 -6.809724e-05 -1.1548168498168498 -0.9932134699484066
-1.634639 -6.832294e-05 -1.1586443494776826 -0.9965053549083163
-1.664547 -6.752693e-05 -1.1451453330619998 -0.9848953710937942
-1.6945 -6.816939e-05 -1.1560403947903948 -0.9942657938290337
-1.724787 -6.856603e-05 -1.1627667548500882 -1.0000508769061205
-1.754899 -6.880402e-05 -1.1668026726360061 -1.0035220142637145
-1.78488 -6.854486e-05 -1.1624077465744134 -0.9997421077231288
-1.814607 -6.837527e-05 -1.1595317799484466 -0.9972685996577718
-1.8445 -6.842527e-05 -1.160379697463031 -0.9979978608363074
-1.874464 -6.894362e-05 -1.1691700583367248 -1.0055581114741856
-1.9048889999999998 -6.852797e-05 -1.1621213200379865 -0.9994957632970193
-1.934852 -6.864164e-05 -1.1640489757156425 -1.0011536656603022
-1.964723 -6.845898e-05 -1.1609513634513635 -0.998489528722876
-1.994602 -6.873252e-05 -1.1655901505901507 -1.0024791707784084
-2.024522 -6.883705e-05 -1.1673628069461401 -1.0040037641982549
-2.054862 -6.893134e-05 -1.168961809795143 -1.0053790049287374
-2.085 -6.84684e-05 -1.161111111111111 -0.9986269215289121
-2.1146350000000003 -6.830064e-05 -1.1582661782661783 -0.9961801044226894
-2.144593 -6.877015e-05 -1.1662282933116266 -1.0030280127413744
-2.1745279999999996 -6.868036e-05 -1.1647056030389362 -1.0017184055169601
-2.204797 -6.88629e-05 -1.1678011803011803 -1.0043807922275578
-2.235241 -6.886248e-05 -1.1677940577940578 -1.0043746664336581
-2.264824 -6.878628e-05 -1.1665018315018312 -1.0032632723975696
-2.294741 -6.888435e-05 -1.1681649369149367 -1.0046936452731494
-2.324815 -6.928531e-05 -1.1749645570478904 -1.010541736516062
-2.354926 -6.847374e-05 -1.1612016687016686 -0.9987048066227797
-2.3848890000000003 -6.89936e-05 -1.1700176366843031 -1.0062870809482496
-2.414797 -6.874365e-05 -1.165778897028897 -1.0026415043167503
-2.444648 -6.910568e-05 -1.1719183285849952 -1.007921792806055
-2.474602 -6.869858e-05 -1.1650145841812507 -1.0019841482904184
-2.504899 -6.883156e-05 -1.167269705603039 -1.0039236913208518
-2.534522 -6.900698e-05 -1.170244539411206 -1.006482231239626
-2.564482 -6.907756e-05 -1.171441459774793 -1.0075116563192466
-2.5945 -6.901017e-05 -1.1702986365486365 -1.0065287581028164
-2.6247779999999996 -6.946136e-05 -1.1779500746167413 -1.0131094651256858
-2.654786 -6.876537e-05 -1.1661472323972324 -1.0029582953727063
-2.684723 -6.845522e-05 -1.1608876000542667 -0.99843468828225
-2.71475 -6.911683e-05 -1.1721074141907475 -1.0080844180488686
-2.744777 -6.870469e-05 -1.165118199701533 -1.0020732640064356
-2.7746950000000004 -6.894027e-05 -1.1691132478632478 -1.0055092509752237
-2.804658 -6.8945e-05 -1.1691934608601275 -1.0055782390827133
-2.834797 -6.898284e-05 -1.1698351648351648 -1.006130143942629
-2.864862 -6.896743e-05 -1.1695738366571697 -1.005905385647404
-2.894695 -6.883049e-05 -1.1672515601682267 -1.0039080851316309
-2.9245 -6.891393e-05 -1.168666564916565 -1.0051250761863713
-2.954556 -6.880897e-05 -1.1668866164699498 -1.0035942111203893
-2.98463 -6.89673e-05 -1.1695716320716318 -1.00590348956834
-3.0145839999999997 -6.902205e-05 -1.1705001017501016 -1.0067020305588363
-3.044658 -6.860068e-05 -1.1633543616876947 -1.0005562549028457
-3.074547 -6.873126e-05 -1.165568783068783 -1.0024607933967093
-3.104538 -6.853464e-05 -1.162234432234432 -0.9995930467382358
-3.1350369999999996 -6.878619e-05 -1.1665003052503053 -1.0032619597274486
-3.1647130000000003 -6.893391e-05 -1.1690053927553927 -1.005416488953314
-3.19475 -6.888145e-05 -1.1681157576990908 -1.0046513481247943
-3.224917 -6.850218e-05 -1.1616839641839642 -0.9991196103811307
-3.254739 -6.859699e-05 -1.1632917853751188 -1.00050243542787
-3.284667 -6.899623e-05 -1.1700622371455704 -1.0063254400862407
-3.3148429999999998 -6.902562e-05 -1.170560643060643 -1.006754099806984
-3.345029 -6.9005e-05 -1.1702109618776284 -1.0064533524969559
-3.374973 -6.864188e-05 -1.1640530457197125 -1.001157166113959
-3.405084 -6.90623e-05 -1.171182675349342 -1.0072890858075576
-3.434815 -6.926767e-05 -1.1746654117487452 -1.0102844531722748
-3.464658 -6.928032e-05 -1.1748799348799348 -1.0104689562504443
-3.4947880000000002 -6.87147e-05 -1.1652879527879527 -1.0022192620943782
-3.524797 -6.911875e-05 -1.1721399742233074 -1.0081124216781243
-3.5549540000000004 -6.892e-05 -1.1687695021028353 -1.0052136084934453
-3.585 -6.861745e-05 -1.1636387532220864 -1.0008008491021265
-3.6150219999999997 -6.880087e-05 -1.1667492538325872 -1.0034760708094665
-3.64464 -6.883404e-05 -1.1673117623117624 -1.003959862675307
-3.674936 -6.874641e-05 -1.165825702075702 -1.0026817595338056
-3.705047 -6.903148e-05 -1.1706600189933525 -1.0068395692171084
-3.735186 -6.905861e-05 -1.1711200990367656 -1.0072352663325816
-3.764843 -6.917823e-05 -1.1731486568986569 -1.0089799507761101
-3.794686 -6.917479e-05 -1.1730903201736536 -1.008929777607027
-3.82463 -6.90715e-05 -1.1713386921720255 -1.0074232698644083
-3.8548620000000002 -6.913077e-05 -1.1723438135938136 -1.0082877360654443
-3.884806 -6.835542e-05 -1.1591951566951566 -0.996979082969893
-3.9149450000000003 -6.874498e-05 -1.165801451634785 -1.0026609026640996
-3.944787 -6.89854e-05 -1.1698785782119117 -1.00616748211497
-3.974389 -6.923928e-05 -1.174183964183964 -1.0098703786751022
-4.004816 -6.919375e-05 -1.1734118504951836 -1.0092063134459277
-4.0346210000000005 -6.894297e-05 -1.1691590354090353 -1.0055486310788646
-4.064936 -6.86862e-05 -1.1648046398046397 -1.0018035832226129
-4.095066 -6.920318e-05 -1.1735717677384343 -1.0093438521041995
-4.125176000000001 -6.862941e-05 -1.1638415750915752 -1.0009752883760323
-4.154796 -6.914725e-05 -1.1726232872066205 -1.0085281005498896
-4.184843 -6.888423e-05 -1.1681629019129018 -1.004691895046321
-4.214963 -6.915626e-05 -1.1727760819427486 -1.0086595134142617
-4.2451300000000005 -6.909158e-05 -1.1716792158458824 -1.0077161411537081
-4.275112 -6.895523e-05 -1.1693669447836115 -1.0057274459198415
-4.305013 -6.911427e-05 -1.1720640008140006 -1.0080470798765273
-4.334944999999999 -6.919677e-05 -1.1734630647130648 -1.0092503608211114
-4.365047 -6.920852e-05 -1.173662325328992 -1.0094217371980672
-4.395047 -6.875199e-05 -1.1659203296703295 -1.00276314508133
-4.424917000000001 -6.894866e-05 -1.169255528422195 -1.0056316210009821
-4.45514 -6.89128e-05 -1.1686474019807351 -1.0051085948837362
-4.48514 -6.904397e-05 -1.1708718287884954 -1.0070217386595064
-4.515 -6.873163e-05 -1.165575057658391 -1.0024661899294305
-4.545436 -6.894992e-05 -1.1692768959435624 -1.005649998382681
-4.5751859999999995 -6.90332e-05 -1.170689187355854 -1.00686465580165
-4.60523 -6.904763e-05 -1.1709338963505629 -1.0070751205777753
-4.634991 -6.89044e-05 -1.1685049518382853 -1.0049860790057423
-4.664723 -6.898829e-05 -1.1699275878442545 -1.0062096334110893
-4.695232 -6.893904e-05 -1.1690923890923892 -1.0054913111502317
-4.725149 -6.904797e-05 -1.1709396621896622 -1.0070800795537893
-4.755 -6.885732e-05 -1.1677065527065527 -1.0042994066800333
-4.784982 -6.885557e-05 -1.1676768755935423 -1.0042738825387845
-4.81501 -6.877483e-05 -1.1663076583909917 -1.0030962715876852
-4.845167 -6.90227e-05 -1.1705111246777913 -1.0067115109541576
-4.875334 -6.868748e-05 -1.164826346493013 -1.0018222523087834
-4.9052690000000005 -6.882899e-05 -1.1672261226427894 -1.0038862072962749
-4.935223 -6.916032e-05 -1.1728449328449329 -1.0087187294219588
-4.965214 -6.925386e-05 -1.174431216931217 -1.0100830312347633
-4.995158 -6.895607e-05 -1.1693811897978565 -1.005739697507641
-5.0248800000000005 -6.942102e-05 -1.1772659747659748 -1.0125210972068435
-5.054685999999999 -6.8814e-05 -1.1669719169719168 -1.00366757479495
-5.084547 -6.89098e-05 -1.1685965269298602 -1.0050648392130241
-5.114769 -6.892072e-05 -1.1687817121150454 -1.0052241098544163
-5.14476 -6.88792e-05 -1.1680776014109346 -1.0046185313717604
-5.174898 -6.860954e-05 -1.1635046126712794 -1.0006854799836824
-5.204862 -6.842492e-05 -1.1603737620404289 -0.9979927560080576
-5.234834 -6.893248e-05 -1.1689811423144756 -1.005395632083608
-5.264982 -6.896331e-05 -1.1695039682539683 -1.005845294526293
-5.295056 -6.90548e-05 -1.1710554877221544 -1.0071796966307773
-5.324777 -6.895106e-05 -1.1692962284628952 -1.005666625537552
-5.35451 -6.835371e-05 -1.1591661579161578 -0.996954142237587
-5.384741 -6.864397e-05 -1.164088488671822 -1.001187649231222
-5.414862 -6.846063e-05 -1.1609793447293446 -0.9985135943417676
-5.4447600000000005 -6.89869e-05 -1.169904015737349 -1.006189359950326
-5.47488 -6.877036e-05 -1.166231854565188 -1.003031075638324
-5.504626 -6.852642e-05 -1.1620950345950345 -0.9994731562004847
-5.534704 -6.859477e-05 -1.163254137837471 -1.0004700562315427
-5.5648800000000005 -6.885381e-05 -1.1676470288970289 -1.0042482125453
-5.594645000000001 -6.863954e-05 -1.1640133631800298 -1.0011230366908035
-5.62452 -6.860145e-05 -1.1633674196174195 -1.000567485524995
-5.654492 -6.847816e-05 -1.161276624609958 -0.9987692733109622
-5.684542 -6.853337e-05 -1.1622128951295618 -0.9995745235043012
-5.714815 -6.850473e-05 -1.161727207977208 -0.9991568027012361
-5.744626 -6.880527e-05 -1.1668238705738705 -1.0035402457931775
-5.774287999999999 -6.872691e-05 -1.1654950142450142 -1.0023973476741768
-5.80488 -6.882511e-05 -1.1671603242436575 -1.0038296166288205
-5.8348249999999995 -6.831175e-05 -1.1584545855379187 -0.99634214625656
-5.864796 -6.846543e-05 -1.1610607448107448 -0.998583603414907
-5.894723 -6.845815e-05 -1.1609372880206212 -0.9984774229873122
-5.924603 -6.896285e-05 -1.169496167412834 -1.0058385853234504
-5.954749 -6.834726e-05 -1.1590567765567767 -0.9968600675455561
-5.984464 -6.842877e-05 -1.1604390516890517 -0.9980489091188047
-6.014417000000001 -6.90863e-05 -1.1715896757563424 -1.0076391311732547
-6.044455 -6.871564e-05 -1.165303893637227 -1.0022329722045349
-6.0744359999999995 -6.877122e-05 -1.1662464387464386 -1.003043618930595
-6.104658000000001 -6.882166e-05 -1.1671018179351513 -1.0037792976075017
-6.134667 -6.865386e-05 -1.1642562067562066 -1.0013318970923362
-6.164584 -6.863211e-05 -1.1638873626373625 -1.001014668479673
-6.194491 -6.879755e-05 -1.1666929521096188 -1.0034276478672117
-6.224575 -6.862129e-05 -1.1637038732872065 -1.0008568563606381
-6.254445 -6.872878e-05 -1.1655267263600597 -1.002424622042254
-6.284333999999999 -6.850222e-05 -1.1616846425179759 -0.9991201937900736
-6.314279000000001 -6.85999e-05 -1.1633411341744673 -1.0005448784284605
-6.344334 -6.862742e-05 -1.1638078279744946 -1.0009462637811266
-6.374204 -6.860515e-05 -1.1634301655134986 -1.0006214508522067
-6.404093 -6.881253e-05 -1.166946988196988 -1.003646134516301
-6.434297 -6.845211e-05 -1.1608348595848594 -0.9983893282369452
-6.464417 -6.855243e-05 -1.1625361212861214 -0.9998525178655591
-6.4940929999999994 -6.885223e-05 -1.167620234703568 -1.0042251678920584
-6.524195 -6.867145e-05 -1.1645545041378373 -1.0015884511749449
-6.55438 -6.812077e-05 -1.1552158797992131 -0.9935566602590256
-6.5843620000000005 -6.901271e-05 -1.1703417107583776 -1.0065658045706862
-6.614529 -6.883078e-05 -1.1672564780898116 -1.0039123148464666
-6.644277 -6.911535e-05 -1.1720823158323157 -1.0080628319179838
-6.67414 -6.838159e-05 -1.15963895672229 -0.9973607782707385
-6.704103 -6.87323e-05 -1.1655864197530863 -1.0024759620292227
-6.734362 -6.85113e-05 -1.1618386243386245 -0.9992526276200957
-6.764158 -6.855166e-05 -1.1625230633563965 -0.9998412872434094
-6.794288 -6.871798e-05 -1.1653435761769095 -1.0022671016276903
-6.823966 -6.85924e-05 -1.16321394654728 -1.0004354892516802
-6.853796999999999 -6.890711e-05 -1.1685509089675756 -1.005025604961619
-6.884075 -6.825788e-05 -1.157541039207706 -0.9955564402628058
-6.914084 -6.874854e-05 -1.1658618233618234 -1.002712826060011
-6.944056 -6.861998e-05 -1.1636816578483244 -1.0008377497177605
-6.973871 -6.86389e-05 -1.164002509835843 -1.0011137021477183
-7.004084 -6.846731e-05 -1.1610926265092933 -0.99861102363522
-7.033899 -6.855973e-05 -1.1626599172432506 -0.9999589899976252
-7.064103 -6.840874e-05 -1.1600993759327092 -0.9977567670906833
-7.094084 -6.849781e-05 -1.1616098561931893 -0.9990558729541267
-7.124084 -6.837369e-05 -1.1595049857549857 -0.9972455550045299
-7.153928 -6.850073e-05 -1.161659374576041 -0.999098461806953
-7.184037999999999 -6.813111e-05 -1.1553912291412292 -0.9937074714707468
-7.213945 -6.873381e-05 -1.165612026862027 -1.0024979857168146
-7.2439849999999995 -6.837372e-05 -1.1595054945054943 -0.997245992561237
-7.2738059999999995 -6.872827e-05 -1.165518077601411 -1.0024171835782327
-7.303612 -6.823457e-05 -1.1571457400624068 -0.9952164587013725
-7.33377 -6.823319e-05 -1.157122337539004 -0.9951963310928449
-7.363991 -6.864907e-05 -1.1641749762583098 -1.0012620338714326
-7.393973 -6.86532e-05 -1.164245014245014 -1.0013222708447795
-7.423909 -6.853955e-05 -1.1623176977343643 -0.9996646601859682
-7.453612 -6.860423e-05 -1.1634145638312305 -1.0006080324465219
-7.483751 -6.828764e-05 -1.1580457197123863 -0.9959904965162701
-7.513557 -6.81538e-05 -1.1557760141093474 -0.9940384101935662
-7.543575 -6.8401e-05 -1.1599681183014516 -0.9976438774602461
-7.573575 -6.843833e-05 -1.1606011735178399 -0.9981883438561405
-7.6035200000000005 -6.841848e-05 -1.1602645502645503 -0.9978988271682622
-7.633636 -6.819256e-05 -1.156433319766653 -0.994603733459167
-7.663362 -6.831698e-05 -1.1585432777099443 -0.9964184269758348
-7.6935 -6.864618e-05 -1.1641259666259667 -1.0012198825753131
-7.723297 -6.839276e-05 -1.1598283814950483 -0.9975236952180235
-7.75341 -6.844308e-05 -1.1606817256817255 -0.9982576236681016
-7.78313 -6.819131e-05 -1.1564121218287884 -0.9945855019297036
-7.813491 -6.817648e-05 -1.1561606294939626 -0.9943692030641498
-7.8433530000000005 -6.844927e-05 -1.160786697870031 -0.9983479062020042
-7.873436 -6.876112e-05 -1.1660751594084926 -1.0028963081725308
-7.903427 -6.836594e-05 -1.1593735585402252 -0.9971325195218569
-7.933241 -6.800267e-05 -1.1532130986297653 -0.9918341453553245
-7.963268 -6.811591e-05 -1.1551334622167955 -0.993485776072472
-7.992825 -6.836879e-05 -1.1594218898385564 -0.9971740874090333
-8.022955 -6.833806e-05 -1.158900759734093 -0.9967258834887055
-8.052946 -6.869262e-05 -1.1649135124135124 -1.001897220357937
-8.082972999999999 -6.857626e-05 -1.162940238773572 -1.0002000837432492
-8.113232 -6.836734e-05 -1.1593973002306337 -0.997152938834856
-8.143174 -6.858782e-05 -1.1631362773029439 -1.0003686889277263
-8.172918 -6.820828e-05 -1.1566999050332383 -0.9948330131736985
-8.202871 -6.861355e-05 -1.163572615655949 -1.000743966730201
-8.232871999999999 -6.856291e-05 -1.1627138447971779 -1.00000537100858
-8.262788 -6.848081e-05 -1.1613215642382309 -0.9988079241534246
-8.293011 -6.80285e-05 -1.1536511328177994 -0.9922108816801559
-8.322955 -6.836172e-05 -1.1593019943019942 -0.9970709698783885
-8.352825000000001 -6.812821e-05 -1.1553420499253833 -0.9936651743223917
-8.382834999999998 -6.825569e-05 -1.157503900420567 -0.9955244986231858
-8.412798 -6.824413e-05 -1.1573078618911952 -0.9953558934387086
-8.442891 -6.840593e-05 -1.1600517229683895 -0.9977157826124498
-8.472779000000001 -6.812098e-05 -1.1552194410527745 -0.9935597231559755
-8.502566 -6.788499e-05 -1.15121743996744 -0.9901177562455232
-8.532658 -6.839156e-05 -1.1598080314746981 -0.9975061929497385
-8.562548000000001 -6.82089e-05 -1.1567104192104194 -0.9948420560123126
-8.592465 -6.814054e-05 -1.1555511463844799 -0.9938450101290186
-8.622639999999999 -6.82508e-05 -1.1574209740876407 -0.9954531768799251
-8.652705 -6.843109e-05 -1.1604783950617283 -0.9980827468374889
-8.682474000000001 -6.817262e-05 -1.156095170261837 -0.994312904101167
-8.712399999999999 -6.833554e-05 -1.158858024691358 -0.9966891287253072
-8.742057 -6.791995e-05 -1.1518103038936371 -0.9906276556615552
-8.771937 -6.819832e-05 -1.1565309998643332 -0.9946877443469342
-8.802149 -6.789894e-05 -1.1514540089540088 -0.9903212201143347
-8.83191 -6.814609e-05 -1.1556452652285985 -0.9939259581198359
-8.861465 -6.816556e-05 -1.1559754443087775 -0.9942099324227576
-8.891816 -6.82522e-05 -1.157444715778049 -0.9954735961929241
-8.921918 -6.80699e-05 -1.154353208519875 -0.9928147099359834
-8.95177 -6.838773e-05 -1.159743080993081 -0.9974503315434629
-8.981825 -6.840061e-05 -1.1599615045448377 -0.9976381892230534
-9.011724000000001 -6.802777e-05 -1.1536387532220864 -0.9922002344669494
-9.041575 -6.815865e-05 -1.155858262108262 -0.9941091485278841
-9.071599 -6.831143e-05 -1.1584491588658257 -0.9963374789850176
-9.101224 -6.776377e-05 -1.1491617487450818 -0.9883497354442814
-9.131251 -6.816752e-05 -1.1560086826753493 -0.9942385194609563
-9.161093999999999 -6.805298e-05 -1.1540662732329399 -0.9925679279531671
-9.191122 -6.826089e-05 -1.1575920838420837 -0.9956003417857535
-9.221020000000001 -6.837026e-05 -1.1594468186134852 -0.9971955276876824
-9.25074 -6.796823e-05 -1.1526290530457197 -0.9913318302555493
-9.280761 -6.806304e-05 -1.1542368742368743 -0.9927146553022884
-9.310428 -6.823604e-05 -1.1571706688373355 -0.9952378989800216
-9.340565 -6.796607e-05 -1.1525924230090896 -0.9913003261726364
-9.370539 -6.837903e-05 -1.1595955433455434 -0.9973234400983976
-9.400514 -6.827956e-05 -1.1579086962420295 -0.9958726479098188
-9.430066 -6.826428e-05 -1.1576495726495726 -0.9956497856936584
-9.460232 -6.816971e-05 -1.156045821462488 -0.9942704611005762
-9.490075000000001 -6.83227e-05 -1.1586402794736128 -0.9965018544546593
-9.520136 -6.826781e-05 -1.1577094356261022 -0.995701271532863
-9.550048 -6.783674e-05 -1.1503991995658662 -0.9894140192082364
-9.580058000000001 -6.810123e-05 -1.1548845136345138 -0.9932716649904539
-9.609777 -6.803275e-05 -1.153723205806539 -0.9922728688803314
-9.639539000000001 -6.807331e-05 -1.1544110364943698 -0.9928644455483597
-9.669611999999999 -6.757589e-05 -1.1459756138922805 -0.9856094636398163
-9.699891 -6.814855e-05 -1.155686982770316 -0.99396183776982
-9.729992 -6.771789e-05 -1.1483836996336996 -0.9876805653868572
-9.760011 -6.814571e-05 -1.1556388210554875 -0.993920415734879
-9.790029 -6.808239e-05 -1.1545650183150182 -0.9929968793783817
-9.820084999999999 -6.788328e-05 -1.1511884411884412 -0.9900928155132173
-9.850249 -6.755398e-05 -1.1456040564373895 -0.9852899013913817
-9.879825 -6.790936e-05 -1.1516307149640483 -0.9904731981439415
-9.909892 -6.794253e-05 -1.1521932234432233 -0.9909569900097819
-9.939732 -6.806156e-05 -1.1542117758784425 -0.9926930691714038
-9.969761 -6.795623e-05 -1.1524255528422196 -0.9911568075727007
-9.991862999999999 -6.799993e-05 -1.153166632749966 -0.9917941818427406
-9.993781 -6.783663e-05 -1.1503973341473341 -0.9894124148336435
-9.965126 -6.795754e-05 -1.1524477682811016 -0.9911759142155784
-9.936015 -6.80291e-05 -1.1536613078279745 -0.9922196328142985
-9.906227999999999 -6.809202e-05 -1.154728327228327 -0.9931373350813675
-9.876672000000001 -6.766116e-05 -1.1474216524216525 -0.9868531456536909
-9.846737 -6.768049e-05 -1.1477494573327907 -0.9871350780253126
-9.816913000000001 -6.781478e-05 -1.1500267941934608 -0.9890937276986235
-9.787246999999999 -6.79489e-05 -1.1523012481345816 -0.9910498978839275
-9.757626 -6.840708e-05 -1.160071225071225 -0.9977325556195561
-9.7277 -6.78255e-05 -1.1502085877085877 -0.9892500812953015
-9.697886 -6.810141e-05 -1.1548875661375662 -0.9932742903306967
-9.667607 -6.773818e-05 -1.148727784561118 -0.9879764995731071
-9.637857 -6.8253e-05 -1.1574582824582824 -0.9954852643717808
-9.60769 -6.80648e-05 -1.1542667209333877 -0.9927403252957729
-9.577857 -6.798295e-05 -1.1528786799620132 -0.9915465247465101
-9.547801999999999 -6.786929e-05 -1.1509511938678607 -0.9898887682354631
-9.517598 -6.783107e-05 -1.1503030457197123 -0.9893313209905904
-9.488066 -6.77801e-05 -1.1494386786053452 -0.9885879121451911
-9.458413 -6.783483e-05 -1.1503668091168093 -0.9893861614312164
-9.428486000000001 -6.82933e-05 -1.1581417039750372 -0.9960730488816804
-9.398700000000002 -6.814846e-05 -1.1556854565187897 -0.9939605250996986
-9.368635 -6.790812e-05 -1.1516096866096865 -0.9904551124667138
-9.338479 -6.827436e-05 -1.1578205128205128 -0.9957968047472511
-9.308607 -6.836194e-05 -1.1593057251390584 -0.9970741786275742
-9.278784 -6.820893e-05 -1.156710927960928 -0.9948424935690197
-9.249023999999999 -6.796505e-05 -1.152575125491792 -0.9912854492445943
-9.219135 -6.790222e-05 -1.1515096323429657 -0.9903690596476465
-9.188691 -6.827745e-05 -1.157872914122914 -0.9958418730880847
-9.159133 -6.840908e-05 -1.1601051417718085 -0.9977617260666974
-9.129024 -6.794401e-05 -1.152218321801655 -0.9909785761406665
-9.099107 -6.831097e-05 -1.1584413580246915 -0.996330769782175
-9.069256 -6.768894e-05 -1.1478927553927554 -0.9872583231644851
-9.039126 -6.8131e-05 -1.155389363722697 -0.9937058670961539
-9.009173 -6.821944e-05 -1.1568891602224936 -0.9949957842687477
-8.979321 -6.809012e-05 -1.154696106362773 -0.9931096231565832
-8.949636 -6.782322e-05 -1.1501699226699227 -0.9892168269855603
-8.919459000000002 -6.794501e-05 -1.1522352801519469 -0.9909931613642374
-8.889617 -6.822099e-05 -1.1569154456654456 -0.9950183913652823
-8.8597 -6.83832e-05 -1.1596662596662595 -0.9973842604806873
-8.829812 -6.834497e-05 -1.1590179419346085 -0.996826667383579
-8.799728 -6.809135e-05 -1.154716965133632 -0.9931275629815753
-8.769793 -6.784029e-05 -1.1504594017094016 -0.9894657967519124
-8.739848 -6.835037e-05 -1.1591095170261838 -0.9969054275908611
-8.709978999999999 -6.814798e-05 -1.1556773165106498 -0.9939535241923845
-8.680015 -6.817235e-05 -1.1560905915072581 -0.9943089660908028
-8.649681000000001 -6.805734e-05 -1.1541402116402117 -0.9926315195279354
-8.620033 -6.785191e-05 -1.150656457739791 -0.989635277049804
-8.590123 -6.7882e-05 -1.1511667345000678 -0.9900741464270468
-8.560219 -6.856955e-05 -1.1628264482431148 -1.0001022168930895
-8.530515 -6.828264e-05 -1.1579609279609278 -0.9959175703984166
-8.50057 -6.809457e-05 -1.154771571021571 -0.9931745274014728
-8.470376 -6.818604e-05 -1.1563227513227514 -0.994508637801486
-8.440312 -6.81841e-05 -1.1562898521231855 -0.9944803424677587
-8.410089 -6.862645e-05 -1.1637913783747116 -1.0009321161142628
-8.380145 -6.825809e-05 -1.157544600461267 -0.9955595031597556
-8.350292 -6.786465e-05 -1.1508725071225072 -0.9898210927980949
-8.32019 -6.785306e-05 -1.1506759598426266 -0.9896520500569104
-8.29051 -6.825037e-05 -1.1574136819970153 -0.9954469052337899
-8.260413 -6.78463e-05 -1.1505613213946546 -0.9895534539455724
-8.230514999999999 -6.823454e-05 -1.1571452313118977 -0.9952160211446652
-8.200736999999998 -6.768933e-05 -1.1478993691493693 -0.9872640114016779
-8.171052 -6.79361e-05 -1.152084181250848 -0.9908632070222223
-8.140737 -6.842386e-05 -1.1603557861891196 -0.9979772956710725
-8.110247000000001 -6.801517e-05 -1.1534250780084114 -0.9920164606499585
-8.08046 -6.818175e-05 -1.15625 -0.9944460671923676
-8.050459 -6.816766e-05 -1.1560110568443902 -0.9942405613922563
-8.02058 -6.804591e-05 -1.1539463776963776 -0.992464810422522
-7.990524000000001 -6.820715e-05 -1.1566807420974088 -0.9948165318710637
-7.960586 -6.843382e-05 -1.1605246913580247 -0.9981225644978369
-7.931006 -6.825951e-05 -1.1575686813186814 -0.9955802141772262
-7.901043 -6.831317e-05 -1.1584786663953333 -0.9963628572740306
-7.871034 -6.841293e-05 -1.1601704314204315 -0.9978178791774447
-7.841247 -6.815462e-05 -1.1557899199565866 -0.9940503700768941
-7.810979000000001 -6.83324e-05 -1.1588047754714421 -0.9966433311232953
-7.78083 -6.84271e-05 -1.1604107312440644 -0.9980245517954416
-7.750987 -6.850768e-05 -1.1617772351105684 -0.9991998291107697
-7.721006 -6.834391e-05 -1.1589999660832992 -0.9968112070465941
-7.69095 -6.801041e-05 -1.1533443562610228 -0.9919470349857618
-7.660747000000001 -6.863155e-05 -1.1638778659611992 -1.0010065007544735
-7.6310389999999995 -6.863692e-05 -1.1639689323022655 -1.0010848234050482
-7.601247 -6.811055e-05 -1.155042565459232 -0.9934075992741328
-7.571293 -6.83965e-05 -1.159891805725139 -0.9975782439541778
-7.541349 -6.829022e-05 -1.1580894722561388 -0.9960281263930826
-7.5113389999999995 -6.797639e-05 -1.1527674331840998 -0.9914508456798863
-7.481247000000001 -6.837951e-05 -1.1596036833536831 -0.9973304410057114
-7.451201 -6.856934e-05 -1.1628228869895536 -1.0000991539961397
-7.42108 -6.872161e-05 -1.1654051349884682 -1.0023200459892518
-7.391604999999999 -6.788423e-05 -1.1512045516212184 -0.9901066714756095
-7.361636000000001 -6.821434e-05 -1.1568026726360061 -0.9949213996285371
-7.3315150000000004 -6.861074e-05 -1.1635249626916295 -1.0007029822519673
-7.301654 -6.842198e-05 -1.160323904490571 -0.9979498754507595
-7.271654000000001 -6.847037e-05 -1.1611445190611858 -0.9986556544193465
-7.2416540000000005 -6.820414e-05 -1.1566296974630306 -0.9947726303481157
-7.21195 -6.816635e-05 -1.155988841405508 -0.9942214547493784
-7.181672 -6.83445e-05 -1.1590099715099715 -0.996819812328501
-7.151395000000001 -6.890093e-05 -1.168446106362773 -1.0049354682799518
-7.121423 -6.846157e-05 -1.160995285578619 -0.9985273044519241
-7.091589 -6.829327e-05 -1.1581411952245284 -0.9960726113249733
-7.0617 -6.876472e-05 -1.1661362094695429 -1.0029488149773853
-7.0312470000000005 -6.842844e-05 -1.1604334554334554 -0.9980440959950265
-7.001617 -6.786721e-05 -1.1509159204992536 -0.9898584309704358
-6.971265000000001 -6.855296e-05 -1.162545109211776 -0.9998602480340515
-6.941459 -6.860502e-05 -1.1634279609279607 -1.0006195547731427
-6.9117560000000005 -6.836504e-05 -1.1593582960249629 -0.9971193928206434
-6.881561 -6.810795e-05 -1.1549984737484738 -0.9933696776928491
-6.851358 -6.865246e-05 -1.1642324650657982 -1.0013114777793373
-6.821358 -6.874037e-05 -1.16572327363994 -1.0025936647834384
-6.791265 -6.853285e-05 -1.1622040767874102 -0.9995669391880445
-6.761358 -6.833633e-05 -1.1588714217880884 -0.9967006510519281
-6.731737 -6.888571e-05 -1.1681880002713336 -1.0047134811772056
-6.701857 -6.835505e-05 -1.1591888821055485 -0.9969736864371718
-6.671663 -6.833607e-05 -1.1588670126170124 -0.9966968588937997
-6.641376 -6.849665e-05 -1.161590184506851 -0.9990389540947846
-6.6114690000000005 -6.848844e-05 -1.1614509564509565 -0.9989192094092691
-6.581728 -6.88962e-05 -1.1683658933658934 -1.0048664801724625
-6.551274 -6.828125e-05 -1.1579373558540225 -0.9958972969376533
-6.521440999999999 -6.859758e-05 -1.1633017908017906 -1.0005110407097766
-6.491599 -6.865554e-05 -1.1642846967846967 -1.001356400267935
-6.461626 -6.823201e-05 -1.1571023266856597 -0.9951791205290313
-6.431691 -6.844719e-05 -1.1607514245014245 -0.9983175689369773
-6.401662999999999 -6.839787e-05 -1.1599150386650385 -0.9975982257104696
-6.3717 -6.898007e-05 -1.1697881902048568 -1.006089742873338
-6.341728 -6.859564e-05 -1.163268891602225 -1.0004827453760494
-6.311737 -6.82453e-05 -1.1573277031610365 -0.9953729581502863
-6.2817929999999995 -6.891276e-05 -1.1686467236467237 -1.0051080114747937
-6.251978 -6.862299e-05 -1.1637327024827022 -1.0008816512407082
-6.221997 -6.88737e-05 -1.1679843304843305 -1.0045383126421215
-6.191793 -6.861217e-05 -1.1635492131325464 -1.0007238391216733
-6.1619589999999995 -6.889124e-05 -1.1682817799484466 -1.0047941374635518
-6.132015 -6.90638e-05 -1.1712081128747795 -1.0073109636429138
-6.101812 -6.870057e-05 -1.1650483312983313 -1.002013172885324
-6.071737 -6.827209e-05 -1.1577820173653508 -0.9957636962897458
-6.042237 -6.889628e-05 -1.1683672500339166 -1.0048676469903481
-6.012256000000001 -6.841022e-05 -1.160124474291141 -0.9977783532215682
-5.982395 -6.861785e-05 -1.1636455365622032 -1.000806683191555
-5.952339 -6.85754e-05 -1.1629256545923212 -1.0001875404509784
-5.922256 -6.893891e-05 -1.1690901845068513 -1.0054894150711677
-5.892024 -6.847677e-05 -1.1612530525030524 -0.9987489998501989
-5.862062 -6.853179e-05 -1.162186100936101 -0.9995514788510595
-5.832052 -6.892758e-05 -1.1688980463980463 -1.0053241644881115
-5.802152 -6.866139e-05 -1.164383903133903 -1.0014417238258235
-5.77196 -6.864833e-05 -1.1641624270790936 -1.00125124080599
-5.741941 -6.870365e-05 -1.1651005630172298 -1.002058095373922
-5.7122079999999995 -6.912384e-05 -1.172226292226292 -1.0081866604660992
-5.682385 -6.839736e-05 -1.15990638990639 -0.9975907872464487
-5.652321 -6.873884e-05 -1.165697327363994 -1.0025713493913753
-5.621987 -6.908237e-05 -1.171523029439696 -1.0075818112446218
-5.591886000000001 -6.895143e-05 -1.169302503052503 -1.0056720220702728
-5.562034 -6.890322e-05 -1.168484940984941 -1.004968868441929
-5.532043 -6.87326e-05 -1.165591507258174 -1.0024803375962943
-5.502313 -6.845406e-05 -1.1608679283679282 -0.9984177694229079
-5.472385 -6.92653e-05 -1.1746252204585537 -1.010249886192412
-5.441959 -6.892488e-05 -1.1688522588522587 -1.0052847843844703
-5.411987 -6.884493e-05 -1.1674964387464388 -1.0041186957599921
-5.382218 -6.862325e-05 -1.1637371116537785 -1.0008854433988368
-5.352459 -6.888605e-05 -1.1681937661104325 -1.0047184401532196
-5.322247 -6.932108e-05 -1.1755711572378238 -1.0110634499631865
-5.2919920000000005 -6.911339e-05 -1.1720490774657442 -1.0080342448797854
-5.262219 -6.858186e-05 -1.1630352055352056 -1.000281760995245
-5.231969 -6.874681e-05 -1.1658324854158186 -1.0026875936232338
-5.202247000000001 -6.900863e-05 -1.1702725206891873 -1.0065062968585177
-5.172497 -6.867357e-05 -1.1645904558404556 -1.0016193718489148
-5.141959 -6.899915e-05 -1.1701117555284222 -1.0063680289390673
-5.111886 -6.86498e-05 -1.1641873558540226 -1.0012726810846393
-5.081922 -6.885947e-05 -1.1677430131596798 -1.0043307649107103
-5.052454 -6.923782e-05 -1.1741592049925385 -1.0098490842486891
-5.022441 -6.922537e-05 -1.173948073531407 -1.0096674982152336
-4.992358 -6.892076e-05 -1.1687823904490569 -1.005224693263359
-4.962506 -6.899583e-05 -1.170055453805454 -1.0063196059968127
-4.932441 -6.888963e-05 -1.168254477004477 -1.0047706552536029
-4.902596 -6.918008e-05 -1.1731800298466966 -1.009006933439716
-4.872728 -6.882891e-05 -1.1672247659747659 -1.0038850404783892
-4.842357 -6.861719e-05 -1.1636343440510106 -1.0007970569439981
-4.812614 -6.920531e-05 -1.1736078890245556 -1.009374918630405
-4.7827470000000005 -6.913323e-05 -1.1723855311355311 -1.0083236157154283
-4.752885 -6.893664e-05 -1.1690516890516889 -1.0054563066136621
-4.722728 -6.909163e-05 -1.1716800637633968 -1.0077168704148864
-4.692441 -6.895239e-05 -1.169318783068783 -1.0056860238849008
-4.662397 -6.877172e-05 -1.1662549179215846 -1.0030509115423802
-4.632469 -6.854089e-05 -1.1623404219237552 -0.9996842043855529
-4.602821 -6.912564e-05 -1.1722568172568173 -1.0082129138685267
-4.572747000000001 -6.904068e-05 -1.1708160358160358 -1.0069737532739589
-4.542655 -6.848965e-05 -1.1614714760548095 -0.9989368575297898
-4.512237 -6.901257e-05 -1.1703393365893364 -1.0065637626393862
-4.482321 -6.909089e-05 -1.171667514584181 -1.0077060773494444
-4.452482 -6.914439e-05 -1.1725747863247864 -1.0084863868104774
-4.42283 -6.883054e-05 -1.1672524080857414 -1.0039088143928094
-4.392385 -6.907962e-05 -1.171476393976394 -1.0075417018798023
-4.362171999999999 -6.903816e-05 -1.1707733007733006 -1.0069369985105607
-4.332426000000001 -6.881381e-05 -1.1669686948853615 -1.0036648036024713
-4.302441 -6.89865e-05 -1.1698972323972323 -1.0061835258608978
-4.272386 -6.933862e-05 -1.17586860670194 -1.0113192747846165
-4.2424539999999995 -6.9205e-05 -1.1736026319359654 -1.0093703972110983
-4.212524 -6.919372e-05 -1.173411341744675 -1.0092058758892206
-4.182524 -6.894319e-05 -1.1691627662460995 -1.00555183982805
-4.1526819999999995 -6.91644e-05 -1.1729141229141231 -1.0087782371341274
-4.122395 -6.934565e-05 -1.1759878239044905 -1.011421808906319
-4.0923490000000005 -6.940225e-05 -1.176947666531 -1.012247332560421
-4.062209 -6.922922e-05 -1.1740133631800298 -1.0097236513259809
-4.031959 -6.910825e-05 -1.1719619115452447 -1.0079592768306318
-4.001969 -6.930184e-05 -1.175244878578212 -1.010782830261686
-3.97202 -6.924907e-05 -1.1743499864333198 -1.0100131680138595
-3.942311 -6.942733e-05 -1.1773729819563152 -1.0126131299675745
-3.912376 -6.925156e-05 -1.174392212725546 -1.0100494852205506
-3.882163 -6.899372e-05 -1.1700196716863385 -1.0062888311750784
-3.852034 -6.918395e-05 -1.1732456586623252 -1.0090633782549348
-3.8219499999999997 -6.908619e-05 -1.1715878103378101 -1.007637526798662
-3.792089 -6.962034e-05 -1.180646113146113 -1.0154282239689576
-3.761987 -6.934454e-05 -1.1759690001356669 -1.0114056193081555
-3.7320100000000003 -6.887606e-05 -1.1680243521910187 -1.0045727337697483
-3.702284 -6.923577e-05 -1.1741244403744404 -1.009819184540369
-3.6723209999999997 -6.924507e-05 -1.174282153032153 -1.0099548271195766
-3.6422559999999997 -6.963377e-05 -1.1808738637905305 -1.0156241035215123
-3.612154 -6.95487e-05 -1.1794312169312169 -1.0143833385523517
-3.5819409999999996 -6.93912e-05 -1.176760276760277 -1.012086165839965
-3.5520859999999996 -6.920847e-05 -1.1736614774114773 -1.0094210079368886
-3.522339 -6.891993e-05 -1.168768315018315 -1.0052125875277955
-3.4921819999999997 -6.93637e-05 -1.1762939221272555 -1.01168507219177
-3.462246 -6.966307e-05 -1.1813707434540768 -1.016051450572134
-3.432133 -6.925306e-05 -1.1744176502509835 -1.0100713630559066
-3.4021619999999997 -6.887886e-05 -1.1680718355718356 -1.0046135723957466
-3.37233 -6.911346e-05 -1.1720502645502644 -1.0080352658454352
-3.342163 -6.979978e-05 -1.1836891195224528 -1.018045396486486
-3.312293 -6.933318e-05 -1.1757763532763532 -1.011239931168392
-3.28208 -6.907067e-05 -1.1713246167412834 -1.0074111641288446
-3.251811 -6.921767e-05 -1.1738174942341608 -1.009555191993739
-3.222061 -6.930971e-05 -1.1753783407950076 -1.0108976159711875
-3.191987 -6.941121e-05 -1.1770996133496134 -1.012378016163615
-3.162143 -6.97636e-05 -1.1830755664088997 -1.0175177030976978
-3.132237 -6.889256e-05 -1.1683041649708317 -1.004813389958665
-3.102171 -6.910444e-05 -1.1718973002306334 -1.0079037071288273
-3.072117 -6.942002e-05 -1.177249016415683 -1.0125065119832726
-3.042117 -6.967119e-05 -1.1815084452584454 -1.0161698825875285
-3.012061 -6.942716e-05 -1.1773700990367657 -1.0126106504795676
-2.982154 -6.93942e-05 -1.1768111518111517 -1.0121299215106767
-2.952039 -6.901528e-05 -1.1703852937186268 -1.0066032885952627
-2.922348 -6.94812e-05 -1.1782865282865282 -1.0133988359613288
-2.892172 -6.963197e-05 -1.1808433387600052 -1.015597850119085
-2.862182 -6.957314e-05 -1.1798456790123457 -1.0147398014164202
-2.832107 -6.906778e-05 -1.1712756071089403 -1.007369012832725
-2.801841 -6.91262e-05 -1.1722663139329808 -1.0082210815937263
-2.772052 -6.895119e-05 -1.169298433048433 -1.005668521616616
-2.741959 -6.976742e-05 -1.183140347307014 -1.0175734186517378
-2.711821 -6.933486e-05 -1.1758048433048434 -1.011264434343991
-2.682105 -6.943373e-05 -1.177481515398182 -1.012706475398427
-2.6520799999999998 -6.905469e-05 -1.1710536223036223 -1.0071780922561846
-2.6220239999999997 -6.914818e-05 -1.1726390584723918 -1.0085416648078105
-2.591996 -6.911094e-05 -1.1720075295075296 -1.0079985110820373
-2.561878 -6.926964e-05 -1.1746988196988195 -1.010313186062709
-2.532089 -6.913737e-05 -1.1724557387057386 -1.008383998541011
-2.502348 -6.930131e-05 -1.1752358906525573 -1.0107751000931935
-2.471932 -6.929955e-05 -1.1752060439560439 -1.010749430099709
-2.4421350000000004 -6.921573e-05 -1.173784595034595 -1.009526896660012
-2.412246 -6.956889e-05 -1.1797736060236061 -1.0146778142162447
-2.3823499999999997 -6.956452e-05 -1.1796994980328313 -1.0146140767892404
-2.3522089999999998 -6.885343e-05 -1.167640584723918 -1.004242670160343
-2.3221909999999997 -6.934375e-05 -1.1759556030389362 -1.0113940969815345
-2.292348 -6.900443e-05 -1.1702012956179622 -1.0064450389195205
-2.262246 -6.924013e-05 -1.174198378781712 -1.0098827761151374
-2.231959 -6.89224e-05 -1.1688102021435354 -1.0052486130300151
-2.202114 -6.933099e-05 -1.1757392144892145 -1.0112079895287722
-2.17208 -6.931511e-05 -1.1754699158865827 -1.0109763761784694
-2.1422559999999997 -6.97299e-05 -1.1825040700040699 -1.0170261810633647
-2.1120430000000003 -6.912413e-05 -1.172231210147877 -1.0081908901809349
-2.0817930000000002 -6.939108e-05 -1.1767582417582418 -1.0120844156131363
-2.05202 -6.934529e-05 -1.1759817188983854 -1.0114165582258332
-2.022015 -6.923011e-05 -1.174028456111789 -1.0097366321749586
-1.9919010000000001 -6.949236e-05 -1.1784757834757833 -1.0135616070563778
-1.9615150000000001 -6.920256e-05 -1.1735612535612536 -1.0093348092655858
-1.931848 -6.886662e-05 -1.1678642653642652 -1.0044350492592409
-1.9017650000000001 -6.873145e-05 -1.1655720051553382 -1.0024635645891875
-1.8718299999999999 -6.923466e-05 -1.1741056166056167 -1.0098029949422056
-1.841487 -6.914297e-05 -1.1725507054673718 -1.0084656757930068
-1.811691 -6.907439e-05 -1.1713877018043684 -1.0074654211605276
-1.7816910000000001 -6.906649e-05 -1.171253730837064 -1.007350197894319
-1.751765 -6.907895e-05 -1.1714650318816986 -1.0075319297800103
-1.721459 -6.934847e-05 -1.1760356464523132 -1.0114629392367882
-1.691459 -6.909055e-05 -1.1716617487450822 -1.0077011183734303
-1.661992 -6.906512e-05 -1.1712304978971644 -1.007330216138027
-1.631885 -6.879195e-05 -1.1665979853479853 -1.0033459706152157
-1.601904 -6.8877e-05 -1.1680402930402929 -1.0045864438799048
-1.571728 -6.894025e-05 -1.1691129086962422 -1.0055089592707525
-1.541501 -6.907769e-05 -1.171443664360331 -1.007513552398311
-1.511728 -6.882486e-05 -1.1671560846560847 -1.003825970322928
-1.481858 -6.884577e-05 -1.1675106837606837 -1.0041309473477913
-1.4517280000000001 -6.890954e-05 -1.1685921177587844 -1.0050610470548957
-1.421672 -6.918622e-05 -1.1732841541174874 -1.0090964867124401
-1.391496 -6.874868e-05 -1.1658641975308641 -1.0027148679913112
-1.36133 -6.888322e-05 -1.1681457739791072 -1.0046771639705145
-1.331784 -6.900983e-05 -1.1702928707095375 -1.0065237991268026
-1.301728 -6.853114e-05 -1.1621750780084112 -0.9995419984557384
-1.271765 -6.864077e-05 -1.1640342219508886 -1.0011409765157957
-1.241831 -6.898872e-05 -1.1699348799348797 -1.0062159050572246
-1.2119870000000001 -6.859674e-05 -1.1632875457875458 -1.0004987891219772
-1.1818389999999999 -6.861449e-05 -1.163588556505223 -1.0007576768403572
-1.1518389999999998 -6.908822e-05 -1.1716222357889023 -1.0076671348025104
-1.1218759999999999 -6.80048e-05 -1.1532492199158864 -0.9918652118815301
-1.091709 -6.845047e-05 -1.1608070478903811 -0.9983654084702892
-1.0617180000000002 -6.856693e-05 -1.162782017365351 -1.0000640036073345
-1.032274 -6.863568e-05 -1.163947903947904 -1.0010667377278208
-1.002033 -6.838593e-05 -1.1597125559625558 -0.9974240781410354
-0.9720982 -6.784275e-05 -1.1505011192511192 -0.9895016764018963
-0.9415519 -6.801376e-05 -1.1534011667345 -0.9919958954847238
-0.9117463 -6.752009e-05 -1.1450293379460046 -0.9847956081645705
-0.8817464 -6.718942e-05 -1.1394217202550536 -0.9799727122864432
-0.8517649 -6.637217e-05 -1.1255625084791752 -0.9680529383232793
-0.8219871000000001 -6.416842e-05 -1.0881905440238773 -0.9359107518793234
-0.7917000000000001 -6.252925e-05 -1.0603929249762583 -0.9120030909589201
-0.7616073999999999 -6.082268e-05 -1.03145231311898 -0.8871123859698509
-0.7315372 -5.803495e-05 -0.9841770112603445 -0.8464527206650708
-0.7014222999999999 -5.461578e-05 -0.9261935286935286 -0.7965833617888007
-0.6715055999999999 -5.199386e-05 -0.8817300908967576 -0.7583420724042805
-0.6414871000000001 -4.865773e-05 -0.8251548297381631 -0.7096838704933224
-0.6112278 -4.574998e-05 -0.77584418667752 -0.6672736866555855
-0.581413 -4.21753e-05 -0.7152235110568443 -0.6151361796618341
-0.5513389 -3.941812e-05 -0.6684662867996202 -0.5749220929371396
-0.5215481999999999 -3.636655e-05 -0.6167166938000271 -0.530414262245463
-0.4919315 -3.418542e-05 -0.5797283272283272 -0.4986019935586767
-0.4618481 -3.144085e-05 -0.5331849477682812 -0.45857182650320877
-0.4313389 -2.956932e-05 -0.5014468864468864 -0.43127514303391473
-0.4013217 -2.712152e-05 -0.4599362366029032 -0.3955734327775268
-0.37168150000000005 -2.500906e-05 -0.4241123999457333 -0.36476273139334137
-0.341524 -2.233314e-05 -0.37873321123321124 -0.32573383993600274
-0.3114037 -2.084454e-05 -0.353489010989011 -0.30402227612864136
-0.2812926 -1.919426e-05 -0.32550298466965133 -0.27995257337436735
-0.2512833 -1.726883e-05 -0.2928508682675349 -0.25186974635461207
-0.2213667 -1.572665e-05 -0.2666980396147063 -0.229376706268332
-0.19140369999999998 -1.380114e-05 -0.23404456654456654 -0.20129271243069108
-0.1613481 -1.210167e-05 -0.20522435897435895 -0.1765055625289738
-0.1311629 -1.039798e-05 -0.1763325871659205 -0.1516568629837881
-0.1012185 -9.144821e-06 -0.15508107787274455 -0.1333792587991387
-0.07161665 -7.350187e-06 -0.12464704585537918 -0.10720412068153819
-0.041561100000000004 -5.930003e-06 -0.10056306810473477 -0.08649041952999066
-0.011644429999999999 -4.071867e-06 -0.06905214692714692 -0.05938909054520284
0.01849446 -2.506763e-06 -0.04251056505223172 -0.036561698793787796
0.04851298 -1.15538e-06 -0.01959333876000543 -0.0168514756091288
0.0784389 4.32445e-07 0.007333553791887125 0.00630730700703639
0.1085537 1.873121e-06 0.03176504205670872 0.027319888559994936
0.1388741 3.655965e-06 0.06199913512413512 0.05332306689169674
0.1689852 4.892217e-06 0.08296392958892959 0.07135407870143613
0.1988834 6.361221e-06 0.107875814000814 0.0927798304677058
0.2285408 7.921528e-06 0.13433604666938 0.11553725690165215
0.2585963 9.22553e-06 0.15644976936643604 0.13455641760830725
0.2886519 1.095503e-05 0.18577923619590286 0.159781561773853
0.31862169999999995 1.30074e-05 0.2205840455840456 0.18971583707367443
0.3486241 1.382098e-05 0.23438102021435356 0.201582083266334
0.37855 1.543144e-05 0.26169176502509833 0.22507100241802225
0.4086149 1.715935e-05 0.2909942680776014 0.2502729560780906
0.4386334 1.859191e-05 0.3152881223714557 0.2711671639565492
0.4686241 2.076117e-05 0.3520751933251934 0.30280630603955117
0.4987167 2.262963e-05 0.3837611925111925 0.330058212872483
0.5287908 2.41411e-05 0.40939323022656354 0.3521033407429065
0.5586704 2.634024e-05 0.44668701668701666 0.38417828930620124
0.5889083 2.805149e-05 0.47570699362366026 0.4091372531415815
0.6192352 3.025344e-05 0.5130484330484331 0.44125318618311
0.6488103 3.27267e-05 0.5549908424908425 0.4773262362316083
0.6785593 3.509482e-05 0.5951502509835843 0.5118657958738819
0.7088741 3.735165e-05 0.6334223646723647 0.544782165984971
0.7386241 3.982646e-05 0.6753910595577262 0.5808778231300038
0.7686056 4.218516e-05 0.7153907203907204 0.6152799899662413
0.7990037999999999 4.556026e-05 0.7726268484601818 0.6645065780397502
0.8287722 4.833202e-05 0.8196313254646588 0.7049333173241058
0.8590593 5.00744e-05 0.8491792158458825 0.7303463191692423
0.8888834000000001 5.285309e-05 0.8963012142178809 0.7708741340529431
0.9188834 5.557391e-05 0.9424418328584996 0.8105579020486067
0.9490685 5.738503e-05 0.9731554402387737 0.836973492161994
0.97915 5.908875e-05 1.0020477207977208 0.8618226292638868
1.009004 6.05339e-05 1.0265550807217474 0.8829004651071006
1.039143 6.139663e-05 1.0411855582688916 0.8954835750382607
1.069124 6.248865e-05 1.0597044159544158 0.911410930881949
1.09942 6.30459e-05 1.0691544566544566 0.9195385467167283
1.129365 6.388443e-05 1.0833745421245422 0.9317686942374771
1.1592349999999998 6.422504e-05 1.0891507258173927 0.9367365672378973
1.1892449999999999 6.488544e-05 1.1003500203500203 0.9463686488839951
1.219018 6.528475e-05 1.1071216592049926 0.952192674508016
1.249004 6.562189e-05 1.1128389974223305 0.9571099367826456
1.2790409999999999 6.583726e-05 1.1164913173246507 0.9602511563830699
1.309272 6.593455e-05 1.1181411952245284 0.9616701527842644
1.339112 6.675281e-05 1.1320175349342017 0.9736046578232349
1.368856 6.684913e-05 1.1336509632342966 0.9750095065575659
1.398865 6.756083e-05 1.1457202211368878 0.9853898101728413
1.428967 6.764983e-05 1.1472295143128477 0.9866878950706347
1.45919 6.775474e-05 1.1490086148419483 0.988218030875438
1.48943 6.744471e-05 1.1437510175010175 0.9836961740118103
1.519383 6.864846e-05 1.1641646316646317 1.0012531368850546
1.549056 6.862039e-05 1.163688610771944 1.0008437296594244
1.5792080000000002 6.843229e-05 1.1604987450820783 0.9981002491057737
1.6093279999999999 6.837281e-05 1.159490062406729 0.9972327200077877
1.639452 6.838051e-05 1.159620641703975 0.9973450262292822
1.669124 6.927871e-05 1.1748526319359653 1.0104454740404953
1.699189 6.907454e-05 1.171390245556912 1.007467608944063
1.729606 6.937158e-05 1.176427553927554 1.0118000037535073
1.7596610000000001 6.918484e-05 1.173260751594085 1.0090763591039127
1.789301 6.94917e-05 1.1784645909645908 1.0135519808088211
1.819161 6.97849e-05 1.1834367792701126 1.017828368359754
1.848921 6.911234e-05 1.1720312711979377 1.008018930395036
1.8795309999999998 6.958613e-05 1.1800659679826346 1.0149292634706035
1.909513 6.948887e-05 1.1784165988332653 1.013510704626116
1.93943 6.935396e-05 1.1761287477954145 1.0115430121141915
1.9696980000000002 6.988912e-05 1.1852041785375118 1.0193484403602935
1.999476 6.977029e-05 1.183189017772351 1.0176152782433858
2.029282 6.953166e-05 1.1791422466422465 1.014134806342707
2.059189 6.956212e-05 1.1796587979921314 1.0145790722526709
2.0891610000000003 6.959892e-05 1.1802828652828652 1.0151158084800729
2.119263 6.986717e-05 1.1848319427486094 1.0190282947029163
2.148791 6.913101e-05 1.1723478835978836 1.0082912365191012
2.179124 6.935633e-05 1.1761689390856056 1.011577579094054
2.209272 6.973871e-05 1.1826534730701397 1.0171546768830226
2.239161 6.952709e-05 1.1790647469814137 1.0140681518709889
2.26942 6.950027e-05 1.1786099240265908 1.0136769761748223
2.299096 6.949303e-05 1.1784871455704788 1.0135713791561702
2.329467 6.987178e-05 1.184910120743454 1.0190955325835773
2.359689 6.973377e-05 1.182569698819699 1.0170826258785837
2.389559 6.946646e-05 1.1780365622032287 1.0131838497658963
2.419458 6.970092e-05 1.1820126170126168 1.0166035012842853
2.449485 6.976775e-05 1.1831459435626102 1.0175782317755162
2.479235 6.924825e-05 1.1743360805860805 1.0100012081305314
2.509143 6.968286e-05 1.181706349206349 1.0163400921465986
2.539087 6.969952e-05 1.1819888753222085 1.0165830819712864
2.5689949999999997 6.921871e-05 1.173835130918464 1.0095703606262525
2.599328 6.993092e-05 1.1859130375797042 1.0199581027055493
2.629087 6.922757e-05 1.1739853819020487 1.0096995857070892
2.6595779999999998 6.899666e-05 1.1700695292361956 1.006331711732376
2.68955 6.903498e-05 1.1707193732193732 1.006890617499606
2.719717 6.973724e-05 1.182628544295211 1.017133236604374
2.7496060000000004 6.992923e-05 1.1858843779677113 1.0199334536777147
2.779569 6.976166e-05 1.1830426672093337 1.0174894077639705
2.8096520000000003 6.968408e-05 1.181727038393705 1.0163578861193547
2.839921 6.912984e-05 1.1723280423280422 1.0082741718075237
2.869745 6.945379e-05 1.1778216999050333 1.0129990549832557
2.899587 6.989074e-05 1.1852316510649843 1.019372068422478
2.929596 6.973802e-05 1.1826417718084385 1.017144613078759
2.9596799999999996 6.929304e-05 1.1750956450956451 1.0106544802942636
2.989606 6.981185e-05 1.1838938068104734 1.0182214401349847
3.0196799999999997 6.961499e-05 1.1805553859720526 1.0153501930228543
3.0496149999999997 6.967714e-05 1.1816093474426808 1.016256664667774
3.0795839999999997 6.936675e-05 1.176345645095645 1.0117295571236609
3.1093 6.986151e-05 1.1847359584859585 1.0189457423375061
3.139837 6.940707e-05 1.1770294057794057 1.012317633338032
3.16968 6.995749e-05 1.1863636209469544 1.020345632095823
3.199837 6.93589e-05 1.1762125220458555 1.0116150631186307
3.229819 6.933225e-05 1.1757605820105819 1.0112263669104713
3.2593110000000003 6.982922e-05 1.18418837335504 1.018474785468408
3.2896520000000002 6.952023e-05 1.1789484126984127 1.0139680972372938
3.320004 6.942882e-05 1.17739824989825 1.012634861950695
3.3498 6.95585e-05 1.1795974087640753 1.0145262737433447
3.37993 6.91397e-05 1.1724952516619183 1.0084179821119308
3.410022 6.925246e-05 1.1744074752408085 1.0100626119217642
3.4401149999999996 6.906692e-05 1.1712610229276894 1.0073564695404544
3.470161 6.940865e-05 1.1770561999728666 1.0123406779912736
3.499716 7.013456e-05 1.1893664360331027 1.022928237633489
3.529439 6.96552e-05 1.1812372812372811 1.0159366648626327
3.5595410000000003 6.931328e-05 1.1754388821055486 1.0109496852193347
3.5899270000000003 6.956968e-05 1.1797870031203366 1.0146893365428655
3.6202449999999997 6.968935e-05 1.181816408899742 1.0164347502475723
3.6501889999999997 6.958756e-05 1.1800902184235518 1.0149501203403097
3.680041 6.908624e-05 1.1715886582553248 1.0076382560598405
3.7099670000000002 6.93588e-05 1.1762108262108262 1.0116136045962736
3.739995 6.958737e-05 1.1800869963369962 1.0149473491478311
3.7699949999999998 6.938011e-05 1.176572208655542 1.0119244157105656
3.799893 6.915529e-05 1.1727596323429657 1.0086453657473982
3.830032 6.938279e-05 1.1766176570343236 1.011963504109735
3.859839 6.954943e-05 1.1794435965269296 1.0143939857655584
3.8895410000000004 6.946132e-05 1.1779493962827297 1.013108881716743
3.919717 6.944318e-05 1.1776417718084384 1.0128443057611705
3.949606 6.946301e-05 1.1779780558947226 1.0131335307445775
3.979531 6.957684e-05 1.1799084249084248 1.0147937667436318
4.010004 6.938095e-05 1.176586453669787 1.011936667298365
4.039865 6.951251e-05 1.178817494234161 1.0138554993113278
4.070152 6.944336e-05 1.177644824311491 1.012846931101413
4.100393 6.976676e-05 1.1831291547958211 1.0175637924041812
4.130056 6.873433e-05 1.1656208452041785 1.0025055700330714
4.160078 6.920741e-05 1.1736435015601683 1.0094055475999038
4.189976 6.925371e-05 1.1744286731786733 1.0100808434512278
4.2202910000000005 6.944039e-05 1.1775944580111246 1.0128036129874078
4.250282 6.918403e-05 1.1732470153303487 1.0090645450728204
4.280374 6.911995e-05 1.1721603242436573 1.0081299239464092
4.310272 6.863711e-05 1.1639721543888208 1.0010875945975266
4.340254 6.96917e-05 1.1818562610229275 1.0164690255229636
4.370004 6.948529e-05 1.1783558879392213 1.013458489525733
4.400180000000001 6.939669e-05 1.176853378103378 1.012166238717368
4.430133 6.885876e-05 1.1677309727309726 1.0043204094019749
4.460393 6.905058e-05 1.1709839234839234 1.007118146987309
4.490384 6.930315e-05 1.1752670940170937 1.0108019369045633
4.520513 6.956814e-05 1.1797608872608873 1.0146668752985666
4.550504 6.930152e-05 1.1752394519061187 1.0107781629901433
4.5806700000000005 6.87709e-05 1.1662410120743454 1.0030389516590523
4.610643 6.922219e-05 1.1738941459774792 1.0096211172042786
4.640643 6.925588e-05 1.174465472798806 1.0101124933863759
4.670532000000001 6.916451e-05 1.172915988332655 1.0087798415087201
4.700883 6.933052e-05 1.1757312440645773 1.011201134473694
4.731041 6.94945e-05 1.1785120743454076 1.0135928194348192
4.760509 6.917103e-05 1.1730265567765565 1.008874937166401
4.790356 6.932975e-05 1.1757181861348527 1.0111899038515444
4.820652 6.902726e-05 1.1705884547551215 1.0067780195736402
4.850754 6.949981e-05 1.1786021231854564 1.0136702669719795
4.8807160000000005 6.884302e-05 1.1674640482973817 1.004090837982972
4.91056 6.890763e-05 1.1685597273097275 1.0050331892778759
4.940272 6.878829e-05 1.1665359177859178 1.003292588696947
4.970374 6.915641e-05 1.1727786256952923 1.0086617011977972
5.000412 6.913324e-05 1.172385700719034 1.008323761567664
5.030355999999999 6.86989e-05 1.165020010853344 1.001988815561961
5.060225999999999 6.892951e-05 1.1689307760141094 1.005352313969603
5.090393 6.940153e-05 1.1769354565187897 1.0122368311994503
5.11998 6.918603e-05 1.173280932030932 1.009093715519962
5.150199 6.924511e-05 1.1742828313661646 1.0099554105285193
5.18043 6.875441e-05 1.1659613688780355 1.0027984413223712
5.210433 6.870434e-05 1.1651122642789307 1.0020681591781857
5.2401800000000005 6.931892e-05 1.175534527201194 1.0110319458802737
5.270143 6.921019e-05 1.173690645773979 1.00944609452143
5.2999480000000005 6.894176e-05 1.1691385158051824 1.005530982958344
5.330254 6.899016e-05 1.1699592999592998 1.0062369077791664
5.360448 6.908246e-05 1.1715245556912224 1.0075831239147433
5.390384 6.900716e-05 1.1702475919142585 1.0064848565798685
5.420347 6.857448e-05 1.162910052910053 1.000174122045293
5.450578 6.869486e-05 1.1649514991181658 1.0019298912587353
5.480365 6.897006e-05 1.1696184371184373 1.0059437447853954
5.510541 6.89993e-05 1.1701142992809659 1.006370216722603
5.540301 6.848385e-05 1.1613731176231177 0.9988522632330796
5.570180000000001 6.861024e-05 1.1635164835164835 1.0006956896401817
5.600198000000001 6.885382e-05 1.167647198480532 1.004248358397536
5.6304300000000005 6.930584e-05 1.1753127119793787 1.0108411711559688
5.660697 6.884286e-05 1.1674613349613348 1.0040885043472008
5.6905410000000005 6.872504e-05 1.165463302129969 1.0023700733060996
5.720661 6.849808e-05 1.1616144349477682 0.9990598109644907
5.7504480000000004 6.914009e-05 1.172501865418532 1.0084236703491232
5.780716999999999 6.910897e-05 1.171974121557455 1.0079697781916028
5.810754 6.899721e-05 1.1700788563288562 1.0063397336053401
5.840643 6.859427e-05 1.1632456586623254 1.0004627636197576
5.8704849999999995 6.904752e-05 1.1709320309320308 1.0070735162031825
5.90067 6.881052e-05 1.1669129019129019 1.0036168182169238
5.930641 6.923449e-05 1.174102733686067 1.0098005154541985
5.9608 6.864768e-05 1.1641514041514043 1.0012417604106694
5.990735 6.876233e-05 1.1660956790123458 1.0029139562930514
6.020477 6.85981e-05 1.1633106091439425 1.0005186250260334
6.050439 6.885662e-05 1.1676946818613485 1.0042891970235337
6.0805039999999995 6.871975e-05 1.1653735924569257 1.0022929174734103
6.11068 6.903356e-05 1.170695292361959 1.0068699064821354
6.140708 6.86094e-05 1.1635022385022382 1.0006834380523821
6.17056 6.8708e-05 1.1651743318409984 1.0021215410964543
6.200634 6.905568e-05 1.1710704110704109 1.0071925316275194
6.230902 6.888108e-05 1.1681094831094831 1.0046459515920734
6.260745 6.841891e-05 1.1602718423551757 0.9979050988143976
6.290662 6.860539e-05 1.1634342355175689 1.0006249513058638
6.32068 6.841472e-05 1.1602007868674533 0.9978439867276362
6.350782000000001 6.872748e-05 1.1655046805046805 1.002405661251612
6.380669 6.902736e-05 1.1705901505901506 1.006779478095997
6.41068 6.868241e-05 1.1647403676570343 1.00174830522528
6.440791 6.869635e-05 1.1649767670601003 1.0019516232418557
6.470883 6.833186e-05 1.1587956179622845 0.996635455102567
6.500782 6.88705e-05 1.1679300637633971 1.0044916399266952
6.530811 6.879023e-05 1.1665688169854835 1.0033208840306742
6.560393 6.864417e-05 1.1640918803418803 1.0011905662759362
6.5908549999999995 6.861251e-05 1.1635549789716455 1.0007287980976873
6.6207259999999994 6.903701e-05 1.170753798670465 1.0069202255034542
6.650874 6.847139e-05 1.1611618165784832 0.9986705313473885
6.680893 6.878061e-05 1.1664056776556777 1.003180574179924
6.710986 6.864366e-05 1.1640832315832317 1.0011831278119152
6.741065 6.856742e-05 1.1627903269569935 1.000071150366884
6.770856 6.835649e-05 1.1592133021299686 0.9969946891591137
6.800967 6.872636e-05 1.1654856871523538 1.0023893258012129
6.830856 6.863847e-05 1.1639952177452175 1.0011074305015828
6.861014 6.859981e-05 1.1633396079229412 1.0005435657583392
6.8911430000000005 6.841472e-05 1.1602007868674533 0.9978439867276362
6.920904999999999 6.878007e-05 1.16639652014652 1.0031726981591957
6.950912000000001 6.843288e-05 1.1605087505087506 0.9981088543876805
6.980819 6.863633e-05 1.1639589268755932 1.0010762181231414
7.011069 6.851092e-05 1.1618321801655136 0.9992470852351388
7.040962 6.832909e-05 1.1587486433319767 0.9965950540332762
7.0708 6.820739e-05 1.1566848121014788 0.9948200323247207
7.101032 6.846401e-05 1.1610366639533307 0.9985628923974367
7.130849 6.844222e-05 1.1606671415004746 0.9982450803758306
7.160754 6.888768e-05 1.1682214082214082 1.00474221406764
7.190884 6.857253e-05 1.1628769841269841 1.0001456808593303
7.221189000000001 6.814805e-05 1.1556785035951702 0.9939545451580346
7.251171 6.860756e-05 1.1634710351377018 1.0006566012410123
7.281143 6.825598e-05 1.1575088183421518 0.9955287283380215
7.31117 6.830016e-05 1.1582580382580383 0.9961731035153757
7.341106 6.815017e-05 1.1557144552977887 0.9939854658320045
7.371217 6.81807e-05 1.1562321937321935 0.9944307527076182
7.4012910000000005 6.846109e-05 1.1609871455704788 0.9985203035446101
7.431393 6.816609e-05 1.1559844322344321 0.9942176625912502
7.461263 6.833333e-05 1.1588205467372135 0.996656895381216
7.491225999999999 6.844369e-05 1.1606920702754038 0.9982665206544798
7.521078 6.819525e-05 1.1564789377289375 0.994642967710572
7.551375 6.835674e-05 1.1592175417175417 0.9969983354650064
7.581207999999999 6.846515e-05 1.161055996472663 0.9985795195523072
7.6109849999999994 6.807924e-05 1.1545115995115995 0.992950935924134
7.641227 6.842195e-05 1.1603233957400623 0.9979494378940524
7.671245 6.821454e-05 1.1568060643060645 0.9949243166732513
7.701103 6.783528e-05 1.1503744403744403 0.9893927247818229
7.731236 6.838356e-05 1.1596723646723646 0.9973895111611729
7.761056 6.81461e-05 1.1556454348121015 0.9939261039720717
7.790652 6.804793e-05 1.1539806335639669 0.9924942725741349
7.820930000000001 6.859659e-05 1.163285002035002 1.0004966013384415
7.850865 6.802109e-05 1.1535254714421381 0.992102805173497
7.8812169999999995 6.776357e-05 1.1491583570750235 0.9883468183995673
7.911009 6.83468e-05 1.1590489757156424 0.9968533583427136
7.940939 6.81041e-05 1.1549331840998507 0.9933135245821018
7.971134 6.783986e-05 1.1504521096187763 0.9894595251057771
8.0013 6.804874e-05 1.1539943698277029 0.9925060866052271
8.031356 6.804261e-05 1.1538904151404152 0.9924166791847387
8.061264 6.78432e-05 1.1505087505087503 0.989508239752503
8.0913 6.800108e-05 1.1531861348528014 0.991810954849847
8.121143 6.799081e-05 1.1530119725953056 0.9916611646037757
8.15131 6.780436e-05 1.1498500881834215 0.9889417496690168
8.181366 6.79633e-05 1.1525454483787816 0.9912599251033456
8.211606 6.871701e-05 1.1653271265771266 1.0022529539608267
8.241142 6.846774e-05 1.1610999185999187 0.9986172952813556
8.271042 6.796387e-05 1.152555114638448 0.991268238680781
8.301264 6.812521e-05 1.1552911748745083 0.9936214186516795
8.331625 6.769062e-05 1.1479212454212455 0.987282826340084
8.361272999999999 6.789331e-05 1.1513585334418668 0.9902391053056315
8.391152 6.801946e-05 1.1534978293311626 0.9920790312590768
8.421181 6.762276e-05 1.1467704517704518 0.9862930730685754
8.451449 6.788618e-05 1.1512376204042871 0.9901351126615724
8.481588 6.847687e-05 1.1612547483380817 0.998750458372556
8.511246 6.765138e-05 1.1472557997558 0.9867105021671694
8.541364999999999 6.761785e-05 1.1466871862705195 0.9862214596208433
8.571422 6.820802e-05 1.1566954958621625 0.9948292210155701
8.601477000000001 6.762942e-05 1.1468833943833943 0.9863902106575564
8.631727999999999 6.803769e-05 1.15380698005698 0.9923449198847707
8.661875 6.805237e-05 1.154055928639262 0.992559030966789
8.691625 6.76142e-05 1.1466252882919548 0.98616822355481
8.721644 6.818551e-05 1.1563137633970966 0.9945009076329934
8.75149 6.783156e-05 1.150311355311355 0.9893384677501399
8.780958 6.770298e-05 1.1481308506308505 0.987463099703418
8.811523 6.770323e-05 1.1481350902184235 0.9874667460093106
8.841598 6.740347e-05 1.1430516551349883 0.983094679391754
8.871435 6.77105e-05 1.148258377425044 0.9875727805846697
8.901181000000001 6.750871e-05 1.1448363519196854 0.9846296283203358
8.931394000000001 6.819309e-05 1.1564423076923076 0.9946114636276594
8.961615 6.833511e-05 1.1588507326007325 0.9966828570791718
8.991302 6.772717e-05 1.1485410731244063 0.9878159162615933
9.021189 6.786509e-05 1.1508799687966353 0.9898275102964659
9.051347 6.761565e-05 1.1466498778998777 0.9861893721289876
9.081560999999999 6.811521e-05 1.155121591371591 0.9934755664159722
9.111829 6.773343e-05 1.1486472323972323 0.987907219761146
9.141616 6.788386e-05 1.1511982770316103 0.9901012749428884
9.171451999999999 6.741811e-05 1.1432999253832588 0.9833082070648295
9.201385 6.743292e-05 1.1435510785510785 0.9835242142259115
9.231181000000001 6.767169e-05 1.147600223850224 0.9870067280578906
9.261579 6.767949e-05 1.1477324989824988 0.9871204928017417
9.291403 6.784787e-05 1.1505879460046127 0.9895763527465783
9.321431 6.759014e-05 1.146217270383937 0.9858173030756989
9.351514 6.788117e-05 1.1511526590693257 0.990062040691483
9.381384 6.81059e-05 1.1549637091303757 0.993339777984529
9.411699 6.791583e-05 1.1517404354904357 0.990567564540444
9.441838 6.791081e-05 1.151655304571971 0.9904943467181189
9.471491 6.729607e-05 1.1412303283136616 0.9815282263802597
9.501605999999999 6.779408e-05 1.1496757563424231 0.9887918135707098
9.531514999999999 6.799996e-05 1.1531671415004747 0.9917946193994479
9.561783 6.781585e-05 1.1500449396282728 0.9891093338878442
9.591634 6.76196e-05 1.14671686338353 0.9862469837620922
9.621531999999998 6.756135e-05 1.1457290394790394 0.985397394489098
9.651689000000001 6.730029e-05 1.1413018925518925 0.9815897760237281
9.681718 6.754727e-05 1.1454902659069326 0.9851920345412225
9.711622 6.733508e-05 1.1418918735585402 0.982097195951753
9.741856 6.769819e-05 1.1480496201329533 0.9873932364825142
9.771968000000001 6.784324e-05 1.1505094288427622 0.9895088231614461
9.801594 6.729485e-05 1.1412096391263058 0.9815104324075035
9.831541999999999 6.769747e-05 1.1480374101207436 0.9873827351215434
9.861681 6.797145e-05 1.1526836589336589 0.9913787946754468
9.891801 6.775068e-05 1.1489397639397638 0.9881588148677409
9.921885 6.77493e-05 1.1489163614163613 0.9881386872592132
9.951818999999999 6.751632e-05 1.144965404965405 0.984740621871709
9.981672 6.729413e-05 1.1411974291140958 0.9814999310465327
10.00372 6.795244e-05 1.1523612806946142 0.9911015295753678
