Keff(MJ/m3):-0.1646958353074424 Ms(MA/m):1.045096813216002
H(kOe) moment(emu) M(MA/m) M_norm()
9.962121 9.036762e-05 1.043602411308204 0.9985700828010382
9.928916 8.999363e-05 1.0392834211012567 0.9944374606818902
9.8955 8.998707e-05 1.039207663525499 0.9943649721097314
9.862193999999999 9.04946e-05 1.0450688285291947 0.9999732228761457
9.828157 9.021435e-05 1.0418323863636365 0.9968764359329352
9.794203 9.004154e-05 1.0398367054693276 0.9949668703605671
9.759954 9.020008e-05 1.041667590539542 0.9967187511883159
9.725704 9.028767e-05 1.0426791158536586 0.9976866283278547
9.691393 8.996033e-05 1.0388988590169992 0.9940694927774871
9.657231 9.025137e-05 1.0422599085365856 0.9972855101617939
9.622704 9.061702e-05 1.0464825849963046 1.001325974553533
9.587973 8.997077e-05 1.0390194244271989 0.9941848556880567
9.553427 9.020089e-05 1.0416769447524024 0.9967277017589634
9.518547 9.066261e-05 1.0470090770509979 1.0018297480298608
9.48374 8.98804e-05 1.037975794530673 0.9931862593060483
9.449242 8.984365e-05 1.0375513904286773 0.9927801686007388
9.414185 9.002061e-05 1.0395949972283816 0.994735592035067
9.379346 9.047291e-05 1.044818343495935 0.9997335464843587
9.344296 8.994892e-05 1.0387670916481893 0.993943411282315
9.309702999999999 9.030814e-05 1.042915511825573 0.997912823613234
9.274648 9.046576e-05 1.0447357723577235 0.9996545383607407
9.239685 9.013961e-05 1.0409692581300816 0.9960505524141644
9.20449 8.989698e-05 1.0381672671840356 0.9933694697521442
9.169704 9.040328e-05 1.0440142276422766 0.9989641289112786
9.134537 8.988517e-05 1.0380308804508502 0.9932389682220844
9.099519 8.987845e-05 1.0379532751293423 0.9931647116359705
9.064444 9.050041e-05 1.0451359247967482 1.0000374238828897
9.02924 9.025916e-05 1.0423498706577978 0.9973715903412324
8.994213 9.033099e-05 1.0431793930155213 0.9981653181061951
8.959629000000001 9.04156e-05 1.0441565040650407 0.9991002659858204
8.924797 9.014272e-05 1.0410051736881007 0.9960849181854164
8.889519 8.986238e-05 1.037767692165558 0.9929871367343563
8.854426 8.993806e-05 1.0386416759053954 0.9938234073351133
8.819407 9.013013e-05 1.040859779194383 0.9959457975873254
8.78425 9.011844e-05 1.04072477827051 0.9958166220677317
8.749694 9.008616e-05 1.0403519955654104 0.9954599252522924
8.714852 9.062516e-05 1.0465765890613454 1.0014159222634982
8.679860000000001 9.057129e-05 1.04595447616408 1.000820654064994
8.644806 9.003276e-05 1.039735310421286 0.9948698505947816
8.609665999999999 9.031875e-05 1.043038040465632 0.9980300650386307
8.574444 9.002422e-05 1.0396366869918703 0.9947754828499288
8.539527 8.976126e-05 1.0365999168514413 0.9918697519147401
8.504518000000001 9.037228e-05 1.0436562269031784 0.9986215762074802
8.469481 9.022961e-05 1.0420086151145604 0.9970450602639018
8.434231 9.002101e-05 1.039599616592757 0.9947400120699548
8.399231 9.014547e-05 1.041036931818182 0.9961153059252695
8.364676 9.015983e-05 1.041202766999261 0.9962739851777387
8.329963 9.003014e-05 1.039705053584627 0.9948408993662671
8.294991 8.987985e-05 1.0379694429046564 0.9931801817580777
8.259768 9.021413e-05 1.04182984571323 0.996874004913747
8.22463 8.994645e-05 1.038738567073171 0.9939161175668835
8.189167000000001 8.983846e-05 1.0374914541759055 0.9927228186480705
8.154336 9.01849e-05 1.041492285661493 0.9965510108643266
8.119352 9.024587e-05 1.0421963922764228 0.9972247346820876
8.084472 8.988719e-05 1.0380542082409463 0.9932612893982674
8.049463 9.035155e-05 1.04341682834442 0.998392507899424
8.014222 8.992699e-05 1.0385138349963048 0.9937010828695957
7.979342 8.987253e-05 1.0378849085365855 0.9930992951196322
7.943926 9.000525e-05 1.0394176136363638 0.9945658626953785
7.909336000000001 8.983439e-05 1.0374444521433852 0.992677844793088
7.874555999999999 9.001917e-05 1.03957836751663 0.9947196799094713
7.839296 9.009415e-05 1.0404442673688101 0.9955482154491747
7.804323999999999 9.019319e-05 1.0415880219881744 0.9966426160873746
7.769315 9.003319e-05 1.0397402762379897 0.9948746021322858
7.734167 8.97582e-05 1.0365645787139692 0.9918359386478492
7.699194 8.993817e-05 1.0386429462305988 0.9938246228447076
7.664018 9.006707e-05 1.0401315364005914 0.9952489790872758
7.628981 9.006266e-05 1.040080607908352 0.9952002482026389
7.5938360000000005 9.024073e-05 1.0421370334441984 0.9971679372337806
7.559102 9.006808e-05 1.0401432002956394 0.9952601396753674
7.523991 9.025828e-05 1.0423397080561716 0.9973618662644792
7.488759 9.01037e-05 1.0405545546932744 0.9956537437821191
7.453907 9.017541e-05 1.0413826912416853 0.9964461455366155
7.419327 9.001548e-05 1.0395357538802663 0.9946789050876321
7.384472 8.990373e-05 1.0382452189578717 0.9934440578408748
7.349305 8.993686e-05 1.038627817812269 0.9938101472304501
7.313962999999999 9.008838e-05 1.0403776330376941 0.9954844564459192
7.279019 9.001577e-05 1.0395391029194383 0.9946821096129256
7.244072 9.0286e-05 1.042659830007391 0.9976681746821984
7.2092030000000005 9.024942e-05 1.0422373891352552 0.9972639624917163
7.174027 8.995568e-05 1.0388451589061347 0.9940181098719175
7.138889 9.001044e-05 1.0394775498891353 0.9946232126480467
7.104093 8.981689e-05 1.0372423549519587 0.9924844682667502
7.06862 8.979657e-05 1.0370076912416852 0.9922599304944538
7.033778 8.982419e-05 1.0373266583518108 0.992565133903451
6.998805999999999 9.02519e-05 1.042266029194383 0.9972913667080201
6.963602 9.001992e-05 1.039587028824834 0.9947279674748857
6.929053 8.988625e-05 1.0380433527346637 0.9932509023162811
6.893676 9.004568e-05 1.0398845158906136 0.995012617721655
6.858287000000001 9.022784e-05 1.041988174427199 0.9970255016095237
6.823627999999999 8.983194e-05 1.0374161585365855 0.9926507720794007
6.788814 9.005362e-05 1.0399762102734667 0.9951003554141764
6.753926000000001 8.993596e-05 1.0386174242424244 0.9938002021519529
6.718648 8.986166e-05 1.0377593773096823 0.9929791806715584
6.683648 9.012642e-05 1.0408169345898006 0.9959048017637417
6.648574 9.007713e-05 1.0402477134146344 0.9953601429647021
6.613893 8.99544e-05 1.0388303769401332 0.9940039657602768
6.579055 9.00378e-05 1.0397935144124169 0.9949255430343668
6.543704 9.00171e-05 1.039554462305987 0.9946968062289272
6.508573999999999 9.005789e-05 1.0400255219881747 0.9951475392866028
6.473789 8.963057e-05 1.0350906550258687 0.9904256160160493
6.438861 9.008309e-05 1.0403165419438287 0.9954260014845293
6.403685 8.994399e-05 1.0387101579822617 0.9938889343523238
6.368648 8.984489e-05 1.037565710458241 0.9927938707088906
6.333704 9.011166e-05 1.040646480044346 0.9957417024763847
6.2984350000000004 8.982401e-05 1.0373245796378419 0.9925631448877515
6.263581 8.989018e-05 1.0380887379896528 0.9932943291590531
6.22849 8.995765e-05 1.0388679092756838 0.9940398785437395
6.193472 8.982206e-05 1.0373020602365115 0.9925415972176739
6.1588270000000005 8.989171e-05 1.0381064070583892 0.9933112357924987
6.1237960000000005 8.994557e-05 1.038728404471545 0.9939063934901304
6.08862 8.978649e-05 1.0368912832594237 0.9921485456152833
6.053768 9.029909e-05 1.0428109987065781 0.9978128203238992
6.018657 8.980502e-05 1.0371052753141168 0.9923533037314569
5.98362 8.990472e-05 1.038256651884701 0.9934549974272218
5.948592 8.983073e-05 1.0374021849593498 0.9926374014738654
5.913425 8.959947e-05 1.0347314994456764 0.9900819583035289
5.878426 8.979428e-05 1.0369812453806357 0.9922346257947217
5.843537 9.000675e-05 1.039434936252772 0.9945824378262076
5.808305000000001 9.006573e-05 1.0401160615299336 0.9952341719704021
5.773393 8.985542e-05 1.0376873152254251 0.99291022812731
5.738713 8.998919e-05 1.039232146156689 0.9943883982946364
5.7035919999999996 8.998995e-05 1.0392409229490025 0.9943967963609232
5.668722 8.991326e-05 1.0383552753141168 0.9935493651720745
5.633389 8.963844e-05 1.0351815410199559 0.9905125802024651
5.598435 8.988906e-05 1.0380758037694016 0.9932819530613675
5.563203000000001 8.984973e-05 1.0376216047671842 0.9928473531310321
5.52825 8.962964e-05 1.0350799150036956 0.9904153394349351
5.49324 8.994876e-05 1.038765243902439 0.9939416432683599
5.458064 8.976057e-05 1.0365919484478936 0.9918621273545588
5.423336 8.979609e-05 1.0370021480044347 0.9922546264525886
5.3886199999999995 8.980766e-05 1.0371357631189948 0.9923824759617158
5.3531390000000005 8.97295e-05 1.0362331393200297 0.9915188011446551
5.317907 8.94724e-05 1.0332640428677016 0.9886778237205717
5.283204 8.966207e-05 1.0354544299704362 0.9907736937634573
5.248213 8.986495e-05 1.0377973715816706 0.9930155354585101
5.213407 8.995265e-05 1.0388101672209904 0.993984628107643
5.177935000000001 8.994247e-05 1.038692604397635 0.9938721382197505
5.142796000000001 8.982146e-05 1.0372951311899485 0.9925349671653425
5.1080820000000005 8.951448e-05 1.0337500000000002 0.9891428113907601
5.073157 8.967015e-05 1.0355477411308205 0.9908629784681892
5.037962 8.948877e-05 1.0334530903547672 0.9888587136483517
5.00287 8.960223e-05 1.0347633730598673 0.9901124565442542
4.968063 9.002437e-05 1.0396384192535109 0.9947771403630116
4.932879 8.97736e-05 1.0367424242424246 0.9920061099910265
4.898478 8.976555e-05 1.0366494595343683 0.9919171567889111
4.863667 8.950984e-05 1.0336964153732449 0.9890915389860626
4.82837 8.970545e-05 1.035955400036955 0.9912530465470308
4.793194000000001 8.975524e-05 1.0365303954175906 0.9918032303896799
4.7585 8.941598e-05 1.0326124815225426 0.9880543777996584
4.723602 8.950777e-05 1.0336725101626019 0.9890686653055185
4.688277 8.96897e-05 1.0357735125646712 0.9910790076733266
4.653398 8.960859e-05 1.0348368209534369 0.9901827350989688
4.618157 8.977637e-05 1.0367744133407246 0.992036718732624
4.583148 8.977479e-05 1.0367561668514413 0.9920192595948173
4.548346 8.946637e-05 1.0331944059497413 0.9886111916946392
4.513296 8.955265e-05 1.0341908028455287 0.989564593219921
4.478407 8.935535e-05 1.031912301367332 0.9873844110115519
4.443212000000001 8.92969e-05 1.0312372967479677 0.9867385334135838
4.408444 8.934073e-05 1.031743463599409 0.9872228587364057
4.373314000000001 8.930347e-05 1.0313131698078346 0.9868111324866145
4.338129 8.93935e-05 1.0323528732446416 0.9878059718389685
4.303102 8.940567e-05 1.0324934174057652 0.9879404514004274
4.268055 8.948894e-05 1.033455053584627 0.988860592163179
4.232953999999999 8.950721e-05 1.0336660430524762 0.9890624772566757
4.197842 8.888991e-05 1.0265372089800446 0.9822412584161987
4.163081 8.919621e-05 1.0300744872505545 0.9856259001314718
4.128296000000001 8.928314e-05 1.0310783906134517 0.986586484213446
4.092833 8.918529e-05 1.0299483786031045 0.9855052331790369
4.057846 8.905644e-05 1.0284603658536586 0.9840814294408294
4.02274 8.916823e-05 1.0297513627124908 0.9853167186910755
3.9877130000000003 8.891254e-05 1.0267985495195862 0.9824913218899713
3.952639 8.898951e-05 1.0276874307095345 0.9833418471032414
3.917836 8.89139e-05 1.0268142553584627 0.9825063500085897
3.8827399999999996 8.87356e-05 1.0247551736881007 0.9805361194573876
3.8476660000000003 8.819895e-05 1.0185577189578716 0.9746060901511473
3.812647 8.82356e-05 1.0189809682187732 0.9750110758477348
3.777935 8.857311e-05 1.0228786723946788 0.9787405907851227
3.742907 8.832828e-05 1.0200512749445678 0.9760351979312201
3.7077869999999997 8.833149e-05 1.0200883453436809 0.9760706687111941
3.6726289999999997 8.850716e-05 1.0221170546932743 0.9780118375330094
3.6378739999999996 8.769397e-05 1.0127260024020697 0.9690260171071425
3.602842 8.743298e-05 1.0097119826311902 0.9661420548437761
3.56775 8.739051e-05 1.0092215216186253 0.9656727576395722
3.532416 8.698654e-05 1.004556310051737 0.9612088539055894
3.4977600000000004 8.675757e-05 1.0019120703991131 0.9586787154349851
3.462926 8.650797e-05 0.999029587028825 0.9559206136650465
3.427592 8.657733e-05 0.9998305848115301 0.9566870477145775
3.3924899999999996 8.554818e-05 0.9879455376940135 0.9453148504528295
3.357449 8.534935e-05 0.9856493671470807 0.943117761611015
3.322676 8.49225e-05 0.980719927937916 0.9384010318814545
3.287481 8.422204e-05 0.9726307280118257 0.9306608877878199
3.252305 8.340864e-05 0.963237250554324 0.9216727468436371
3.217572 8.347546e-05 0.9640089153732448 0.922411113671631
3.1826849999999998 8.296008e-05 0.9580570953436809 0.9167161197205453
3.14762 8.245709e-05 0.952248360125647 0.9111580363501071
3.1124720000000003 8.195781e-05 0.9464824695121953 0.9056409488032523
3.077092 8.119948e-05 0.9377249630450851 0.8972613361622365
3.04244 7.996796e-05 0.923502864005913 0.8836529327499176
3.007321 7.925156e-05 0.9152295824094606 0.8757366502660072
2.972242 7.881211e-05 0.9101546332224688 0.8708806894374835
2.937518 7.79746e-05 0.9004827235772359 0.8616261308904432
2.902324 7.764944e-05 0.896727642276423 0.858033084530214
2.867527 7.755405e-05 0.8956260393569846 0.8569790167103644
2.832148 7.630126e-05 0.8811583056171474 0.843135577942891
2.797351 7.538983e-05 0.870632737435329 0.8330641969485993
2.762333 7.470157e-05 0.8626844281226905 0.8254588639190404
2.727379 7.329579e-05 0.8464499029933482 0.8099248723078853
2.692027 7.228254e-05 0.8347484756097562 0.7987283714329242
2.65699 7.219778e-05 0.8337696322985959 0.797791766040216
2.621823 7.176249e-05 0.8287427245011088 0.7929817735745245
2.587027 7.091014e-05 0.8188994364375463 0.7835632317331496
2.5518330000000002 7.052476e-05 0.8144489098300075 0.7793047491205738
2.5168049999999997 6.981572e-05 0.8062606245380638 0.7714697952785976
2.481861 6.818297e-05 0.787404956577975 0.7534277653712769
2.447009 6.698284e-05 0.7735453621581672 0.7401662241967719
2.412185 6.635443e-05 0.7662882252402071 0.7332222388872883
2.3774349999999997 6.539946e-05 0.7552598392461198 0.7226697370954682
2.342323 6.475973e-05 0.7478719743163342 0.7156006647986621
2.307148 6.473168e-05 0.7475480413895049 0.7152907098521606
2.2719810000000003 6.39893e-05 0.7389747320768663 0.7070873461022927
2.2369899999999996 6.282069e-05 0.725479143569845 0.6941741036769404
2.202279 6.189441e-05 0.7147820814855878 0.6839386288874423
2.167176 6.080517e-05 0.7022030903547674 0.6719024318846862
2.1322310000000004 5.936745e-05 0.6855997089800445 0.6560155004877466
2.0970549999999997 5.873142e-05 0.6782545731707318 0.6489873135136517
2.061861 5.848952e-05 0.6754610125646712 0.6463142974153018
2.026796 5.746514e-05 0.663631051367332 0.6349948090695899
1.9920909999999998 5.683566e-05 0.6563615576496675 0.6280390001667815
1.95713 5.639931e-05 0.6513224085365855 0.6232172946086377
1.922185 5.525274e-05 0.638081347006652 0.6105475961055988
1.887416 5.333999e-05 0.6159921239837399 0.5894115417768726
1.8521759999999998 5.266915e-05 0.6082449879896528 0.5819987012666739
1.8171110000000001 5.205873e-05 0.601195606984479 0.5752535070262654
1.78212 5.083047e-05 0.5870111557649668 0.5616811268982815
1.7468510000000002 5.038066e-05 0.5818165650406505 0.5567106871661659
1.711786 4.981758e-05 0.5753138858093128 0.5504886040547194
1.676892 4.902239e-05 0.5661307049150037 0.5417016851988
1.6423240000000001 4.804667e-05 0.5548626893939395 0.5309198940971794
1.607259 4.690284e-05 0.5416532705099779 0.5182804728331215
1.571768 4.551093e-05 0.5255789218403548 0.5028997459316982
1.536564 4.414696e-05 0.5098272357723578 0.4878277584671824
1.501713 4.402972e-05 0.5084733000739099 0.486532246241591
1.4668510000000001 4.334759e-05 0.5005957825203252 0.4789946502466863
1.431981 4.221826e-05 0.4875538155949742 0.46651545524730825
1.3969719999999999 4.185368e-05 0.48334349593495946 0.46248681444889395
1.361842 4.077307e-05 0.4708641675905396 0.4505459796988404
1.326685 3.916433e-05 0.45228577697708805 0.4327692623856552
1.291807 3.824923e-05 0.441717826127125 0.42265732757126895
1.257111 3.737433e-05 0.43161412139689587 0.4129896062630987
1.222175 3.62018e-05 0.41807326311899495 0.4000330474958467
1.1869159999999999 3.554444e-05 0.4104817997043608 0.39276916216136415
1.152064 3.526489e-05 0.4072534414264598 0.38968011027920735
1.1171479999999998 3.407208e-05 0.3934783813747229 0.3764994557431478
1.0818979999999998 3.287659e-05 0.37967237158167044 0.3632891869733405
1.046902 3.207375e-05 0.3704008453436808 0.3544177349501934
1.01224 3.086342e-05 0.35642345713229867 0.34104348288605163
0.9772124999999999 2.938019e-05 0.33929450757575763 0.3246536620197614
0.9420735 2.845486e-05 0.32860841648189215 0.3144286848131217
0.9067495 2.803142e-05 0.3237183573540281 0.309749635880979
0.8719161000000001 2.701256e-05 0.31195214338507027 0.2984911440167176
0.8369717000000001 2.629518e-05 0.3036675443458981 0.2905640324473324
0.8019069 2.541791e-05 0.2935364698817443 0.2808701224324524
0.7669583999999999 2.405389e-05 0.27778420639320034 0.2657975824635756
0.7317958 2.272091e-05 0.26239040558019217 0.251068037201986
0.6966198 2.169394e-05 0.2505305339985218 0.23971992913037604
0.6618358 2.056134e-05 0.23745080376940134 0.22720460034579085
0.6268884 1.961245e-05 0.22649263211382117 0.21671928308426427
0.5919439 1.904392e-05 0.21992701404286774 0.21043697699747263
0.5569254 1.79805e-05 0.20764620288248337 0.19868609324671896
0.5217958 1.701688e-05 0.19651792313377683 0.18803800820045202
0.4867217 1.610015e-05 0.18593114837398375 0.17790806174389823
0.45135129999999996 1.479457e-05 0.17085377402069477 0.16348128887211763
0.41665660000000004 1.35159e-05 0.156087167405765 0.14935187384740853
0.3816013 1.235356e-05 0.14266398743532893 0.13650791546892121
0.3463976 1.141297e-05 0.13180166759053957 0.12611431393131484
0.3114301 1.055247e-05 0.12186425997782707 0.11660571387910262
0.2763976 9.475526e-06 0.10942726810790837 0.10470538874879509
0.2411384 8.490497e-06 0.09805174842941612 0.09382073238525
0.2066093 7.241015e-06 0.0836222168329638 0.08001384730629799
0.1715735 5.944764e-06 0.06865257760532152 0.06569016069818627
0.1361846 4.826697e-06 0.055740680432372514 0.05333542283115924
0.1010921 3.58709e-06 0.0414251893939394 0.03963765736349786
0.06635464 2.656319e-06 0.030676263396156696 0.02935255663229784
0.03151797 1.557901e-06 0.01799128094974132 0.01721494192904295
-0.00391721 2.532813e-07 0.002924996535476719 0.0027987804560190323
-0.0385416 -9.098901e-07 -0.01050778478381375 -0.010054364964982423
-0.07338017000000001 -2.428214e-06 -0.028042013118994832 -0.026831976487138205
-0.1086857 -3.729097e-06 -0.04306514458610496 -0.041206847099249745
-0.14371350000000002 -5.079266e-06 -0.058657451034737636 -0.056126332310051964
-0.1788061 -6.208399e-06 -0.0716971429231338 -0.06860335044224783
-0.2137492 -7.406925e-06 -0.08553821369179603 -0.08184716727685293
-0.24863949999999999 -8.417653e-06 -0.09721051598300076 -0.09301579983184693
-0.2834567 -9.703528e-06 -0.11206032889874355 -0.10722483073497113
-0.3186672 -1.091029e-05 -0.12599651237989656 -0.12055965608791445
-0.35374130000000004 -1.198354e-05 -0.13839084441980787 -0.13241916219603386
-0.3887413 -1.302147e-05 -0.1503772865853659 -0.1438883792235674
-0.42376909999999995 -1.389354e-05 -0.1604483093126386 -0.15352482878490697
-0.4586737 -1.480064e-05 -0.1709238728750924 -0.16354836290153882
-0.493732 -1.544194e-05 -0.17832986881005178 -0.17063478383527933
-0.5287598 -1.620745e-05 -0.18717029286770145 -0.17909373610252974
-0.5638058 -1.788403e-05 -0.20653212767923138 -0.19762009133267258
-0.5989171999999999 -1.915905e-05 -0.22125658259423509 -0.21170917353903126
-0.6340417 -2.005026e-05 -0.23154864190687366 -0.22155712176974832
-0.669121 -2.16901e-05 -0.2504861881005174 -0.23967749679545391
-0.7039662 -2.219509e-05 -0.2563180201404287 -0.24525768034033088
-0.7387413 -2.297614e-05 -0.2653379065040651 -0.2538883509629693
-0.7739285 -2.433918e-05 -0.2810788525498892 -0.2689500618463712
-0.8088432 -2.5262e-05 -0.29173595713229866 -0.27914730333409055
-0.8439358 -2.622796e-05 -0.30289126016260165 -0.28982124558445066
-0.878919 -2.735643e-05 -0.3159232954545455 -0.30229093750882013
-0.9136672 -2.884532e-05 -0.3331176090169993 -0.3187433018687716
-0.9492691 -2.979054e-05 -0.34403339800443467 -0.3291880653102034
-0.9841548 -3.046658e-05 -0.35184058573540283 -0.3366583662739425
-1.018954 -3.155691e-05 -0.36443216463414635 -0.34870660787176766
-1.0540930000000002 -3.235974e-05 -0.3737035753880267 -0.3575779493940425
-1.089145 -3.266759e-05 -0.3772587536954915 -0.36097971874450563
-1.124019 -3.424073e-05 -0.39542602087952705 -0.37836305295268363
-1.159297 -3.538894e-05 -0.4086860218033999 -0.39105087359876217
-1.1939659999999999 -3.647369e-05 -0.4212131605691058 -0.4030374557099036
-1.229038 -3.761877e-05 -0.4344370149667406 -0.41569068958298566
-1.263797 -3.874117e-05 -0.4473989514042868 -0.42809330747793395
-1.2991300000000001 -3.915832e-05 -0.45221637102734674 -0.4327028513614672
-1.334042 -3.991151e-05 -0.46091451866223215 -0.44102566655417574
-1.36864 -4.076046e-05 -0.4707185421286032 -0.450406638099005
-1.403991 -4.182293e-05 -0.48298838229859575 -0.46214702426690024
-1.4389280000000002 -4.246696e-05 -0.4904259053954177 -0.4692636119387495
-1.4736300000000002 -4.398596e-05 -0.5079679416112344 -0.48604869442487425
-1.508695 -4.520234e-05 -0.5220151977087955 -0.49948979951669287
-1.543899 -4.607734e-05 -0.5321200572801185 -0.5091586258335851
-1.579241 -4.693197e-05 -0.541989675720621 -0.5186023618738199
-1.614013 -4.767135e-05 -0.5505283398004436 -0.5267725753620299
-1.6486669999999999 -4.787642e-05 -0.5528965724316336 -0.5290386167480928
-1.683927 -4.888374e-05 -0.5645295177383592 -0.5401695906058432
-1.7191400000000001 -5.008387e-05 -0.5783891121581671 -0.5534311317803482
-1.754051 -5.1072e-05 -0.5898004434589801 -0.5643500544643604
-1.788973 -5.214109e-05 -0.6021467341093867 -0.5761635922096475
-1.823973 -5.36816e-05 -0.6199371766444938 -0.5931863620718595
-1.859121 -5.424965e-05 -0.6264972514781968 -0.5994633641167859
-1.8941400000000002 -5.463515e-05 -0.6309491638950482 -0.6037231727398281
-1.9291859999999998 -5.534303e-05 -0.6391240530303031 -0.6115453084806298
-1.964186 -5.618115e-05 -0.6488030072062085 -0.6208066075808741
-1.999001 -5.690695e-05 -0.6571848438654843 -0.6288267608846458
-2.034108 -5.804162e-05 -0.6702884793052477 -0.641364963349775
-2.069204 -5.933418e-05 -0.6852154933481154 -0.6556478640859602
-2.104436 -6.018188e-05 -0.6950050813008131 -0.6650150230217653
-2.139491 -6.121517e-05 -0.7069379388396158 -0.6764329676446013
-2.174296 -6.21474e-05 -0.717703713968958 -0.6867341904530544
-2.209315 -6.248176e-05 -0.7215650406504067 -0.6904288976157013
-2.244177 -6.286881e-05 -0.726034853104213 -0.6947058338739334
-2.279297 -6.387074e-05 -0.7376055524759794 -0.7057772477615719
-2.314221 -6.500725e-05 -0.75073043699187 -0.7183357823871847
-2.34938 -6.576307e-05 -0.7594589569475243 -0.72668765930928
-2.384473 -6.692594e-05 -0.7728882575757577 -0.7395374742339935
-2.4193339999999997 -6.795286e-05 -0.784747551736881 -0.7508850298012424
-2.453957 -6.863087e-05 -0.7925774898373986 -0.7583770994368038
-2.489288 -6.903709e-05 -0.7972686853288988 -0.7628658658670299
-2.524316 -6.990889e-05 -0.8073365899852182 -0.7724993319048202
-2.559476 -7.038064e-05 -0.8127845528455286 -0.7777122105505275
-2.594089 -7.110874e-05 -0.8211929508499631 -0.7857577790549036
-2.628834 -7.227638e-05 -0.8346773373983741 -0.7986603028956533
-2.664146 -7.343795e-05 -0.8480916250923874 -0.8114957527069817
-2.699277 -7.419522e-05 -0.8568368902439026 -0.8198636522555451
-2.734353 -7.500363e-05 -0.8661727411308205 -0.8287966532645037
-2.769146 -7.555376e-05 -0.8725258684405027 -0.8348756377464601
-2.803921 -7.604045e-05 -0.8781463645602366 -0.8402536046952238
-2.83923 -7.677144e-05 -0.8865881374722839 -0.8483311079516638
-2.8743440000000002 -7.73812e-05 -0.8936298965262381 -0.8550690091345073
-2.9092089999999997 -7.795133e-05 -0.9002139920546933 -0.8613689953608499
-2.94391 -7.900299e-05 -0.9123589939024392 -0.8729899300859046
-2.978957 -8.001114e-05 -0.9240015243902441 -0.8841300755160472
-3.0138249999999998 -8.047312e-05 -0.9293366592756838 -0.8892349948096219
-3.0488429999999997 -8.121916e-05 -0.9379522357723578 -0.8974788018787123
-3.084108 -8.178201e-05 -0.9444522588691798 -0.9036983434700984
-3.119334 -8.228089e-05 -0.9502135301182559 -0.9092110109820655
-3.154428 -8.257471e-05 -0.9536066842202514 -0.9124577476088417
-3.1891550000000004 -8.341062e-05 -0.9632601164079826 -0.9216946260163313
-3.224214 -8.397134e-05 -0.9697355413895049 -0.92789063092194
-3.2592779999999997 -8.447665e-05 -0.9755710689209167 -0.9334743504947273
-3.2941770000000004 -8.505336e-05 -0.9822311529933483 -0.9398470462949727
-3.329232 -8.547506e-05 -0.9871011178861789 -0.9445068680753538
-3.364646 -8.572148e-05 -0.9899468773096822 -0.947229830567935
-3.399419 -8.611091e-05 -0.9944441749815227 -0.9515330660337491
-3.434466 -8.644164e-05 -0.998263580931264 -0.9551876613797898
-3.469608 -8.679639e-05 -1.002360379711752 -0.9591076798208386
-3.5043159999999998 -8.711335e-05 -1.0060207640428678 -0.9626101154658695
-3.539482 -8.718143e-05 -1.0068069798595716 -0.9633624054037598
-3.574296 -8.759363e-05 -1.0115672348484852 -0.9679172513555575
-3.609473 -8.810715e-05 -1.0174975748337032 -0.9735916921444151
-3.6446080000000003 -8.808856e-05 -1.0172828898743536 -0.9733862710230082
-3.679598 -8.83414e-05 -1.0202027900960828 -0.9761801750755373
-3.714542 -8.823895e-05 -1.0190196553954178 -0.9750480936399196
-3.749268 -8.857402e-05 -1.0228891814486327 -0.9787506463644922
-3.784223 -8.872343e-05 -1.0246146295269773 -0.9804016398959287
-3.819457 -8.864358e-05 -1.0236924889135257 -0.979519290431467
-3.854032 -8.89542e-05 -1.0272796563192907 -0.9829516685235278
-3.8890230000000003 -8.912222e-05 -1.0292200203252035 -0.9848083041781154
-3.92408 -8.910574e-05 -1.0290297025129345 -0.9846261987407412
-3.9590799999999997 -8.931662e-05 -1.031465031411678 -0.9869564411335483
-3.9941489999999997 -8.924004e-05 -1.0305806541019955 -0.9861102254542938
-4.028979 -8.936543e-05 -1.0320287093495935 -0.9874957958907224
-4.064186 -8.906455e-05 -1.028554023466371 -0.9841710456481779
-4.099693 -8.920307e-05 -1.0301537093495936 -0.985701703729796
-4.13457 -8.934958e-05 -1.031845667036216 -0.9873206520082966
-4.169382 -8.917988e-05 -1.0298859016999262 -0.9854454522071805
-4.204183 -8.947894e-05 -1.0333395694752403 -0.9887500912909859
-4.239466 -8.939737e-05 -1.0323975655949744 -0.9878487356765072
-4.274667 -8.963477e-05 -1.035139158351811 -0.9904720263823702
-4.309674 -8.983928e-05 -1.0375009238728754 -0.9927318797195904
-4.3445290000000005 -8.959491e-05 -1.0346788386917962 -0.9900315699058089
-4.379466000000001 -8.965431e-05 -1.0353648143015524 -0.9906879450866355
-4.414276 -8.972113e-05 -1.0361364791204732 -0.9914263119146296
-4.449623 -8.974703e-05 -1.0364355829637844 -0.9917125091736094
-4.484403 -8.986017e-05 -1.0377421701773837 -0.9929627160416017
-4.519589 -8.969753e-05 -1.035863936622321 -0.991165529856254
-4.554315 -8.965863e-05 -1.0354147034368073 -0.990735681463423
-4.589334 -8.968406e-05 -1.0357083795269773 -0.9910166851814098
-4.624732 -8.95779e-05 -1.0344824002217297 -0.9898436079222084
-4.659674 -8.990658e-05 -1.0382781319290468 -0.9934755505894497
-4.6946840000000005 -8.968927e-05 -1.0357685467479678 -0.9910742561358226
-4.729599 -8.983488e-05 -1.0374501108647454 -0.9926832593358256
-4.764936 -8.988612e-05 -1.0380418514412417 -0.9932494658049426
-4.799430999999999 -8.987601e-05 -1.037925097006652 -0.9931377494231556
-4.834501 -8.973193e-05 -1.0362612019586106 -0.9915456528565979
-4.869599 -8.977492e-05 -1.0367576681448634 -0.9920206961061558
-4.9048620000000005 -8.992291e-05 -1.0384667174796751 -0.993655998513741
-4.939760000000001 -8.988788e-05 -1.0380621766444937 -0.9932689139584485
-4.974457 -8.966871e-05 -1.035531111419069 -0.9908470663425936
-5.009084 -8.982366e-05 -1.0373205376940133 -0.9925592773572248
-5.044136000000001 -8.99017e-05 -1.038221775683666 -0.9934216261638193
-5.079417 -8.999126e-05 -1.0392560513673321 -0.9944112719751804
-5.114221 -8.998228e-05 -1.0391523466371029 -0.9943120421919511
-5.149146 -8.976019e-05 -1.036587560051737 -0.9918579283214155
-5.184013 -8.986915e-05 -1.037845874907613 -0.993061945824831
-5.219061 -8.983668e-05 -1.0374708980044347 -0.9927031494928202
-5.254094 -8.966336e-05 -1.0354693274205469 -0.9907879483759701
-5.288938 -8.995758e-05 -1.0388671008869184 -0.9940391050376344
-5.324259 -8.999636e-05 -1.039314948263119 -0.9944676274199987
-5.35926 -9.001914e-05 -1.0395780210643017 -0.9947193484068547
-5.394334 -9.019946e-05 -1.0416604305247599 -0.9967119001342397
-5.42924 -9.005321e-05 -1.0399714754249816 -0.9950958248784164
-5.463833999999999 -8.993112e-05 -1.0385615299334814 -0.9937467197298114
-5.499251 -9.018326e-05 -1.0414733462675538 -0.9965328887212871
-5.53441 -8.99203e-05 -1.038436576127125 -0.9936271577860986
-5.569136 -9.016493e-05 -1.0412616638950483 -0.9963303406225572
-5.60407 -8.990367e-05 -1.0382445260532152 -0.9934433948356414
-5.639354 -8.972488e-05 -1.0361797856614934 -0.991467749741702
-5.67391 -8.997944e-05 -1.0391195491500371 -0.9942806599442482
-5.709287000000001 -9.003902e-05 -1.0398076034737622 -0.9949390241407744
-5.7439979999999995 -9.008874e-05 -1.040381790465632 -0.9954884344773183
-5.778824999999999 -9.031135e-05 -1.0429525822246861 -0.9979482943932079
-5.813995 -8.998756e-05 -1.039213322246859 -0.994370386652469
-5.8490079999999995 -9.005966e-05 -1.040045962675536 -0.9951670979409809
-5.8837600000000005 -9.009342e-05 -1.0404358370288251 -0.9955401488855047
-5.9191080000000005 -8.986779e-05 -1.0378301690687364 -0.9930469177062128
-5.953967 -9.006047e-05 -1.0400553168883961 -0.9951760485116284
-5.988957 -9.019294e-05 -1.0415851348854401 -0.99663985356557
-6.023919 -9.030778e-05 -1.042911354397635 -0.9979088455818349
-6.058948 -9.01123e-05 -1.040653871027347 -0.9957487745322052
-6.094037 -9.017317e-05 -1.0413568228011827 -0.9964213933412442
-6.129061 -9.019265e-05 -1.0415817858462677 -0.9966366490402763
-6.1637960000000005 -9.008815e-05 -1.0403749769031783 -0.9954819149258589
-6.198919 -8.992985e-05 -1.0385468634515893 -0.9937326861190431
-6.233985 -9.000328e-05 -1.0393948632668149 -0.9945440940235566
-6.268959 -8.996054e-05 -1.0389012841832963 -0.9940718132958032
-6.3036270000000005 -9.018243e-05 -1.0414637610864748 -0.9965237171488951
-6.338589 -8.995178e-05 -1.0388001201034738 -0.9939750145317621
-6.373693 -9.032423e-05 -1.043101325757576 -0.9980906195165926
-6.409089 -9.000557e-05 -1.0394213091278641 -0.9945693987232886
-6.44391 -9.000161e-05 -1.0393755774205469 -0.9945256403779001
-6.478617 -9.036501e-05 -1.0435722699556542 -0.9985412420733958
-6.513594 -9.008865e-05 -1.0403807511086478 -0.9954874399694686
-6.5484480000000005 -9.030778e-05 -1.042911354397635 -0.9979088455818349
-6.583485 -9.019425e-05 -1.0416002633037698 -0.9966543291798273
-6.618759 -9.008958e-05 -1.0403914911308205 -0.9954977165505824
-6.653872000000001 -9.007753e-05 -1.0402523327790099 -0.9953645629995899
-6.688527 -9.013232e-05 -1.0408850702143388 -0.9959699972783358
-6.723646 -9.013228e-05 -1.040884608277901 -0.9959695552748469
-6.7585749999999996 -9.017444e-05 -1.0413714892830748 -0.9964354269520128
-6.793686 -9.002302e-05 -1.039622828898744 -0.9947622227452657
-6.828448000000001 -9.020561e-05 -1.0417314532520328 -0.9967798581706385
-6.8635839999999995 -9.007987e-05 -1.0402793560606063 -0.9953904202036831
-6.898523 -9.005553e-05 -1.0399982677383592 -0.9951214610807652
-6.9334359999999995 -9.032359e-05 -1.0430939347745753 -0.9980835474607722
-6.968325 -9.026939e-05 -1.0424680109017002 -0.9974846327334859
-7.003334 -9.021059e-05 -1.0417889643385072 -0.9968348876049906
-7.038729999999999 -9.019146e-05 -1.0415680432372507 -0.9966234994364854
-7.073269 -9.006719e-05 -1.040132922209904 -0.9952503050977423
-7.108353 -9.040852e-05 -1.0440747413155953 -0.9990220313683078
-7.143674 -9.028696e-05 -1.0426709164818921 -0.9976787827659289
-7.17821 -9.022959e-05 -1.0420083841463414 -0.9970448392621574
-7.213445 -9.044324e-05 -1.0444757021433853 -0.999405690396562
-7.248593 -9.030544e-05 -1.0428843311160385 -0.9978829883777417
-7.283278 -9.029644e-05 -1.0427803954175907 -0.9977835375927679
-7.317973 -9.02926e-05 -1.0427360495195863 -0.9977411052578459
-7.35341 -9.010963e-05 -1.0406230367701408 -0.9957192707993298
-7.388174 -9.013857e-05 -1.0409572477827054 -0.9960390603234563
-7.42324 -9.021954e-05 -1.041892322616408 -0.9969337858856034
-7.458268 -9.027543e-05 -1.0425377633037696 -0.9975513752602905
-7.493023 -9.022377e-05 -1.0419411723946788 -0.9969805277545412
-7.5278540000000005 -9.024969e-05 -1.0422405072062086 -0.9972669460152654
-7.562908 -9.021992e-05 -1.0418967110125648 -0.9969379849187467
-7.597759 -9.031769e-05 -1.0430257991500371 -0.9980183519461782
-7.632770000000001 -9.0443e-05 -1.04447293052476 -0.9994030383756294
-7.667927 -9.053389e-05 -1.0455225655949745 -1.000407380802992
-7.702814999999999 -9.020398e-05 -1.0417126293422028 -0.9967618465284711
-7.7375039999999995 -9.032235e-05 -1.0430796147450112 -0.9980698453526202
-7.772399999999999 -9.035274e-05 -1.0434305709534368 -0.9984056575032149
-7.80775 -9.027901e-05 -1.04257910661493 -0.9975909345725356
-7.842985 -9.029079e-05 -1.0427151468957876 -0.9977211045999791
-7.877667000000001 -9.044257e-05 -1.0444679647080564 -0.9993982868381251
-7.912584 -9.034051e-05 -1.0432893338876572 -0.9982705149365227
-7.947667 -9.044778e-05 -1.0445281319290467 -0.9994558577925375
-7.98289 -9.030084e-05 -1.042831208425721 -0.997832157976533
-8.017599 -9.017767e-05 -1.0414087906504066 -0.9964711187337312
-8.052417 -9.049792e-05 -1.0451071692535108 -1.0000099091657135
-8.087289 -9.002195e-05 -1.0396104720990393 -0.9947503991519409
-8.122473 -9.020833e-05 -1.0417628649297859 -0.996809914407875
-8.15742 -9.039076e-05 -1.0438696415373248 -0.9988257818192929
-8.192473 -9.022381e-05 -1.041941634331116 -0.9969809697580297
-8.227362 -9.052537e-05 -1.045424173133777 -1.0003132340598837
-8.262155 -9.009005e-05 -1.0403969188839617 -0.9955029100915755
-8.297066000000001 -9.021311e-05 -1.0418180663340726 -0.9968627338247834
-8.332168 -9.039162e-05 -1.0438795731707318 -0.9988352848943015
-8.367214 -9.036337e-05 -1.0435533305617148 -0.998523119930356
-8.402306000000001 -9.027278e-05 -1.0425071600147822 -0.9975220925291592
-8.437158 -9.033239e-05 -1.0431955607908354 -0.998180788228302
-8.472195 -8.999943e-05 -1.0393504018847008 -0.9945015511877622
-8.506992 -9.020356e-05 -1.0417077790096085 -0.9967572054918389
-8.541889999999999 -9.030029e-05 -1.0428248567997045 -0.9978260804285624
-8.577084000000001 -9.017892e-05 -1.04142322616408 -0.9964849313427553
-8.612195 -9.026324e-05 -1.0423969881744275 -0.9974166746970872
-8.646807 -9.029668e-05 -1.042783167036216 -0.9977861896137006
-8.681417999999999 -9.029076e-05 -1.0427148004434592 -0.9977207730973623
-8.716492 -9.046196e-05 -1.044691888396157 -0.9996125480293074
-8.751622 -9.030346e-05 -1.04286146526238 -0.9978611092050476
-8.786566 -9.044949e-05 -1.0445478797117518 -0.9994747534416827
-8.821361999999999 -9.003955e-05 -1.0398137241315597 -0.9949448806870006
-8.856477 -9.022034e-05 -1.041901561345159 -0.9969426259553789
-8.891195 -9.038173e-05 -1.0437653593865486 -0.9987259995317026
-8.926011 -9.015886e-05 -1.0411915650406507 -0.996263266593136
-8.961214 -9.033755e-05 -1.0432551505912788 -0.9982378066783537
-8.996094 -9.025592e-05 -1.0423124538063564 -0.9973357880586418
-9.030918 -9.008032e-05 -1.0402845528455287 -0.9953953927429318
-9.065871999999999 -9.060476e-05 -1.0463410014781969 -1.0011905004842243
-9.100522999999999 -9.035455e-05 -1.043451473577236 -0.9984256581610819
-9.135335 -9.047934e-05 -1.0448925997782705 -0.9998045985451789
-9.170176999999999 -9.0537e-05 -1.0455584811529937 -1.0004417465742441
-9.205354 -9.026171e-05 -1.0423793191056914 -0.9973997680636417
-9.240233 -9.045026e-05 -1.0445567719881745 -0.9994832620088414
-9.275307000000002 -9.036285e-05 -1.0435473253880267 -0.9985173738850022
-9.310178 -9.036223e-05 -1.043540165373245 -0.9985105228309262
-9.344976 -9.041396e-05 -1.0441375646711015 -0.9990821438427808
-9.379862 -9.032001e-05 -1.043052591463415 -0.9980439881485272
-9.4149 -9.054215e-05 -1.0456179554693277 -1.0004986545234236
-9.449705 -9.021413e-05 -1.04182984571323 -0.996874004913747
-9.484579 -9.036649e-05 -1.0435893616038436 -0.9985575962024805
-9.519279000000001 -9.030615e-05 -1.0428925304878052 -0.9978908339396675
-9.554307000000001 -9.025286e-05 -1.0422771156688841 -0.9973019747917506
-9.589371 -9.022721e-05 -1.0419808989283077 -0.9970185400545755
-9.6244 -9.054698e-05 -1.0456737342941613 -1.0005520264446928
-9.659232 -9.030897e-05 -1.0429250970066521 -0.997921995185626
-9.694510000000001 -9.040846e-05 -1.0440740484109388 -0.9990213683630745
-9.729419 -9.034402e-05 -1.0433298688100519 -0.9983093007426626
-9.764445 -9.028735e-05 -1.0426754203621582 -0.9976830922999446
-9.799307 -9.037044e-05 -1.043634977827051 -0.9986012440469965
-9.834501 -9.061833e-05 -1.0464977134146343 -1.0013404501677903
-9.869429 -9.026454e-05 -1.0424120011086477 -0.9974310398104722
-9.90426 -9.027334e-05 -1.0425136271249078 -0.997528280578002
-9.939438 -9.016885e-05 -1.0413069336659277 -0.9963736569644569
-9.973889999999999 -9.036087e-05 -1.0435244595343685 -0.998495494712308
-9.991718 -9.043291e-05 -1.0443564070583888 -0.9992915429955865
-9.99379 -9.043888e-05 -1.0444253510716925 -0.9993575120162858
-9.960082 -9.028358e-05 -1.0426318828529197 -0.9976414334711279
-9.926033 -9.027219e-05 -1.0425003464523284 -0.9975155729776999
-9.89179 -9.014225e-05 -1.0409997459349596 -0.9960797246444233
-9.857003 -9.016581e-05 -1.0412718264966743 -0.9963400646993102
-9.822233 -9.060316e-05 -1.0463225240206948 -1.0011728203446733
-9.787447 -9.043517e-05 -1.0443825064671102 -0.9993165161927022
-9.752613 -9.040958e-05 -1.04408698263119 -0.9990337444607601
-9.717968 -9.065888e-05 -1.046966001478197 -1.0017885312045332
-9.68341 -9.02209e-05 -1.0419080284552846 -0.9969488140042216
-9.648104 -9.037444e-05 -1.0436811714708059 -0.9986454443958739
-9.613197 -9.029327e-05 -1.0427437869549154 -0.997748508816283
-9.578231 -9.027089e-05 -1.0424853335181081 -0.9975012078643147
-9.543419 -9.053763e-05 -1.0455657566518848 -1.0004487081291922
-9.508459 -9.029447e-05 -1.0427576450480418 -0.9977617689209461
-9.473780000000001 -9.042151e-05 -1.0442247551736883 -0.9991655720012865
-9.438975000000001 -9.035211e-05 -1.0434232954545457 -0.9983986959482668
-9.403947 -9.03656e-05 -1.043579083518108 -0.9985477616248551
-9.369307000000001 -9.048537e-05 -1.0449622366962308 -0.9998712305711114
-9.334280000000001 -9.039564e-05 -1.0439259977827053 -0.9988797062449232
-9.298941000000001 -9.029888e-05 -1.042808573540281 -0.9978104998055831
-9.264726000000001 -9.042292e-05 -1.044241038433112 -0.9991811526242659
-9.229706 -9.043197e-05 -1.0443455515521065 -0.9992811559136004
-9.194473 -9.049894e-05 -1.0451189486326682 -1.0000211802546772
-9.159704 -9.040851e-05 -1.0440746258314857 -0.9990219208674356
-9.12515 -9.034957e-05 -1.0433939624907613 -0.9983706287267297
-9.090021 -9.038847e-05 -1.0438431956762753 -0.9988004771195608
-9.054618 -9.030632e-05 -1.0428944937176645 -0.9978927124544947
-9.019656000000001 -9.02527e-05 -1.042275267923134 -0.9973002067777956
-8.984779 -9.041688e-05 -1.0441712860310424 -0.9991144100974613
-8.950066000000001 -9.042944e-05 -1.0443163340724317 -0.9992531991929356
-8.915402 -9.052683e-05 -1.0454410338137474 -1.0003293671872238
-8.880177999999999 -9.0467e-05 -1.0447500923872877 -0.9996682404688927
-8.845118000000001 -9.052484e-05 -1.0454180524759795 -1.0003073775136573
-8.810467000000001 -9.046901e-05 -1.0447733046932743 -0.9996904511442036
-8.775456 -9.05164e-05 -1.0453205838876571 -1.0002141147775263
-8.740421 -9.032367e-05 -1.0430948586474504 -0.9980844314677497
-8.705638 -9.024854e-05 -1.0422272265336292 -0.9972542384149633
-8.670873 -9.045754e-05 -1.044640844419808 -0.9995637066437981
-8.635873 -9.062339e-05 -1.0465561483739838 -1.0013963636091199
-8.600854 -9.062676e-05 -1.046595066518847 -1.0014336024030488
-8.56625 -9.04136e-05 -1.0441334072431636 -0.999078165811382
-8.530947 -9.069194e-05 -1.0473477919438288 -1.0021538470880034
-8.496118000000001 -9.047429e-05 -1.0448342803030304 -0.9997487956047215
-8.461383 -9.036485e-05 -1.043570422209904 -0.9985394740594408
-8.426057 -9.043181e-05 -1.0443437038063563 -0.9992793878996454
-8.391086 -9.056312e-05 -1.045860125646711 -1.0007303748524123
-8.355977000000001 -9.025743e-05 -1.0423298919068738 -0.997352473690343
-8.320986000000001 -9.068482e-05 -1.0472655672579456 -1.002075170467002
-8.28626 -9.035329e-05 -1.0434369225794533 -0.9984117350511855
-8.251515 -9.059474e-05 -1.0462252864005916 -1.001079778610287
-8.2164 -9.06545e-05 -1.0469154194382855 -1.0017401318225125
-8.181308 -9.025628e-05 -1.0423166112342945 -0.9973397660900408
-8.146487 -9.049343e-05 -1.0450553168883965 -0.999960294274099
-8.111262 -9.033831e-05 -1.0432639273835922 -0.9982462047446402
-8.076326 -9.04108e-05 -1.0441010716925352 -0.9990472255671677
-8.041524 -9.057349e-05 -1.045979882668145 -1.0008449642568764
-8.006558 -9.063703e-05 -1.0467136686991871 -1.0015470867987912
-7.97159 -9.05507e-05 -1.045716694382853 -1.0005931327691486
-7.936558 -9.05034e-05 -1.0451704545454548 -1.0000704636436755
-7.901706 -9.058394e-05 -1.046100563562454 -1.0009604376683183
-7.866567 -9.052027e-05 -1.0453652762379897 -1.000256878615065
-7.8314189999999995 -9.046753e-05 -1.0447562130450851 -0.9996740970151189
-7.796225000000001 -9.054995e-05 -1.045708033074649 -1.0005848452037343
-7.7615240000000005 -9.063643e-05 -1.0467067396526237 -1.0015404567464594
-7.727005 -9.046329e-05 -1.0447072477827053 -0.9996272446453092
-7.691864 -9.058849e-05 -1.046153108832225 -1.0010107155651662
-7.6567430000000005 -9.062819e-05 -1.0466115807464893 -1.0014494040277724
-7.621576 -9.054547e-05 -1.045656296193644 -1.0005353408129918
-7.5866750000000005 -9.053783e-05 -1.0455680663340725 -1.000450918146636
-7.5520950000000004 -9.044879e-05 -1.044539795824095 -0.9994670183806292
-7.517034 -9.052362e-05 -1.0454039634146344 -1.0002938964072499
-7.481947 -9.047952e-05 -1.0448946784922395 -0.9998065875608784
-7.446892 -9.056873e-05 -1.045924912232077 -1.0007923658417126
-7.412114 -9.04417e-05 -1.04445791759054 -0.9993886732622445
-7.377279000000001 -9.04053e-05 -1.0440375554323729 -0.9989864500874617
-7.342049 -9.069619e-05 -1.0473968726903178 -1.0022008099586852
-7.307104000000001 -9.063356e-05 -1.04667359571323 -1.0015087429961402
-7.27204 -9.030823e-05 -1.0429165511825575 -0.9979138181210836
-7.237166 -9.03558e-05 -1.0434659090909093 -0.998439470770106
-7.202484 -9.0383e-05 -1.0437800258684409 -0.9987400331424712
-7.16716 -9.050382e-05 -1.045175304878049 -1.0000751046803076
-7.131965 -9.051428e-05 -1.0452961012564672 -1.0001906885926215
-7.097058 -9.066999e-05 -1.0470943043237253 -1.0019112976735396
-7.062288 -9.058508e-05 -1.0461137287509241 -1.0009730347677483
-7.02703 -9.057523e-05 -1.0459999769031783 -1.0008641914086382
-6.992146 -9.052517e-05 -1.045421863451589 -1.0003110240424395
-6.9574750000000005 -9.05585e-05 -1.0458067719881747 -1.0006793234494593
-6.922197 -9.041833e-05 -1.0441880312269034 -0.9991304327239292
-6.88742 -9.072946e-05 -1.047781088322247 -1.0025684463604714
-6.852225000000001 -9.033774e-05 -1.0432573447893572 -0.9982399061949253
-6.817077 -9.059587e-05 -1.046238336104952 -1.0010922652088445
-6.782439 -9.053011e-05 -1.0454789126016262 -1.000365611473303
-6.747521 -9.066398e-05 -1.0470248983739838 -1.0018448866493515
-6.712142 -9.040735e-05 -1.044061229674797 -0.9990091027662612
-6.67716 -9.031707e-05 -1.0430186391352552 -0.9980115008921023
-6.642197 -9.042934e-05 -1.0443151792313379 -0.9992520941842137
-6.607271 -9.031921e-05 -1.0430433527346639 -0.9980351480787515
-6.572411 -9.059075e-05 -1.046179208240946 -1.0010356887622816
-6.537326 -9.064889e-05 -1.0468506328529195 -1.001678140833212
-6.501993000000001 -9.046226e-05 -1.0446953529194385 -0.9996158630554731
-6.467188 -9.040025e-05 -1.0439792359571325 -0.9989306471470041
-6.432326 -9.066475e-05 -1.0470337906504066 -1.0018533952165103
-6.397231 -9.041898e-05 -1.0441955376940135 -0.9991376152806216
-6.36216 -9.055171e-05 -1.0457283582779011 -1.00060429335724
-6.3274859999999995 -9.049987e-05 -1.0451296886548411 -1.0000314568357913
-6.2924560000000005 -9.034938e-05 -1.043391768292683 -0.9983685292101581
-6.257428 -9.056976e-05 -1.0459368070953439 -1.0008037474315488
-6.222581 -9.03896e-05 -1.043856245380636 -0.9988129637181187
-6.187715 -9.064189e-05 -1.0467697939763492 -1.0016007902226771
-6.152604 -9.049632e-05 -1.045088691796009 -0.9999922290261627
-6.117685000000001 -9.048757e-05 -1.0449876432002958 -0.9998955407629939
-6.082706 -9.0383e-05 -1.0437800258684409 -0.9987400331424712
-6.047475 -9.04136e-05 -1.0441334072431636 -0.999078165811382
-6.012447 -9.024754e-05 -1.0422156781226903 -0.997243188327744
-5.9776940000000005 -9.034666e-05 -1.0433603566149299 -0.9983384729729216
-5.94304 -9.030649e-05 -1.0428964569475243 -0.9978945909693221
-5.907827 -9.0437e-05 -1.0444036400591281 -0.9993367378523136
-5.87278 -9.054531e-05 -1.0456544484478938 -1.0005335727990365
-5.837604000000001 -9.047642e-05 -1.04485887841833 -0.9997723322904986
-5.802438 -9.038459e-05 -1.043798387841833 -0.9987576027811498
-5.767533 -9.050852e-05 -1.0452295824094606 -1.0001270400902382
-5.732622999999999 -9.032201e-05 -1.043075688285292 -0.9980660883229656
-5.697521 -9.054385e-05 -1.0456375877679231 -1.0005174396716963
-5.662722 -9.033746e-05 -1.0432541112342943 -0.9982368121705041
-5.627752 -9.053331e-05 -1.0455158675166298 -1.000400971752405
-5.592706 -9.077382e-05 -1.0482933758314856 -1.00305862822952
-5.5576229999999995 -9.041447e-05 -1.0441434543606802 -0.9990877793872627
-5.522734000000001 -9.036731e-05 -1.0435988313008133 -0.9985666572740003
-5.487539 -9.034245e-05 -1.0433117378048782 -0.9982919521057283
-5.452741 -8.99783e-05 -1.0391063839615673 -0.9942680628448184
-5.4178999999999995 -9.049202e-05 -1.045039033628973 -0.9999447136511198
-5.382891 -9.048551e-05 -1.0449638534737622 -0.999872777583322
-5.3475209999999995 -9.048436e-05 -1.0449505728011828 -0.9998600699830199
-5.312486 -9.04178e-05 -1.044181910569106 -0.9991245761777029
-5.277609 -9.035302e-05 -1.0434338045084999 -0.9984087515276364
-5.242722 -9.047671e-05 -1.0448622274575021 -0.9997755368157922
-5.20803 -9.057903e-05 -1.0460438608647453 -1.0009061817400715
-5.172613999999999 -9.027868e-05 -1.0425752956393204 -0.9975872880437533
-5.137456 -9.039947e-05 -1.0439702281966003 -0.9989220280789731
-5.10254 -9.046822e-05 -1.0447641814486328 -0.9996817215753002
-5.067779000000001 -9.04606e-05 -1.0446761825572803 -0.9995975199106892
-5.032789 -9.051313e-05 -1.0452828205838878 -1.0001779809923192
-4.9977979999999995 -9.039238e-05 -1.0438883499630451 -0.998843682960588
-4.963015 -9.04212e-05 -1.044221175166297 -0.9991621464742484
-4.928335 -9.022156e-05 -1.0419156504065044 -0.9969561070617865
-4.893299 -9.042189e-05 -1.044229143569845 -0.9991697710344299
-4.858354 -9.05214e-05 -1.0453783259423506 -1.000269365213623
-4.82329 -9.017684e-05 -1.0413992054693275 -0.9964619471613392
-4.788058 -9.013736e-05 -1.0409432742054696 -0.996025689717921
-4.753048 -9.037323e-05 -1.04366719789357 -0.9986320737903386
-4.718156 -9.04214e-05 -1.044223484848485 -0.9991643564916923
-4.68354 -9.053016e-05 -1.045479490022173 -1.0003661639776642
-4.648234 -9.017911e-05 -1.0414254203621582 -0.9964870308593269
-4.613131999999999 -9.029452e-05 -1.0427582224685885 -0.9977623214253069
-4.578354 -9.036695e-05 -1.0435946738728752 -0.9985626792426011
-4.543271 -9.040331e-05 -1.0440145740946047 -0.9989644604138952
-4.507873 -9.030363e-05 -1.0428634284922396 -0.9978629877198748
-4.473099 -9.012961e-05 -1.0408537740206951 -0.9959400515419714
-4.438317 -9.032063e-05 -1.043059751478197 -0.9980508392026031
-4.403149999999999 -9.003637e-05 -1.0397770001847748 -0.9949097414096434
-4.368071 -9.001297e-05 -1.03950676736881 -0.9946511693687116
-4.332854 -8.995492e-05 -1.0388363821138211 -0.9940097118056307
-4.297836 -8.99133e-05 -1.0383557372505545 -0.9935498071755634
-4.263014 -8.997207e-05 -1.0390344373614193 -0.9941992208014421
-4.228067 -9.011965e-05 -1.040738751847746 -0.9958299926732671
-4.192622999999999 -9.017672e-05 -1.0413978196600149 -0.9964606211508727
-4.1580140000000005 -8.992718e-05 -1.038516029194383 -0.9937031823861673
-4.123234 -8.997504e-05 -1.039068736141907 -0.9942320395604833
-4.0879389999999995 -8.971715e-05 -1.0360905164449374 -0.9913823325674969
-4.052539 -8.986016e-05 -1.0377420546932743 -0.9929626055407293
-4.0177130000000005 -8.991048e-05 -1.0383231707317075 -0.9935186459296049
-3.98291 -8.958759e-05 -1.0345943043237253 -0.9899506832673635
-3.947947 -8.958534e-05 -1.0345683203991132 -0.98992582057112
-3.912845 -8.956915e-05 -1.0343813516260165 -0.9897469196590396
-3.87765 -8.950186e-05 -1.0336042590539543 -0.9890033592900525
-3.8426280000000004 -8.947831e-05 -1.033332293976349 -0.9887431297360376
-3.807703 -8.905971e-05 -1.0284981291574282 -0.9841175632260366
-3.772788 -8.907519e-05 -1.0286768985587584 -0.9842886185761914
-3.7379670000000003 -8.906277e-05 -1.0285334672949005 -0.9841513764929277
-3.703132 -8.888981e-05 -1.0265360541389508 -0.9822401534074766
-3.667799 -8.880177e-05 -1.0255193320399114 -0.981267303728689
-3.632969 -8.862519e-05 -1.0234801136363638 -0.9793160793275041
-3.5979099999999997 -8.851232e-05 -1.022176644493718 -0.978068855983061
-3.56259 -8.841668e-05 -1.0210721544715449 -0.9770120256414067
-3.527628 -8.775069e-05 -1.01338102827051 -0.9696527780542216
-3.492722 -8.774899e-05 -1.0133613959719145 -0.9696339929059488
-3.457986 -8.731811e-05 -1.0083854166666668 -0.9648727313248945
-3.4228159999999996 -8.692537e-05 -1.0038498937546196 -0.9605329200703845
-3.3879479999999997 -8.691598e-05 -1.0037414541759055 -0.9604291597513952
-3.352974 -8.624344e-05 -0.9959746858832226 -0.9529975340929236
-3.3175239999999997 -8.60564e-05 -0.9938146711012567 -0.9509307257794247
-3.282758 -8.537166e-05 -0.9859070121951221 -0.9433642890568776
-3.247996 -8.487615e-05 -0.9801846590909092 -0.9378888603388397
-3.212873 -8.448333e-05 -0.9756482123059869 -0.9335481650773522
-3.177863 -8.350033e-05 -0.9642961243532892 -0.9226859293407751
-3.142996 -8.301924e-05 -0.9587402993348118 -0.9173698428804395
-3.1077339999999998 -8.255603e-05 -0.9533909599039174 -0.9122513319795851
-3.07266 -8.203864e-05 -0.9474159275683667 -0.9065341273531886
-3.037694 -8.172548e-05 -0.9437994271988176 -0.903073682039591
-3.002835 -8.082345e-05 -0.9333824140798227 -0.8931061718651611
-2.96775 -8.002175e-05 -0.9241240530303031 -0.884247316941444
-2.932505 -7.92409e-05 -0.9151064763488546 -0.8756188563362495
-2.897618 -7.816005e-05 -0.9026243763858095 -0.8636753695652634
-2.8626460000000002 -7.778329e-05 -0.898273397080562 -0.8595121387045179
-2.8275900000000003 -7.69549e-05 -0.8887068089430896 -0.8503583569529176
-2.792344 -7.644047e-05 -0.8827659599039174 -0.8446738605846904
-2.757609 -7.59761e-05 -0.8774032243163342 -0.8395425315826616
-2.72266 -7.492826e-05 -0.8653023373983741 -0.8279638081907846
-2.687826 -7.430339e-05 -0.8580860818551369 -0.8210589401900573
-2.6527060000000002 -7.342843e-05 -0.8479816842202516 -0.8113905558766541
-2.617297 -7.229839e-05 -0.8349315179231339 -0.7989035153153502
-2.582539 -7.170097e-05 -0.8280322662601627 -0.7923019722087928
-2.547741 -7.07373e-05 -0.8169034090909092 -0.7816533346581649
-2.512763 -7.005536e-05 -0.809028085735403 -0.7741178381798319
-2.47741 -6.948707e-05 -0.8024652392830748 -0.7678381841139729
-2.442493 -6.877005e-05 -0.7941847976718405 -0.7599150505759865
-2.4075300000000004 -6.805369e-05 -0.7859119780118257 -0.751999210095565
-2.372845 -6.691546e-05 -0.7727672302291205 -0.739421669319935
-2.337965 -6.582852e-05 -0.7602148004434591 -0.7274108875177835
-2.3026500000000003 -6.498323e-05 -0.7504530441611236 -0.7180703592921769
-2.267788 -6.395936e-05 -0.738628972653363 -0.7067565064909467
-2.232799 -6.360812e-05 -0.7345727087952699 -0.702875273856038
-2.197984 -6.277286e-05 -0.724926783074649 -0.6936455780052408
-2.162807 -6.222563e-05 -0.718607146156689 -0.6875986387762205
-2.127558 -6.138397e-05 -0.7088873106060607 -0.67829822236722
-2.092816 -6.029494e-05 -0.6963107446415374 -0.66626434588278
-2.0578629999999998 -5.918706e-05 -0.6835164911308205 -0.654022175254256
-2.022345 -5.821323e-05 -0.6722703021064304 -0.64326126881748
-1.987392 -5.716183e-05 -0.6601283028455286 -0.6316432071151024
-1.952641 -5.658385e-05 -0.6534535522912049 -0.6252564777040883
-1.917511 -5.556751e-05 -0.6417164403178124 -0.6140258320596196
-1.8824480000000001 -5.496899e-05 -0.6348044854028088 -0.607412133857121
-1.847261 -5.436385e-05 -0.6278160800073911 -0.6007252840772305
-1.812178 -5.310983e-05 -0.6133341417220992 -0.5868682537024773
-1.777011 -5.228087e-05 -0.6037609709903918 -0.577708173401162
-1.742307 -5.112882e-05 -0.5904566241685145 -0.5649779204201613
-1.7074280000000002 -5.007829e-05 -0.5783246720251294 -0.5533694722936645
-1.672113 -4.934347e-05 -0.5698386686991871 -0.5452496472031746
-1.637288 -4.847824e-05 -0.5598466371027349 -0.5356887802384152
-1.602646 -4.783992e-05 -0.5524750554323725 -0.5286352885645881
-1.567458 -4.712057e-05 -0.5441677060236513 -0.5206864083233809
-1.532431 -4.593125e-05 -0.5304329499260902 -0.5075443185917167
-1.4975370000000001 -4.511721e-05 -0.5210320814855877 -0.4985491055917134
-1.462502 -4.388651e-05 -0.5068194521433852 -0.4849497632509143
-1.427595 -4.258852e-05 -0.4918297302291206 -0.47060686054112827
-1.392261 -4.184487e-05 -0.4832417544345899 -0.46238946318049184
-1.357169 -4.072746e-05 -0.4703374445676276 -0.45004198522076794
-1.3224580000000001 -4.036004e-05 -0.466094327420547 -0.44598196217465075
-1.2876690000000002 -3.96966e-05 -0.4584326496674059 -0.43865089230987486
-1.252502 -3.857515e-05 -0.44548168422025136 -0.4262587719977849
-1.217308 -3.750331e-05 -0.43310363543976355 -0.4144148465126447
-1.1824949999999999 -3.632237e-05 -0.4194656550258685 -0.4013653565118783
-1.1477709999999999 -3.528226e-05 -0.4074540373244643 -0.3898720502942067
-1.1125019999999999 -3.423418e-05 -0.3953503787878788 -0.3782906748813971
-1.0776089999999998 -3.319128e-05 -0.3833065410199557 -0.3667665389203837
-1.0424559999999998 -3.266299e-05 -0.37720563100517374 -0.3609288883432969
-1.00728 -3.172348e-05 -0.36635578344419817 -0.3505472208998874
-0.9722613999999999 -3.064703e-05 -0.35392449648928315 -0.3386523545126662
-0.9370391 -2.987773e-05 -0.34504030395417595 -0.33015152241485457
-0.9021087 -2.860835e-05 -0.3303809820768662 -0.3161247627004128
-0.8674465 -2.750308e-05 -0.31761686991869925 -0.30391143279953126
-0.8323729 -2.673654e-05 -0.30876455099778277 -0.29544109894244497
-0.7973447 -2.550158e-05 -0.29450272542498157 -0.2817946832300917
-0.7620205999999999 -2.478074e-05 -0.28617816888396164 -0.2738293383589277
-0.7272029999999999 -2.355874e-05 -0.2720660107169254 -0.2603261317769366
-0.6922706 -2.280769e-05 -0.2633925766814487 -0.25202696377087735
-0.6570206 -2.170719e-05 -0.250683550443459 -0.23986634278603186
-0.6221747000000001 -2.054061e-05 -0.23721140521064304 -0.22697553203773468
-0.5872706 -1.940243e-05 -0.2240672348484849 -0.21439854376646578
-0.552354 -1.827103e-05 -0.2110013627124908 -0.20189647508654374
-0.5175577 -1.724955e-05 -0.19920489190687365 -0.19060903199376777
-0.48233550000000003 -1.609829e-05 -0.18590966832963787 -0.17788750858167035
-0.4469281 -1.503322e-05 -0.17360980229120476 -0.16611839218700486
-0.4121653 -1.430835e-05 -0.16523870565410204 -0.15810851546434704
-0.37729840000000003 -1.327162e-05 -0.15326612158167038 -0.14665255854147663
-0.3423169 -1.201852e-05 -0.138794807834442 -0.13280569424696514
-0.3069929 -1.095264e-05 -0.1264855875831486 -0.12102762728165202
-0.2718632 -9.882587e-06 -0.11412817581300816 -0.10920344830237273
-0.2368262 -8.565648e-06 -0.09891962305986698 -0.09465115748986802
-0.20205209999999998 -7.495973e-06 -0.08656657658906136 -0.08283115544355761
-0.16715950000000002 -6.547628e-06 -0.07561469881744273 -0.07235186047956553
-0.1319095 -5.588152e-06 -0.06453427568366595 -0.06174956699473536
-0.09708038000000001 -4.200633e-06 -0.04851063608647451 -0.04641736102629209
-0.06230766 -2.981325e-06 -0.03442956624168515 -0.03294390127909538
-0.027020620000000002 -1.968573e-06 -0.02273388996674058 -0.021752903347569495
0.007995103 -5.926379e-07 -0.006844026007021435 -0.006548700484465934
0.043007159999999996 3.553872e-07 0.004104157427937917 0.003927059556624698
0.07793308 1.936737e-06 0.022366234756097565 0.02140111277085569
0.1129857 3.22021e-06 0.03718830838876571 0.03558360136447913
0.1477572 4.366582e-06 0.05042708333333334 0.04825111195024858
0.1829886 5.806045e-06 0.06705059358832226 0.06415730364921145
0.2182386 7.208148e-06 0.08324265521064303 0.07965066408966108
0.2529668 8.075594e-06 0.0932602780857354 0.08923601804769857
0.28767380000000004 9.474896e-06 0.10941999260901702 0.10469842719384694
0.32292380000000004 1.040426e-05 0.12015266999260904 0.11496798045232938
0.358359 1.146012e-05 0.13234617516629715 0.12663532554370507
0.3929951 1.25913e-05 0.14540950665188473 0.13913496320443886
0.4279238 1.358886e-05 0.15692973946784927 0.15015808821092905
0.4633127 1.466059e-05 0.16930651792313378 0.1620007981864751
0.4984886 1.566222e-05 0.18087375277161863 0.17306889704794787
0.5333159000000001 1.654421e-05 0.19105933573540285 0.18281496347450296
0.5681553 1.7609e-05 0.20335596821877314 0.19458098584474706
0.6033868 1.849681e-05 0.2136087629342203 0.2043913637789185
0.6385535 1.984804e-05 0.22921332224685886 0.2193225731322604
0.6735517999999999 2.08349e-05 0.2406099870657798 0.23022746220550402
0.7083776 2.202464e-05 0.254349593495935 0.2433741929738003
0.7435072 2.340035e-05 0.27023685790835184 0.2585759084622708
0.7783254 2.448441e-05 0.28275602827051 0.2705548660132309
0.813322 2.51509e-05 0.2904529286770141 0.2779196386440257
0.8480235 2.658547e-05 0.30701993255728016 0.29377176226622453
0.8831924 2.725764e-05 0.31478242793791583 0.301199299392425
0.9182201999999999 2.831244e-05 0.3269636917960089 0.3128549313913482
0.953533 2.942773e-05 0.3398435190317813 0.3251789831661672
0.9882294 3.043022e-05 0.3514206855136734 0.3362565851026486
1.023368 3.166236e-05 0.36564994456762756 0.34987183956904344
1.058526 3.262258e-05 0.37673895971914273 0.36048235431876474
1.0934670000000002 3.355871e-05 0.3875497736511457 0.37082667246737305
1.1283409999999998 3.475003e-05 0.401307626570584 0.38399086237347585
1.1635630000000001 3.52574e-05 0.40716694382852925 0.38959734512593475
1.198458 3.636811e-05 0.4199938793422026 0.40187078750128935
1.2333409999999998 3.716927e-05 0.4292460042498153 0.410723675377908
1.2686549999999999 3.812446e-05 0.440276930894309 0.4212786081889162
1.303637 3.939477e-05 0.45494699279379164 0.4353156444844719
1.33835 4.026591e-05 0.46500727549889137 0.44494181746469746
1.373429 4.1452e-05 0.4787047302291206 0.4580482154146434
1.408174 4.243093e-05 0.490009816149298 0.46886547729623795
1.443581 4.301181e-05 0.4967180570953438 0.475284251960188
1.478297 4.386023e-05 0.5065159599039173 0.48465936695879097
1.513387 4.47568e-05 0.5168699186991871 0.4945665436570036
1.5485419999999999 4.560904e-05 0.5267119364375462 0.5039838699887842
1.583637 4.682357e-05 0.5407378279748708 0.5174045324192472
1.618693 4.76867e-05 0.5507056079083519 0.5269421942008461
1.653313 4.895141e-05 0.5653109987065781 0.5409173500079737
1.6886649999999999 4.970215e-05 0.5739808527346638 0.549213092486995
1.723495 5.049053e-05 0.5830853889504806 0.557924760248951
1.7586 5.155643e-05 0.5953948401699927 0.5697030482160084
1.793461 5.204064e-05 0.6009866962305987 0.5750536109484683
1.828473 5.295303e-05 0.611523350886918 0.5851356000264902
1.8636279999999998 5.413037e-05 0.6251197570214339 0.5981453097132671
1.898776 5.484379e-05 0.633358624353289 0.6060286629372639
1.93359 5.62049e-05 0.6490772819660016 0.6210690471523326
1.968498 5.698546e-05 0.658091509608278 0.6296943032322335
2.003544 5.788952e-05 0.6685319660014782 0.6396842450837187
2.038979 5.868751e-05 0.6777474824464155 0.648502104183852
2.073797 5.909375e-05 0.6824389089061347 0.6529910916158227
2.108794 6.033455e-05 0.6967681771988176 0.6667020398375366
2.143844 6.105599e-05 0.7050996627864008 0.6746740147610324
2.178835 6.20233e-05 0.716270556171471 0.6853628746291386
2.213892 6.310705e-05 0.7287861465262381 0.6973384066530607
2.248995 6.381985e-05 0.7370178538433113 0.7052149088229814
2.283401 6.482548e-05 0.7486312823355508 0.7163272080333314
2.3187849999999997 6.556822e-05 0.7572087490761272 0.7245345498145982
2.354118 6.608973e-05 0.7632313608647451 0.7302972808003381
2.3890610000000003 6.708351e-05 0.7747079406873616 0.7412786364771394
2.423835 6.766103e-05 0.7813773789726536 0.7476602828480327
2.458636 6.878875e-05 0.7944007529563933 0.7601216872069876
2.4936 6.985314e-05 0.8066927660753882 0.7718832895423441
2.52908 7.051913e-05 0.8143838922764229 0.7792425371295291
2.564146 7.144599e-05 0.8250876524390246 0.7894844209696145
2.5987220000000004 7.222897e-05 0.8341298272357724 0.798136418260586
2.63341 7.268369e-05 0.8393811206577976 0.8031611139209486
2.668825 7.323039e-05 0.8456946369179602 0.8092021966037428
2.703807 7.400834e-05 0.8546787232076868 0.8177986119560013
2.738778 7.504852e-05 0.8666911492978567 0.8292926916797784
2.77392 7.587505e-05 0.8762362573909832 0.8384259202691507
2.8086840000000004 7.664796e-05 0.8851621396895789 0.846966643181824
2.8437669999999997 7.77691e-05 0.8981095251293424 0.859355337966876
2.8788679999999998 7.818376e-05 0.902898189209165 0.8639373671332331
2.913967 7.900875e-05 0.9124255127494458 0.8730535785882878
2.948989 7.947882e-05 0.9178540742793794 0.8782478930874666
2.983863 8.012042e-05 0.9252635347376202 0.8853376290473729
3.018995 8.095174e-05 0.9348639597191428 0.8945237875545258
3.053646 8.157641e-05 0.9420779055801922 0.9014264455378092
3.088896 8.243822e-05 0.9520304416112344 0.9109495212042787
3.123822 8.2972e-05 0.9581947524020696 0.9168478367601995
3.159193 8.354942e-05 0.9648630358462678 0.9232283781223708
3.194341 8.40988e-05 0.971207501847746 0.9292990750389127
3.229222 8.453127e-05 0.9762018431263859 0.9340779062586456
3.26398 8.497739e-05 0.9813538202143386 0.9390075711689221
3.299285 8.574442e-05 0.9902117978566152 0.947483319568746
3.334156 8.598052e-05 0.9929383776792315 0.9500922451612239
3.368906 8.684456e-05 1.0029166666666667 0.9596399625221923
3.404174 8.703056e-05 1.0050646711012567 0.9616952787449832
3.439248 8.739708e-05 1.0092973946784922 0.9657453567126029
3.474373 8.784726e-05 1.0144962583148562 0.97071988497699
3.509202 8.781415e-05 1.014113890428677 0.9703540165891585
3.544424 8.837147e-05 1.0205500508130083 0.9765124511982219
3.579288 8.847273e-05 1.0217194429046565 0.9776313830300487
3.614303 8.87127e-05 1.0244907150776055 0.9802830724600654
3.649489 8.900304e-05 1.0278436807095346 0.9834913547833185
3.684476 8.915134e-05 1.029556310051737 0.9851300827179414
3.719118 8.934467e-05 1.0317889643385072 0.9872663960800498
3.7541930000000003 8.962012e-05 1.0349699741315597 0.9903101426046075
3.789498 8.943806e-05 1.032867470436068 0.9882983637254606
3.8242779999999996 8.961582e-05 1.0349203159645235 0.9902626272295645
3.858924 8.976468e-05 1.0366394124168516 0.9919075432130303
3.894007 8.972774e-05 1.0362128141167777 0.9914993529911491
3.929544 9.000525e-05 1.0394176136363638 0.9945658626953785
3.9642779999999997 9.016308e-05 1.0412402993348115 0.9963098979612014
3.9991 9.00634e-05 1.0400891537324464 0.995208425267181
4.034248 9.014626e-05 1.0410460550628235 0.9961240354941728
4.0694099999999995 9.003431e-05 1.039753210458241 0.9948869782299714
4.1043400000000005 9.015956e-05 1.0411996489283075 0.9962710016541895
4.139674 9.018432e-05 1.0414855875831488 0.9965446018137396
4.174524 9.023569e-05 1.0420788294530674 0.9971122447941951
4.209378 9.053217e-05 1.0455027023281598 1.000388374652975
4.244581 9.026592e-05 1.042427937915743 0.997446288930835
4.2796 9.052952e-05 1.0454720990391722 1.0003590919218435
4.314703000000001 9.052469e-05 1.0454163202143385 1.0003057200005745
4.349507 9.045901e-05 1.0446578205838877 0.9995799502720104
4.384979 9.064411e-05 1.0467954314486327 1.0016253214163038
4.419429 9.051718e-05 1.0453295916481893 1.0002227338455574
4.4546 9.041838e-05 1.0441886086474503 0.9991309852282901
4.489693 9.056279e-05 1.0458563146711015 1.00072672832363
4.5246189999999995 9.035625e-05 1.0434711058758317 0.9984444433093547
4.559703000000001 9.049148e-05 1.0450327974870661 0.9999387466040215
4.594479000000001 9.055327e-05 1.0457463737989656 1.0006215314933022
4.629757 9.04541e-05 1.0446011178861792 0.9995256943437637
4.664693000000001 9.080184e-05 1.0486169623059869 1.0033682516734048
4.699778 9.052284e-05 1.0453949556541022 1.0002852773392188
4.734785 9.036808e-05 1.0436077235772359 0.998575165841159
4.770026 9.080045e-05 1.0486009100147822 1.0033528920521702
4.805035 9.051072e-05 1.0452549889135256 1.0001513502821209
4.839986 9.093818e-05 1.050191472653363 1.004874820564885
4.8748320000000005 9.087201e-05 1.0494273143015522 1.0041436362935836
4.909979999999999 9.061693e-05 1.0464815456393202 1.0013249800456832
4.944844 9.079404e-05 1.0485268847006652 1.0032820609930944
4.979665 9.072037e-05 1.0476761132668146 1.002468001067648
5.014628 9.051557e-05 1.045310998706578 1.0002049432051343
5.049637 9.073289e-05 1.0478206993717667 1.002606348159634
5.084514 9.068631e-05 1.0472827743902442 1.0020916350969586
5.119276 9.069873e-05 1.0474262056541022 1.0022288771802224
5.154804 9.080851e-05 1.0486939902069479 1.0034419557551577
5.189666 9.068705e-05 1.0472913202143386 1.0020998121615008
5.224619 9.070531e-05 1.0475021941980784 1.0023015867541254
5.259934 9.07599e-05 1.0481326219512195 1.002904811015427
5.294618000000001 9.045733e-05 1.0446384192535108 0.9995613861254821
5.329868 9.099643e-05 1.0508641675905397 1.0055184881454096
5.365006999999999 9.075633e-05 1.0480913941241687 1.0028653622040544
5.399958 9.08357e-05 1.0490079915003698 1.0037424076266508
5.434646 9.088866e-05 1.0496195953436809 1.004327620245785
5.4700169999999995 9.079224e-05 1.048506097560976 1.0032621708360996
5.504863 9.08865e-05 1.0495946507760534 1.0043037520573914
5.539656 9.078123e-05 1.0483789495565412 1.003140509375815
5.5748869999999995 9.080507e-05 1.048654263673319 1.0034039434551234
5.6097030000000006 9.105409e-05 1.0515300489652628 1.0061556361744748
5.644748 9.061983e-05 1.0465150360310422 1.001357025298619
5.679854000000001 9.087273e-05 1.049435629157428 1.0041515923563815
5.714572 9.098713e-05 1.0507567673688103 1.00541572233427
5.749665 9.087018e-05 1.0494061807095345 1.0041234146339721
5.785044 9.095915e-05 1.0504336428307468 1.005106540893874
5.819835 9.091105e-05 1.0498781642645973 1.0045750316986253
5.855091000000001 9.090188e-05 1.0497722653362898 1.0044737023988242
5.890136999999999 9.072131e-05 1.0476869687730967 1.0024783881496342
5.924844 9.070831e-05 1.0475368394308944 1.0023347370157831
5.95985 9.071593e-05 1.047624838322247 1.0024189386803946
5.995045 9.111798e-05 1.0522678769401332 1.006861626246916
6.030137 9.088303e-05 1.0495545777900963 1.0042654082547404
6.064958 9.109682e-05 1.0520235125646713 1.0066278064013556
6.099887 9.075661e-05 1.0480946276792316 1.0028684562284758
6.135156 9.085544e-05 1.049235957132299 1.0039605363483597
6.170174 9.106271e-05 1.0516295962675537 1.006250887926305
6.204929 9.080829e-05 1.0486914495565411 1.0034395247359693
6.2396840000000005 9.081775e-05 1.048800697524021 1.0035440585610642
6.274841 9.100464e-05 1.0509589800443462 1.0056092093614801
6.309845 9.086714e-05 1.049371073540281 1.0040898223688255
6.344665 9.092757e-05 1.050068944013304 1.0047575791394883
6.380007 9.091201e-05 1.0498892507390984 1.0045856397823558
6.4152569999999995 9.065451e-05 1.0469155349223946 1.0017402423233845
6.449977 9.107759e-05 1.0518014366223207 1.0064153132241282
6.484832 9.075841e-05 1.0481154148189211 1.0028883463854705
6.520184 9.070281e-05 1.0474733231707318 1.0022739615360772
6.5550619999999995 9.090774e-05 1.0498399390243904 1.0045384559099293
6.5899149999999995 9.073783e-05 1.0478777485218036 1.0026609355904972
6.6251549999999995 9.100383e-05 1.0509496258314857 1.0056002587908324
6.660406 9.079282e-05 1.04851279563932 1.0032685798866867
6.695156 9.076088e-05 1.0481439393939396 1.002915640100902
6.729989 9.082381e-05 1.0488706808943091 1.003611022089613
6.765091 9.065713e-05 1.0469457917590541 1.0017691935518993
6.8002389999999995 9.070409e-05 1.0474881051367333 1.0022881056477178
6.835434 9.067002e-05 1.0470946507760535 1.001911629176156
6.870184 9.082514e-05 1.0488860402808575 1.0036257187056148
6.905054 9.11474e-05 1.0526076311899486 1.007186719812908
6.940091000000001 9.084296e-05 1.0490918329637844 1.0038226312598628
6.975071 9.102996e-05 1.0512513858093127 1.0058889975698728
7.010063 9.105211e-05 1.051507183111604 1.0061337570017805
7.045285 9.079586e-05 1.0485479028085738 1.0033021721518336
7.080127999999999 9.102881e-05 1.0512381051367334 1.0058762899695706
7.1150910000000005 9.082971e-05 1.0489388165188474 1.003676217604207
7.150322 9.07771e-05 1.0483312546193644 1.0030948725155993
7.185438 9.083589e-05 1.0490101856984482 1.0037445071432223
7.220377999999999 9.071916e-05 1.0476621396895789 1.0024546304621127
7.2554989999999995 9.107677e-05 1.0517919669253513 1.0064062521526085
7.290354000000001 9.088206e-05 1.0495433758314858 1.0042546896701376
7.325165 9.086863e-05 1.0493882806725796 1.0041062869987822
7.360461 9.116648e-05 1.052827974870658 1.0073975554770525
7.3955150000000005 9.094439e-05 1.0502631882852922 1.004943441606517
7.4302969999999995 9.094487e-05 1.0502687315225425 1.004948745648382
7.465316 9.095378e-05 1.050371627864006 1.0050472019255061
7.500128 9.080253e-05 1.0486249307095346 1.0033758762335863
7.535247999999999 9.108962e-05 1.0519403640059128 1.0065482457733765
7.570439 9.098485e-05 1.0507304369918702 1.00539052813541
7.605072 9.094668e-05 1.0502896341463415 1.004968746306249
7.640249 9.106754e-05 1.0516853750923874 1.0063042598475742
7.675326 9.082854e-05 1.048925304878049 1.0036632890021604
7.7103410000000006 9.092128e-05 1.0499963045085 1.0046880740908788
7.745239 9.106855e-05 1.0516970389874354 1.006315420435666
7.780496 9.087176e-05 1.0494244271988178 1.004140873771779
7.81576 9.098891e-05 1.050777323540281 1.0054353914895204
7.850694000000001 9.099496e-05 1.0508471914264599 1.005502244517197
7.885489 9.088424e-05 1.049568551367332 1.0042787788602756
7.920515 9.088809e-05 1.0496130127494456 1.0043213216960698
7.9554979999999995 9.076659e-05 1.0482098808203995 1.0029787360989244
7.990461 9.096706e-05 1.0505249907612715 1.0051939470837787
8.025562 9.092523e-05 1.0500419207317075 1.004731721935395
8.060429000000001 9.076289e-05 1.0481671516999262 1.002937850776213
8.095471 9.090378e-05 1.0497942073170732 1.0044946975645408
8.130804 9.083037e-05 1.0489464384700666 1.0036835106617716
8.165741 9.07594e-05 1.0481268477457504 1.0028992859718175
8.200769000000001 9.088256e-05 1.0495491500369551 1.0042602147137472
8.235938 9.084969e-05 1.0491695537694015 1.0038969983468486
8.270862999999999 9.082469e-05 1.0488808434959351 1.003620746166366
8.306062 9.093616e-05 1.050168144863267 1.004852499388702
8.340758 9.099102e-05 1.0508016906873616 1.005458707173553
8.375851 9.093808e-05 1.0501903178122691 1.004873715556163
8.410986000000001 9.069133e-05 1.0473407474131562 1.0021471065347995
8.445967000000001 9.070084e-05 1.0474505728011827 1.0022521928642552
8.481146 9.064459e-05 1.0468009746858833 1.001630625458169
8.51609 9.07401e-05 1.0479039634146343 1.002686019288485
8.551155000000001 9.076412e-05 1.0481813562453808 1.0029514423834927
8.586022999999999 9.054927e-05 1.0457001801552108 1.000577331144425
8.62075 9.083477e-05 1.048997251478197 1.0037321310455367
8.655683999999999 9.089842e-05 1.049732307834442 1.0044354690970454
8.690751 9.064667e-05 1.0468249953806357 1.0016536096395854
8.725507 9.080846e-05 1.0486934127864005 1.0034414032507966
8.760618000000001 9.094585e-05 1.0502800489652624 1.004959574733857
8.795655 9.098232e-05 1.0507012195121954 1.0053625714147452
8.830775 9.100126e-05 1.0509199464153736 1.0055718600666788
8.865872999999999 9.071193e-05 1.0475786446784925 1.0023747383315174
8.900684 9.088242e-05 1.0495475332594237 1.0042586677015366
8.935666 9.090507e-05 1.0498091047671843 1.0045089521770538
8.970563 9.089322e-05 1.049672256097561 1.004378008643505
9.005535 9.100283e-05 1.0509380774205472 1.0055892087036131
9.040747999999999 9.095833e-05 1.050424173133777 1.005097479822354
9.075721 9.064588e-05 1.0468158721359944 1.001644880070682
9.110759 9.09763e-05 1.0506316980783446 1.0052960498896848
9.145702 9.072957e-05 1.0477823586474504 1.0025696618700657
9.180665000000001 9.081638e-05 1.0487848762010348 1.0035289199415736
9.215854 9.083295e-05 1.0489762333702883 1.0037120198867975
9.250710999999999 9.091185e-05 1.0498874029933483 1.0045838717684008
9.285905000000001 9.11009e-05 1.052070630081301 1.0066728907572104
9.320869 9.089061e-05 1.0496421147450112 1.0043491679158627
9.355438 9.086942e-05 1.0493974039172214 1.0041150165676858
9.390739 9.074917e-05 1.048008707501848 1.0027862435795643
9.425873 9.068933e-05 1.047317650591279 1.0021250063603608
9.460702 9.08039e-05 1.0486407520325205 1.0033910148530767
9.496035 9.082982e-05 1.0489400868440504 1.0036774331138012
9.531017 9.072637e-05 1.0477454037324465 1.0025343015909638
9.565892 9.103315e-05 1.0512882252402072 1.0059242473481025
9.600710999999999 9.08264e-05 1.0489005912786402 1.003639641815511
9.635665000000001 9.08936e-05 1.0496766444937178 1.0043822076766482
9.670674000000002 9.076154e-05 1.048151561345159 1.0029229331584668
9.705723 9.059412e-05 1.0462181263858095 1.0010729275562107
9.740842 9.070635e-05 1.0475142045454546 1.0023130788448336
9.775896000000001 9.07885e-05 1.0484629065040654 1.0032208435098995
9.811101 9.081024e-05 1.0487139689578715 1.0034610724060469
9.84591 9.078787e-05 1.048455631005174 1.0032138819549512
9.880656 9.085667e-05 1.0492501616777534 1.0039741279556396
9.915938 9.077899e-05 1.0483530811160389 1.0031157571804439
9.950929 9.087568e-05 1.0494696969696973 1.0041841901136785
9.985592 9.073969e-05 1.0478992285661493 1.002681488752725
10.00341 9.103594e-05 1.051320445306726 1.0059550770914443
