Keff(MJ/m3):0.040418360130538886 Ms(MA/m):1.1882057869914158
H(kOe) moment(emu) M(MA/m) M_norm()
9.967336999999999 5.317501e-05 1.2129513295814536 1.0208259738009646
9.938892 5.306932e-05 1.2105404823428079 1.0187969925714166
9.910476000000001 5.298683e-05 1.2086588399100717 1.017213392783117
9.881973 5.336363e-05 1.2172538558957064 1.0244470017082155
9.853076999999999 5.306025e-05 1.2103335906363595 1.0186228714648597
9.823883 5.282498e-05 1.204966952072293 1.014106281306134
9.794799999999999 5.311126e-05 1.2114971568928012 1.0196021347113282
9.765708 5.302862e-05 1.2096120928772682 1.0180156553016408
9.736291 5.290358e-05 1.2067598614578314 1.0156152029131211
9.706845999999999 5.309074e-05 1.211029084366195 1.0192082025055347
9.677059 5.308575e-05 1.2109152597118207 1.0191124071007145
9.647392 5.285718e-05 1.2057014518460123 1.0147244400306248
9.617567999999999 5.272484e-05 1.20268270339713 1.0121838460679191
9.588171 5.317771e-05 1.2130129180717966 1.0208778069859374
9.558541 5.288626e-05 1.2063647826975574 1.0152827026302582
9.528476000000001 5.25162e-05 1.1979235098322603 1.0081784846928326
9.498429 5.30402e-05 1.2098762390691833 1.0182379620727466
9.468671 5.29394e-05 1.2075769354297143 1.0163028565004273
9.438661 5.275985e-05 1.2034813008219098 1.0128559496997336
9.408963 5.296668e-05 1.2081992072876977 1.0168265636434122
9.37905 5.307276e-05 1.2106189506416152 1.0188630318885674
9.348855 5.258094e-05 1.1994002649673716 1.0094213292836258
9.319113999999999 5.278805e-05 1.2041245583877136 1.013397318520561
9.289263 5.300898e-05 1.2091640936364034 1.0176386168746534
9.259003 5.243141e-05 1.1959894031299727 1.0065507307099264
9.229226 5.257837e-05 1.199341641848786 1.0093719917705222
9.198855 5.310389e-05 1.2113290431247172 1.0194606493138283
9.168745000000001 5.275336e-05 1.203333260339567 1.0127313580810395
9.138948000000001 5.25806e-05 1.199392509379699 1.0094148021418146
9.109209 5.291651e-05 1.2070548018949183 1.0158634262767132
9.079336999999999 5.277568e-05 1.2038423918597352 1.0131598457434818
9.04892 5.281044e-05 1.2046352866465204 1.0138271500063172
9.018994000000001 5.300335e-05 1.2090356702287623 1.017530535085247
8.988781000000001 5.301123e-05 1.2092154173783558 1.017681811195464
8.958836999999999 5.264354e-05 1.2008282055212485 1.010623091275959
8.928828 5.275611e-05 1.2033959893575088 1.0127841511398081
8.89854 5.292516e-05 1.2072521131695353 1.0160294844433855
8.868926 5.264874e-05 1.2009468203915385 1.0107229181507216
8.838865 5.256141e-05 1.1989547748872247 1.009046402578989
8.808938 5.285034e-05 1.2055454276704771 1.0145931292953605
8.778726 5.277265e-05 1.2037732758872393 1.0131016773914565
8.748916 5.25515e-05 1.1987287223171141 1.0088561555926627
8.719216000000001 5.276627e-05 1.203627744565614 1.0129791974951132
8.689150999999999 5.276135e-05 1.203515516649878 1.0128847459136072
8.659293 5.272269e-05 1.2026336607103754 1.0121425714946999
8.629401 5.281818e-05 1.2048118403188366 1.013975738469906
8.598754000000001 5.280959e-05 1.2046158976773385 1.0138108321517887
8.568906 5.265581e-05 1.201108090994029 1.0108586443054468
8.539087 5.262002e-05 1.2002917013387058 1.010171566642418
8.509115 5.27569e-05 1.2034140096935722 1.0127993171457816
8.479161 5.264928e-05 1.2009591380896072 1.0107332847877162
8.44918 5.259912e-05 1.1998149608023474 1.0097703393957762
8.419006 5.268111e-05 1.2016851979590943 1.0113443404461182
8.388935 5.283421e-05 1.2051774934670578 1.0142834740088373
8.359088 5.25361e-05 1.1983774398166398 1.0085605144635585
8.328716 5.240736e-05 1.1954408093548812 1.0060890314141497
8.2988 5.275401e-05 1.203348087198353 1.012743836440385
8.268846 5.268135e-05 1.201690672491569 1.011348947840338
8.239001 5.278078e-05 1.2039587256748272 1.0132577528706526
8.209076999999999 5.274312e-05 1.2030996802873035 1.012534775927661
8.178988 5.26921e-05 1.2019358859253422 1.0115553207064336
8.148716 5.276353e-05 1.203565243653192 1.012926596411104
8.118578000000001 5.278733e-05 1.2041081347902889 1.0133834963379016
8.088586 5.266242e-05 1.2012588687426093 1.0109855396212506
8.058354999999999 5.256667e-05 1.1990747583906334 1.0091473813023064
8.028837000000001 5.260382e-05 1.1999221703966483 1.009860567532581
7.998651 5.267238e-05 1.201486061840319 1.0111767464813728
7.9687529999999995 5.255204e-05 1.1987410400151826 1.0088665222296571
7.938522 5.261219e-05 1.200113094716711 1.0100212504059964
7.908688 5.291092e-05 1.2069272909093562 1.0157561123863434
7.878911 5.267153e-05 1.2014666728711367 1.0111604286268443
7.849068 5.269809e-05 1.2020725211316954 1.0116703135871696
7.818734999999999 5.261414e-05 1.2001575752930698 1.0100586854840325
7.788753 5.266433e-05 1.2013024368968888 1.01102220680025
7.758596 5.250551e-05 1.1976796650316062 1.007973263675292
7.728579 5.258114e-05 1.1994048270777675 1.009425168778809
7.698586000000001 5.255387e-05 1.1987827833253042 1.0089016536105835
7.668354999999999 5.259088e-05 1.1996270018540416 1.0096121521942294
7.638235 5.275803e-05 1.2034397856173082 1.0128210102935666
7.608392 5.262659e-05 1.2004415666652066 1.010297694059185
7.578374 5.266307e-05 1.2012736956013954 1.010998017980596
7.548642 5.254633e-05 1.1986107917633833 1.0087569046421776
7.518429 5.272565e-05 1.2027011799442329 1.012199396023411
7.488791 5.265618e-05 1.201116530898261 1.0108657473715355
7.458781 5.256699e-05 1.1990820577672667 1.0091535244945995
7.428865 5.267947e-05 1.201647788653849 1.0113128565856162
7.398772 5.258026e-05 1.199384753792026 1.0094082750000029
7.368781 5.249e-05 1.1973258733704142 1.007675510823837
7.338623999999999 5.254711e-05 1.1986285839939268 1.0087718786733921
7.308689 5.26423e-05 1.2007999204367947 1.0105992864058235
7.278503 5.255136e-05 1.1987255288398369 1.0088534679460344
7.248457 5.259764e-05 1.1997812011854188 1.0097419271314207
7.218615 5.267065e-05 1.2014465995853956 1.0111435348480382
7.188491 5.242543e-05 1.195852996029139 1.0064359298039496
7.158531 5.269816e-05 1.2020741178703338 1.0116716574104836
7.128346 5.25133e-05 1.1978573592315216 1.0081228120126766
7.098318 5.26175e-05 1.2002342187477189 1.01012318900311
7.068378 5.227494e-05 1.1924202360618403 1.0035469016533707
7.038475999999999 5.257988e-05 1.1993760857822742 1.009400979959155
7.008161 5.266182e-05 1.201245182411422 1.0109740211357012
6.978143 5.260377e-05 1.199921029869049 1.0098596076587851
6.948179 5.272742e-05 1.2027415546212352 1.012233375555782
6.918365 5.265039e-05 1.2009844578023037 1.0107545939859828
6.888274 5.250121e-05 1.197581579658097 1.0078907145288538
6.858281 5.255411e-05 1.1987882578577789 1.0089062610048032
6.82804 5.250906e-05 1.1977606424911311 1.0080414147147934
6.798328000000001 5.232063e-05 1.1934624501817543 1.0044240343279665
6.768309 5.233799e-05 1.1938584413641073 1.004757302509866
6.738383 5.261468e-05 1.2001698929911386 1.0100690521210272
6.708179 5.269281e-05 1.201952081417247 1.011568950914334
6.678152 5.269443e-05 1.2019890345114528 1.0116000508253176
6.648198000000001 5.257786e-05 1.1993300084672769 1.009362201057805
6.618234999999999 5.261474e-05 1.200171261624257 1.010070203969582
6.5882179999999995 5.243544e-05 1.1960813296544475 1.0066280965378673
6.558123999999999 5.259411e-05 1.1997006799369332 1.0096741600414378
6.528179 5.272462e-05 1.2026776850756946 1.0121796226232176
6.498123 5.254841e-05 1.1986582377114994 1.0087968353920826
6.468392 5.247444e-05 1.1969709411816232 1.0073767980985862
6.438235 5.25329e-05 1.1983044460503072 1.0084990825406275
6.408115 5.275799e-05 1.203438873195229 1.01282024239453
6.377902 5.273869e-05 1.2029986295420372 1.0124497311093539
6.347828000000001 5.249908e-05 1.1975329931823822 1.007849823905153
6.317897 5.24325e-05 1.1960142666316296 1.0065716559586746
6.288198 5.243045e-05 1.195967505000073 1.0065323011330471
6.257957 5.259971e-05 1.1998284190280148 1.0097816659065666
6.228002999999999 5.262381e-05 1.2003781533307056 1.010244325076139
6.19779 5.238723e-05 1.1949816329435465 1.0057025862239635
6.168095 5.255882e-05 1.1988956955575993 1.0089966811163669
6.138243999999999 5.245959e-05 1.196632204484737 1.0070917155812356
6.108263 5.260744e-05 1.2000047445948117 1.0099300623953964
6.077948 5.250436e-05 1.1976534328968305 1.0079511865779887
6.0478689999999995 5.246441e-05 1.196742151345275 1.0071842474151498
6.018050000000001 5.24944e-05 1.197426239799121 1.0077599797178667
5.988188 5.240987e-05 1.1954980638403478 1.0061372170786984
5.958105 5.255757e-05 1.1988671823676256 1.008972684271472
5.928208 5.262778e-05 1.2004687112220618 1.0103205390555252
5.898013 5.249781e-05 1.197504023781369 1.0078254431107398
5.867985 5.253034e-05 1.1982460510372415 1.008449937002283
5.8378000000000005 5.257321e-05 1.199223939400575 1.0092729327947962
5.807679 5.242511e-05 1.195845696652506 1.0064297866116565
5.7777650000000005 5.256241e-05 1.1989775854392033 1.0090656000549048
5.748124 5.249546e-05 1.1974504189842188 1.0077803290423375
5.717948000000001 5.264548e-05 1.2008724579920875 1.010660334379236
5.687761999999999 5.24058e-05 1.1954052248937939 1.006059083351721
5.657948 5.269734e-05 1.202055413217711 1.0116559154802325
5.6275379999999995 5.261838e-05 1.2002542920334605 1.010140082781916
5.597809 5.235305e-05 1.1942019682769092 1.005046416497159
5.567735 5.249903e-05 1.1975318526547833 1.0078488640313572
5.5379380000000005 5.258507e-05 1.1994944725470442 1.0095006148591583
5.507716 5.248894e-05 1.1973016941853165 1.007655161499366
5.477698 5.242999e-05 1.1959570121461627 1.0065234702941257
5.447401 5.248803e-05 1.1972809365830157 1.0076376917962826
5.417485 5.23465e-05 1.1940525591614475 1.00492067302991
5.387587000000001 5.255738e-05 1.1988628483627497 1.008969036751048
5.357622999999999 5.267927e-05 1.2016432265434533 1.011309017090433
5.327734 5.252416e-05 1.198105081826012 1.0083312966011229
5.297236 5.244329e-05 1.1962603924874815 1.0067787967238069
5.267327 5.245358e-05 1.196495113067344 1.006976338750981
5.237578 5.268228e-05 1.2017118863049094 1.0113668014929398
5.207482 5.256119e-05 1.1989497565657892 1.0090421791342874
5.177911 5.241566e-05 1.1956301369363054 1.0062483704642513
5.147393 5.244774e-05 1.1963618994437875 1.0068642254916325
5.1177269999999995 5.259722e-05 1.1997716207535876 1.009733864191536
5.087642 5.265704e-05 1.201136147972963 1.0108822572008234
5.057309 5.239747e-05 1.1952152129958102 1.0058991683773417
5.027585 5.240843e-05 1.1954652166454984 1.0061095727133798
4.997559 5.230362e-05 1.1930744426925939 1.0040974852626376
4.96767 5.237001e-05 1.1945888352384706 1.0053720056886921
4.937624 5.247588e-05 1.1970037883764726 1.0074044424639048
4.907877999999999 5.222469e-05 1.1912740058249025 1.0025822284885983
4.878003 5.251947e-05 1.197998100337231 1.0082412604390776
4.847901 5.24275e-05 1.1959002138717354 1.0064756685790952
4.81779 5.24409e-05 1.196205875268252 1.006732914756368
4.787725999999999 5.252513e-05 1.1981272080614316 1.0083499181527613
4.757585 5.250217e-05 1.1976034777879967 1.0079091441057328
4.727863999999999 5.241284e-05 1.1955658111797252 1.0061942335821688
4.697614 5.248795e-05 1.1972791117388575 1.0076361559982094
4.667457000000001 5.253013e-05 1.1982412608213258 1.0084459055323407
4.637293 5.252946e-05 1.1982259777515 1.0084330432234772
4.607633 5.272097e-05 1.2025944265609716 1.0121095518361247
4.5776509999999995 5.231702e-05 1.1933801040891108 1.0043547314399104
4.547327 5.246626e-05 1.196784350866436 1.0072197627455943
4.517049 5.245111e-05 1.1964387710039561 1.0069289209854688
4.487557 5.24577e-05 1.196589092541497 1.0070554323517544
4.457809 5.247612e-05 1.1970092629089475 1.0074090498581247
4.427595999999999 5.252417e-05 1.1981053099315317 1.008331488575882
4.397892 5.23824e-05 1.1948714579774886 1.0056098624152898
4.367522 5.247051e-05 1.1968812957123462 1.0073013520182368
4.3373919999999995 5.260578e-05 1.1999668790785267 1.009898194585376
4.307207 5.24923e-05 1.1973783376399654 1.0077196650184432
4.2772619999999995 5.249482e-05 1.1974358202309523 1.0077680426577513
4.2475 5.23445e-05 1.1940069380574898 1.0048822780780784
4.217577 5.250972e-05 1.1977756974554372 1.0080540850488977
4.187513 5.242281e-05 1.1957932323829545 1.00638563241705
4.157494 5.246122e-05 1.1966693856844624 1.0071230074669781
4.127448 5.255544e-05 1.1988185958919106 1.008931793647771
4.097300000000001 5.243207e-05 1.1960044580942788 1.0065634010440307
4.067003000000001 5.265812e-05 1.2011607833691003 1.0109029904748124
4.037096 5.231146e-05 1.1932532774201083 1.0042479934738182
4.0070500000000004 5.232205e-05 1.1934948411655644 1.0044512947437672
3.977265 5.244397e-05 1.1962759036628272 1.0067918510074296
3.947278 5.24915e-05 1.1973600891983824 1.0077043070377107
3.916846 5.241203e-05 1.1955473346326224 1.0061786836266768
3.886698 5.254791e-05 1.19864683243551 1.0087872366541246
3.856827 5.246003e-05 1.1966422411276076 1.0071001624706384
3.826846 5.241031e-05 1.1955081004832186 1.0061456639681015
3.796855 5.246475e-05 1.196749906932948 1.0071907745569613
3.7668000000000004 5.228547e-05 1.1926604311741775 1.0037490510747646
3.737208 5.241796e-05 1.195682601205857 1.0062925246588579
3.707401 5.23274e-05 1.1936168776186513 1.004554001239917
3.6775219999999997 5.240013e-05 1.195275889064074 1.005950233663278
3.647392 5.236441e-05 1.194461096147389 1.0052644998235631
3.617346 5.253718e-05 1.1984020752127766 1.0085812477375475
3.5869940000000002 5.233124e-05 1.1937044701382502 1.004627719547434
3.557105 5.250844e-05 1.1977464999489043 1.0080295122797256
3.527142 5.24323e-05 1.196009704521234 1.0065678164634915
3.497429 5.247501e-05 1.196983943196251 1.0073877406598581
3.467244 5.240932e-05 1.1954855180367596 1.0061266584669448
3.436938 5.23429e-05 1.1939704411743237 1.004851562116613
3.40667 5.252883e-05 1.1982116071037532 1.00842094881365
3.376818 5.264179e-05 1.2007882870552855 1.0105894956931063
3.346994 5.232754e-05 1.1936200710959284 1.0045566888865451
3.3170659999999996 5.258746e-05 1.1995489897662739 1.0095464968265973
3.287049 5.24618e-05 1.1966826158046102 1.0071341420030093
3.256716 5.236919e-05 1.1945701305858478 1.005356263758441
3.22704 5.242102e-05 1.1957524014949121 1.0063512689351604
3.1970859999999997 5.242227e-05 1.195780914684886 1.0063752657800553
3.1669940000000003 5.241461e-05 1.1956061858567277 1.0062282131145397
3.1368180000000003 5.221264e-05 1.1909991386735572 1.0023508989038121
3.1068000000000002 5.235559e-05 1.1942599070789355 1.0050951780859854
3.076925 5.247319e-05 1.1969424279916494 1.007352801253691
3.046809 5.249997e-05 1.1975532945736433 1.007866909658718
3.016972 5.234309e-05 1.1939747751791996 1.004855209637037
2.98691 5.237411e-05 1.1946823585015838 1.005450715339947
2.956725 5.242789e-05 1.195909109987007 1.0064831555947025
2.926429 5.238379e-05 1.1949031646447392 1.0056365469068127
2.896916 5.24255e-05 1.1958545927677775 1.0064372736272635
2.86692 5.223092e-05 1.191416115563731 1.0027018287635543
2.836855 5.247613e-05 1.1970094910144673 1.007409241832884
2.806651 5.215837e-05 1.1897612100176647 1.0013090518858583
2.776549 5.240077e-05 1.1952904878173403 1.0059625200478641
2.746699 5.257497e-05 1.199264085972058 1.0093067203524082
2.717003 5.23214e-05 1.193480014306778 1.0044388163844218
2.68655 5.244191e-05 1.1962289139257507 1.006752304207043
2.656737 5.241305e-05 1.1955706013956409 1.006198265052111
2.6266599999999998 5.228073e-05 1.1925523091577976 1.0036580550389234
2.5965770000000004 5.238126e-05 1.194845453948233 1.0055879772927456
2.5665590000000003 5.239623e-05 1.1951869279113565 1.0058753635072062
2.53629 5.22902e-05 1.1927683250850378 1.003839855135847
2.506355 5.233371e-05 1.1937608122016379 1.004675137312946
2.476521 5.221727e-05 1.1911047515292195 1.0024397832173026
2.446736 5.231451e-05 1.1933228496036439 1.0043065457753615
2.416781 5.25155e-05 1.1979075424458752 1.0081650464596916
2.3868739999999997 5.254801e-05 1.1986491134907078 1.0087891564017164
2.3566599999999998 5.219523e-05 1.1906020069636052 1.0020166708481169
2.326429 5.20393e-05 1.1870451575935415 0.9990232084285559
2.296633 5.218925e-05 1.1904655998627718 1.0019018699421403
2.266929 5.218771e-05 1.1904304716127243 1.0018723058292296
2.236679 5.213573e-05 1.1892447791208631 1.000874421031123
2.206651 5.252129e-05 1.1980396155418327 1.0082761998452445
2.1762620000000004 5.242394e-05 1.1958190083066906 1.006407325564835
2.146253 5.230562e-05 1.1931200637965518 1.0041358802144693
2.1164940000000003 5.209654e-05 1.1883508335888113 1.00012207194998
2.086585 5.22725e-05 1.1923645783150119 1.003500059812136
2.056911 5.197046e-05 1.1854748791953167 0.9977016541865076
2.026698 5.210199e-05 1.1884751510970963 1.0002266981937216
1.9967249999999999 5.225349e-05 1.1919309497218937 1.0031351157949753
1.966735 5.195357e-05 1.1850896089723937 0.9973774088182886
1.936855 5.219789e-05 1.1906626830318692 1.0020677361340533
1.9065860000000001 5.22742e-05 1.192403356253376 1.003532695521193
1.876438 5.215756e-05 1.1897427334705617 1.0012935019303664
1.846392 5.216845e-05 1.1899911403816112 1.00150256244309
1.816529 5.204706e-05 1.1872221674768975 0.999172180841663
1.7864939999999998 5.217924e-05 1.1902372662374632 1.0017097032082223
1.7566330000000001 5.196546e-05 1.1853608264354223 0.9976056668069282
1.7267249999999998 5.208481e-05 1.1880832658140994 0.9998968855574869
1.696383 5.218686e-05 1.1904110826435421 1.001855987974701
1.666438 5.215772e-05 1.1897463831588782 1.0012965735265127
1.636623 5.200637e-05 1.1862940061168776 0.9983910355466464
1.60666 5.230351e-05 1.1930719335318762 1.0040953735402869
1.576577 5.187059e-05 1.183196789369188 0.99578440226679
1.546392 5.222454e-05 1.1912705842421056 1.0025793488672108
1.516364 5.184818e-05 1.1826856048993415 0.9953541868315154
1.486475 5.210199e-05 1.1884751510970963 1.0002266981937216
1.456234 5.21797e-05 1.1902477590913734 1.0017185340471433
1.426531 5.207631e-05 1.187889376122279 0.9997337070122021
1.39604 5.204228e-05 1.1871131330384386 0.9990804169067852
1.3661510000000001 5.203401e-05 1.1869244897735731 0.9989216537809609
1.336114 5.187577e-05 1.1833149480284382 0.9958838451920341
1.3061800000000001 5.196369e-05 1.1853204517584197 0.9975716872745571
1.276049 5.197151e-05 1.1854988302748946 0.9977218115362193
1.246281 5.19907e-05 1.1859365647673688 0.9980902110990447
1.2162339999999998 5.184449e-05 1.1826014339625397 0.995283348145386
1.186336 5.189095e-05 1.1836612122074772 0.996175262876437
1.156425 5.181725e-05 1.1819800745266356 0.9947604089014378
1.1267159999999998 5.175832e-05 1.180635848698521 0.9936291016457155
1.096336 5.175707e-05 1.1806073355085476 0.9936051048008209
1.0663179999999999 5.167019e-05 1.178625554752624 0.9919372280932504
1.036086 5.174229e-05 1.1802701955503 0.9933213661067845
1.006253 5.159525e-05 1.1769161319873283 0.9904985692481153
0.9763306 5.178126e-05 1.1811591227609162 0.9940694917432257
0.9463919 5.153836e-05 1.1756184396852507 0.9894064248432615
0.916216 5.161521e-05 1.1773714306048264 0.990881750867396
0.8862715 5.166208e-05 1.1784405611760755 0.9917815365635727
0.8564105 5.150796e-05 1.1749249989050934 0.9888228215754192
0.8262160000000001 5.164784e-05 1.1781157389158965 0.9915081645065308
0.7961697 5.123251e-05 1.1686418323625163 0.9835348768343939
0.7658826000000001 5.148581e-05 1.1744197451787617 0.9883975974838829
0.7358117 5.136677e-05 1.1717043770711981 0.9861123299508582
0.706216 5.130341e-05 1.1702591004978173 0.9848959778768287
0.6763495 5.132044e-05 1.1706475641980174 0.9852229108916759
0.6464382000000001 5.115171e-05 1.1667987397626243 0.981983720780392
0.6158456 5.118519e-05 1.1675624370428763 0.982626452274055
0.5859721 5.117815e-05 1.1674018507569452 0.9824913020436074
0.5561882 5.088473e-05 1.1607087785953079 0.9768583786603737
0.5261882000000001 5.078321e-05 1.158393051358414 0.9749094509053949
0.49608640000000004 5.038779e-05 1.1493733028949327 0.967318384978743
0.4658919 4.978322e-05 1.135582727485073 0.9557121669642876
0.43586410000000003 4.764109e-05 1.0867195597745951 0.9145886778806323
0.4059249 4.271891e-05 0.9744419170352852 0.8200952458770722
0.3761697 3.523582e-05 0.8037485036277902 0.6764388058258101
0.3459753 2.811132e-05 0.641234726054395 0.5396663886632186
0.31597210000000003 2.33636e-05 0.5329366122133169 0.44852214830794046
0.2860401 1.983855e-05 0.452528275960233 0.380850085830715
0.25604930000000004 1.696105e-05 0.3868909126410604 0.3256093488828089
0.22580860000000003 1.470014e-05 0.3353183075665338 0.282205583609867
0.1959475 1.252145e-05 0.28562118607570913 0.24038023480672766
0.1657174 1.075244e-05 0.2452690915195842 0.20641970793680048
0.13564189999999998 8.993921e-06 0.20515630246426955 0.17266058178670668
0.1053734 7.047694e-06 0.1607617903181068 0.1352979358273974
0.07545673 5.446384e-06 0.1242350253288369 0.10455682566856109
0.04584002 4.060088e-06 0.09261284836274981 0.07794344159629892
0.01616969 2.383353e-06 0.054365597490474316 0.04575436181650837
-0.01425624 8.556782e-07 0.019518492058278224 0.01642686163623207
-0.044015500000000006 -4.870241e-07 -0.011109288548008 -0.0093496334301966
-0.07406565000000001 -2.207199e-06 -0.05034742751719003 -0.042372649644024804
-0.1038581 -3.341607e-06 -0.07622390016642577 -0.06415041990279118
-0.1340618 -4.75894e-06 -0.10855404823428079 -0.0913596360350541
-0.1642921 -6.205509e-06 -0.14155108559978977 -0.11913010957319331
-0.1942655 -7.630945e-06 -0.1740660675703295 -0.14649488285280252
-0.2239713 -8.980654e-06 -0.20485367487116599 -0.1724058888737309
-0.2540803 -1.026714e-05 -0.23419913064424297 -0.19710317287483042
-0.2840248 -1.154355e-05 -0.26331474729558096 -0.2216070231086017
-0.3142638 -1.291813e-05 -0.2946696758346837 -0.24799548955303355
-0.3445155 -1.442915e-05 -0.32913687608578224 -0.2770032596114263
-0.3742563 -1.559654e-05 -0.35576568636038486 -0.2994142010208498
-0.4043211 -1.686756e-05 -0.38475835413655674 -0.32381457685943454
-0.4341081 -1.827751e-05 -0.41692009189915175 -0.3508820580270106
-0.4643118 -1.962018e-05 -0.44754713572460914 -0.37665793301496725
-0.4942285 -2.090131e-05 -0.4767704181812873 -0.40125239533506135
-0.5244137 -2.228371e-05 -0.5083037252368647 -0.4277909860411553
-0.5543396 -2.409431e-05 -0.5496045106497905 -0.4625499359344234
-0.5843304 -2.547858e-05 -0.5811804734375684 -0.48912442592047994
-0.6144997 -2.730773e-05 -0.622904394589702 -0.5242394889919874
-0.6445433 -2.90497e-05 -0.6626396918203185 -0.5576809161131494
-0.6745433000000001 -3.119595e-05 -0.711596839004949 -0.5988834987975781
-0.7043959 -3.308293e-05 -0.75463989437802 -0.6351087519013
-0.7341637 -3.553975e-05 -0.8106813146907254 -0.6822734946809194
-0.7642656 -3.785356e-05 -0.8634605979649337 -0.7266928064298105
-0.7944692999999999 -4.039914e-05 -0.9215266828712828 -0.7755615171717223
-0.8245340999999999 -4.312649e-05 -0.9837390418108294 -0.8279197531108611
-0.8543204 -4.512003e-05 -1.0292127896027679 -0.8661906892481775
-0.884173 -4.70905e-05 -1.074160297960554 -0.9040187396161152
-0.9142193 -4.845263e-05 -1.10523123512752 -0.9301681974853946
-0.9445897 -4.924515e-05 -1.123309053781807 -0.9453825810982371
-0.9747471000000001 -4.948373e-05 -1.1287511952729234 -0.9499627149022446
-1.004453 -4.983343e-05 -1.1367280452999313 -0.9566760722300233
-1.0343399999999998 -5.003937e-05 -1.141425650374458 -0.9606296004201368
-1.064358 -5.016e-05 -1.144177287259668 -0.9629453919398678
-1.094627 -5.035398e-05 -1.1486020781325275 -0.9666693183180275
-1.1244880000000002 -5.068761e-05 -1.1562123625892349 -0.9730741722078381
-1.1545530000000002 -5.075915e-05 -1.1578442294778024 -0.9744475596348591
-1.184812 -5.077386e-05 -1.1581797726974117 -0.9747299545055816
-1.214424 -5.111081e-05 -1.165865788186689 -0.9811985440154329
-1.244645 -5.120463e-05 -1.1680058741733454 -0.9829996512058595
-1.274434 -5.134616e-05 -1.1712342515949137 -0.9857166699722321
-1.304275 -5.144021e-05 -1.1733795840085257 -0.9875221925821194
-1.3343669999999999 -5.174044e-05 -1.180227996029139 -0.99328585077634
-1.364395 -5.148525e-05 -1.1744069712696537 -0.9883868468973701
-1.3942919999999999 -5.165485e-05 -1.1782756408852684 -0.9916427388127009
-1.4242190000000001 -5.193103e-05 -1.18457545913079 -0.9969446977111448
-1.4543949999999999 -5.161346e-05 -1.1773315121388632 -0.9908481552845432
-1.48458 -5.166959e-05 -1.1786118684214366 -0.9919257096077007
-1.514481 -5.201359e-05 -1.186458698302165 -0.9985296413227589
-1.544367 -5.171174e-05 -1.1795733331873457 -0.9927348832175545
-1.574636 -5.181687e-05 -1.1819714065168834 -0.9947531138605897
-1.604682 -5.196608e-05 -1.1853749689776494 -0.9976175692419962
-1.634627 -5.190263e-05 -1.1839276394545906 -0.9963994893951343
-1.6645530000000002 -5.205543e-05 -1.1874130917969605 -0.9993328637150788
-1.694377 -5.189926e-05 -1.1838507678944217 -0.9963347939012979
-1.72458 -5.195494e-05 -1.1851208594286047 -0.9974037093602933
-1.754905 -5.185932e-05 -1.182939714448386 -0.9955680467132181
-1.784821 -5.177714e-05 -1.1810651432867632 -0.9939903981424523
-1.8144339999999999 -5.19543e-05 -1.1851062606753382 -0.9973914229757072
-1.8442290000000001 -5.205725e-05 -1.187454607001562 -0.9993678031212456
-1.874775 -5.175911e-05 -1.1806538690345845 -0.9936442676516892
-1.904471 -5.205453e-05 -1.1873925623001795 -0.9993155859867546
-1.934655 -5.187735e-05 -1.183350988700565 -0.9959141772039813
-1.964803 -5.214812e-05 -1.1895274018598812 -1.0011122777577204
-1.994405 -5.190706e-05 -1.1840286901998567 -0.9964845342134415
-2.02434 -5.206554e-05 -1.1876437064774668 -0.9995269501965882
-2.0545430000000002 -5.202549e-05 -1.1867301438707134 -0.9987580912861578
-2.0846729999999996 -5.209152e-05 -1.1882363246178778 -1.0000257006208826
-2.114895 -5.203383e-05 -1.186920383874217 -0.998918198235296
-2.144669 -5.195179e-05 -1.1850490061898713 -0.9973432373111584
-2.174692 -5.22802e-05 -1.192540219565249 -1.0036478803766882
-2.204923 -5.182086e-05 -1.182062420619279 -0.9948297117894939
-2.234951 -5.203309e-05 -1.1869035040657527 -0.9989039921031183
-2.264877 -5.209286e-05 -1.1882668907575293 -1.0000514252386097
-2.294783 -5.217922e-05 -1.1902368100264236 -1.0017093192587039
-2.324701 -5.223295e-05 -1.191462420984248 -1.0027407996396636
-2.3549520000000004 -5.194284e-05 -1.1848448517496606 -0.9971714199017114
-2.384692 -5.214084e-05 -1.1893613410414747 -1.0009725201330528
-2.4151170000000004 -5.228535e-05 -1.1926576939079403 -1.003746747377655
-2.444895 -5.200803e-05 -1.1863318716331626 -0.9984229033566667
-2.474745 -5.216555e-05 -1.1899249897808728 -1.001446889762934
-2.504562 -5.211815e-05 -1.1888437696170746 -1.0005369294045219
-2.534405 -5.210906e-05 -1.1886364216995868 -1.0003624243484468
-2.564691 -5.222896e-05 -1.1913714068818522 -1.002664201710759
-2.594525 -5.208405e-05 -1.1880659297945957 -0.999882295475791
-2.6246729999999996 -5.209646e-05 -1.1883490087446533 -1.0001205361519068
-2.654886 -5.225823e-05 -1.1920390717382736 -1.0032261118308166
-2.684745 -5.205989e-05 -1.187514826858786 -0.9994184844576635
-2.714516 -5.216662e-05 -1.18994939707149 -1.0014674310621638
-2.744636 -5.234683e-05 -1.1940600866436006 -1.0049270081969623
-2.774543 -5.194277e-05 -1.184843255011022 -0.9971700760783971
-2.804453 -5.205511e-05 -1.1874057924203274 -0.9993267205227857
-2.834922 -5.223541e-05 -1.1915185349421158 -1.0027880254304165
-2.865173 -5.218609e-05 -1.1903935185185184 -1.001841205918246
-2.894755 -5.206629e-05 -1.1876608143914509 -0.999541348303525
-2.924719 -5.238045e-05 -1.1948269774011298 -1.0055724273372537
-2.954783 -5.221733e-05 -1.191106120162338 -1.0024409350658576
-2.9848670000000004 -5.198201e-05 -1.1857383410706726 -0.9979233850333359
-3.0148580000000003 -5.210407e-05 -1.1885225970452122 -1.0002666289436264
-3.044766 -5.217147e-05 -1.1900600282485876 -1.001560538820356
-3.074754 -5.222741e-05 -1.191336050526285 -1.0026344456230896
-3.1046080000000003 -5.211158e-05 -1.1886939042905735 -1.0004108019877547
-3.1350160000000002 -5.221937e-05 -1.191152653688375 -1.002480097916726
-3.164886 -5.21721e-05 -1.1900743988963343 -1.001572633230183
-3.1949050000000003 -5.217804e-05 -1.1902098935750884 -1.001686666237123
-3.2247660000000002 -5.224241e-05 -1.1916782088059679 -1.0029224077618275
-3.2545900000000003 -5.225544e-05 -1.1919754302982524 -1.0031725508730112
-3.2846550000000003 -5.218092e-05 -1.1902755879647877 -1.0017419549677609
-3.314858 -5.238593e-05 -1.194951979225974 -1.0056776295052725
-3.344988 -5.198006e-05 -1.1856938604943137 -0.9978859499552999
-3.3747730000000002 -5.216966e-05 -1.1900187411495058 -1.0015257913889482
-3.404627 -5.225394e-05 -1.1919412144702841 -1.0031437546591375
-3.435127 -5.232119e-05 -1.1934752240908626 -1.0044347849144795
-3.4651729999999996 -5.230627e-05 -1.193134890655338 -1.004148358573815
-3.494951 -5.232509e-05 -1.19356418524358 -1.0045096550705515
-3.525136 -5.22607e-05 -1.1920954138016613 -1.0032735295963289
-3.554745 -5.226881e-05 -1.1922804073782096 -1.0034292211260063
-3.584646 -5.212371e-05 -1.188970596286077 -1.000643667370614
-3.615145 -5.232103e-05 -1.193471574402546 -1.004431713318333
-3.644953 -5.21912e-05 -1.1905100804391304 -1.001939305020176
-3.674997 -5.214129e-05 -1.1893716057898656 -1.000981158997215
-3.705075 -5.229484e-05 -1.1928741660462197 -1.0039289314240964
-3.734756 -5.222819e-05 -1.1913538427568284 -1.0026494196543039
-3.764701 -5.206424e-05 -1.1876140527598944 -0.9995019934778976
-3.7949319999999997 -5.217567e-05 -1.1901558325668986 -1.0016411682192026
-3.824747 -5.209768e-05 -1.1883768376180674 -1.0001439570725241
-3.854784 -5.205044e-05 -1.187299267142586 -0.9992370683102586
-3.8849050000000003 -5.219511e-05 -1.1905992696973677 -1.0020143671510071
-3.914953 -5.218099e-05 -1.1902771847034261 -1.0017432987910748
-3.9448960000000004 -5.209359e-05 -1.1882835424604739 -1.0000654393960282
-3.974701 -5.224148e-05 -1.1916569949926277 -1.0029045541092259
-4.004729 -5.232664e-05 -1.1935995415991474 -1.004539411158221
-4.034664 -5.19846e-05 -1.1857974204002977 -0.9979731064959578
-4.064766 -5.21817e-05 -1.1902933801953313 -1.0017569289989754
-4.094803 -5.225288e-05 -1.1919170352851867 -1.0031234053346667
-4.125127 -5.202271e-05 -1.186666730536212 -0.9987047223031116
-4.154941 -5.209973e-05 -1.188423599249624 -1.0001833118981516
-4.184747000000001 -5.227197e-05 -1.192352488722463 -1.0034898851499006
-4.214932 -5.22491e-05 -1.1918308113987066 -1.0030508388757047
-4.2451360000000005 -5.213827e-05 -1.1893027179228892 -1.0009231826199492
-4.274886 -5.225738e-05 -1.1920196827690914 -1.0032097939762878
-4.30484 -5.219355e-05 -1.1905636852362806 -1.0019844190885783
-4.334896 -5.243227e-05 -1.1960090202046745 -1.0065672405392139
-4.36509 -5.206361e-05 -1.1875996821121475 -0.9994898990680705
-4.3951459999999996 -5.233997e-05 -1.1939036062570256 -1.0047953135121794
-4.425099 -5.219729e-05 -1.1906489967006817 -1.0020562176485035
-4.4553400000000005 -5.203102e-05 -1.1868562862231564 -0.9988642533279725
-4.4851980000000005 -5.22539e-05 -1.1919403020482051 -1.0031429867601007
-4.515071 -5.206948e-05 -1.1877335800522635 -0.9996025882516967
-4.545303 -5.204203e-05 -1.1871074304004436 -0.9990756175378062
-4.575312 -5.208896e-05 -1.1881779296048116 -0.9999765550825378
-4.605404999999999 -5.225165e-05 -1.1918889783062527 -1.0030997924392901
-4.635122999999999 -5.220091e-05 -1.190731570898845 -1.002125712511319
-4.664886 -5.214178e-05 -1.1893827829603352 -1.000990565760414
-4.6950709999999996 -5.198078e-05 -1.1857102840917384 -0.9978997721379593
-4.725 -5.222405e-05 -1.1912594070716358 -1.0025699421040122
-4.755235 -5.220502e-05 -1.1908253222674783 -1.002204614137333
-4.785302 -5.219024e-05 -1.1904881823092308 -1.0019208754432967
-4.815151 -5.200528e-05 -1.1862691426152205 -0.998370110297898
-4.845273 -5.222051e-05 -1.1911786577176309 -1.00250198303927
-4.875293 -5.202422e-05 -1.1867011744697002 -0.9987337104917445
-4.9052169999999995 -5.225849e-05 -1.1920450024817881 -1.0032311031745547
-4.935368 -5.217166e-05 -1.1900643622534635 -1.00156418634078
-4.96517 -5.199177e-05 -1.185960972057986 -0.9981107523982746
-4.994745 -5.224104e-05 -1.1916469583497569 -1.0028961072198228
-5.024701 -5.210758e-05 -1.188602662082658 -1.0003340120840911
-5.054581 -5.206815e-05 -1.1877032420181315 -0.9995770556087286
-5.084604000000001 -5.221276e-05 -1.1910018759397947 -1.002353202600922
-5.114528 -5.216499e-05 -1.1899122158717643 -1.001436139176421
-5.144509 -5.205251e-05 -1.187346484985182 -0.9992768070854043
-5.174981 -5.219969e-05 -1.190703742025431 -1.0021022915907016
-5.204943 -5.193796e-05 -1.1847335362560036 -0.9970777362192419
-5.234488000000001 -5.218306e-05 -1.1903244025460227 -1.001783037566221
-5.264632 -5.215225e-05 -1.1896216094395538 -1.001191563333253
-5.294599 -5.212768e-05 -1.1890611541774332 -1.00071988135
-5.324923 -5.228458e-05 -1.1926401297829166 -1.0037319653211996
-5.3551459999999995 -5.222884e-05 -1.191368669615615 -1.0026618980136492
-5.384839 -5.200561e-05 -1.1862766700973737 -0.9983764454649503
-5.4142269999999995 -5.218022e-05 -1.1902596205784026 -1.0017285167346197
-5.444914 -5.195662e-05 -1.1851591811559292 -0.997435961119832
-5.474755 -5.193886e-05 -1.1847540657527849 -0.9970950139475663
-5.5048770000000005 -5.211011e-05 -1.1886603727791647 -1.0003825816981584
-5.534631999999999 -5.1973e-05 -1.185532817997343 -0.997750415775334
-5.564785 -5.218019e-05 -1.1902589362618432 -1.0017279408103423
-5.594627 -5.224158e-05 -1.1916592760478257 -1.0029064738568174
-5.624773 -5.207217e-05 -1.1877949404370864 -0.9996542294619103
-5.654604 -5.216384e-05 -1.1898859837369886 -1.0014140620791179
-5.684729 -5.209471e-05 -1.1883090902786904 -1.0000869405690542
-5.714831 -5.210349e-05 -1.1885093669250646 -1.0002554944075954
-5.744773 -5.219383e-05 -1.1905700721908348 -1.0019897943818346
-5.774546999999999 -5.206903e-05 -1.187723315303873 -0.9995939493875347
-5.804519 -5.199924e-05 -1.186131366881268 -0.9982541575433661
-5.834831 -5.202754e-05 -1.1867769055022699 -0.9987974461117852
-5.864783 -5.198357e-05 -1.1857739255317594 -0.9979533330957645
-5.894509 -5.20722e-05 -1.187795624753646 -0.9996548053861879
-5.924604 -5.206326e-05 -1.1875916984189547 -0.9994831799514999
-5.954972 -5.192728e-05 -1.1844899195608694 -0.9968727071764604
-5.98466 -5.210769e-05 -1.1886051712433756 -1.0003361238064419
-6.01459 -5.193827e-05 -1.1847406075271172 -0.9970836874367759
-6.044688 -5.212087e-05 -1.1889058143184572 -1.000589146539013
-6.0744430000000005 -5.21169e-05 -1.188815256427101 -1.0005129325596271
-6.104905 -5.211223e-05 -1.1887087311493598 -1.0004232803471
-6.134727 -5.211308e-05 -1.1887281201185418 -1.0004395982016283
-6.164726 -5.19099e-05 -1.184093472167477 -0.9965390550450427
-6.194358 -5.218398e-05 -1.190345388253843 -1.0018006992440636
-6.224189 -5.189278e-05 -1.1837029555175986 -0.996210394257363
-6.254423 -5.222956e-05 -1.1913850932130396 -1.0026757201963088
-6.284594 -5.201524e-05 -1.18649633571293 -0.99856131715802
-6.314451 -5.211457e-05 -1.1887621078409905 -1.0004682024407432
-6.344453000000001 -5.195597e-05 -1.1851443542971432 -0.9974234827604868
-6.374283 -5.212388e-05 -1.1889744740799135 -1.0006469309415198
-6.404076 -5.209234e-05 -1.1882550292705003 -1.0000414425511335
-6.434062 -5.202562e-05 -1.1867331092424707 -0.9987605869580268
-6.464192 -5.189796e-05 -1.1838211141768493 -0.9963098371826073
-6.494201 -5.220519e-05 -1.1908292000613145 -1.0022078777082388
-6.524238 -5.220335e-05 -1.1907872286456735 -1.0021725543525537
-6.554264 -5.199242e-05 -1.1859757989167725 -0.99812323075762
-6.5843490000000005 -5.210839e-05 -1.188621138629761 -1.000349562039583
-6.614255 -5.203227e-05 -1.18688479941313 -0.9988882501728672
-6.644099 -5.204036e-05 -1.1870693367786391 -0.9990435577530268
-6.674516 -5.198737e-05 -1.1858606056292793 -0.9980262835042449
-6.704164 -5.196238e-05 -1.1852905699353276 -0.9975465385811074
-6.73459 -5.1991e-05 -1.1859434079329623 -0.9980959703418194
-6.7643580000000005 -5.215012e-05 -1.1895730229638388 -1.0011506727095523
-6.794198000000001 -5.194313e-05 -1.1848514668097345 -0.9971769871697271
-6.823727 -5.205132e-05 -1.1873193404283275 -0.9992539620890646
-6.853821 -5.193019e-05 -1.1845562982671278 -0.9969285718313756
-6.884016 -5.200551e-05 -1.1862743890421756 -0.9983745257173586
-6.9144049999999995 -5.193783e-05 -1.1847305708842464 -0.9970752405473728
-6.943972 -5.199143e-05 -1.1859532164703135 -0.9981042252564634
-6.973682 -5.201375e-05 -1.1864623479904817 -0.9985327129189056
-7.003618 -5.187482e-05 -1.1832932780040586 -0.9958656075899142
-7.033692 -5.196568e-05 -1.1853658447568578 -0.9976098902516298
-7.063923 -5.203306e-05 -1.1869028197491935 -0.9989034161788409
-7.094081 -5.195937e-05 -1.185221910173871 -0.9974887541786006
-7.124015999999999 -5.190988e-05 -1.1840930159564373 -0.9965386710955244
-7.154019 -5.211116e-05 -1.1886843238587423 -1.00040273904787
-7.184 -5.190556e-05 -1.1839944743718886 -0.9964557379995679
-7.214066 -5.19425e-05 -1.1848370961619878 -0.9971648927599001
-7.244151 -5.211197e-05 -1.1887028004058455 -1.000418289003362
-7.273972 -5.201262e-05 -1.1864365720667454 -0.9985110197711204
-7.303886 -5.205186e-05 -1.187331658126396 -0.9992643287260591
-7.333981 -5.195476e-05 -1.1851167535292486 -0.9974002538146286
-7.36409 -5.192323e-05 -1.184397536825355 -0.9967949573990011
-7.393943 -5.196153e-05 -1.1852711809661456 -0.9975302207265789
-7.423748 -5.176686e-05 -1.1808306508124207 -0.9937930480900372
-7.453729 -5.204014e-05 -1.1870643184572036 -0.9990393343083251
-7.483923 -5.191997e-05 -1.184323174425904 -0.9967323736275155
-7.513692 -5.212001e-05 -1.1888861972437552 -1.0005726367097254
-7.543654999999999 -5.188152e-05 -1.183446108702317 -0.9959942306785505
-7.5736419999999995 -5.209762e-05 -1.1883754689849486 -1.0001428052239691
-7.603491 -5.190004e-05 -1.1838685601249652 -0.9963497679325122
-7.633236 -5.178522e-05 -1.1812494525467525 -0.9941455137478525
-7.663358000000001 -5.19384e-05 -1.1847435728988744 -0.9970861831086449
-7.69371 -5.178489e-05 -1.1812419250645994 -0.9941391785808003
-7.723509 -5.192172e-05 -1.1843630928918671 -0.9967659692103684
-7.753220000000001 -5.185786e-05 -1.182906411042497 -0.995540018398381
-7.783321 -5.172597e-05 -1.1798979273420047 -0.9930080632998373
-7.813396 -5.194138e-05 -1.1848115483437713 -0.9971433915868742
-7.8435749999999995 -5.185383e-05 -1.182814484518022 -0.99546265257044
-7.873183 -5.18448e-05 -1.182608505233653 -0.9952892993629198
-7.903207999999999 -5.194051e-05 -1.1847917031635498 -0.9971266897828274
-7.933146 -5.181148e-05 -1.1818484576417174 -0.9946496394654032
-7.963284 -5.193537e-05 -1.1846744569263785 -0.99702801475662
-7.993424 -5.176269e-05 -1.1807355308106686 -0.993712994615468
-8.023044 -5.189818e-05 -1.1838261324982846 -0.9963140606273088
-8.053081 -5.183167e-05 -1.1823090026861705 -0.9950372365041444
-8.083118 -5.2061e-05 -1.1875401465714828 -0.9994397936559303
-8.113038 -5.188397e-05 -1.1835019945546648 -0.9960412644945442
-8.142972 -5.19691e-05 -1.1854438568446253 -0.997675545619262
-8.172988 -5.186271e-05 -1.1830170422195945 -0.9956331261565731
-8.202943 -5.186654e-05 -1.1831044066336733 -0.9957066524893307
-8.232655000000001 -5.18759e-05 -1.1833179134001957 -0.9958863408639034
-8.262747 -5.182533e-05 -1.1821643837866245 -0.9949155245068378
-8.292905000000001 -5.179181e-05 -1.181399774084293 -0.9942720251141379
-8.322987999999999 -5.182212e-05 -1.1820911619147725 -0.994853900609148
-8.352707 -5.18011e-05 -1.1816116841121769 -0.9944503696653965
-8.382451 -5.178529e-05 -1.181251049285391 -0.9941468575711666
-8.41235 -5.192326e-05 -1.1843982211419146 -0.9967955333232787
-8.442542999999999 -5.174962e-05 -1.1804373968963051 -0.9934620836052477
-8.47271 -5.170482e-05 -1.179415484167652 -0.9926020366842168
-8.502728999999999 -5.184322e-05 -1.1825724645615265 -0.9952589673509727
-8.53272 -5.184373e-05 -1.1825840979430358 -0.9952687580636899
-8.562227 -5.175356e-05 -1.1805272704711016 -0.9935377216603561
-8.592266 -5.189696e-05 -1.1837983036248705 -0.9962906397066914
-8.622534 -5.173627e-05 -1.1801328760273873 -0.9932057973017708
-8.652463 -5.186377e-05 -1.183041221404692 -0.9956534754810437
-8.682322000000001 -5.189252e-05 -1.1836970247740841 -0.9962054029136249
-8.712095 -5.168736e-05 -1.1790172119301012 -0.9922668487547258
-8.741978999999999 -5.172734e-05 -1.179929177798216 -0.9930343638418421
-8.772146000000001 -5.174108e-05 -1.1802425947824053 -0.993298137160926
-8.801981 -5.191537e-05 -1.1842182458868011 -0.9966440652383025
-8.831783999999999 -5.17015e-05 -1.1793397531350822 -0.9925383010641762
-8.861691 -5.171528e-05 -1.179654082541351 -0.9928028422822969
-8.892035 -5.165401e-05 -1.178256480021606 -0.9916266129329315
-8.921661 -5.168854e-05 -1.1790441283814361 -0.9922895017763065
-8.951617 -5.168495e-05 -1.178962238499832 -0.9922205828377685
-8.981603999999999 -5.176989e-05 -1.1808997667849164 -0.9938512164420622
-9.011396000000001 -5.177931e-05 -1.1811146421845573 -0.9940320566651897
-9.041293 -5.164487e-05 -1.1780479915765192 -0.9914511480030606
-9.071313 -5.160946e-05 -1.1772402699309477 -0.9907713653808797
-9.101274 -5.171414e-05 -1.179628078512095 -0.9927809571597527
-9.131321 -5.168429e-05 -1.178947183535526 -0.9922079125036641
-9.161146 -5.16679e-05 -1.1785733185885925 -0.991893265873403
-9.191066000000001 -5.169195e-05 -1.179121912363684 -0.9923549651691795
-9.220996999999999 -5.156357e-05 -1.176193493700638 -0.9898903932111006
-9.251237999999999 -5.163326e-05 -1.177783161068045 -0.9912282653076775
-9.281094 -5.152264e-05 -1.175259857808143 -0.9891046405218642
-9.310461 -5.172251e-05 -1.179819002832158 -0.9929416400331684
-9.34033 -5.172018e-05 -1.1797658542460474 -0.9928969099142846
-9.370404 -5.162438e-05 -1.1775806033664724 -0.9910577917215444
-9.400461 -5.159983e-05 -1.1770206043153915 -0.9905864936878099
-9.430275 -5.153259e-05 -1.175486822800333 -0.9892956554072272
-9.460377000000001 -5.165711e-05 -1.1783271927327406 -0.9916861251082707
-9.48983 -5.16016e-05 -1.177060978992394 -0.990620473220181
-9.519941000000001 -5.148543e-05 -1.1744110771690097 -0.9883903024430349
-9.549896 -5.163187e-05 -1.177751454400794 -0.9912015808161543
-9.580164 -5.178733e-05 -1.1812975828114278 -0.994186020422035
-9.609997 -5.16911e-05 -1.179102523394502 -0.992338647314651
-9.639831000000001 -5.169285e-05 -1.179142441860465 -0.9923722428975038
-9.670108 -5.158808e-05 -1.17675258032964 -0.9903609233457986
-9.7001 -5.166415e-05 -1.1784877790186719 -0.9918212753387184
-9.729877 -5.153497e-05 -1.1755411119140424 -0.9893413453999068
-9.760024999999999 -5.152826e-05 -1.1753880531102643 -0.9892125303365114
-9.790127 -5.168593e-05 -1.1789845928407714 -0.9922393963641662
-9.820154 -5.152482e-05 -1.175309584811457 -0.9891464910193607
-9.85017 -5.162491e-05 -1.1775926929590212 -0.9910679663837798
-9.880006999999999 -5.154968e-05 -1.1758766551336515 -0.9896237402706292
-9.9101 -5.164815e-05 -1.1781228101870098 -0.9915141157240646
-9.939904 -5.172271e-05 -1.1798235649425537 -0.9929454795283515
-9.969978999999999 -5.159794e-05 -1.1769774923721514 -0.9905502104583289
-9.991991 -5.163699e-05 -1.177868244426926 -0.9912998718928436
-9.993572 -5.157992e-05 -1.1765664462254921 -0.990204271942325
-9.964986000000001 -5.154699e-05 -1.1758152947488283 -0.9895720990604155
-9.935628000000001 -5.156965e-05 -1.1763321818566694 -0.9900071138646691
-9.906287 -5.155563e-05 -1.1760123779179257 -0.9897379652523286
-9.876556 -5.193111e-05 -1.1845772839749487 -0.9969462335092184
-9.846935 -5.12253e-05 -1.1684773682827485 -0.9833964630330404
-9.816777 -5.156332e-05 -1.1761877910626433 -0.9898855938421218
-9.787175 -5.200253e-05 -1.1862064135972787 -0.9983173172391294
-9.757693999999999 -5.152736e-05 -1.1753675236134833 -0.9891952526081872
-9.727623 -4.980442e-05 -1.1360663111870246 -0.956119153453704
-9.697407 -5.233785e-05 -1.1938552478868305 -1.0047546148632378
-9.66739 -5.190855e-05 -1.1840626779223056 -0.9965131384525564
-9.637241 -5.195394e-05 -1.1850980488766258 -0.9973845118843775
-9.607807000000001 -5.165629e-05 -1.178308488080118 -0.9916703831780198
-9.577991 -5.163421e-05 -1.1778048310924245 -0.9912465029097974
-9.548056 -5.146714e-05 -1.1739938721733163 -0.9880391806085336
-9.517852999999999 -5.145912e-05 -1.1738109315464458 -0.9878852168516883
-9.487843000000002 -5.143562e-05 -1.1732748835749425 -0.9874340761676654
-9.458165999999999 -5.161642e-05 -1.1773990313727207 -0.9909049798132541
-9.428464 -5.15891e-05 -1.1767758470926581 -0.9903805047712326
-9.398704 -5.142855e-05 -1.173113612972452 -0.9872983500129403
-9.368404 -5.164625e-05 -1.1780794701382502 -0.9914776405198245
-9.338448 -5.174133e-05 -1.1802482974204003 -0.9933029365299052
-9.308806 -5.131422e-05 -1.1705056825647089 -0.9851035025914793
-9.279185 -5.169843e-05 -1.179269724740507 -0.9924793648131145
-9.248963 -5.163784e-05 -1.177887633396108 -0.9913161897473721
-9.218703999999999 -5.165285e-05 -1.1782300197813107 -0.9916043438608692
-9.188574000000001 -5.154141e-05 -1.1756880118687865 -0.9894649771448051
-9.158968000000002 -5.141663e-05 -1.1728417111928642 -0.9870695161000232
-9.129065 -5.149189e-05 -1.1745584333347932 -0.9885143181374513
-9.099223 -5.174872e-05 -1.1804168673995241 -0.9934448058769234
-9.069019 -5.155805e-05 -1.1760675794537145 -0.9897844231440451
-9.039083 -5.161753e-05 -1.1774243510854174 -0.9909262890115209
-9.009056000000001 -5.155284e-05 -1.1759487364779047 -0.9896844042945234
-8.979062 -5.141398e-05 -1.17278126323012 -0.9870186427888461
-8.949629000000002 -5.175734e-05 -1.180613494357582 -0.9936102881193182
-8.91962 -5.160557e-05 -1.17715153688375 -0.9906966871995669
-8.889563 -5.15628e-05 -1.1761759295756142 -0.9898756111546454
-8.859778 -5.195712e-05 -1.1851705864319186 -0.9974455598577898
-8.829722 -5.188759e-05 -1.1835845687528286 -0.9961107593573598
-8.799797 -5.170269e-05 -1.1793668976919371 -0.992561146060516
-8.769898 -5.152559e-05 -1.175327148936481 -0.9891612730758161
-8.73988 -5.176382e-05 -1.1807613067344047 -0.9937346877632529
-8.709980999999999 -5.15603e-05 -1.1761189031956671 -0.9898276174648558
-8.680027 -5.181498e-05 -1.1819282945736433 -0.9947168306311087
-8.650120000000001 -5.182344e-05 -1.1821212718433844 -0.9948792412773568
-8.620175 -5.16773e-05 -1.1787877377771938 -0.9920737221470122
-8.590269000000001 -5.206934e-05 -1.1877303865749866 -0.9995999006050686
-8.560103 -5.160894e-05 -1.1772284084439189 -0.9907613826934035
-8.530203 -5.155026e-05 -1.1758898852537993 -0.9896348748066605
-8.500532999999999 -5.188979e-05 -1.183634751967182 -0.9961529938043746
-8.470687 -5.193569e-05 -1.1846817563030114 -0.9970341579489128
-8.44027 -5.157362e-05 -1.1764227397480254 -0.9900833278440551
-8.410473 -5.154725e-05 -1.1758212254923428 -0.9895770904041536
-8.380436 -5.157941e-05 -1.176554812843983 -0.9901944812296078
-8.350454 -5.1504e-05 -1.174834669119257 -0.9887467995707925
-8.320463 -5.187012e-05 -1.1831860684097577 -0.9957753794531096
-8.290562 -5.188352e-05 -1.1834917298062744 -0.9960326256303821
-8.260704 -5.173663e-05 -1.1801410878260994 -0.9932127083931004
-8.230584 -5.16187e-05 -1.1774510394312325 -0.9909487500583425
-8.200806 -5.168097e-05 -1.1788714525029562 -0.9921441768836233
-8.170582999999999 -5.187202e-05 -1.1832294084585175 -0.9958118546573497
-8.140843 -5.123417e-05 -1.1686796978788012 -0.9835667446444142
-8.110731 -5.280441e-05 -1.2044977390180878 -1.0137113892265444
-8.080398 -5.155294e-05 -1.1759510175331027 -0.989686324042115
-8.050816 -5.159016e-05 -1.1768000262777556 -0.9904008540957034
-8.020944 -5.127249e-05 -1.169553798230631 -0.9843023919215101
-7.991139 -5.198449e-05 -1.1857949112395803 -0.9979709947736073
-7.960963 -5.316867e-05 -1.2128067106819078 -1.0207042618036581
-7.930769000000001 -5.201095e-05 -1.1863984784449408 -0.9984789599863411
-7.901046 -5.206348e-05 -1.1875967167403902 -0.9994874033962015
-7.870948 -5.161502e-05 -1.1773670965999503 -0.990878103346972
-7.84112 -5.170461e-05 -1.1794106939517364 -0.9925980052142744
-7.810926 -5.233671e-05 -1.1938292438575746 -1.0047327297406938
-7.780907 -5.193667e-05 -1.184704110643951 -0.9970529714753106
-7.750963 -5.157735e-05 -1.1765078231069066 -0.9901549344292213
-7.721081 -5.198021e-05 -1.1856972820771108 -0.9978888295766875
-7.691065 -5.195253e-05 -1.1850658859983356 -0.9973574434433361
-7.660769 -5.186228e-05 -1.1830072336822435 -0.9956248712419291
-7.630667000000001 -5.186171e-05 -1.1829942316676156 -0.9956139286806572
-7.601019 -5.160968e-05 -1.1772452882523832 -0.9907755888255813
-7.5710370000000005 -5.171005e-05 -1.1795347833545016 -0.9927024394832569
-7.540907 -5.095915e-05 -1.162406339873575 -0.9782870548180326
-7.5113069999999995 -5.168339e-05 -1.178926654038745 -0.9921906347753398
-7.481537 -5.17971e-05 -1.1815204419042613 -0.994373579761733
-7.451435 -5.172679e-05 -1.1799166319946275 -0.9930238052300884
-7.421713 -5.172661e-05 -1.1799125260952714 -0.9930203496844235
-7.391935999999999 -5.197631e-05 -1.185608320924393 -0.9978139594206153
-7.361861 -5.18369e-05 -1.18242830187302 -0.9951376393031844
-7.331667 -5.185193e-05 -1.1827711444692623 -0.9954261773661999
-7.301422 -5.196852e-05 -1.1854306267244776 -0.9976644110832308
-7.271646 -5.192442e-05 -1.18442468138221 -0.9968178023953411
-7.241657 -5.24463e-05 -1.1963290522489378 -1.0068365811263136
-7.211629 -5.168226e-05 -1.178900878115009 -0.9921689416275549
-7.181609000000001 -5.18928e-05 -1.1837034117286382 -0.9962107782068813
-7.151694 -5.185123e-05 -1.182755177082877 -0.9954127391330588
-7.1215649999999995 -5.271214e-05 -1.2023930093869983 -1.0119400381237875
-7.091629 -5.119492e-05 -1.1677843837136308 -0.9828132437147165
-7.061667000000001 -5.288377e-05 -1.2063079844231301 -1.0152349009152277
-7.031426000000001 -5.16845e-05 -1.1789519737514418 -0.9922119439736066
-7.001491 -5.19108e-05 -1.1841140016642577 -0.996556332773367
-6.97159 -5.1979e-05 -1.185669681309216 -0.997865600630829
-6.941778 -5.188263e-05 -1.1834714284150132 -0.9960155398768169
-6.911519 -5.206041e-05 -1.1875266883458153 -0.9994284671451399
-6.881509 -5.210442e-05 -1.1885305807384048 -1.000273348060197
-6.851259 -5.195955e-05 -1.1852260160732273 -0.9974922097242656
-6.821581 -5.170409e-05 -1.1793988324647073 -0.9925880225267981
-6.79175 -5.164002e-05 -1.1779373603994219 -0.9913580402448686
-6.761509 -5.1951e-05 -1.185030985853808 -0.9973280713051849
-6.7316840000000004 -5.177987e-05 -1.1811274160936656 -0.9940428072517026
-6.701871 -5.211437e-05 -1.1887575457305946 -1.0004643629455598
-6.671564 -5.211306e-05 -1.1887276639075022 -1.0004392142521101
-6.641712999999999 -5.200558e-05 -1.1862759857808143 -0.9983758695406729
-6.611833 -5.196916e-05 -1.1854452254777441 -0.997676697467817
-6.581917000000001 -5.2083e-05 -1.1880419787150176 -0.9998621381260792
-6.551546 -5.187572e-05 -1.1833138075008394 -0.9958828853182384
-6.521436 -5.206833e-05 -1.1877073479174878 -0.9995805111543935
-6.491537 -5.158913e-05 -1.1767765314092176 -0.9903810806955101
-6.461582999999999 -5.190295e-05 -1.1839349388312237 -0.9964056325874274
-6.431684000000001 -5.204331e-05 -1.1871366279069766 -0.9991001903069784
-6.401778 -5.196251e-05 -1.1852935353070848 -0.9975490342529765
-6.371898 -5.197402e-05 -1.1855560847603615 -0.9977699972007682
-6.341564999999999 -5.193128e-05 -1.1845811617687847 -0.9969494970801238
-6.3115559999999995 -5.193109e-05 -1.184576827763909 -0.9969458495597
-6.281574 -5.217407e-05 -1.1901193356837325 -1.0016104522577371
-6.251713 -5.199964e-05 -1.1861404911020597 -0.9982618365337325
-6.22175 -5.205101e-05 -1.187312269157214 -0.9992480108715306
-6.19187 -5.221722e-05 -1.1911036110016204 -1.0024388233435069
-6.162015 -5.202048e-05 -1.1866158630052994 -0.9986619119318193
-6.132231 -5.209761e-05 -1.188375240879429 -1.0001426132492102
-6.102019 -5.221151e-05 -1.1909733627498211 -1.0023292057560271
-6.071861 -5.194352e-05 -1.1848603629250063 -0.9971844741853343
-6.041873 -5.205055e-05 -1.1873017763033038 -0.9992391800326095
-6.0123050000000005 -5.210167e-05 -1.188467851720463 -1.0002205550014285
-5.982389 -5.194431e-05 -1.1848783832610692 -0.9971996401913076
-5.95205 -5.211167e-05 -1.1886959572402516 -1.000412529760587
-5.921977 -5.223927e-05 -1.191606583672754 -1.0028621276874516
-5.891861 -5.211764e-05 -1.1888321362355654 -1.0005271386918049
-5.861852 -5.255456e-05 -1.1987985226061695 -1.0089148998689652
-5.831986 -5.221972e-05 -1.1911606373815675 -1.0024868170332966
-5.802333 -5.286307e-05 -1.2058358059971677 -1.0148375131637692
-5.772009 -5.186838e-05 -1.1831463780493146 -0.9957419758450159
-5.742033999999999 -5.189933e-05 -1.1838523646330603 -0.9963361377246119
-5.712167 -5.210135e-05 -1.1884605523438296 -1.0002144118091354
-5.68226 -5.226002e-05 -1.1920799026263158 -1.003260475312706
-5.652342 -5.187793e-05 -1.1833642188207127 -0.9959253117400125
-5.6219719999999995 -5.167051e-05 -1.1786328541292574 -0.9919433712855434
-5.592024 -5.205791e-05 -1.1874696619658682 -0.9993804734553503
-5.562129 -5.250456e-05 -1.1976579950072264 -1.007955026073172
-5.531981 -5.171097e-05 -1.179555769062322 -0.9927201011610994
-5.502009 -5.187756e-05 -1.1833557789164804 -0.9959182086739236
-5.472019 -5.216632e-05 -1.1899425539058963 -1.0014616718193892
-5.4418239999999996 -5.221689e-05 -1.1910960835194673 -1.0024324881764546
-5.411986 -5.213022e-05 -1.1891190929794595 -1.0007686429388265
-5.382574 -5.226558e-05 -1.1922067292953182 -1.003367213278798
-5.352278 -5.226045e-05 -1.1920897111636666 -1.0032687302273497
-5.322167 -5.21166e-05 -1.1888084132615075 -1.0005071733168525
-5.291986 -5.219281e-05 -1.1905468054278165 -1.0019702129564005
-5.2623050000000005 -5.232479e-05 -1.1935573420779866 -1.0045038958277765
-5.232417000000001 -5.205608e-05 -1.1874279186557468 -0.9993453420744243
-5.2022960000000005 -5.226414e-05 -1.1921738821004686 -1.0033395689134792
-5.172324 -5.149737e-05 -1.1746834351596371 -0.9886195203054702
-5.141954 -5.234651e-05 -1.1940527872669673 -1.004920865004669
-5.111759 -5.29344e-05 -1.20746288266982 -1.016206869120848
-5.081881999999999 -5.239783e-05 -1.1952234247945224 -1.0059060794686714
-5.0524070000000005 -5.249699e-05 -1.1974853191287465 -1.0078097011804887
-5.022222 -5.210455e-05 -1.1885335461101623 -1.0002758437320662
-4.992527 -5.209949e-05 -1.188418124717149 -1.0001787045039319
-4.962552 -5.201464e-05 -1.1864826493817426 -0.9985497986724705
-4.932694000000001 -5.229355e-05 -1.1928447404341669 -1.003904166680165
-4.902528 -5.237211e-05 -1.194636737397626 -1.0054123203881153
-4.873033 -5.243674e-05 -1.19611098337202 -1.0066530532565579
-4.842574 -5.179739e-05 -1.181527056964335 -0.9943791470297485
-4.812352 -5.263268e-05 -1.2005804829267581 -1.0104146066875128
-4.782426 -5.241133e-05 -1.195531367246237 -1.0061652453935357
-4.752426000000001 -5.211806e-05 -1.1888417166673966 -1.0005352016316895
-4.722477 -5.237998e-05 -1.1948162564416998 -1.0055634045235733
-4.692444 -5.241258e-05 -1.1955598804362106 -1.0061892422384306
-4.662435 -5.21394e-05 -1.1893284938466253 -1.0009448757677342
-4.632194 -5.248338e-05 -1.1971748675163139 -1.007548423533274
-4.602398 -5.270681e-05 -1.202271429144951 -1.011837715577156
-4.5725050000000005 -5.218888e-05 -1.1904571599585394 -1.0018947668760512
-4.54262 -5.20832e-05 -1.1880465408254135 -0.9998659776212625
-4.51237 -5.23066e-05 -1.193142418137491 -1.004154693740867
-4.4823059999999995 -5.230407e-05 -1.1930847074409845 -1.0041061241267997
-4.4525619999999995 -5.224246e-05 -1.1916793493335667 -1.0029233676356233
-4.4226019999999995 -5.211243e-05 -1.1887132932597555 -1.0004271198422832
-4.392582999999999 -5.224539e-05 -1.191746184250865 -1.0029796162400568
-4.362305 -5.250711e-05 -1.1977161619147723 -1.0080039796367573
-4.332417 -5.248748e-05 -1.1972683907794273 -1.007627133184529
-4.302448 -5.214299e-05 -1.1894103837282295 -1.001013794706272
-4.2726109999999995 -5.26719e-05 -1.201475112775369 -1.011167531692933
-4.242389 -5.229411e-05 -1.192857514343275 -1.0039149172666777
-4.212454 -5.249876e-05 -1.197525693805749 -1.00784368071286
-4.182121 -5.232252e-05 -1.1935055621249944 -1.0044603175574476
-4.152448000000001 -5.214355e-05 -1.1894231576373377 -1.0010245452927848
-4.122769 -5.235104e-05 -1.1941561190674315 -1.005007829570568
-4.092315 -5.25068e-05 -1.197709090643659 -1.0079980284192236
-4.061981 -5.237939e-05 -1.1948027982160323 -1.005552078012783
-4.032109 -5.218876e-05 -1.1904544226923022 -1.0018924631789414
-4.002148 -5.261975e-05 -1.2002855424896715 -1.0101663833239207
-3.972176 -5.237178e-05 -1.1946292099154732 -1.0054059852210633
-3.941935 -5.2422e-05 -1.1957747558358514 -1.006370082461558
-3.912093 -5.250666e-05 -1.1977058971663819 -1.0079953407725952
-3.882148 -5.222948e-05 -1.1913832683688812 -1.0026741843982352
-3.852176 -5.248716e-05 -1.1972610914027941 -1.007620989992236
-3.822046 -5.228343e-05 -1.1926138976481406 -1.0037098882238962
-3.792222 -5.262508e-05 -1.2004071227317186 -1.0102687058705522
-3.762213 -5.222123e-05 -1.1911950813150556 -1.0025158052219294
-3.7324070000000003 -5.238351e-05 -1.1948967776901853 -1.0056311716135562
-3.702176 -5.285077e-05 -1.2055552362078277 -1.014601384210004
-3.672185 -5.221767e-05 -1.191113875750011 -1.0024474622076691
-3.642315 -5.250402e-05 -1.1976456773091577 -1.0079446594361774
-3.612176 -5.264819e-05 -1.20093427458795 -1.0107123595389678
-3.581917 -5.246293e-05 -1.1967083917283463 -1.0071558351507943
-3.552137 -5.224807e-05 -1.1918073165301681 -1.0030310654755112
-3.5222040000000003 -5.24267e-05 -1.1958819654301522 -1.0064603105983625
-3.4924540000000004 -5.253219e-05 -1.1982882505584023 -1.0084854523327274
-3.462287 -5.237494e-05 -1.1947012912597264 -1.0054666492449573
-3.4321669999999997 -5.243994e-05 -1.1961839771383524 -1.0067144851794887
-3.402176 -5.232131e-05 -1.1934779613571 -1.0044370886115892
-3.3721750000000004 -5.231577e-05 -1.1933515908991372 -1.0043307345950154
-3.342176 -5.24132e-05 -1.1955740229784375 -1.0062011446734984
-3.3123240000000003 -5.25272e-05 -1.1981744259040277 -1.0083896569279072
-3.282129 -5.238946e-05 -1.1950325004744595 -1.0057453965952559
-3.251833 -5.255189e-05 -1.1987376184323857 -1.0088636426082698
-3.222335 -5.23312e-05 -1.193703557716171 -1.0046269516483972
-3.192278 -5.24729e-05 -1.1969358129315757 -1.0073472339856755
-3.162083 -5.254289e-05 -1.1985323234645762 -1.0086908653250273
-3.132194 -5.245494e-05 -1.1965261354180352 -1.0070024473182266
-3.102167 -5.27344e-05 -1.2029007722740477 -1.0123673739376748
-3.072111 -5.237501e-05 -1.194702887998365 -1.0054679930682715
-3.042018 -5.259269e-05 -1.1996682889531234 -1.0096468996256374
-3.0120430000000002 -5.237096e-05 -1.1946105052628504 -1.0053902432908122
-2.982389 -5.230812e-05 -1.1931770901764989 -1.0041838739042592
-2.952065 -5.279724e-05 -1.2043341873603992 -1.0135737433242278
-2.922 -5.318462e-05 -1.2131705389859706 -1.0210104615445161
-2.892 -5.234298e-05 -1.1939722660184822 -1.0048530979146864
-2.86226 -5.249088e-05 -1.1973459466561556 -1.007692404602643
-2.832481 -5.259744e-05 -1.199776639075023 -1.0097380876362376
-2.801852 -5.244815e-05 -1.1963712517700988 -1.006872096456758
-2.77187 -5.250057e-05 -1.1975669809048306 -1.0078784281442676
-2.741917 -5.246913e-05 -1.1968498171506152 -1.0072748595014729
-2.712062 -5.238212e-05 -1.1948650710229347 -1.0056044871220333
-2.682204 -5.249442e-05 -1.1974266960101607 -1.007760363667385
-2.6519899999999996 -5.269062e-05 -1.2019021263084133 -1.0115269084420782
-2.621963 -5.244597e-05 -1.1963215247667847 -1.006830245959261
-2.5918699999999997 -5.247175e-05 -1.1969095807968 -1.0073251568883723
-2.561842 -5.241407e-05 -1.1955938681586593 -1.0062178464775453
-2.532139 -5.24082e-05 -1.1954599702185433 -1.006105157293919
-2.502064 -5.236318e-05 -1.194433039168455 -1.0052408869281868
-2.471815 -5.231269e-05 -1.1932813343990423 -1.0042716063691945
-2.442109 -5.285507e-05 -1.205653321581337 -1.0146839333564424
-2.41225 -5.249005e-05 -1.197327013898013 -1.0076764706976327
-2.382444 -5.233977e-05 -1.19389904414663 -1.0047914740169963
-2.352176 -5.251301e-05 -1.1978507441714477 -1.008117244744661
-2.3217130000000004 -5.2294e-05 -1.1928550051825573 -1.003912805544327
-2.2916570000000003 -5.215608e-05 -1.1897089738536328 -1.0012650896660107
-2.2618240000000003 -5.226992e-05 -1.1923057270909063 -1.0034505303242731
-2.232 -5.211144e-05 -1.1886907108132965 -1.0004081143411263
-2.201954 -5.20487e-05 -1.1872595767821428 -0.999203664702165
-2.171833 -5.235533e-05 -1.194253976335421 -1.0050901867422473
-2.141854 -5.21981e-05 -1.1906674732477844 -1.0020717676039954
-2.112 -5.237766e-05 -1.194763335961109 -1.0055188663794485
-2.081954 -5.240034e-05 -1.1952806792799895 -1.0059542651332203
-2.051777 -5.217492e-05 -1.1901387246529145 -1.0016267701122656
-2.021676 -5.231921e-05 -1.1934300591979445 -1.0043967739121662
-1.99175 -5.232359e-05 -1.193529969415612 -1.0044808588566776
-1.9619259999999998 -5.258153e-05 -1.1994137231930393 -1.0094326557944162
-1.932185 -5.227477e-05 -1.1924163582680039 -1.003543638082465
-1.9019949999999999 -5.246841e-05 -1.1968333935531905 -1.0072610373188133
-1.872139 -5.239903e-05 -1.195250797456897 -1.0059291164397706
-1.8418240000000001 -5.23972e-05 -1.1952090541467757 -1.0058939850588444
-1.811722 -5.232002e-05 -1.1934485357450473 -1.0044123238676579
-1.781546 -5.239073e-05 -1.1950614698754725 -1.0057697773896688
-1.751666 -5.223901e-05 -1.1916006529292398 -1.0028571363437135
-1.721731 -5.259856e-05 -1.1998021868932391 -1.0097595888092634
-1.691815 -5.239516e-05 -1.1951625206207388 -1.0058548222079762
-1.661824 -5.218498e-05 -1.190368198805822 -1.0018198967199794
-1.632 -5.23419e-05 -1.1939476306223449 -1.0048323646406971
-1.6020830000000001 -5.232775e-05 -1.1936248613118439 -1.0045607203564875
-1.571796 -5.245933e-05 -1.1966262737412225 -1.0070867242374975
-1.541555 -5.215011e-05 -1.1895727948583192 -1.001150480734793
-1.511491 -5.254183e-05 -1.1985081442794785 -1.0086705160005562
-1.481646 -5.225966e-05 -1.1920716908276032 -1.0032535642213762
-1.4518330000000002 -5.211578e-05 -1.1887897086088848 -1.0004914313866013
-1.421546 -5.236653e-05 -1.194509454517584 -1.0053051984725048
-1.391546 -5.231906e-05 -1.1934266376151477 -1.0043938942907789
-1.3616089999999998 -5.231376e-05 -1.1933057416896595 -1.0042921476684246
-1.331731 -5.222549e-05 -1.1912922542664854 -1.002597586469331
-1.301778 -5.230095e-05 -1.1930135385188105 -1.0040462280019424
-1.272046 -5.231983e-05 -1.1934442017401714 -1.004408676347234
-1.24199 -5.223746e-05 -1.1915652965736727 -1.0028273802560441
-1.211916 -5.228832e-05 -1.1927254412473174 -1.0038037638811248
-1.1817870000000001 -5.226917e-05 -1.1922886191769224 -1.0034361322173362
-1.151694 -5.237589e-05 -1.1947229612841064 -1.0054848868470774
-1.1219860000000001 -5.192072e-05 -1.184340282339888 -0.9967467717344524
-1.091972 -5.214441e-05 -1.1894427747120397 -1.0010410551220728
-1.061694 -5.215629e-05 -1.1897137640695485 -1.0012691211359532
-1.031611 -5.235224e-05 -1.1941834917298062 -1.0050308665416672
-1.00175 -5.207566e-05 -1.1878745492634928 -0.9997212286528567
-0.9717034 -5.2209e-05 -1.1909161082643542 -1.0022810200914785
-0.9416663999999999 -5.196996e-05 -1.1854634739193273 -0.9976920554485497
-0.9114812 -5.175657e-05 -1.1805959302325582 -0.993595506062863
-0.8813793 -5.182156e-05 -1.1820783880056642 -0.994843150022635
-0.851546 -5.1992e-05 -1.1859662184849413 -0.9981151678177352
-0.8216463 -5.185045e-05 -1.1827373848523335 -0.9953977651018443
-0.791796 -5.201762e-05 -1.18655062482664 -0.9986070071507
-0.7616108 -5.165251e-05 -1.1782222641936377 -0.9915978167190578
-0.7312497 -5.175966e-05 -1.180666414838173 -0.993654826263443
-0.7014163999999999 -5.180675e-05 -1.1817405637308576 -0.9945588354043212
-0.6715460000000001 -5.176904e-05 -1.1808803778157346 -0.9938348985875338
-0.6413608000000001 -5.150891e-05 -1.1749466689294734 -0.9888410591775394
-0.6115330999999999 -5.200944e-05 -1.1863640345114528 -0.9984499717977081
-0.5817496999999999 -5.130347e-05 -1.1702604691309362 -0.9848971297253837
-0.5517960000000001 -5.14233e-05 -1.1729938575745629 -0.9871975632643819
-0.5216942 -5.123158e-05 -1.1686206185491759 -0.983517023181792
-0.49168490000000004 -5.134578e-05 -1.1712255835851617 -0.985709374931384
-0.4613609 -5.079268e-05 -1.1586090672856537 -0.9750912510023182
-0.4313886 -4.928714e-05 -1.1242668688593995 -0.9461886831119446
-0.4011849 -4.615675e-05 -1.0528609450502926 -0.8860930964796749
-0.37119420000000003 -3.963871e-05 -0.9041808548299974 -0.7609631805610199
-0.3415182 -3.158644e-05 -0.7205041314471745 -0.6063799211679649
-0.3113539 -2.544434e-05 -0.5803994401378122 -0.48846710434512075
-0.2815182 -2.166898e-05 -0.49428139461889953 -0.41598972167139464
-0.2513238 -1.834348e-05 -0.41842490401319726 -0.3521485155131803
-0.2212497 -1.58565e-05 -0.3616955174528095 -0.30440477685993844
-0.1914199 -1.353311e-05 -0.30869770909064365 -0.2598015532917732
-0.1615923 -1.148645e-05 -0.262012264777588 -0.2205108472338057
-0.13137010000000002 -9.910232e-06 -0.22605786215857165 -0.19025144014065032
-0.10139790000000001 -7.901422e-06 -0.18023579723791588 -0.15168735854609836
-0.07144415 -6.30014e-06 -0.14370967094410136 -0.12094678591658768
-0.04128675 -4.513982e-06 -0.10296642104264296 -0.08665706072965527
-0.01126823 -3.035579e-06 -0.0692432325654389 -0.05827545474321036
0.018768809999999997 -1.374401e-06 -0.031350845450298544 -0.026385030096242948
0.04885371 1.301814e-07 0.0029695095913808956 0.002499154291193794
0.07825955999999999 1.643226e-06 0.03748289208601585 0.031545791559325784
0.1085929 3.140655e-06 0.0716400741251697 0.06029264872254596
0.1386669 4.275241e-06 0.09752060705265769 0.08207383613202536
0.1689198 5.420282e-06 0.12363962430108469 0.10405573315220516
0.1987405 1.113311e-05 0.25395238434137724 0.2137276110936934
0.2285651 8.243515e-06 0.18803912739602036 0.1582546806745849
0.2587318 9.94432e-06 0.22683542825442707 0.19090584369967037
0.2888151 1.112975e-05 0.25387574088672826 0.2136631075746161
0.3187122 1.250315e-05 0.28520375297449596 0.24002892099746725
0.34874099999999997 1.378318e-05 0.31440194382399744 0.26460226609405396
0.37887990000000005 1.510432e-05 0.34453787646534983 0.2899648194255419
0.4090281 1.647555e-05 0.3758163896553234 0.31628897432565567
0.43863670000000005 1.817626e-05 0.4146105235112922 0.3489383135905292
0.4685744 1.958169e-05 0.4466691575789427 0.3759190221669655
0.4988429 2.076056e-05 0.47355983299026255 0.3985503505999031
0.5289764 2.221785e-05 0.506801422283537 0.42652664027733633
0.5590837000000001 2.351381e-05 0.5363629852260616 0.45140580116526274
0.5890096 2.546195e-05 0.58080113395816 0.48880517189599915
0.6192689 2.7001e-05 0.615907713981226 0.5183510472043137
0.6492226000000001 2.869139e-05 0.6544664429407728 0.5508022685177353
0.6791368 3.075223e-05 0.7014753408808888 0.5903651947841898
0.7089078 3.27564e-05 0.7471915648403625 0.628840200090492
0.7391022 3.493021e-05 0.7967773708375305 0.6705718652111621
0.7692411 3.760568e-05 0.8578063183404137 0.7219341360997856
0.7991273999999999 3.991291e-05 0.9104355081826012 0.7662271284571506
0.8290189 4.235921e-05 0.9662369614884889 0.8131899137901349
0.8589633 4.494143e-05 1.0251388250193434 0.862762020049604
0.88888 4.714576e-05 1.075420809062906 0.9050795921352262
0.9189077 4.863871e-05 1.1094758226397463 0.933740463803819
0.9493707 4.939653e-05 1.126762115140367 0.9482886950023812
0.9791179 5.00523e-05 1.1417205908115446 0.960877823783729
1.008815 5.046452e-05 1.1511235565482707 0.9687914073057674
1.039028 5.078757e-05 1.1584925053650417 0.9749931519003882
1.0691300000000001 5.152288e-05 1.175265332340618 0.989109247916084
1.099324 5.137613e-05 1.1719178838377202 0.9862920183254306
1.129389 5.131237e-05 1.1704634830435479 0.985067987261035
1.15951 5.14321e-05 1.1731945904319772 0.9873665010524417
1.189146 5.154935e-05 1.1758691276514985 0.989617405103577
1.219019 5.148014e-05 1.1742904093490416 0.9882887477954398
1.248991 5.191179e-05 1.184136584110717 0.9965753382745237
1.279037 5.193092e-05 1.1845729499700726 0.9969425859887944
1.309213 5.212572e-05 1.1890164454955547 1.0006822542972051
1.339005 5.224234e-05 1.1916766120673294 1.0029210639385133
1.3689259999999999 5.238507e-05 1.1949323621512722 1.005661119675985
1.398723 5.244718e-05 1.1963491255346794 1.0068534749051197
1.42901 5.246284e-05 1.1967063387786683 1.007154107377962
1.459093 5.259529e-05 1.1997275963882685 1.0096968130630186
1.4889539999999999 5.270551e-05 1.2022417754273784 1.0118127588584653
1.519269 5.273556e-05 1.2029272325143432 1.012389643009737
1.549352 5.259636e-05 1.1997520036788858 1.0097173543622484
1.579231 5.241809e-05 1.1956855665776143 1.006295020330727
1.609387 5.254699e-05 1.1986258467276896 1.0087695749762824
1.639612 5.261327e-05 1.2001377301128482 1.0100419836799857
1.66926 5.271789e-05 1.2025241700608766 1.0120504236103036
1.6993800000000001 5.253104e-05 1.1982620184236266 1.0084633752354242
1.7294200000000002 5.293228e-05 1.2074145242996246 1.0161661704719063
1.7591389999999998 5.282029e-05 1.204859970583512 1.0140162451440884
1.789231 5.270211e-05 1.2021642195506503 1.0117474874403514
1.819408 5.253458e-05 1.1983427677776317 1.0085313343001663
1.849335 5.272543e-05 1.2026961616227974 1.0121951725787093
1.879439 5.25822e-05 1.1994290062628652 1.00944551810328
1.909593 5.272821e-05 1.2027595749572986 1.0122485415617555
1.9395419999999999 5.261983e-05 1.2002873673338297 1.0101679191219939
1.969231 5.266908e-05 1.2014107870187887 1.0111133948108504
1.999315 5.261515e-05 1.2001806139505686 1.0100780749347076
2.02926 5.289833e-05 1.2066401060599423 1.0155144161645626
2.0591950000000003 5.265021e-05 1.2009803519029474 1.0107511384403178
2.0893710000000003 5.333275e-05 1.2165494660505993 1.0238541836519335
2.119156 5.306981e-05 1.2105516595132775 1.0188063993346155
2.1490929999999997 5.269837e-05 1.2020789080862493 1.0116756888804261
2.179195 5.277152e-05 1.2037474999635032 1.0130799842436717
2.20959 5.253952e-05 1.1984554519044073 1.0086261698311907
2.239556 5.272394e-05 1.202662173900349 1.0121665683395948
2.269519 5.278024e-05 1.2039464079767588 1.0132473862336582
2.299612 5.283854e-05 1.2052762631571263 1.014366599079553
2.329429 5.275663e-05 1.2034078508445378 1.0127941338272843
2.35942 5.274479e-05 1.203137773909108 1.0125668357124407
2.389627 5.257234e-05 1.1992040942203535 1.0092562309907493
2.419552 5.270412e-05 1.2022100687601278 1.0117860743669422
2.449371 5.264073e-05 1.2007641078701878 1.0105691463686355
2.479408 5.290874e-05 1.2068775639060423 1.0157142618888468
2.509352 5.276255e-05 1.2035428893122526 1.0129077828847062
2.5395100000000004 5.25888e-05 1.1995795559059257 1.0095722214443246
2.569297 5.269788e-05 1.2020677309157797 1.0116662821172273
2.599297 5.270563e-05 1.2022445126936159 1.0118150625555753
2.629038 5.288231e-05 1.2062746810172411 1.0152068726003907
2.6594729999999998 5.259083e-05 1.1996258613264426 1.0096111923204338
2.689297 5.273885e-05 1.2030022792303536 1.0124528027055004
2.719344 5.276538e-05 1.2036074431743529 1.0129621117415484
2.749269 5.25709e-05 1.199171247025504 1.0092285866254307
2.779528 5.264818e-05 1.2009340464824303 1.0107121675642088
2.809556 5.266957e-05 1.2014219641892583 1.0111228015740492
2.8394009999999996 5.278795e-05 1.2041222773325158 1.0133953987729694
2.869574 5.283049e-05 1.2050926382136966 1.0142120593984303
2.899889 5.283247e-05 1.2051378031066147 1.0142500704007438
2.929815 5.289686e-05 1.2066065745485335 1.0154861958749664
2.959917 5.273346e-05 1.2028793303551877 1.0123493283103138
2.989908 5.274368e-05 1.2031124541964116 1.012545526514174
3.019843 5.284906e-05 1.205516230163944 1.014568556526188
3.049533 5.278854e-05 1.2041357355581834 1.0134067252837597
3.079556 5.284676e-05 1.2054637658943925 1.0145244023315814
3.1097689999999996 5.281186e-05 1.2046676776303302 1.0138544104221177
3.139712 5.272884e-05 1.202773945605045 1.0122606359715824
3.169788 5.266276e-05 1.201266624330282 1.010992066763062
3.199658 5.272003e-05 1.2025729846421116 1.0120915062087639
3.2296579999999997 5.272866e-05 1.202769839705689 1.0122571804259175
3.259599 5.257214e-05 1.1991995321099578 1.0092523914955662
3.2895100000000004 5.27356e-05 1.2029281449364224 1.0123904109087738
3.319908 5.273878e-05 1.2030006824917152 1.0124514588821862
3.3497779999999997 5.267584e-05 1.2015649863501656 1.0112431697480415
3.379871 5.269366e-05 1.2019714703864288 1.0115852687688622
3.409973 5.263166e-05 1.2005572161637394 1.0103950252620786
3.440158 5.265449e-05 1.2010779810654169 1.0108333036372377
3.470158 5.260877e-05 1.2000350826289434 1.0099555950383643
3.500204 5.257415e-05 1.1992453813194353 1.009290978422157
3.529967 5.27854e-05 1.2040641104249696 1.0133464452093839
3.5596579999999998 5.282637e-05 1.2049986587395436 1.014132965797657
3.589908 5.261521e-05 1.2001819825836872 1.0100792267832626
3.620121 5.259972e-05 1.1998286471335349 1.0097818578813258
3.650165 5.272776e-05 1.2027493102089082 1.0122399026975935
3.679852 5.277557e-05 1.2038398826990173 1.0131577340211309
3.709806 5.252223e-05 1.198061057460693 1.0082942454726054
3.739843 5.259177e-05 1.1996473032453028 1.0096292379477947
3.769982 5.279899e-05 1.2043741058263624 1.0136073389070805
3.799982 5.265187e-05 1.2010182174192323 1.0107830062503382
3.829788 5.241414e-05 1.1955954648972977 1.0062191903008593
3.859732 5.261237e-05 1.2001172006160672 1.0100247059516614
3.889889 5.261603e-05 1.20020068723631 1.0100949687135135
3.9200749999999998 5.254837e-05 1.1986573252894202 1.008796067493046
3.950056 5.256493e-05 1.1990350680301902 1.0091139776942128
3.980241 5.253998e-05 1.1984659447583177 1.008635000670112
4.010037 5.246843e-05 1.1968338497642301 1.0072614212683317
4.039648000000001 5.252141e-05 1.1980423528080704 1.0082785035423545
4.070195 5.245728e-05 1.1965795121096658 1.0070473694118698
4.100537999999999 5.259133e-05 1.1996372666024322 1.0096207910583919
4.130109 5.271449e-05 1.2024466141841486 1.0119851521921897
4.160102 5.249461e-05 1.1974310300150366 1.007764011187809
4.189732 5.255012e-05 1.1986972437553831 1.0088296630758988
4.219936 5.230653e-05 1.1931408213988526 1.0041533499175528
4.25039 5.233267e-05 1.1937370892275798 1.0046551719379937
4.280145999999999 5.260769e-05 1.2000104472328061 1.0099348617643753
4.309982 5.255798e-05 1.1988765346939372 1.0089805552365976
4.3400929999999995 5.258684e-05 1.199534847224047 1.0095345943915295
4.370112 5.244852e-05 1.1963796916743308 1.0068791995228468
4.400278 5.254164e-05 1.1985038102746026 1.0086668684801323
4.430411 5.261163e-05 1.2001003208076029 1.0100104998194837
4.460297 5.244339e-05 1.1962626735426793 1.0067807164713982
4.490158 5.251701e-05 1.1979419863793632 1.0081940346483245
4.52026 5.248905e-05 1.1973042033460342 1.0076572732217168
4.5503350000000005 5.248459e-05 1.1972024682842084 1.007571652479132
4.580205 5.245993e-05 1.1966399600724096 1.0070982427230466
4.6102229999999995 5.242091e-05 1.1957498923341945 1.0063491572128096
4.640325 5.262906e-05 1.2004979087285945 1.0103451118246973
4.670203000000001 5.230524e-05 1.1931113957867996 1.0041285851736212
4.700649 5.252715e-05 1.1981732853764289 1.0083886970541114
4.730382 5.250653e-05 1.1977029317946246 1.007992845100726
4.760260000000001 5.230637e-05 1.193137171710536 1.0041502783214065
4.790556 5.243529e-05 1.1960779080716506 1.00662521691648
4.820411 5.222981e-05 1.1913907958510341 1.0026805195652875
4.850435999999999 5.239555e-05 1.1951714167360108 1.0058623092235834
4.880485999999999 5.219054e-05 1.1904950254748243 1.0019266346860716
4.9103710000000005 5.247716e-05 1.1970329858830056 1.0074290152330772
4.9404449999999995 5.249828e-05 1.197514744740799 1.0078344659244203
4.970343 5.236521e-05 1.194479344588972 1.0052798578042959
5.000325 5.252782e-05 1.1981885684462545 1.008401559362975
5.030353 5.248693e-05 1.1972558449758393 1.0076165745727754
5.060156 5.219862e-05 1.1906793347348137 1.0020817502914718
5.089917000000001 5.239037e-05 1.19505325807676 1.005762866298339
5.1202879999999995 5.233261e-05 1.1937357205944614 1.0046540200894387
5.150156 5.235153e-05 1.194167296237901 1.0050172363337668
5.180464 5.247135e-05 1.1969004565760084 1.007317477898006
5.210524 5.223863e-05 1.1915919849194878 1.0028498413028657
5.240399 5.24211e-05 1.1957542263390706 1.0063528047332337
5.270411 5.248815e-05 1.1972836738492534 1.0076399954933926
5.300297 5.236828e-05 1.1945493729835472 1.0053387940553578
5.3305739999999995 5.224683e-05 1.1917790314457144 1.0030072606053757
5.360505 5.214526e-05 1.1894621636812217 1.0010573729766012
5.390391999999999 5.232804e-05 1.1936314763719178 1.0045662876245032
5.420287999999999 5.229071e-05 1.1927799584665468 1.0038496458485637
5.450667 5.2432e-05 1.1960028613556404 1.0065620572207168
5.480571 5.224277e-05 1.1916864206046802 1.0029293188531572
5.510608 5.232713e-05 1.193610718769617 1.0045488179214197
5.54009 5.225786e-05 1.1920306318340412 1.0032190087647277
5.57025 5.220649e-05 1.1908588537788873 1.0022328344269298
5.600435999999999 5.240465e-05 1.1953789927590184 1.0060370062544177
5.6306840000000005 5.234223e-05 1.1939551581044978 1.0048386998077492
5.660693 5.214079e-05 1.189360200513876 1.000971560259257
5.69076 5.208599e-05 1.1881101822654345 0.9999195385790677
5.720658 5.202193e-05 1.1866489383056686 0.9986897482718973
5.749682 5.210732e-05 1.1885967313391437 1.000329020740353
5.780112 5.215469e-05 1.1896772671863822 1.0012384051744878
5.810288 5.222151e-05 1.1912014682696097 1.002521180515186
5.840547 5.223771e-05 1.1915709992116672 1.0028321796250228
5.870621 5.202961e-05 1.1868241233448664 0.9988371848869312
5.900797 5.226891e-05 1.1922826884334077 1.0034311408735979
5.9305 5.207861e-05 1.1879418403918305 0.9997778612068086
5.960884 5.22099e-05 1.1909366377611352 1.0022982978198027
5.990952 5.2094e-05 1.1882928947867852 1.0000733103611537
6.021095999999999 5.226044e-05 1.192089483058147 1.0032685382525908
6.051048 5.225598e-05 1.191987747996321 1.0031829175100058
6.081211000000001 5.204153e-05 1.1870960251244544 0.9990660187998484
6.11122 5.210181e-05 1.18847104519774 1.0002232426480566
6.140939 5.232981e-05 1.1936718510489204 1.0046002671568743
6.1707600000000005 5.213567e-05 1.1892434104877443 1.000873269182568
6.200722 5.198015e-05 1.1856959134439917 0.9978876777281322
6.230797 5.211332e-05 1.188733594651017 1.0004442055958482
6.260816 5.213928e-05 1.189325756580388 1.0009425720706242
6.290926000000001 5.219144e-05 1.1905155549716053 1.0019439124143956
6.320871 5.203868e-05 1.1870310150513146 0.9990113059934881
6.350666 5.21333e-05 1.1891893494795542 1.0008277711646472
6.38063 5.205973e-05 1.1875111771704696 0.999415412861517
6.410603 5.199872e-05 1.1861195053942393 0.9982441748558899
6.440843 5.208961e-05 1.188192756463598 0.999989033441883
6.4709200000000004 5.21593e-05 1.1897824238310046 1.0013269055384597
6.500455 5.213675e-05 1.1892680458838816 1.0008940024565571
6.53063 5.220073e-05 1.190727464999489 1.0021222569656543
6.560955 5.205852e-05 1.1874835764025753 0.9993921839156589
6.590656 5.195022e-05 1.1850131936232644 0.9973130972739704
6.62089 5.201125e-05 1.1864053216105344 0.9984847192291159
6.65088 5.195441e-05 1.1851087698360558 0.9973935346980579
6.680675 5.202066e-05 1.1866199689046555 0.9986653674774841
6.710686 5.191904e-05 1.1843019606125635 0.9967145199749137
6.740862 5.195809e-05 1.185192712667338 0.9974641814094283
6.770982 5.187785e-05 1.1833623939765543 0.9959237759419391
6.801075 5.183475e-05 1.1823792591862654 0.9950963647299653
6.830814999999999 5.210627e-05 1.1885727802595656 1.0003088633906414
6.861029 5.19268e-05 1.1844789704959195 0.9968634923880209
6.890863 5.16714e-05 1.1786531555205186 0.9919604570391086
6.920769 5.188379e-05 1.1834978886553087 0.9960378089488794
6.950723 5.214522e-05 1.1894612512591423 1.0010566050775642
6.980639 5.185188e-05 1.1827700039416633 0.9954252174924042
7.010770000000001 5.200334e-05 1.1862248901443815 0.9983328671946212
7.040908 5.189726e-05 1.183805146790464 0.9962963989494662
7.071014 5.177216e-05 1.1809515467379086 0.9938947947123913
7.101137 5.190629e-05 1.1840111260748332 0.9964697521569864
7.131166 5.191436e-05 1.1841952072293027 0.9966246757876276
7.160863 5.196581e-05 1.185368810128615 0.9976123859234989
7.190684 5.172724e-05 1.179926896743018 0.9930324440942504
7.221269 5.180656e-05 1.1817362297259812 0.994555187883897
7.251464 5.175748e-05 1.1806166878348587 0.9936129757659463
7.281411 5.190022e-05 1.1838726660243215 0.9963532234781771
7.311149 5.200333e-05 1.186224662038862 0.9983326752198621
7.34142 5.175244e-05 1.1805017226528853 0.9935162204873302
7.37126 5.183034e-05 1.1822786646520387 0.9950117038611764
7.401223 5.179667e-05 1.1815106333669105 0.9943653248470892
7.431203 5.191198e-05 1.1841409181155926 0.9965789857949476
7.460939000000001 5.180654e-05 1.1817357735149419 0.9945548039343789
7.491062 5.169265e-05 1.1791378797500693 0.9923684034023207
7.520986 5.193975e-05 1.1847743671440458 0.9971120997011312
7.551324999999999 5.184314e-05 1.182570639717368 0.9952574315528995
7.581081 5.164897e-05 1.1781415148396326 0.9915298576543157
7.611121 5.164612e-05 1.178076504766493 0.9914751448479554
7.641062 5.162133e-05 1.1775110311829369 0.9909992394200011
7.671043 5.162967e-05 1.1777012711864407 0.9911593463691394
7.701204 5.160096e-05 1.1770463802391276 0.9906081868355949
7.731005 5.192766e-05 1.1844985875706213 0.9968800022173084
7.761203 5.14694e-05 1.1740454240207885 0.9880825669041033
7.790760000000001 5.159361e-05 1.176878722682083 0.9904670853876133
7.821118 5.176644e-05 1.1808210703805895 0.9937849851501525
7.851204 5.1779e-05 1.1811075709134438 0.9940261054476557
7.881081 5.16136e-05 1.1773347056161403 0.9908508429311714
7.911099 5.161764e-05 1.177426860246135 0.9909284007338716
7.941056 5.163508e-05 1.1778246762726463 0.9912632047138442
7.971121 5.155264e-05 1.175944174367509 0.9896805647993403
8.001231 5.14351e-05 1.1732630220879137 0.9874240934801893
8.031205 5.182396e-05 1.1821331333304135 0.9948892239648331
8.061279 5.172113e-05 1.1797875242704272 0.9929151475164045
8.091344 5.181098e-05 1.181837052365728 0.9946400407274452
8.121212 5.159254e-05 1.1768543153914655 0.9904465440883832
8.151167000000001 5.172324e-05 1.1798356545351028 0.9929556541905872
8.181223 5.188236e-05 1.183465269565979 0.9960103565583198
8.211298000000001 5.164798e-05 1.1781189323931738 0.991510852153159
8.241464 5.153746e-05 1.17559791018847 0.9893891471149375
8.271278 5.147469e-05 1.1741660918407568 0.9881841215516984
8.301482 5.139389e-05 1.1723229992408648 0.9866329654976965
8.331676999999999 5.148459e-05 1.1743919163053473 0.9883741765632654
8.36142 5.136449e-05 1.1716523690126863 0.9860685597057699
8.391307000000001 5.164282e-05 1.1780012299449627 0.9914117931774331
8.421307 5.15113e-05 1.1750011861487029 0.9888869411449782
8.451362 5.167932e-05 1.178833815092191 0.9921125010483622
8.481538 5.164384e-05 1.1780244967079812 0.9914313746028673
8.511548000000001 5.14593e-05 1.173815037445802 0.9878886723973532
8.541649 5.15441e-05 1.1757493722536094 0.9895166183550187
8.571501 5.148938e-05 1.1745011788493263 0.9884661324729025
8.601631 5.166458e-05 1.1784975875560226 0.9918295302533623
8.631542999999999 5.142274e-05 1.1729810836654548 0.9871868126778691
8.661436 5.145687e-05 1.1737596078044934 0.9878420225308777
8.691482 5.164043e-05 1.1779467127257333 0.9913659112099943
8.721511 5.143706e-05 1.1733077307697921 0.9874617205329844
8.751306000000001 5.146227e-05 1.1738827847851794 0.9879456889008235
8.781649 5.158766e-05 1.1767429998978087 0.9903528604059139
8.811371 5.13619e-05 1.1715932896830612 0.986018838243148
8.841146 5.165851e-05 1.178359127505511 0.991713001574553
8.871205 5.13242e-05 1.1707333318734578 0.9852950934011196
8.901174999999999 5.129801e-05 1.1701359235171316 0.9847923115068832
8.931130999999999 5.162393e-05 1.1775703386180818 0.9910491528573823
8.961362 5.11619e-05 1.167031179287289 0.9821793430599747
8.991427 5.161365e-05 1.1773358461437393 0.9908518028049672
9.021565 5.138316e-05 1.1720782420181315 0.9864269765811191
9.051464 5.154771e-05 1.1758317183462532 0.989585921243075
9.08177 5.150288e-05 1.174809121301041 0.9887252983977668
9.11177 5.137487e-05 1.1718891425422269 0.9862678295057766
9.141532999999999 5.143517e-05 1.173264618826552 0.9874254373035033
9.171118 5.115303e-05 1.1668288496912362 0.9820090614486007
9.201270000000001 5.13716e-05 1.1718145520372558 0.9862050537595317
9.231565 5.124769e-05 1.1689880965415553 0.9838262945187967
9.261543 5.140414e-05 1.172556807398648 0.986829739625834
9.291325 5.127143e-05 1.1695296190455335 0.9842820425970394
9.321557 5.142512e-05 1.1730353727791647 0.987232502670549
9.351522999999998 5.124028e-05 1.1688190703513919 0.9836840412222602
9.381445 5.125551e-05 1.16916647505803 0.9839764187804586
9.411411 5.132106e-05 1.1706617067402445 0.9852348133267439
9.441454 5.116726e-05 1.1671534438458955 0.9822822415308835
9.471408 5.132535e-05 1.1707595640082336 0.9853171704984228
9.501458000000001 5.140478e-05 1.1725714061519146 0.9868420260104201
9.531584 5.13584e-05 1.171513452751135 0.9859516470774423
9.561675 5.112629e-05 1.1662188955313215 0.9814957209426105
9.591657999999999 5.135814e-05 1.1715075220076205 0.9859466557337042
9.621714 5.13648e-05 1.1716594402837999 0.9860745109233039
9.65152 5.115622e-05 1.1669016153520488 0.9820703013967723
9.681581 5.132366e-05 1.1707210141753894 0.9852847267641252
9.71152 5.108106e-05 1.1651871742653177 0.9806274191069358
9.741778 5.126855e-05 1.1694639246558345 0.9842267538664018
9.771844 5.120748e-05 1.1680708842464853 0.9830543640122197
9.801591 5.113058e-05 1.166316752799311 0.9815780781142897
9.831315 5.105901e-05 1.1646842015941838 0.9802041147629911
9.861593999999998 5.107327e-05 1.1650094800654023 0.9804778707695513
9.891618000000001 5.111465e-05 1.1659533807062876 0.9812722623229497
9.92151 5.120716e-05 1.1680635848698522 0.9830482208199267
9.951584 5.09302e-05 1.1617459743937868 0.9777312878902683
9.981723 5.122785e-05 1.1685355351902946 0.9834454165966259
10.00376 5.115425e-05 1.1668566785646506 0.9820324823692181
