Keff(MJ/m3):-0.06246634703542506 Ms(MA/m):1.0696108146435832
H(kOe) moment(emu) M(MA/m) M_norm()
9.962318999999999 7.305374e-05 1.0693578852945862 0.9997635314213972
9.929198 7.065085e-05 1.0341844722838969 0.9668792219799207
9.895866 7.310212e-05 1.0700660699062234 1.000425627019106
9.862144 7.282768e-05 1.066048827557779 0.9966698288414455
9.828303 7.288263e-05 1.0668531835811248 0.9974218369665818
9.794662 7.27857e-05 1.065434325904275 0.9960953192674104
9.760431 7.350431e-05 1.0759533119267777 1.0059297243411922
9.72634 7.303704e-05 1.0691134313257076 0.9995349866408734
9.691792 7.21842e-05 1.0566295916359856 0.9878636015736966
9.656708 7.272685e-05 1.0645728818283167 0.9952899384090977
9.622606 7.325652e-05 1.0723261712711842 1.0025386398402356
9.587943 7.276219e-05 1.0650901874127578 0.9957735774835713
9.553454 7.237752e-05 1.059459402490093 0.990509246901292
9.518453 7.287677e-05 1.0667674051225842 0.9973416410136556
9.483949 7.308763e-05 1.0698539658338253 1.000227326787382
9.448949 7.386363e-05 1.081213024507462 1.010847132157826
9.414022000000001 7.34581e-05 1.0752768916931321 1.005297325879635
9.379104 7.306474e-05 1.0695189028788774 0.9999140698995865
9.344208 7.389369e-05 1.0816530416514434 1.0112585127627687
9.309394000000001 7.316604e-05 1.0710017284505777 1.001300392430548
9.274338 7.365736e-05 1.078193652042757 1.0080242619854531
9.239449 7.258103e-05 1.0624383741791033 0.9932943456009559
9.204152 7.318576e-05 1.0712903890653251 1.0015702668659925
9.169566000000001 7.346721e-05 1.0754102435288495 1.005421999110208
9.134532 7.351819e-05 1.0761564868422286 1.0061196765300344
9.099745 7.346613e-05 1.0753944345296647 1.0054072189687133
9.064486 7.344405e-05 1.0750712283241057 1.0051050471870389
9.029329 7.230748e-05 1.0584341596170244 0.9895507273547125
8.994347 7.346099e-05 1.0753191954039143 1.0053368764434505
8.959717000000001 7.34237e-05 1.0747733457931667 1.0048265510023886
8.925004999999999 7.358693e-05 1.0771627003644266 1.0070604051655554
8.889644 7.145778e-05 1.0459962831286362 0.9779223141804004
8.854514 7.332905e-05 1.0733878626701518 1.003531235824151
8.819449 7.348047e-05 1.0756043429077318 1.0056034664030074
8.784820999999999 7.286841e-05 1.066645031758523 0.9972272317702318
8.749763999999999 7.324875e-05 1.0722124343048256 1.002432304933369
8.714894000000001 7.360519e-05 1.0774299895543502 1.0073102990393497
8.679727000000002 7.436175e-05 1.0885044862426578 1.0176640618628845
8.644662 7.286074e-05 1.0665327585883855 0.9971222653949854
8.609585 7.310491e-05 1.0701069098207847 1.0004638090513014
8.574606 7.328026e-05 1.072673676494009 1.0028635292468004
8.53968 7.325507e-05 1.0723049462259822 1.002518796131747
8.504699 7.311877e-05 1.0703097919769917 1.0006534875338198
8.469652 7.311012e-05 1.0701831736038898 1.0005351095486983
8.434643 7.307608e-05 1.0696848973703195 1.0000692613852835
8.399801 7.342462e-05 1.0747868127183986 1.0048391414932918
8.364792999999999 7.310136e-05 1.0700549450549453 1.0004152261787949
8.329773 7.294677e-05 1.067792062477165 0.9982996131475875
8.294597 7.318942e-05 1.0713439640070075 1.001620355123281
8.259431000000001 7.333402e-05 1.073460613342327 1.00359925184566
8.224458 7.272072e-05 1.06448315111998 0.9952060474207979
8.189292 7.334877e-05 1.0736765232848993 1.0038011102595956
8.154491 7.323686e-05 1.072038388934169 1.0022695865237627
8.11945 7.315235e-05 1.0708013347479461 1.0011130404517832
8.084487 7.252966e-05 1.0616864220604632 0.992591330907812
8.049542 7.297962e-05 1.0682729195357075 0.9987491757847254
8.014467999999999 7.312646e-05 1.0704223579063732 1.0007587276153902
7.979394 7.274861e-05 1.0648914038859694 0.9955877308895886
7.943978 7.205298e-05 1.0547087982350132 0.9860678143820604
7.909426000000001 7.280028e-05 1.065647747393272 0.9962948511775922
7.874468 7.354718e-05 1.0765808413666471 1.0065164138466443
7.839107 7.240313e-05 1.0598342807022474 0.9908597278491491
7.804237 7.275224e-05 1.0649445396887853 0.9956374085873911
7.769457999999999 7.276662e-05 1.0651550335853406 0.9958342034343329
7.734468 7.28226e-05 1.0659744667097608 0.9966003074351544
7.699123999999999 7.246596e-05 1.0607539838677946 0.9917195762659339
7.664301 7.274879e-05 1.0648940387191668 0.9955901942465044
7.629097 7.253823e-05 1.0618118693965883 0.9927086140676377
7.5939309999999995 7.296279e-05 1.0680265626317416 0.9985188519130956
7.559143 7.283094e-05 1.0660965473145783 0.9967144429722544
7.524237 7.263823e-05 1.0632756656174176 0.9940771456875401
7.489236 7.257315e-05 1.0623230270369017 0.9931865053093074
7.454356 7.276551e-05 1.0651387854472893 0.995819012733352
7.419199 7.272093e-05 1.0644862250920437 0.9952089213371996
7.3840699999999995 7.285138e-05 1.0663957472621155 0.9969941708353622
7.348903 7.295747e-05 1.0679486886727936 0.998446046030917
7.314378 7.276893e-05 1.0651888472780418 0.9958658165147527
7.279431 7.310449e-05 1.0701007618766571 1.0004580612184977
7.244228 7.281516e-05 1.065865560270931 0.9964984886826336
7.209421 7.275955e-05 1.0650515431925278 0.9957374482488057
7.174189999999999 7.279671e-05 1.065595489868188 0.9962459945987615
7.138912 7.346871e-05 1.0754322004721624 1.0054425270845069
7.103986 7.285146e-05 1.0663969182990922 0.9969952656606582
7.069005 7.320924e-05 1.071634088417976 1.0018915980903458
7.033837999999999 7.214236e-05 1.0560171392971907 0.9872910079439294
6.998812 7.30328e-05 1.0690513663659444 0.9994769609001896
6.964207999999999 7.280224e-05 1.0656764377992 0.9963216743973423
6.929218 7.338468e-05 1.074202172507799 1.0042925499643025
6.893801000000001 7.352903e-05 1.0763151623525664 1.006268025357632
6.858663 7.209935e-05 1.0553875605426117 0.9867024024942092
6.823840000000001 7.274339e-05 1.064814993723242 0.9955162935390297
6.789180999999999 7.267713e-05 1.0638450823473204 0.9946095044876823
6.754301000000001 7.137175e-05 1.0447369792398564 0.9767449664277982
6.71869 7.293106e-05 1.0675621000908726 0.9980846168301006
6.683403 7.294059e-05 1.0677015998707178 0.9982150378934775
6.648859000000001 7.253756e-05 1.0618020619619086 0.9926994449057841
6.6139399999999995 7.232812e-05 1.0587362871570032 0.9898331922810603
6.578784 7.216196e-05 1.0563040433564732 0.9875592401414303
6.543718 7.278096e-05 1.0653649419634075 0.9960304508686271
6.508625 7.322558e-05 1.0718732727204596 1.002115216157038
6.473746 7.249203e-05 1.061135595542565 0.9920763524592425
6.438569 7.113568e-05 1.0412813955013445 0.9735142738326943
6.403699 7.26344e-05 1.0632196022221598 0.9940247309264979
6.368736 7.20013e-05 1.0539523083480886 0.9853605572408948
6.333848 7.289737e-05 1.067068947144075 0.9976235585273555
6.298560999999999 7.273219e-05 1.064651048546509 0.9953630179976005
6.263403 7.270021e-05 1.0641829265150877 0.9949253615855557
6.228652 7.322158e-05 1.0718147208716264 1.0020604748922417
6.193866 7.310993e-05 1.0701803923910702 1.0005325093386204
6.158523 7.252015e-05 1.0615472150398624 0.9924611835507593
6.123812 7.300603e-05 1.0686595081176282 0.9991106049855416
6.088884 7.331438e-05 1.073173123764556 1.0033304722355112
6.053635 7.299885e-05 1.0685544075489728 0.9990123444152327
6.018514 7.29867e-05 1.0683765563081422 0.9988460678234147
5.983848 7.288418e-05 1.0668758724225478 0.9974430492066904
5.948533 7.306399e-05 1.0695079244072212 0.9999038059124372
5.9135230000000005 7.209569e-05 1.0553339856009296 0.9866523142369209
5.878523 7.251529e-05 1.0614760745435299 0.9923946729140319
5.843597 7.235353e-05 1.059108237776716 0.9901809361656775
5.808523 7.288172e-05 1.0668398630355154 0.997409383328841
5.773397 7.376351e-05 1.0797474717311675 1.0094769582999794
5.738837999999999 7.315673e-05 1.0708654490224185 1.0011729821367348
5.7036620000000005 7.291786e-05 1.067368878989723 0.9979039706562736
5.668812 7.313187e-05 1.0705015492819203 1.0008327651760272
5.633496 7.297409e-05 1.0681919716046955 0.9986734959861449
5.598449 7.330129e-05 1.0729815128392495 1.003151331446466
5.563264 7.154587e-05 1.0472857412195649 0.9791278536843726
5.528328999999999 7.239341e-05 1.0596919997095828 0.9907267065756946
5.493329 7.20207e-05 1.0542362848149294 0.9856260523751559
5.458051 7.295798e-05 1.0679561540335198 0.9984530255421785
5.423301 7.305552e-05 1.069383940867317 0.9997878912842314
5.388097 7.276495e-05 1.0651305881884527 0.9958113489562807
5.353236 7.232434e-05 1.0586809556598562 0.9897814617858282
5.318152 7.274489e-05 1.0648369506665545 0.9955368215133282
5.283338 7.278366e-05 1.06540446446137 0.9960674012223645
5.248375 7.286448e-05 1.0665875045670443 0.9971734484775696
5.2134030000000005 7.27471e-05 1.0648693005630345 0.995567066062128
5.178394 7.407692e-05 1.084335155466869 1.013766073249916
5.143107 7.259091e-05 1.062582997245721 0.9934295565250022
5.108116 7.274925e-05 1.0649007721817825 0.9955964894919559
5.0729489999999995 7.279299e-05 1.0655410366487734 0.9961950852225013
5.037986 7.274227e-05 1.0647985992055684 0.9955009659848866
5.00335 7.32199e-05 1.0717901290951164 1.002037483561027
4.968653000000001 7.276591e-05 1.0651446406321727 0.9958244868598317
4.933394 7.26527e-05 1.0634874769305718 0.9942751722129402
4.89832 7.274637e-05 1.0648586148506227 0.9955570757813027
4.863125 7.234185e-05 1.0589372663781231 0.9900210916724729
4.828153 7.294757e-05 1.0678037728469316 0.9983105614005469
4.793331 7.344392e-05 1.0750693253890184 1.0051032680959329
4.758588 7.262606e-05 1.0630975216173426 0.993910595389398
4.723681 7.279315e-05 1.0655433787227266 0.9961972748730931
4.6884120000000005 7.268824e-05 1.0640077101074543 0.9947615483506533
4.653143 7.274578e-05 1.0648499784529197 0.9955490014447452
4.618533 7.280716e-05 1.0657484565732647 0.9963890061530414
4.583412 7.274609e-05 1.0648545162212044 0.9955532438927671
4.548116 7.251467e-05 1.0614669990069607 0.9923861880179886
4.513095 7.244771e-05 1.0604868410574935 0.9914698192453019
4.478357 7.234537e-05 1.0589887920050964 0.9900692639854936
4.443255 7.259096e-05 1.0625837291438316 0.9934302407908121
4.40794 7.242669e-05 1.060179151091875 0.9911821538987982
4.373227 7.254815e-05 1.0619570779816943 0.9928443724043318
4.338023 7.25414e-05 1.0618582717367884 0.9927519965199884
4.303348 7.220518e-05 1.0569366960831157 0.9881507195075522
4.267848 7.18065e-05 1.0511008333099128 0.9826946576453247
4.233114 7.237252e-05 1.0593862126790516 0.990440820320297
4.198319000000001 7.242126e-05 1.060099666957084 0.9911078426318375
4.162996 7.276175e-05 1.0650837467093863 0.9957675559444439
4.128048 7.285931e-05 1.0665118263024274 0.9971026953928206
4.092995 7.204511e-05 1.0545935974724339 0.985960110943574
4.05756 7.189541e-05 1.0524022945298523 0.98391141910858
4.022595 7.234983e-05 1.0590540773165453 0.990130300495741
3.9877640000000003 7.26537e-05 1.0635021148927801 0.9942888575291392
3.952773 7.217814e-05 1.0565408855850031 0.9877806685575304
3.917981 7.224883e-05 1.0575756431335075 0.9887480835596395
3.882958 7.302647e-05 1.068958708065166 0.9993903328486496
3.8479490000000003 7.240471e-05 1.0598574086825368 0.9908813506487437
3.8126990000000003 7.253644e-05 1.0617856674442352 0.9926841173516413
3.777643 7.228889e-05 1.058162039899572 0.9892963173265725
3.742736 7.094727e-05 1.0385234570416797 0.970935823407636
3.707801 7.192283e-05 1.0528036674536037 0.9842866704787572
3.672616 7.248086e-05 1.0609720895046983 0.9919234874772994
3.637887 7.251035e-05 1.0614037630102209 0.9923270674520087
3.60306 7.192727e-05 1.0528686600058084 0.9843474332826808
3.5674029999999997 7.169667e-05 1.0494931459205756 0.9811915993671856
3.532727 7.256219e-05 1.062162594971099 0.9930365142437663
3.497847 7.228165e-05 1.058056061053184 0.9891972356372916
3.46256 7.172867e-05 1.049961560711241 0.9816295294855544
3.4274630000000004 7.215235e-05 1.0561633725396513 0.9874277242527576
3.39269 7.178298e-05 1.0507565484387735 0.9823727790083234
3.357514 7.214566e-05 1.056065444572478 0.9873361694873861
3.322661 7.257495e-05 1.0623493753688766 0.9932111388784658
3.287579 7.285084e-05 1.066387842762523 0.9969867807646149
3.252329 7.208886e-05 1.0552340083190468 0.9865588435272815
3.2174720000000003 7.171855e-05 1.0498134245336932 0.9814910340856204
3.18256 7.266973e-05 1.063736761426979 0.9945082331478095
3.147468 7.210513e-05 1.0554721679641756 0.9867815036218396
3.112151 7.159861e-05 1.0480577473464305 0.9798496172607094
3.077616 7.084229e-05 1.0369867637690529 0.9694991389130623
3.0424029999999997 7.146481e-05 1.0460991880029604 0.9780185219532794
3.0076419999999997 7.200089e-05 1.053946306783583 0.9853549462612531
2.972588 7.17527e-05 1.0503133109431064 0.981958387633817
2.93731 7.170926e-05 1.0496774378647782 0.9813638974981314
2.902115 7.131117e-05 1.043850211489278 0.9759159099724614
2.867208 7.158249e-05 1.0478217833956325 0.9796290099635809
2.83219 7.180416e-05 1.0510665804783452 0.9826626340054189
2.797264 7.167377e-05 1.0491579365860058 0.980878205626228
2.762412 7.170311e-05 1.049587414397197 0.9812797328035073
2.7271439999999996 7.160068e-05 1.0480880479282013 0.9798779458652411
2.692079 7.183527e-05 1.0515219674826453 0.9830883841923705
2.657246 7.129589e-05 1.0436265434267353 0.9757067983409401
2.622171 7.121487e-05 1.0424405757286195 0.9745980140224954
2.586995 7.113509e-05 1.0412727591036415 0.9735061994961368
2.552123 7.122036e-05 1.0425209381411429 0.9746731464084277
2.517153 7.160573e-05 1.0481619696373534 0.9799470567120463
2.482368 7.091062e-05 1.0379869757267457 0.9704342565689417
2.44744 7.125104e-05 1.0429700308216934 0.975093011909414
2.412254 7.136127e-05 1.0445835733959137 0.9766015443140325
2.377274 7.124072e-05 1.0428189670517038 0.97495177944624
2.342486 7.153844e-05 1.047176981160357 0.9790261717850138
2.307236 7.098667e-05 1.0391001927526864 0.9714750248658774
2.272406 7.09193e-05 1.0381140332387135 0.9705530451135491
2.237273 7.172977e-05 1.0499776624696704 0.9816445833333735
2.2022820000000003 7.049849e-05 1.0319542323618411 0.9647941272038373
2.167134 7.148251e-05 1.0463582799340472 0.9782607520500023
2.131977 7.090037e-05 1.0378369366141105 0.9702939820779015
2.0972269999999997 7.065621e-05 1.0342629317613334 0.9669525752747476
2.0624029999999998 6.972304e-05 1.020603224567419 0.9541818487573029
2.0272550000000003 7.013483e-05 1.0266309910251725 0.9598173251148995
1.992375 7.054793e-05 1.0326779332134193 0.9654707292367171
1.9571990000000001 7.024849e-05 1.0282947418097677 0.961372798154081
1.9222739999999998 7.01973e-05 1.027545424524325 0.9606722468178529
1.887431 6.908744e-05 1.011299335787827 0.9454834617812024
1.85206 6.994835e-05 1.02390130383257 0.9572652873501053
1.817051 7.025827e-05 1.0284379010801645 0.9615066405465073
1.782208 6.979133e-05 1.0216028510066235 0.9551164190005346
1.747227 6.929569e-05 1.0143476914177043 0.9483334288796493
1.711856 6.957135e-05 1.0183827920800428 0.9521059231430727
1.6771610000000001 6.977883e-05 1.0214198764790197 0.9549453525480466
1.642523 6.946234e-05 1.0167871078197166 0.950614086824217
1.607347 7.031368e-05 1.0292489905661262 0.9622649439170954
1.572042 6.920589e-05 1.0130332024113993 0.9471044874849768
1.537067 6.83024e-05 0.9998079499358272 0.9347399411523193
1.501875 6.943819e-05 1.0164336010323862 0.9502835864380105
1.466912 6.7833e-05 0.9929368904752537 0.9283160537284967
1.431887 6.778505e-05 0.992235000187366 0.9276598428167535
1.3966990000000001 6.655906e-05 0.9742890048996188 0.9108817820099102
1.361949 6.5898e-05 0.9646124336022035 0.9018349668833825
1.326699 6.484566e-05 0.9492083204519266 0.8874333612344999
1.291887 6.410205e-05 0.9383233853742167 0.8772568232557426
1.257023 6.273025e-05 0.9182430288168779 0.8584833064939194
1.222143 6.083935e-05 0.8905641060772136 0.8326057420931822
1.187171 5.93762e-05 0.8691465716721473 0.812582071696578
1.152097 5.721369e-05 0.8374918320170878 0.7829874385630232
1.1169680000000002 5.591436e-05 0.8184722885809842 0.7652056966661435
1.081866 5.389459e-05 0.788906971651537 0.7375645055668378
1.046699 5.165666e-05 0.756148236886728 0.7069377258855526
1.0120850000000001 5.024327e-05 0.7354590874811463 0.6875950368230119
0.9771618999999999 4.826681e-05 0.7065277406949403 0.660546556768286
0.9418193 4.64787e-05 0.6803534540906665 0.6360757060196466
0.9065231 4.449084e-05 0.6512552345352858 0.6088712133602517
0.871793 4.296399e-05 0.628905261937551 0.5879757883217697
0.8369951999999999 4.031327e-05 0.5901041227527801 0.5516998469666887
0.8016618999999999 3.955912e-05 0.5790649035533947 0.5413790657551937
0.7667646 3.728075e-05 0.5457142095968822 0.5101988518868199
0.7319212 3.552598e-05 0.5200279526526329 0.4861842695802559
0.6968470999999999 3.345102e-05 0.48965476658890983 0.45778778587992597
0.6617730000000001 3.117723e-05 0.45637111449931145 0.4266702507597438
0.6265693 3.011614e-05 0.4408389191797121 0.41214889859411985
0.5916608999999999 2.811294e-05 0.41151615328405616 0.384734473184232
0.5567267 2.649097e-05 0.3877738177210684 0.36253730086889857
0.5218378 2.486406e-05 0.3639591706247717 0.340272523091542
0.486736 2.314808e-05 0.33884072023458217 0.31678879420033823
0.4515415 2.135106e-05 0.3125360093870324 0.2921960072843654
0.4162915 1.989037e-05 0.29115448436899843 0.27220600276561085
0.38173630000000003 1.855168e-05 0.2715587907403764 0.2538856068231374
0.3470137 1.64974e-05 0.2414883177351208 0.22577213546180327
0.31152300000000005 1.494143e-05 0.21871208767788053 0.20447819401560557
0.2764212 1.349224e-05 0.19749889922524197 0.18464557063313983
0.2414582 1.200819e-05 0.17577543141002225 0.16433587712797604
0.20647669999999999 1.027024e-05 0.15033538499011648 0.14055148183987967
0.1713286 8.44228e-06 0.12357777559184212 0.11553527124070902
0.1362646 7.122138e-06 0.10425358688625953 0.09746871054309508
0.10157859999999999 5.46448e-06 0.07998885172798217 0.07478313666325087
0.06642113999999999 4.02261e-06 0.05888281315870831 0.05505068979536197
0.03123595 2.880108e-06 0.04215891205980721 0.03941518866734294
-0.00385804 1.055957e-06 0.015457058659584235 0.01445110543757437
-0.038393680000000006 -8.825054e-07 -0.01291808069381599 -0.01207736544634748
-0.0737085 -2.384587e-06 -0.03490549438839081 -0.03263382709908562
-0.1085278 -3.822472e-06 -0.05595320067826463 -0.05231173798192141
-0.1433011 -5.720526e-06 -0.08373684339956719 -0.07828720713474654
-0.1786992 -7.174088e-06 -0.10501402902298043 -0.09817966271963445
-0.2137455 -8.307336e-06 -0.12160247041960597 -0.11368851993154769
-0.2483392 -1.094591e-05 -0.16022581691539495 -0.14979823943607523
-0.28326409999999996 -1.212596e-05 -0.1774993442192931 -0.16594759681673527
-0.3185048 -1.388354e-05 -0.20322673383734766 -0.1900006348618185
-0.35385669999999997 -1.489063e-05 -0.21796847919769916 -0.2037829799526951
-0.3890048 -1.707268e-05 -0.24990924463430858 -0.23364502416477867
-0.4236222 -1.893959e-05 -0.27723700266059603 -0.2591942778299014
-0.45819920000000003 -2.080905e-05 -0.30460208749051465 -0.2847784290513316
-0.4935974 -2.23621e-05 -0.3273355746981067 -0.30603240937422815
-0.5288474 -2.461317e-05 -0.36028665228633266 -0.3368390141103685
-0.5638381 -2.566412e-05 -0.3756704186691399 -0.35122159716973433
-0.598792 -2.799445e-05 -0.4097817011419953 -0.38311290006780946
-0.6338196 -2.965908e-05 -0.4341484921727889 -0.4058938879721933
-0.6689053 -3.263191e-05 -0.47766466536447366 -0.4465780065281423
-0.7036993 -3.480181e-05 -0.5094275795602522 -0.4762737741484076
-0.7388015 -3.633004e-05 -0.5317977525458344 -0.4971880849232444
-0.7736622 -3.936875e-05 -0.5762782746878015 -0.5387737921103851
-0.80869 -4.054504e-05 -0.5934967632537965 -0.5548716927021369
-0.8440511 -4.28485e-05 -0.6272147236821151 -0.5863952711539442
-0.8789307 -4.436517e-05 -0.6494156818245693 -0.6071513796735202
-0.9140511 -4.613143e-05 -0.6752701289545919 -0.6313232062632109
-0.9492826 -4.762968e-05 -0.6972014558331695 -0.6518272312584009
-0.984009 -4.97231e-05 -0.7278448586792577 -0.6804763458957649
-1.0189489999999999 -5.127634e-05 -0.7505811270996694 -0.7017329264287393
-1.054009 -5.234603e-05 -0.76623920889426 -0.7163719723136748
-1.088662 -5.468005e-05 -0.8004045054476641 -0.7483137740285243
-1.123829 -5.647223e-05 -0.8266383685581257 -0.7728403240140939
-1.159181 -5.848033e-05 -0.8560328604686022 -0.8003218074733569
-1.1940229999999998 -5.939781e-05 -0.8694628980354685 -0.8128778113796389
-1.229162 -6.202802e-05 -0.9079638126153471 -0.8488730668994776
-1.264005 -6.325862e-05 -0.9259772889088747 -0.8657142170139985
-1.298931 -6.497154e-05 -0.9510509471347068 -0.8891560688376333
-1.333922 -6.592616e-05 -0.9650246386179892 -0.902220345387547
-1.368977 -6.629676e-05 -0.9704494674123831 -0.9072921235709058
-1.4040139999999999 -6.700406e-05 -0.98080289808231 -0.9169717477184767
-1.439227 -6.8977e-05 -1.0096827192415427 -0.9439720554601819
-1.474085 -6.883436e-05 -1.0075947603121516 -0.9420199819575529
-1.508579 -6.87737e-05 -1.0067068215245965 -0.9411898306769201
-1.543551 -6.839778e-05 -1.0012041187712544 -0.9360452466113824
-1.5790419999999998 -6.902976e-05 -1.0104550181276526 -0.9446940927428427
-1.614172 -6.954239e-05 -1.0179588766944907 -0.951709596385949
-1.649009 -6.94648e-05 -1.016823117206749 -0.9506477527020666
-1.6838199999999999 -6.944939e-05 -1.0165975462091192 -0.9504368619794397
-1.719125 -6.984107e-05 -1.0223309432468641 -0.955797126628274
-1.7542829999999998 -6.998458e-05 -1.0244316372033764 -0.957761106355996
-1.789122 -7.02465e-05 -1.028265612264973 -0.9613455643748449
-1.823949 -7.001132e-05 -1.0248230563128264 -0.9581270517111581
-1.858773 -7.007586e-05 -1.0257677903937497 -0.9590103020186432
-1.8939030000000001 -7.036372e-05 -1.0299814741950293 -0.9629497571396946
-1.9289960000000002 -7.125596e-05 -1.043042049595758 -0.9751603436651131
-1.9639680000000002 -7.05439e-05 -1.03261894222572 -0.965415577412435
-1.998877 -7.069107e-05 -1.0347732111239145 -0.9674296453974456
-2.033866 -7.058187e-05 -1.0331747456507687 -0.965935208868512
-2.069162 -7.097265e-05 -1.0388949685225262 -0.9712831567327672
-2.104264 -7.096558e-05 -1.0387914781297134 -0.97118640154724
-2.1389769999999997 -7.114081e-05 -1.0413564882474728 -0.9735844795047953
-2.1738850000000003 -7.091247e-05 -1.0380140559568307 -0.9704595744039097
-2.209311 -7.117953e-05 -1.041923270144178 -0.9741143749480216
-2.244357 -7.1451e-05 -1.045897037744864 -0.9778295277365712
-2.2793110000000003 -7.119184e-05 -1.042103463458962 -0.9742828411904314
-2.3145230000000003 -7.12657e-05 -1.043184623347667 -0.9752936386448917
-2.349179 -7.119108e-05 -1.042092338607684 -0.9742724403501202
-2.384301 -7.131905e-05 -1.0439655586314796 -0.9760237502641097
-2.4194769999999997 -7.151284e-05 -1.0468022493278246 -0.9786758276903187
-2.454179 -7.097541e-05 -1.038935369298221 -0.9713209282054766
-2.489264 -7.157161e-05 -1.0476625223668063 -0.9794801137233355
-2.524246 -7.085194e-05 -1.0371280201043631 -0.9696312022143829
-2.5592170000000003 -7.185317e-05 -1.0517839870061738 -0.9833333513523332
-2.593996 -7.169865e-05 -1.049522129085748 -0.9812186962932596
-2.629107 -7.160947e-05 -1.0482167156160125 -0.9799982397946306
-2.6638960000000003 -7.176053e-05 -1.0504279261871976 -0.9820655436596555
-2.699144 -7.16138e-05 -1.0482800979923743 -0.9800574972137724
-2.733894 -7.195817e-05 -1.0533209730380446 -0.9847703095532307
-2.769047 -7.20606e-05 -1.0548203395070403 -0.9861720964914971
-2.804051 -7.192437e-05 -1.0528262099154044 -0.9843077458657038
-2.8390880000000003 -7.191747e-05 -1.0527252079761673 -0.9842133171839306
-2.874098 -7.17191e-05 -1.0498214754129078 -0.9814985610095299
-2.9090700000000003 -7.196241e-05 -1.0533830379978077 -0.9848283352939146
-2.944098 -7.200753e-05 -1.0540435028526463 -0.9854458167608148
-2.9790880000000004 -7.179342e-05 -1.0509093687642284 -0.9825156537094414
-3.014237 -7.100247e-05 -1.0393314725555773 -0.971691252861822
-3.049292 -7.182089e-05 -1.05131147358609 -0.9828915893454285
-3.0841439999999998 -7.230473e-05 -1.0583939052209514 -0.9895130927351652
-3.11957 -7.252205e-05 -1.061575027168058 -0.9924871856515373
-3.154607 -7.204337e-05 -1.0545681274181913 -0.9859362984933877
-3.1895700000000002 -7.139592e-05 -1.045090778786431 -0.9770757405203286
-3.2243850000000003 -7.209316e-05 -1.0552969515565425 -0.9866176903869371
-3.259375 -7.220957e-05 -1.05700095673721 -0.9882107980456659
-3.294349 -7.228656e-05 -1.0581279334476266 -0.9892644305398288
-3.3290889999999997 -7.196625e-05 -1.053439247772688 -0.984880886908119
-3.364088 -7.205134e-05 -1.0546847919769917 -0.986045370463494
-3.399264 -7.244081e-05 -1.060385839118256 -0.9913753905635283
-3.434273 -7.234341e-05 -1.058960101599168 -0.9900424407657434
-3.469052 -7.204052e-05 -1.054526409225898 -0.9858972953422206
-3.504292 -7.223294e-05 -1.0573430459140176 -0.9885306238852369
-3.5391790000000003 -7.226257e-05 -1.0577767687342499 -0.9889361198042144
-3.574172 -7.257692e-05 -1.062378212154427 -0.9932380989513778
-3.609217 -7.252945e-05 -1.0616833480883994 -0.9925884569914101
-3.6441350000000003 -7.225299e-05 -1.0576365370562941 -0.9888050144750276
-3.679348 -7.234836e-05 -1.0590325595120993 -0.9901101830809287
-3.71469 -7.262037e-05 -1.0630142316123776 -0.9938327259402256
-3.749607 -7.292211e-05 -1.0674310903291082 -0.9979621332501193
-3.784311 -7.246251e-05 -1.0607034828981758 -0.9916723619250472
-3.818737 -7.221557e-05 -1.05708878451046 -0.98829290994286
-3.853977 -7.26811e-05 -1.063903195057287 -0.9946638351929922
-3.889163 -7.271585e-05 -1.0644118642440255 -0.9951393999309085
-3.9240749999999998 -7.246598e-05 -1.060754276627039 -0.991719849972258
-3.95894 -7.244021e-05 -1.0603770563409312 -0.9913671793738091
-3.993959 -7.309025e-05 -1.069892317294811 -1.0002631823158235
-4.028915 -7.327265e-05 -1.0725622816016038 -1.0027593839905258
-4.063996 -7.27779e-05 -1.0653201497990503 -0.9959885738010582
-4.099412999999999 -7.235455e-05 -1.0591231684981688 -0.9901948951882007
-4.134542000000001 -7.265575e-05 -1.063532122715307 -0.994316912427347
-4.169424 -7.272121e-05 -1.0644903237214618 -0.9952127532257352
-4.2043479999999995 -7.283015e-05 -1.0660849833244335 -0.9967036315724571
-4.239653000000001 -7.26774e-05 -1.0638490345971165 -0.9946131995230559
-4.27433 -7.267066e-05 -1.0637503747318326 -0.9945209604918744
-4.309505 -7.253954e-05 -1.0618310451270812 -0.9927265418318584
-4.344625 -7.30495e-05 -1.069295820334823 -0.9997055056807134
-4.379726 -7.289734e-05 -1.067068508005209 -0.9976231479678697
-4.414606 -7.282587e-05 -1.066022332846182 -0.9966450584191252
-4.449533000000001 -7.281085e-05 -1.0658024706538134 -0.9964395049698157
-4.484477 -7.2815e-05 -1.0658632181969778 -0.9964962990320418
-4.519255 -7.308968e-05 -1.0698839736563523 -1.0002553816855901
-4.554396 -7.27041e-05 -1.064239868188078 -0.9949785974655698
-4.58931 -7.273113e-05 -1.0646355323065682 -0.9953485115624295
-4.624162 -7.28868e-05 -1.0669142238835334 -0.9974789047351318
-4.659338 -7.287038e-05 -1.0666738685440733 -0.9972541918431439
-4.6946069999999995 -7.284251e-05 -1.0662659085373283 -0.9968727820806771
-4.729773 -7.286262e-05 -1.0665602779573369 -0.9971479937894394
-4.764727 -7.268116e-05 -1.0639040733350198 -0.9946646563119643
-4.799415 -7.25822e-05 -1.0624555005948868 -0.9933103574209087
-4.834366 -7.27269e-05 -1.064573613726427 -0.9952906226749076
-4.869311 -7.2756e-05 -1.0649995784266886 -0.9956888653762995
-4.904764 -7.300091e-05 -1.0685845617511218 -0.9990405361666025
-4.939671000000001 -7.279174e-05 -1.065522739196013 -0.9961779785772525
-4.9744530000000005 -7.276536e-05 -1.065136589752958 -0.9958169599359222
-5.009069 -7.266739e-05 -1.0637025085954115 -0.9944762095079036
-5.044144 -7.282914e-05 -1.0660701989826031 -0.996689809403096
-5.07899 -7.280235e-05 -1.065678047975043 -0.9963231797821243
-5.113689999999999 -7.265697e-05 -1.063549981029201 -0.9943336085131098
-5.148930999999999 -7.267865e-05 -1.063867332049877 -0.9946303061683047
-5.184357 -7.284473e-05 -1.0662984048134305 -0.996903163482639
-5.219255 -7.252397e-05 -1.0616031320554977 -0.9925134614586394
-5.254084 -7.273931e-05 -1.0647552708374322 -0.9954604574489376
-5.288968 -7.280328e-05 -1.0656916612798966 -0.9963359071261892
-5.324153 -7.270991e-05 -1.064324914748508 -0.9950581091526861
-5.359292 -7.264516e-05 -1.063377106695521 -0.9941719849287994
-5.394283000000001 -7.307742e-05 -1.0697045122396784 -1.00008759970899
-5.428962 -7.300674e-05 -1.0686699010707963 -0.9991203215600428
-5.463996 -7.272654e-05 -1.0645683440600322 -0.9952856959610761
-5.499141 -7.263511e-05 -1.0632299951753277 -0.9940344475009991
-5.533912 -7.296044e-05 -1.0679921634205523 -0.9984866914200281
-5.569088 -7.275807e-05 -1.0650298790084596 -0.9957171939808312
-5.604019 -7.281167e-05 -1.0658144737828243 -0.9964507269290991
-5.63894 -7.275394e-05 -1.0649694242245393 -0.9956606736249293
-5.674135000000001 -7.260569e-05 -1.0627993463271597 -0.9936318254984237
-5.708921 -7.25595e-05 -1.0621232188527585 -0.9929997007431908
-5.743726 -7.271885e-05 -1.0644557781306503 -0.9951804558795054
-5.778662000000001 -7.258494e-05 -1.0624956086113377 -0.9933478551872942
-5.813968 -7.251126e-05 -1.0614170835558305 -0.9923395210897499
-5.848885 -7.264226e-05 -1.0633346566051172 -0.9941322975118222
-5.884075 -7.26239e-05 -1.0630659036189727 -0.993881035106408
-5.9190879999999995 -7.275455e-05 -1.0649783533814863 -0.9956690216678107
-5.9543289999999995 -7.294575e-05 -1.0677771317557123 -0.9982856541250644
-5.989104 -7.275005e-05 -1.0649124825515492 -0.9956074377449151
-6.023709 -7.286074e-05 -1.0665327585883855 -0.9971222653949854
-6.058587999999999 -7.298793e-05 -1.0683945610016583 -0.9988629007623393
-6.094069 -7.297088e-05 -1.0681449837460069 -0.9986295661211458
-6.129171 -7.273818e-05 -1.064738729940137 -0.9954449930416328
-6.163868000000001 -7.301145e-05 -1.0687388458727973 -0.9991847793993404
-6.198662000000001 -7.323064e-05 -1.0719473408092335 -1.0021844638570048
-6.233699 -7.307123e-05 -1.0696139032536092 -1.000002887601718
-6.2688109999999995 -7.276377e-05 -1.0651133153930468 -0.9957952002831657
-6.303857 -7.268841e-05 -1.0640101985610297 -0.9947638748544071
-6.338996 -7.312984e-05 -1.0704718342186375 -1.000804983984143
-6.373546999999999 -7.316527e-05 -1.0709904572196771 -1.0012898547370743
-6.408394 -7.294288e-05 -1.0677351208041745 -0.9982463772675731
-6.443218 -7.29446e-05 -1.0677602980991727 -0.9982699160114354
-6.478346999999999 -7.306259e-05 -1.0694874312601297 -0.9998846464697586
-6.513413 -7.304039e-05 -1.0691624684991055 -0.9995808324501402
-6.548468 -7.285096e-05 -1.0663895993179882 -0.9969884230025587
-6.583625 -7.278687e-05 -1.0654514523200584 -0.9961113310873632
-6.6190050000000005 -7.276711e-05 -1.0651622061868227 -0.9958409092392705
-6.6536599999999995 -7.297297e-05 -1.0681755770870223 -0.998658168432002
-6.6885330000000005 -7.272102e-05 -1.0644875425086422 -0.9952101530156573
-6.723338 -7.28572e-05 -1.0664809402021678 -0.9970738193756407
-6.758477 -7.261773e-05 -1.0629755873921476 -0.9937965967054602
-6.79357 -7.282208e-05 -1.0659668549694123 -0.9965931910707307
-6.828551 -7.296022e-05 -1.0679889430688663 -0.9984836806504642
-6.863519 -7.273871e-05 -1.0647464880601072 -0.9954522462592182
-6.898783000000001 -7.297019e-05 -1.0681348835520832 -0.9986201232529687
-6.933574999999999 -7.29852e-05 -1.0683545993648296 -0.9988255398491158
-6.968431 -7.312027e-05 -1.070331748920304 -1.0006740155081182
-7.003496 -7.307231e-05 -1.0696297122527942 -1.000017667743213
-7.038169 -7.278297e-05 -1.0653943642674462 -0.9960579583541871
-7.073208999999999 -7.277144e-05 -1.0652255885631845 -0.9959001666584123
-7.108514 -7.309022e-05 -1.0698918781559446 -1.0002627717563375
-7.143415 -7.322103e-05 -1.0718066699924118 -1.0020529479683322
-7.178366 -7.28456e-05 -1.0663111398405518 -0.996915069707732
-7.213349 -7.267693e-05 -1.0638421547548786 -0.9946067674244424
-7.2483010000000005 -7.292903e-05 -1.0675323850275897 -0.9980568356382167
-7.283375 -7.341075e-05 -1.0745837841825694 -1.0046493261576113
-7.318569999999999 -7.3143e-05 -1.0706644698012986 -1.0009850827453222
-7.353349000000001 -7.291479e-05 -1.0673239404457435 -0.9978619567355426
-7.3883659999999995 -7.278375e-05 -1.0654057818779685 -0.9960686329008223
-7.4233199999999995 -7.299761e-05 -1.0685362564758345 -0.9989953746231458
-7.458075 -7.302364e-05 -1.0689172826321165 -0.9993516034038065
-7.492977 -7.317983e-05 -1.0712035859494302 -1.0014891129409325
-7.528055999999999 -7.293375e-05 -1.067601476209213 -0.9981214303306761
-7.562887 -7.311726e-05 -1.070287688654057 -1.0006328227063592
-7.5977 -7.300563e-05 -1.068653652932745 -0.9991051308590619
-7.63282 -7.307915e-05 -1.069729835914299 -1.0001112753060144
-7.6680649999999995 -7.295203e-05 -1.0678690581583805 -0.9983715979107943
-7.702699 -7.299984e-05 -1.0685688991315592 -0.9990258928782698
-7.737783 -7.313533e-05 -1.070552196631161 -1.0008801163700758
-7.7725230000000005 -7.31079e-05 -1.0701506773277873 -1.0005047281467365
-7.807801 -7.303801e-05 -1.0691276301490498 -0.9995482613975866
-7.842604000000001 -7.307753e-05 -1.0697061224155215 -1.0000891050937721
-7.877385 -7.309546e-05 -1.069968581077916 -1.0003344828132203
-7.91257 -7.343265e-05 -1.0749043555549311 -1.00494903458237
-7.947385000000001 -7.324632e-05 -1.0721768640566598 -1.0023990496150057
-7.982481 -7.316242e-05 -1.0709487390273837 -1.0012508515859073
-8.017199999999999 -7.324894e-05 -1.0722152155176452 -1.002434905143447
-8.052504 -7.313593e-05 -1.0705609794084858 -1.000888327559795
-8.087470999999999 -7.317608e-05 -1.071148693591149 -1.0014377930051859
-8.122106 -7.308579e-05 -1.0698270319833618 -1.0002021458055759
-8.15719 -7.294244e-05 -1.0677286801008028 -0.9982403557284456
-8.192357 -7.33065e-05 -1.0730577766223548 -1.0032226319438629
-8.226981 -7.318587e-05 -1.0712919992411682 -1.0015717722507744
-8.261959999999998 -7.325692e-05 -1.0723320264560676 -1.0025441139667153
-8.297051999999999 -7.298522e-05 -1.0683548921240738 -0.99882581355544
-8.332116 -7.312471e-05 -1.0703967414725086 -1.000734778312042
-8.367229 -7.321751e-05 -1.0717551443654385 -1.0020047756553117
-8.402228 -7.321338e-05 -1.0716946895815183 -1.0019482552994097
-8.43758 -7.328594e-05 -1.0727568201193523 -1.0029412618428108
-8.472019 -7.338897e-05 -1.0742649693656727 -1.0043512599707964
-8.506681 -7.313857e-05 -1.0705996236287159 -1.0009244567945605
-8.541589 -7.3107e-05 -1.0701375031618 -1.0004924113621574
-8.576754999999999 -7.318945e-05 -1.0713444031458739 -1.001620765682767
-8.611718000000002 -7.326636e-05 -1.0724702088193137 -1.002673303351634
-8.646690000000001 -7.348953e-05 -1.0757369628453388 -1.0057274553677704
-8.681522999999999 -7.317369e-05 -1.0711137088614713 -1.0014050850994705
-8.716642 -7.347017e-05 -1.0754535718969862 -1.0054625076461572
-8.751303 -7.318937e-05 -1.0713432321088971 -1.001619670857471
-8.786357 -7.311873e-05 -1.0703092064585031 -1.000652940121172
-8.821273999999999 -7.3267e-05 -1.072479577115127 -1.0026820619540013
-8.856273999999999 -7.327618e-05 -1.0726139536081991 -1.0028076931567083
-8.89132 -7.301446e-05 -1.0687829061390444 -0.9992259722010995
-8.926075 -7.329055e-05 -1.0728243011251322 -1.0030043511504882
-8.960876 -7.325864e-05 -1.0723572037510658 -1.0025676527105776
-8.995811999999999 -7.322313e-05 -1.071837409713049 -1.00208168713235
-9.030745999999999 -7.288095e-05 -1.066828591804615 -0.9973988456353675
-9.065650999999999 -7.293762e-05 -1.067658125122959 -0.9981743925043665
-9.100747 -7.309786e-05 -1.0700037121872161 -1.0003673275720981
-9.135589 -7.305914e-05 -1.0694369302905111 -0.9998374321288721
-9.170376000000001 -7.305625e-05 -1.069394626579729 -0.9997978815650568
-9.205283999999999 -7.319323e-05 -1.0713997346430213 -1.0016724961779992
-9.240478999999999 -7.288575e-05 -1.066898854023215 -0.997464535153123
-9.27533 -7.304885e-05 -1.0692863056593875 -0.999696610225184
-9.309756 -7.293821e-05 -1.0676667615206619 -0.9981824668409237
-9.344589 -7.292506e-05 -1.0674742723176227 -0.9980025049329065
-9.37983 -7.297868e-05 -1.0682591598512314 -0.9987363115874983
-9.414653 -7.299794e-05 -1.0685410870033634 -0.9989998907774916
-9.449440000000001 -7.307769e-05 -1.0697084644894748 -1.0000912947443639
-9.48457 -7.313031e-05 -1.0704787140608754 -1.0008114160827566
-9.51945 -7.313172e-05 -1.070499353587589 -1.000830712378597
-9.554199 -7.309636e-05 -1.0699817552439037 -1.0003467995977997
-9.589274 -7.298085e-05 -1.0682909242292236 -0.9987660087236502
-9.624312 -7.312038e-05 -1.070333359096147 -1.0006755208929003
-9.658802 -7.325466e-05 -1.0722989446614768 -1.0025131851521054
-9.69419 -7.303777e-05 -1.0691241170381198 -0.9995449769216987
-9.729246999999999 -7.326341e-05 -1.0724270268307992 -1.0026329316688467
-9.764273999999999 -7.302829e-05 -1.0689853491563852 -0.9994152401241321
-9.799265 -7.311521e-05 -1.07025768083153 -1.0006047678081513
-9.833922000000001 -7.306931e-05 -1.0695857983661692 -0.9999766117946159
-9.869099 -7.300685e-05 -1.0686715112466394 -0.999121826944825
-9.904153 -7.323836e-05 -1.0720603458774816 -1.0022901144980612
-9.938987 -7.311204e-05 -1.0702112784913298 -1.0005613853558004
-9.974120000000001 -7.303659e-05 -1.0691068442427138 -0.9995288282485838
-9.991836 -7.304224e-05 -1.069189548729191 -0.9996061502851085
-9.993518 -7.295541e-05 -1.0679185344706446 -0.998417854279547
-9.96017 -7.291394e-05 -1.0673114981778664 -0.9978503242167733
-9.925658 -7.323808e-05 -1.072056247248063 -1.0022862826095253
-9.891232 -7.289318e-05 -1.0670076140824223 -0.9975662170524817
-9.856631 -7.275558e-05 -1.064993430482561 -0.9956831175434958
-9.82193 -7.305668e-05 -1.0694009209034787 -0.9998037662510224
-9.787502 -7.316368e-05 -1.0709671828597662 -1.001268095084318
-9.752501 -7.27319e-05 -1.0646468035374688 -0.9953590492559029
-9.717863 -7.287166e-05 -1.0666926051357 -0.9972717090478788
-9.683058 -7.310343e-05 -1.0700852456367163 -1.0004435547833268
-9.647844 -7.291693e-05 -1.0673552656848695 -0.9978912433122086
-9.612724 -7.28704e-05 -1.0666741613033173 -0.9972544655494677
-9.578156000000002 -7.293893e-05 -1.0676773008534517 -0.998192320268587
-9.543501000000001 -7.311442e-05 -1.0702461168413855 -1.000593956408354
-9.508242000000001 -7.295763e-05 -1.067951030746747 -0.9984482356815089
-9.473581 -7.296327e-05 -1.0680335888536017 -0.9985254208648713
-9.438964 -7.280061e-05 -1.0656525779208004 -0.9962993673319378
-9.404075 -7.275242e-05 -1.0649471745219827 -0.9956398719443068
-9.369099 -7.298849e-05 -1.068402758260495 -0.9988705645394108
-9.334298 -7.286474e-05 -1.0665913104372184 -0.9971770066597814
-9.299354 -7.286319e-05 -1.0665686215957955 -0.9971557944196728
-9.264111999999999 -7.298949e-05 -1.0684173962227033 -0.9988842498556099
-9.229297 -7.317367e-05 -1.071113416102227 -1.0014048113931464
-9.194474 -7.290181e-05 -1.0671339396962798 -0.9976843213312792
-9.159593999999998 -7.25655e-05 -1.0622110466260082 -0.9930818126403849
-9.124835 -7.309655e-05 -1.0699845364567233 -1.0003493998078776
-9.089982 -7.328483e-05 -1.072740571981301 -1.00292607114183
-9.054705 -7.299912e-05 -1.0685583597987693 -0.9990160394506066
-9.01992 -7.285119e-05 -1.0663929660492961 -0.9969915706252845
-8.985261000000001 -7.29427e-05 -1.0677324859709771 -0.9982439139106575
-8.950178 -7.307441e-05 -1.0696604519734316 -1.000046406907231
-8.91527 -7.312887e-05 -1.0704576353952953 -1.0007917092274299
-8.880427 -7.293202e-05 -1.0675761525345924 -0.9980977547336517
-8.845437 -7.291976e-05 -1.067396691117919 -0.9979299727570518
-8.810621999999999 -7.298346e-05 -1.0683291293105872 -0.9988017273989297
-8.775334999999998 -7.300861e-05 -1.068697274060126 -0.9991459131013353
-8.740455 -7.308599e-05 -1.0698299595758036 -1.0002048828688157
-8.705729999999999 -7.293155e-05 -1.0675692726923547 -0.9980913226350382
-8.670631 -7.307851e-05 -1.0697204676184855 -1.000102516703647
-8.635611999999998 -7.298111e-05 -1.068294730099398 -0.998769566905862
-8.600665000000001 -7.304599e-05 -1.0692444410874717 -0.9996574702208547
-8.56602 -7.300225e-05 -1.068604176620481 -0.9990588744903093
-8.530992 -7.286492e-05 -1.0665939452704158 -0.997179470016697
-8.495928 -7.299264e-05 -1.0684635058036593 -0.9989273586016366
-8.46142 -7.302618e-05 -1.0689544630561256 -0.9993863641069521
-8.426141 -7.302788e-05 -1.0689793475918796 -0.9994096291444903
-8.391001000000001 -7.29312e-05 -1.0675641494055816 -0.9980865327743685
-8.355861999999998 -7.312079e-05 -1.0703393606606524 -1.000681131872542
-8.320862 -7.315245e-05 -1.070802798544167 -1.001114408983403
-8.286081 -7.282209e-05 -1.0659670013490348 -0.996593327923893
-8.251298 -7.283079e-05 -1.0660943516202468 -0.9967123901748243
-8.216178 -7.319412e-05 -1.0714127624293865 -1.0016846761094162
-8.181391 -7.313822e-05 -1.0705945003419428 -1.000919666933891
-8.146175 -7.291266e-05 -1.06729276158624 -0.9978328070120387
-8.111362 -7.280727e-05 -1.0657500667491078 -0.9963905115378234
-8.07615 -7.305133e-05 -1.0693226078056641 -0.9997305498093575
-8.041487 -7.318534e-05 -1.0712842411211978 -1.001564519033189
-8.006641 -7.278169e-05 -1.0653756276758197 -0.9960404411494524
-7.9714920000000005 -7.291448e-05 -1.067319402677459 -0.9978577142875209
-7.936505 -7.30095e-05 -1.0687103018464912 -0.9991580930327523
-7.901548 -7.301763e-05 -1.0688293084792446 -0.9992693546534505
-7.866854 -7.293568e-05 -1.067629727476275 -0.9981478429909402
-7.831974 -7.289282e-05 -1.0670023444160275 -0.99756129033865
-7.7966869999999995 -7.300115e-05 -1.0685880748620518 -0.9990438206424903
-7.7614279999999995 -7.303485e-05 -1.0690813741884715 -0.9995050157983976
-7.726704 -7.296728e-05 -1.068092287082057 -0.9985802989828295
-7.691927 -7.286968e-05 -1.0666636219705274 -0.9972446121218045
-7.656613 -7.31424e-05 -1.0706556870239736 -1.0009768715556027
-7.621694000000001 -7.331551e-05 -1.0731896646618513 -1.003345936642816
-7.587039 -7.31153e-05 -1.0702589982481288 -1.0006059994866092
-7.55189 -7.325055e-05 -1.0722387826368005 -1.0024569385025273
-7.5167790000000005 -7.302268e-05 -1.0689032301883965 -0.9993384655002554
-7.482214 -7.303314e-05 -1.0690563432730953 -0.9994816139076973
-7.44702 -7.311042e-05 -1.0701875649925523 -1.000539215143558
-7.412039 -7.304519e-05 -1.0692327307177052 -0.9996465219678955
-7.377039 -7.30293e-05 -1.0690001334982155 -0.999429062293493
-7.342085 -7.310552e-05 -1.0701158389777314 -1.0004721570941826
-7.306965 -7.312723e-05 -1.0704336291372738 -1.0007692653088636
-7.271817 -7.308257e-05 -1.0697798977450514 -1.0001580790874152
-7.2370339999999995 -7.300081e-05 -1.0685830979549011 -0.9990391676349828
-7.202408999999999 -7.301488e-05 -1.0687890540831717 -0.999231720033903
-7.166881 -7.298832e-05 -1.0684002698069193 -0.9988682380356568
-7.132166 -7.324287e-05 -1.0721263630870408 -1.0023518352741188
-7.097354 -7.307567e-05 -1.0696788958058139 -1.0000636504056417
-7.062215 -7.312631e-05 -1.070420162212042 -1.0007566748179604
-7.02702 -7.333841e-05 -1.0735248739964214 -1.0036593303837738
-6.991928 -7.337578e-05 -1.0740718946441452 -1.0041707506501312
-6.956816 -7.302222e-05 -1.0688964967257808 -0.9993321702548039
-6.922335 -7.303977e-05 -1.0691533929625363 -0.9995723475540969
-6.887585 -7.325042e-05 -1.0722368797017134 -1.0024551594114213
-6.852297999999999 -7.346262e-05 -1.0753430552823136 -1.0053591835088547
-6.817437 -7.331855e-05 -1.0732341640669647 -1.003387540004061
-6.782354000000001 -7.303711e-05 -1.0691144559830623 -0.9995359446130074
-6.747631 -7.321582e-05 -1.0717304062093065 -1.001981647470935
-6.7123159999999995 -7.331163e-05 -1.0731328693684834 -1.003292837615964
-6.677315999999999 -7.340249e-05 -1.0744628746147291 -1.0045362854458075
-6.642362 -7.329181e-05 -1.0728427449575149 -1.0030215946488992
-6.6073450000000005 -7.320153e-05 -1.0715212297293502 -1.0017860843024513
-6.572334 -7.314722e-05 -1.0707262420018175 -1.001042834779682
-6.537298 -7.326168e-05 -1.0724017031561788 -1.0026092560718225
-6.502298 -7.343983e-05 -1.0750094561235868 -1.005047295152679
-6.467493 -7.335874e-05 -1.073822463768116 -1.0039375528621
-6.432381 -7.302067e-05 -1.0688738078843578 -0.9993109580146954
-6.396964 -7.327615e-05 -1.072613514469333 -1.0028072825972225
-6.3622309999999995 -7.328931e-05 -1.072806150051994 -1.0029873813584016
-6.327464 -7.314675e-05 -1.0707193621595799 -1.0010364026810687
-6.292326 -7.344363e-05 -1.0750650803799782 -1.0050992993542351
-6.257187 -7.321747e-05 -1.0717545588469504 -1.0020042282426638
-6.222326 -7.324606e-05 -1.0721730581864855 -1.0023954914327937
-6.18759 -7.339156e-05 -1.0743028816877922 -1.004386704939752
-6.152937 -7.331278e-05 -1.073149703025023 -1.003308575729593
-6.117743000000001 -7.326961e-05 -1.0725177821964906 -1.0027177806292806
-6.082363 -7.342407e-05 -1.074778761839184 -1.0048316145693823
-6.047458 -7.330167e-05 -1.0729870752648887 -1.0031565318666216
-6.012687 -7.364994e-05 -1.0780850383631715 -1.0079227169392562
-5.977677 -7.331635e-05 -1.0732019605501064 -1.0033574323084233
-5.942826 -7.330066e-05 -1.0729722909230581 -1.0031427096972605
-5.907705 -7.346195e-05 -1.0753332478476343 -1.0053500143470016
-5.872418 -7.339886e-05 -1.0744097388119127 -1.0044866077480048
-5.837381000000001 -7.354539e-05 -1.0765546394142944 -1.0064919171306481
-5.802524 -7.355912e-05 -1.0767556186354141 -1.0066798165220607
-5.767483 -7.321445e-05 -1.0717103522010811 -1.0019628985877425
-5.732703000000001 -7.331654e-05 -1.073204741762926 -1.003360032518501
-5.69789 -7.354569e-05 -1.0765590308029567 -1.0064960227255078
-5.6627790000000005 -7.333985e-05 -1.0735459526620013 -1.0036790372391005
-5.627676999999999 -7.309789e-05 -1.0700041513260823 -1.000367738131584
-5.592566 -7.312199e-05 -1.070356926215302 -1.0006975542519805
-5.557637 -7.356348e-05 -1.0768194401506423 -1.0067394845006885
-5.52277 -7.323254e-05 -1.0719751529374293 -1.002210465957783
-5.487705 -7.29741e-05 -1.0681921179843175 -0.9986736328393068
-5.4524740000000005 -7.316693e-05 -1.071014756236943 -1.001312572361965
-5.417571 -7.317441e-05 -1.071124248194261 -1.0014149385271336
-5.382872 -7.342316e-05 -1.0747654412935745 -1.0048191609316413
-5.347751000000001 -7.301199e-05 -1.06874675037239 -0.9991921694700879
-5.312604 -7.302118e-05 -1.0688812732450843 -0.9993179375259571
-5.277316 -7.310622e-05 -1.0701260855512775 -1.000481736815522
-5.242515 -7.33519e-05 -1.0737223401066114 -1.0038439452992989
-5.207909 -7.336726e-05 -1.0739471792061306 -1.0040541517561157
-5.1727240000000005 -7.308996e-05 -1.0698880722857707 -1.000259213574126
-5.137807 -7.294978e-05 -1.0678361227434119 -0.9983408059493465
-5.102604 -7.298808e-05 -1.0683967566959895 -0.9988649535597692
-5.067575 -7.318098e-05 -1.0712204196059698 -1.0015048510545612
-5.032603 -7.316843e-05 -1.0710367131802554 -1.0013331003362633
-4.998014 -7.293292e-05 -1.0675893267005798 -0.9981100715182308
-4.963243 -7.301196e-05 -1.0687463112335236 -0.9991917589106019
-4.928214 -7.324063e-05 -1.0720935740516944 -1.002321180165833
-4.893354 -7.333883e-05 -1.073531021940549 -1.0036650782165775
-4.858168 -7.303495e-05 -1.0690828379846924 -0.9995063843300175
-4.822863 -7.279867e-05 -1.0656241802741162 -0.9962728178185116
-4.788241 -7.307476e-05 -1.0696655752602044 -1.0000511967679007
-4.753298 -7.351597e-05 -1.0761239905661262 -1.0060892951280727
-4.718548 -7.324626e-05 -1.072175985778927 -1.0023982284960335
-4.68327 -7.301012e-05 -1.0687193773830603 -0.9991665779287957
-4.648039 -7.299622e-05 -1.0685159097083652 -0.9989763520336293
-4.613020000000001 -7.302461e-05 -1.0689314814554585 -0.9993648781605194
-4.577968 -7.328359e-05 -1.0727224209081625 -1.002909101349743
-4.543178 -7.291821e-05 -1.067374002276496 -0.9979087605169432
-4.5080290000000005 -7.268226e-05 -1.0639201750934488 -0.9946797101597831
-4.473104 -7.288774e-05 -1.0669279835680092 -0.997491768932359
-4.438011 -7.318464e-05 -1.071273994547652 -1.0015549393118497
-4.403196 -7.318325e-05 -1.0712536477801824 -1.0015359167223328
-4.367854 -7.315091e-05 -1.070780256082366 -1.0010933335964565
-4.332946 -7.299159e-05 -1.0684481359433404 -0.9989129890196277
-4.297927 -7.31847e-05 -1.0712748728253847 -1.0015557604308216
-4.262977 -7.328953e-05 -1.07280937040368 -1.0029903921279655
-4.228418 -7.31428e-05 -1.0706615422088568 -1.0009823456820823
-4.193205 -7.280982e-05 -1.0657873935527389 -0.9964254090941308
-4.15815 -7.296912e-05 -1.06811922093252 -0.9986054799646356
-4.123113 -7.324651e-05 -1.0721796452694792 -1.0024016498250834
-4.087862 -7.308827e-05 -1.0698633341296386 -1.0002360853897496
-4.0527310000000005 -7.291453e-05 -1.0673201345755694 -0.9978583985533308
-4.01814 -7.288619e-05 -1.0669052947265867 -0.9974705566922507
-3.982649 -7.314955e-05 -1.070760348453763 -1.0010747215664257
-3.947696 -7.311478e-05 -1.0702513865077805 -1.0005988831221857
-3.912538 -7.303787e-05 -1.0691255808343405 -0.9995463454533187
-3.87759 -7.281405e-05 -1.06584931213288 -0.9964832979816527
-3.8425380000000002 -7.297265e-05 -1.0681708929391154 -0.9986537891308181
-3.807677 -7.29737e-05 -1.0681862627994343 -0.9986681587128271
-3.772694 -7.295011e-05 -1.0678409532709408 -0.9983453221036922
-3.7378899999999997 -7.316694e-05 -1.071014902616565 -1.0013127092151268
-3.70275 -7.307084e-05 -1.0696081944483478 -0.9999975503284003
-3.668149 -7.28229e-05 -1.0659788580984235 -0.9966044130300141
-3.633057 -7.326779e-05 -1.0724911411052718 -1.0026928733537988
-3.598001 -7.303875e-05 -1.0691384622410838 -0.9995583885315737
-3.56277 -7.279143e-05 -1.0655182014277285 -0.9961737361292309
-3.5278069999999997 -7.24998e-05 -1.0612493325089234 -0.9921826873661089
-3.492853 -7.252711e-05 -1.061649095256832 -0.9925564333515045
-3.457668 -7.282684e-05 -1.066036531669524 -0.9966583331758383
-3.4223809999999997 -7.296244e-05 -1.068021439344969 -0.9985140620524262
-3.387646 -7.278831e-05 -1.0654725309856385 -0.9961310379426899
-3.3528719999999996 -7.261948e-05 -1.063001203826012 -0.9938205460088083
-3.317557 -7.264104e-05 -1.063316798291223 -0.9941156014260594
-3.2824920000000004 -7.295073e-05 -1.0678500288075097 -0.9983538069997355
-3.247659 -7.306349e-05 -1.069500605426117 -0.9998969632543375
-3.2125100000000004 -7.236836e-05 -1.059325318756265 -0.990383889404909
-3.17791 -7.231064e-05 -1.0584804155776024 -0.9895939729539013
-3.143029 -7.33179e-05 -1.0732246493915292 -1.0033786445485318
-3.10764 -7.292693e-05 -1.0675016453069524 -0.9980280964741987
-3.072686 -7.310661e-05 -1.0701317943565387 -1.0004870740888396
-3.037427 -7.16919e-05 -1.049423322840842 -0.9811263204089162
-3.002557 -7.233336e-05 -1.0588129900789747 -0.9899049033379431
-2.967741 -7.250855e-05 -1.061377414678246 -0.9923024338828504
-2.932918 -7.285751e-05 -1.0664854779704527 -0.9970780618236625
-2.897603 -7.240617e-05 -1.0598787801073606 -0.9909013312103941
-2.862939 -7.287027e-05 -1.0666722583682304 -0.997252686458362
-2.827964 -7.246594e-05 -1.0607536911085507 -0.99171930255961
-2.792566 -7.270715e-05 -1.0642845139728134 -0.995020337679977
-2.7573809999999996 -7.247781e-05 -1.0609274437199632 -0.9918817472628925
-2.722769 -7.259543e-05 -1.0626491608349027 -0.9934914141542218
-2.6876309999999997 -7.251302e-05 -1.061442846369317 -0.9923636072462602
-2.6524270000000003 -7.267725e-05 -1.0638468389027853 -0.9946111467256261
-2.617288 -7.253099e-05 -1.0617058905502001 -0.9926095323783566
-2.582594 -7.268793e-05 -1.0640031723391699 -0.9947573059026317
-2.547892 -7.225414e-05 -1.0576533707128337 -0.9888207525886564
-2.51277 -7.251232e-05 -1.0614325997957712 -0.9923540275249207
-2.4777600000000004 -7.289512e-05 -1.0670360117291064 -0.9975927665659077
-2.442659 -7.216028e-05 -1.0562794515799632 -0.987536248810216
-2.407538 -7.179323e-05 -1.0509065875514085 -0.9825130534993636
-2.372929 -7.22397e-05 -1.057441998538546 -0.9886231366227425
-2.3376680000000003 -7.210596e-05 -1.0554843174728088 -0.9867928624342849
-2.302703 -7.174207e-05 -1.0501577094048322 -0.9818129127226215
-2.267649 -7.190416e-05 -1.052530376699175 -0.9840311656253216
-2.23292 -7.233504e-05 -1.0588375818554845 -0.9899278946691574
-2.197899 -7.204748e-05 -1.0546282894428676 -0.9859925451429657
-2.1626030000000003 -7.150431e-05 -1.0466773875101882 -0.9785590919431413
-2.127612 -7.145204e-05 -1.0459122612255605 -0.977843760465418
-2.0925010000000004 -7.145105e-05 -1.0458977696429743 -0.977830212002381
-2.0578440000000002 -7.139366e-05 -1.0450576969918404 -0.977044811705719
-2.022668 -7.150751e-05 -1.0467242289892547 -0.978602884954978
-1.987464 -7.116487e-05 -1.0417086776182045 -0.9739137482125438
-1.952224 -7.08217e-05 -1.0366853681271841 -0.9692173582525243
-1.917325 -7.134282e-05 -1.0443135029931707 -0.9763490502301605
-1.882486 -7.131803e-05 -1.043950627910027 -0.9760097912415866
-1.847751 -7.114976e-05 -1.0414874980092372 -0.9737069630847767
-1.812631 -7.079519e-05 -1.036297315749042 -0.9688545605200881
-1.7775429999999999 -7.064221e-05 -1.0340580002904172 -0.966760980847961
-1.7428350000000001 -7.039009e-05 -1.0303674772584621 -0.963310638927863
-1.7074269999999998 -7.067277e-05 -1.0345053364155028 -0.9671792041110036
-1.672251 -6.998485e-05 -1.0244355894531727 -0.9577648013913699
-1.6371120000000001 -6.988257e-05 -1.0229384186785084 -0.9563650672505336
-1.602467 -7.035423e-05 -1.0298425599336727 -0.962819883488966
-1.56739 -6.982956e-05 -1.0221624603018464 -0.9556396086388231
-1.532177 -6.963294e-05 -1.0192843441724517 -0.9529488017677707
-1.497467 -6.933961e-05 -1.0149905907178927 -0.9489344879671106
-1.4624549999999998 -6.963872e-05 -1.0193689515940156 -0.9530279028954011
-1.427344 -6.877185e-05 -1.0066797412945112 -0.9411645128419519
-1.392552 -6.796476e-05 -0.9948655883758186 -0.9301192309908805
-1.3573989999999998 -6.728121e-05 -0.9848598093083387 -0.9207646331030365
-1.32227 -6.625362e-05 -0.9698179857227172 -0.9067017390300798
-1.2875329999999998 -6.521363e-05 -0.954594651405713 -0.8924691470362555
-1.252798 -6.427779e-05 -0.9408958608527023 -0.8796618807245593
-1.2173900000000002 -6.280197e-05 -0.9192928634664569 -0.8594648173717135
-1.1823730000000001 -6.239137e-05 -0.9132825161837312 -0.8538456265403938
-1.147668 -5.930528e-05 -0.868108447392335 -0.8116115090717431
-1.112677 -5.752602e-05 -0.8420637067536045 -0.7872617733714649
-1.077279 -5.539115e-05 -0.8108135603739824 -0.7580454023776514
-1.042052 -5.345774e-05 -0.7825123778608434 -0.7315860751852934
-1.007325 -5.181116e-05 -0.7584098020479095 -0.7090521072383021
-0.9722696999999999 -4.986623e-05 -0.729939990210131 -0.6824351252033314
-0.9369364 -4.754062e-05 -0.6958977989188987 -0.6506084169977157
-0.9019457 -4.567079e-05 -0.6685272980429632 -0.625019202209292
-0.8673445000000001 -4.408461e-05 -0.6453088551474102 -0.6033118273607216
-0.8324549 -4.260422e-05 -0.6236389622738728 -0.5830522221128462
-0.7972419 -4.035256e-05 -0.590679248287944 -0.5522375430401485
-0.7619179 -3.785339e-05 -0.5540964922758401 -0.5180356113550298
-0.7270426 -3.697338e-05 -0.5412149391529187 -0.5059923962467255
-0.6925197 -3.427137e-05 -0.5016630188864845 -0.46901453502379664
-0.6572605 -3.251162e-05 -0.4759038648904378 -0.4449317998425614
-0.6220753 -3.102709e-05 -0.4541733708533581 -0.42461553738562213
-0.5870521 -2.963587e-05 -0.4338087450699344 -0.4055762517832139
-0.552353 -2.787805e-05 -0.4080778423409498 -0.3815199292622429
-0.5176123 -2.58976e-05 -0.3790880900855326 -0.3544168447958828
-0.482279 -2.378233e-05 -0.3481248477651931 -0.3254687059995701
-0.4471275 -2.260344e-05 -0.3308683004974566 -0.309335223585701
-0.412353 -2.079887e-05 -0.30445307303523417 -0.2846391125324255
-0.3769549 -1.931489e-05 -0.282730629877369 -0.26433037699939566
-0.34178820000000004 -1.702639e-05 -0.24923165336368663 -0.23301153087792578
-0.3068539 -1.601175e-05 -0.23437939138866254 -0.21912586164974657
-0.2719456 -1.4713e-05 -0.21536833797063978 -0.20135205723626218
-0.2367234 -1.271492e-05 -0.18612051844149033 -0.17400770064531332
-0.202269 -1.085157e-05 -0.1588448715606644 -0.14850716670585914
-0.1673345 -9.565147e-06 -0.14001426030278333 -0.13090206118516018
-0.1320567 -7.93244e-06 -0.11611475693956512 -0.10855794962979784
-0.09678821000000001 -6.44162e-06 -0.09429219012019524 -0.08815560653396665
-0.06184446 -3.525928e-06 -0.05161240081316808 -0.048253439574997586
-0.027417829999999997 -2.462253e-06 -0.03604236636126023 -0.03369671086699914
0.007887727 -1.651545e-06 -0.02417525329529805 -0.02260191554191957
0.04318403 9.186273e-08 0.0013446831700907789 0.0012571705069557059
0.07806365999999999 1.384772e-06 0.020270240203104653 0.018951042683556938
0.11326739999999999 3.009463e-06 0.04405240566126117 0.04118545274426789
0.1483322 4.855247e-06 0.07107092209793618 0.06644559041936997
0.1828348 6.558064e-06 0.0959966929915779 0.08974917949344596
0.2178137 8.085093e-06 0.11834928578454795 0.1106470542035277
0.2527581 9.977651e-06 0.14605247826555373 0.13654730885852298
0.28780439999999996 1.141332e-05 0.16706774683117392 0.1561948930806617
0.3230729 1.322794e-05 0.19363008581358965 0.18102854156173737
0.35831369999999996 1.484972e-05 0.21736964016375782 0.20322311366699294
0.3932688 1.710508e-05 0.2503835146098573 0.2340884284096271
0.42824880000000004 1.843822e-05 0.2698979675482233 0.25233287084719597
0.46309890000000004 2.07595e-05 0.30387677646309363 0.2841003216336699
0.49825810000000004 2.240033e-05 0.3278951839933298 0.3065555990125169
0.5334803 2.44117e-05 0.3573375420402275 0.3340818334557508
0.5682674 2.551957e-05 0.37355450123193096 0.3492433847131652
0.6032593 2.776414e-05 0.4064104320658029 0.37996103489401184
0.6381563 3.038804e-05 0.44481898110414736 0.41586993606863487
0.6733692 3.176285e-05 0.464943397927733 0.4346846456322171
0.7083044 3.36115e-05 0.492003866764097 0.45998400542354567
0.7432951000000001 3.616045e-05 0.5293153005349297 0.49486719214905167
0.7784525999999999 3.83531e-05 0.561411228370947 0.5248743007128449
0.8134063 4.033342e-05 0.5903990776912772 0.551975606088099
0.8483914 4.246895e-05 0.6216588851259568 0.581201009390604
0.8832581 4.445169e-05 0.650682158314831 0.6083354332310599
0.9182303 4.675112e-05 0.6843411277554501 0.6398038598585851
0.9537026 4.809855e-05 0.7040647571737726 0.658243865464638
0.98886 4.939107e-05 0.7229846160872376 0.6759324103582025
1.023731 5.130083e-05 0.7509396107941504 0.7020680798224533
1.058638 5.328426e-05 0.7799729841769485 0.7292119465310866
1.09358 5.511523e-05 0.8067746538414697 0.7542693499320162
1.12848 5.662387e-05 0.8288580691473916 0.7749155653625142
1.16374 5.837458e-05 0.8544848959650752 0.7988745852853101
1.1988599999999998 6.031814e-05 0.8829346537946283 0.825472818437088
1.233665 6.269544e-05 0.9177334813524073 0.8580069206370313
1.268564 6.438435e-05 0.9424556821056181 0.8811201880187274
1.303542 6.538291e-05 0.957072565648333 0.8947857973624264
1.338388 6.619801e-05 0.9690039686443142 0.9059406985962521
1.373545 6.772579e-05 0.9913675545469024 0.9268488509787992
1.4087210000000001 6.837986e-05 1.0009418064884816 0.9358000057450958
1.443684 6.890752e-05 1.0086656736273107 0.9430211996906738
1.478453 6.931129e-05 1.0145760436281537 0.9485469198123541
1.5135450000000001 6.986231e-05 1.0226418535641681 0.9560878027443411
1.548646 6.989202e-05 1.0230767474213767 0.9564943934886143
1.583629 7.011263e-05 1.0263060282641485 0.9595135110952814
1.6186749999999999 7.045564e-05 1.0313269956812157 0.9642077114047091
1.653804 7.058431e-05 1.033210462278557 0.9659686010400376
1.688599 7.001328e-05 1.0248517467187546 0.9581538749309082
1.723619 7.068162e-05 1.034634882381046 0.9673003191593648
1.758962 7.084141e-05 1.0369738823623096 0.9694870958348071
1.79373 7.122551e-05 1.0425963236465157 0.9747436257868529
1.829045 7.110091e-05 1.040772433555362 0.9730384353884542
1.863825 7.154369e-05 1.0472538304619508 0.9790980196950586
1.898925 7.298592e-05 1.0683651386976196 0.9988353932767793
1.934101 7.163949e-05 1.0486561472415055 0.9804090729869255
1.9688910000000002 7.222659e-05 1.0572500948539951 0.9884437221273731
2.003564 7.175249e-05 1.0503102369710424 0.9819555137174151
2.038953 7.183898e-05 1.0515762743224382 0.983139156715469
2.074101 7.219155e-05 1.0567371806582166 0.9879641886477595
2.1087029999999998 7.210345e-05 1.0554475761876658 0.9867585122906253
2.143554 7.239958e-05 1.059782315936408 0.9908111449766425
2.17873 7.197304e-05 1.053538639536082 0.9849738102051102
2.213971 7.201322e-05 1.0541267928576115 0.9855236862099873
2.248888 7.279113e-05 1.065513810039066 0.9961696305343711
2.283777 7.183216e-05 1.0514764434201775 0.9830458228589916
2.3190079999999997 7.242616e-05 1.0601713929719045 0.9911749006812128
2.353939 7.235824e-05 1.0591771825787173 0.990245394004975
2.388962 7.274224e-05 1.0647981600667025 0.9955005554254007
2.423693 7.258043e-05 1.0624295914017783 0.9932861344112365
2.4586010000000003 7.238184e-05 1.0595226384868328 0.9905683674672718
2.493656 7.259842e-05 1.0626929283419053 0.9935323332496568
2.528851 7.239344e-05 1.0596924388484492 0.9907271171351807
2.5638159999999997 7.282133e-05 1.0659558764977564 0.9965829270835818
2.598647 7.296228e-05 1.0680190972710157 0.9985118724018345
2.633749 7.327604e-05 1.0726119042934898 1.0028057772124404
2.668805 7.259275e-05 1.0626099310961843 0.9934547375068082
2.704212 7.267526e-05 1.0638177093579906 0.9945839129463899
2.738873 7.316028e-05 1.0709174137882578 1.0012215650092413
2.7735920000000003 7.343422e-05 1.0749273371555983 1.0049705205288024
2.808869 7.32395e-05 1.072077033154399 1.0023057157585282
2.843929 7.334484e-05 1.0736189960934208 1.0037473269669335
2.8784710000000002 7.297367e-05 1.0681858236605681 0.9986677481533413
2.913721 7.336307e-05 1.073885846144478 1.0039968102812418
2.948814 7.339969e-05 1.0744218883205459 1.00449796656045
2.984018 7.296867e-05 1.0681126338495266 0.9985993215723462
3.019009 7.298491e-05 1.0683503543557893 0.9988215711074183
3.0540540000000003 7.340547e-05 1.0745064957421095 1.0045770676880803
3.0891379999999997 7.349479e-05 1.0758139585265545 1.0057994401309773
3.1243440000000002 7.317516e-05 1.0711352266659173 1.001425202514283
3.159332 7.307192e-05 1.0696240034475328 1.0000123304698953
3.194462 7.309824e-05 1.0700092746128553 1.0003725279922537
3.2294009999999997 7.328585e-05 1.0727555027027535 1.0029400301643532
3.264118 7.297024e-05 1.0681356154501938 0.9986208075187787
3.2988049999999998 7.304217e-05 1.0691885240718362 0.9996051923129744
3.334129 7.305055e-05 1.0693111901951418 0.9997198752627223
3.369268 7.30598e-05 1.0694465913455684 0.9998464644375632
3.4042950000000003 7.286045e-05 1.0665285135793448 0.9971182966532873
3.43936 7.337074e-05 1.0739981193146155 1.0041017766564881
3.4746840000000003 7.328115e-05 1.0726867042803745 1.0028757091782177
3.509453 7.335625e-05 1.0737860152422174 1.0039034764247645
3.544416 7.349303e-05 1.0757881957130677 1.005775353974467
3.579592 7.303881e-05 1.0691393405188163 0.9995592096505458
3.614786 7.331822e-05 1.0732293335394358 1.0033830238497154
3.64974 7.316389e-05 1.0709702568318298 1.0012709690007198
3.68473 7.367138e-05 1.0783988762729173 1.0082161301185633
3.7193539999999996 7.342252e-05 1.074756072997761 1.0048104023292739
3.753999 7.189828e-05 1.0524443054813901 0.9839506959660713
3.7891660000000003 7.412169e-05 1.0849904970349344 1.0143787648561464
3.824138 7.33444e-05 1.073612555390049 1.003741305427806
3.859314 7.378896e-05 1.0801200078693687 1.0098252495972448
3.894307 7.316632e-05 1.0710058270799963 1.0013042243190837
3.9290079999999996 7.337437e-05 1.0740512551174317 1.0041514543542909
3.964221 7.32968e-05 1.0729157883889342 1.0030898843767324
3.999221 7.305192e-05 1.0693312442033671 0.999738624145915
4.034184 7.306044e-05 1.0694559596413817 0.9998552230399306
4.069379 7.354431e-05 1.0765388304151093 1.0064771369891532
4.10473 7.307093e-05 1.069609511864947 0.9999987820068585
4.1399989999999995 7.292521e-05 1.067476468011954 0.9980045577303364
4.174599 7.285497e-05 1.0664482975464433 0.9970433011205169
4.209220999999999 7.30065e-05 1.0686663879598663 0.9991170370841552
4.244600999999999 7.316762e-05 1.0710248564308666 1.0013220152301423
4.27973 7.290179e-05 1.0671336469370358 0.9976840476249552
4.314712 7.4019e-05 1.0834873246957648 1.0129734197356686
4.3495420000000005 7.2611e-05 1.0628770739064857 0.9937044945274406
4.384527 7.310161e-05 1.0700586045454972 1.0004186475078445
4.419573000000001 7.368044e-05 1.0785314962105244 1.0083401190833265
4.454582 7.337765e-05 1.0740992676334749 1.0041963421914235
4.489476 7.272432e-05 1.0645358477839297 0.9952553145591142
4.524388 7.299763e-05 1.0685365492350787 0.9989956483294697
4.559601 7.329813e-05 1.0729352568786712 1.003108085847277
4.594814 7.248129e-05 1.060978383828448 0.9919293721632652
4.629684 7.297371e-05 1.0681864091790565 0.9986682955659892
4.664758 7.280005e-05 1.0656443806619638 0.9962917035548664
4.69999 7.307984e-05 1.0697399361082227 1.0001207181741918
4.73508 7.336933e-05 1.073977479787902 1.0040824803606478
4.769877999999999 7.308513e-05 1.0698173709283045 1.0001931134968847
4.805064000000001 7.398222e-05 1.0829489404457435 1.0124700738058683
4.839989999999999 7.33081e-05 1.0730811973618881 1.0032445284497815
4.8749579999999995 7.342337e-05 1.074768515265638 1.004822034848043
4.909573 7.353437e-05 1.076393329070759 1.0063411049461348
4.944629 7.341317e-05 1.0746192080511134 1.0046824446228129
4.979795 7.327049e-05 1.072530663603234 1.002729823707536
5.014563 7.326569e-05 1.0724604013846342 1.0026641341897806
5.049758 7.301604e-05 1.0688060341193333 0.9992475950006938
5.084524 7.373088e-05 1.0792698350243108 1.0090304064324054
5.119295 7.322694e-05 1.071893180349063 1.0021338281870686
5.154350999999999 7.337884e-05 1.0741166868085028 1.0042126277177006
5.18974 7.317676e-05 1.0711586474054506 1.0014470990202013
5.22475 7.363038e-05 1.0777987198223773 1.0076550321544033
5.259406 7.310415e-05 1.0700957849695063 1.00045340821099
5.294629 7.293169e-05 1.0675713220070637 0.9980932385793062
5.329795 7.339934e-05 1.0744167650337728 1.0044931766997804
5.364841 7.352802e-05 1.0763003780107363 1.006254203188271
5.399778 7.299296e-05 1.0684681899515658 0.9989317379028202
5.434499 7.296453e-05 1.0680520326859841 0.9985426643632821
5.469729999999999 7.341628e-05 1.0746647321135814 1.0047250059561919
5.504833 7.345283e-05 1.0751997496322945 1.0052252042632663
5.539637 7.346097e-05 1.0753189026446701 1.0053366027371264
5.574425 7.327081e-05 1.0725353477511408 1.0027342030087196
5.609527 7.316923e-05 1.0710484235500222 1.0013440485892227
5.6448599999999995 7.320783e-05 1.071613448891262 1.0018723017945048
5.680184000000001 7.341422e-05 1.0746345779114321 1.0046968142048218
5.715193 7.306799e-05 1.0695664762560544 0.9999585471772333
5.749986 7.289605e-05 1.0670496250339603 0.9976054939099729
5.7846660000000005 7.357076e-05 1.076926004515519 1.0068391136026174
5.819805000000001 7.3822e-05 1.0806036461407307 1.0102774124444605
5.854897 7.350728e-05 1.0759967866745361 1.0059703697303033
5.890027 7.309893e-05 1.0700193748067788 1.000381970860431
5.925166 7.297923e-05 1.068267210730446 0.9987438385114078
5.960354000000001 7.352524e-05 1.076259684475797 1.0062161580092377
5.995203 7.37127e-05 1.079003716871364 1.008781607383907
6.03012 7.27846e-05 1.0654182241458456 0.9960802654195914
6.065082 7.337878e-05 1.0741158085307703 1.0042118065987284
6.10037 7.301558e-05 1.0687993006567176 0.9992412997552423
6.135369 7.330511e-05 1.0730374298548853 1.0032036093543462
6.1700420000000005 7.325944e-05 1.0723689141208324 1.0025786009635367
6.204962 7.336304e-05 1.0738854070056116 1.0039963997217556
6.240082999999999 7.340039e-05 1.0744321348940915 1.0045075462817892
6.275017 7.362934e-05 1.0777834963416806 1.0076407994255563
6.309845 7.345372e-05 1.07521277741866 1.0052373841946836
6.344795 7.355047e-05 1.0766290002623125 1.0065614385369392
6.37998 7.343422e-05 1.0749273371555983 1.0049705205288024
6.415305 7.381135e-05 1.0804477518432123 1.0101316638269409
6.450203 7.350249e-05 1.0759266708355584 1.0059048170657099
6.4849250000000005 7.355908e-05 1.0767550331169258 1.0066792691094126
6.520008 7.338051e-05 1.0741411322053906 1.0042354821957529
6.555147 7.374e-05 1.0794033332396504 1.0091552165161404
6.590466999999999 7.364642e-05 1.0780335127361982 1.0078745446262356
6.624807 7.34536e-05 1.075211020863195 1.0052357419567397
6.659925 7.35815e-05 1.0770832162296355 1.0069860938985946
6.695008 7.365864e-05 1.0782123886343835 1.0080417791901877
6.730443 7.342629e-05 1.0748112581152864 1.004861995971344
6.765156 7.359064e-05 1.0772170072042195 1.0071111776886539
6.8000050000000005 7.378816e-05 1.0801082974996021 1.0098143013442855
6.834693000000001 7.305692e-05 1.0694044340144084 0.99980705072691
6.870221 7.321955e-05 1.0717850058083436 1.0020326937003576
6.9054530000000005 7.373215e-05 1.0792884252363153 1.009047786783978
6.9406099999999995 7.385429e-05 1.0810763059404365 1.010719311304527
6.975392 7.358503e-05 1.077134888236231 1.0070344030647775
7.010156 7.336269e-05 1.0738802837188388 1.0039916098610862
7.045388 7.372333e-05 1.0791593184096382 1.0089270822951026
7.080147 7.329616e-05 1.0729064200931209 1.0030811257743648
7.115443 7.345989e-05 1.075303093645485 1.0053218225956313
7.150712 7.360645e-05 1.077448433386733 1.0073275425377608
7.185523 7.350484e-05 1.075961070046748 1.0059369775587776
7.220545 7.3308e-05 1.073079733565667 1.0032431599181613
7.255675 7.341558e-05 1.0746544855400355 1.0047154262348525
7.290712 7.347528e-05 1.0755283718838706 1.0055324396119345
7.325618 7.404446e-05 1.083860007213588 1.013321847886096
7.360749 7.390536e-05 1.081823866670414 1.0114182204028115
7.395797 7.373482e-05 1.0793275085954115 1.0090843265782294
7.430731 7.353159e-05 1.0763526355358197 1.0063030597671014
7.465439 7.365723e-05 1.07819174910767 1.0080224828943471
7.500064 7.37033e-05 1.078866120026606 1.008652965411636
7.535313 7.383494e-05 1.080793061371706 1.0104545004360759
7.570073000000001 7.385093e-05 1.0810271223874168 1.0106733286420984
7.60523 7.375724e-05 1.0796556917081213 1.0093911513674114
7.640101 7.341437e-05 1.0746367736057634 1.0046988670022516
7.675249 7.369664e-05 1.078768631198299 1.0085618212057508
7.710555 7.36738e-05 1.0784343001414614 1.0082492485837649
7.745305 7.360215e-05 1.077385490149237 1.0072686956781047
7.780138 7.328412e-05 1.0727301790281332 1.0029163545673287
7.815416 7.343499e-05 1.0749386083864985 1.0049810582222758
7.850675 7.369962e-05 1.0788122523256796 1.0086026034480238
7.885514 7.373076e-05 1.0792680784688458 1.0090287641944613
7.920332999999999 7.344717e-05 1.0751168987661956 1.0051477453735798
7.955657 7.319889e-05 1.0714825855091201 1.0017499550676856
7.990388 7.396081e-05 1.082635541674864 1.0121770711860472
8.025647 7.396138e-05 1.082643885313323 1.012184871816281
8.060477 7.376377e-05 1.0797512776013416 1.0094805164821912
8.095388 7.330702e-05 1.073065388362703 1.0032297483082864
8.130518 7.396052e-05 1.0826312966658236 1.0121731024443494
8.165712000000001 7.394313e-05 1.0823767425030215 1.0119351147956486
8.200519 7.352776e-05 1.076296572140562 1.006250645006059
8.235479999999999 7.317713e-05 1.0711640634514676 1.001452162587195
8.270620000000001 7.34962e-05 1.0758345980532684 1.005818736426818
8.305684999999999 7.362199e-05 1.0776759073194495 1.0075402123514934
8.34037 7.331903e-05 1.0732411902888246 1.0033941089558365
8.375416 7.315419e-05 1.0708282685984094 1.0011382214335893
8.41061 7.351788e-05 1.076151949073944 1.0061154340820129
8.445833 7.354713e-05 1.0765801094685366 1.0065157295808342
8.480741 7.330086e-05 1.0729752185155 1.0031454467605003
8.515704 7.326167e-05 1.0724015567765568 1.0026091192186606
8.550906000000001 7.342562e-05 1.074801450680607 1.004852826809491
8.585816999999999 7.357755e-05 1.077025396278913 1.0069320368996086
8.620546000000001 7.334832e-05 1.0736699362019055 1.0037949518673062
8.656018 7.307263e-05 1.0696343964007007 1.0000220470443968
8.690628 7.309344e-05 1.0699390123942556 1.0003068384744986
8.725657 7.337805e-05 1.0741051228183582 1.0042018163179032
8.760676 7.349136e-05 1.0757637503161803 1.0057524994964149
8.795943 7.351239e-05 1.0760715866614206 1.0060403016960802
8.830777 7.320436e-05 1.0715626551623996 1.0018248137472945
8.865685 7.321334e-05 1.07169410406303 1.0019477078867616
8.900573 7.392038e-05 1.0820437288627827 1.0116237738521208
8.93575 7.372034e-05 1.0791155509026356 1.0088861631996677
8.970889 7.334563e-05 1.0736305600835654 1.003758138366731
9.005981 7.327744e-05 1.0726323974405816 1.0028249366551192
9.040741 7.341966e-05 1.0747142084258452 1.0047712623249445
9.075352 7.327376e-05 1.072578529739655 1.0027745746915067
9.110702999999999 7.304389e-05 1.0692137013668346 0.9996287310568369
9.145712999999999 7.327142e-05 1.0725442769080877 1.002742551051601
9.180861 7.329073e-05 1.0728269359583298 1.0030068145074043
9.216064000000001 7.314266e-05 1.070659492894148 1.0009804297378146
9.250694 7.323612e-05 1.072027556842135 1.0022594593897753
9.285889 7.321386e-05 1.0717017158033781 1.001954824251185
9.320836 7.337356e-05 1.074039398368043 1.0041403692481696
9.355637 7.325645e-05 1.0723251466138295 1.0025376818681015
9.390666999999999 7.278487e-05 1.065422176395642 0.9960839604549653
9.42599 7.28767e-05 1.0667663804652299 0.9973406830415218
9.460901 7.324019e-05 1.0720871333483226 1.0023151586267054
9.49598 7.325167e-05 1.072255177154474 1.0024722660566705
9.530835999999999 7.291026e-05 1.06725763047694 0.9977999622531609
9.565897000000001 7.3153e-05 1.0708108494233815 1.0011219359073122
9.600901 7.334012e-05 1.0735499049117976 1.0036827322744741
9.635824000000001 7.347343e-05 1.0755012916537854 1.0055071217769662
9.671192999999999 7.305507e-05 1.0693773537843234 0.9997817328919419
9.706194 7.340906e-05 1.0745590460264376 1.004626197973235
9.741156 7.364203e-05 1.0779692520821038 1.0078144660881219
9.776037 7.341461e-05 1.0746402867166935 1.0047021514781396
9.810874 7.316676e-05 1.0710122677833676 1.001310245858211
9.846083 7.322223e-05 1.0718242355470617 1.002069370347771
9.881157 7.32923e-05 1.0728499175589967 1.0030283004538365
9.916006 7.356849e-05 1.076892776341306 1.0068080479348458
9.950777 7.311348e-05 1.0702323571569095 1.000581092211127
9.98549 7.296143e-05 1.0680066550031384 0.998500239883065
10.00356 7.314666e-05 1.070718044742981 1.0010351710026106
