Keff(MJ/m3):-0.13052002852607042 Ms(MA/m):1.1233919399588417
H(kOe) moment(emu) M(MA/m) M_norm()
9.962901 7.866735e-05 1.1273818122409673 1.0035516297920668
9.929649999999999 7.847105e-05 1.124568636892581 1.0010474500411515
9.896188 7.792712e-05 1.1167735759285056 0.9941085886457592
9.862512 7.868702e-05 1.1276637030158159 1.0038025580432157
9.828336 7.801657e-05 1.1180554839005545 0.9952496934787669
9.794424999999999 7.73651e-05 1.1087192671699713 0.9869389549034793
9.760076999999999 7.77846e-05 1.1147311217733755 0.9922904750538057
9.725952999999999 7.843558e-05 1.1240603163138376 1.000594962747392
9.691392 7.858899e-05 1.126258835061652 1.0025519989959295
9.656943 7.824795e-05 1.121371390737588 0.9982013853318835
9.622771 7.849708e-05 1.124941672828997 1.0013795121854017
9.588104 7.810304e-05 1.1192946854918686 0.9963527827455099
9.553521 7.745642e-05 1.1100279741124812 0.988103915142163
9.518623999999999 7.820185e-05 1.1207107316262248 0.9976132921759122
9.483679 7.771305e-05 1.1137057387057387 0.9913777187564138
9.448799999999999 7.777662e-05 1.1146167603914083 0.992188674980386
9.41391 7.856196e-05 1.1258714681249893 1.002207179950248
9.378984 7.781145e-05 1.1151159091299938 0.9926329978572295
9.344113 7.848665e-05 1.124792200496426 1.0012464577034756
9.309456 7.831532e-05 1.1223368702241943 0.9990608177812935
9.274446 7.797136e-05 1.1174075793794105 0.9946729539650689
9.239651 7.831935e-05 1.1223946241551879 0.9991122280940609
9.204299 7.720245e-05 1.1063883299798796 0.9848640448857189
9.169512000000001 7.868994e-05 1.1277055495365356 1.0038398081953943
9.134308 7.794725e-05 1.1170620589634674 0.9943653850715662
9.099354 7.779771e-05 1.114919001186607 0.9924577180315668
9.064131999999999 7.898294e-05 1.131904532608758 1.0075775803146925
9.029244 7.833467e-05 1.122614175078964 0.9993076638239846
8.994321 7.822201e-05 1.120999644591194 0.9978704713087622
8.959706 7.809357e-05 1.1191589709195344 0.9962319748889578
8.92466 7.818837e-05 1.120517549742902 0.9974413291446216
8.889466 7.772282e-05 1.113845752578147 0.9915023536833953
8.854336 7.798313e-05 1.1175762552523116 0.9948231026949125
8.819481 7.84539e-05 1.1243228602383533 1.0008286691816088
8.784604 7.794721e-05 1.1170614857234578 0.9943648747955092
8.749825999999999 7.825034e-05 1.121405641828177 0.9982318743263038
8.714744000000001 7.869444e-05 1.1277700390376448 1.003897214251834
8.679447 7.769033e-05 1.1133801383801385 0.9910878819559005
8.64466 7.819106e-05 1.120556100133565 0.9974756452094711
8.609539 7.820127e-05 1.1207024196460815 0.997605893173082
8.57428 7.786488e-05 1.1158816144731638 0.9933145991006905
8.539447000000001 7.858135e-05 1.126149346219769 1.0024545362689963
8.504327 7.798239e-05 1.1175656503121292 0.9948136625878534
8.469475000000001 7.87296e-05 1.1282739170063114 1.0043457469061499
8.434280000000001 7.800556e-05 1.1178976995878405 0.9951092399940108
8.399234 7.830556e-05 1.1221969996617887 0.9989363104233266
8.364094999999999 7.827721e-05 1.1217907158048004 0.9985746522677561
8.329253000000001 7.763313e-05 1.1125604051660392 0.9903581871940443
8.294604 7.83416e-05 1.1227134889106722 0.9993960691509016
8.259549999999999 7.771106e-05 1.1136772200152485 0.9913523325225663
8.22441 7.838505e-05 1.1233361708713823 0.999950356518081
8.189318 7.826022e-05 1.1215472321106124 0.9983579125124425
8.154396 7.826267e-05 1.1215823430612164 0.9983891669209486
8.119364 7.844446e-05 1.1241875755960264 1.0007082440320996
8.084299 7.775165e-05 1.1142589153152536 0.9918701351516526
8.049113 7.836015e-05 1.1229793289652445 0.9996327096724477
8.014443 7.831451e-05 1.1223252621139947 0.9990504846911346
7.979354 7.771501e-05 1.1137338274662218 0.9914027222832187
7.944151 7.859082e-05 1.1262850607921029 1.0025753441255483
7.909227 7.825184e-05 1.1214271383285468 0.9982510096784504
7.874484000000001 7.796557e-05 1.1173246028879833 0.9945990915057832
7.839225000000001 7.814025e-05 1.1198279420110406 0.9968274670477594
7.803929 7.800365e-05 1.1178703273773696 0.9950848743122775
7.769244 7.816375e-05 1.1201647205168332 0.997127254231389
7.7340860000000005 7.806596e-05 1.1187632920027288 0.9958797568404465
7.699086 7.776322e-05 1.1144247249881052 0.9920177325012097
7.663873 7.82377e-05 1.1212244979850614 0.9980706270922153
7.628944000000001 7.775972e-05 1.1143745664872426 0.9919730833462012
7.593975 7.806399e-05 1.118735059932243 0.9958546257446272
7.559373 7.831259e-05 1.1222977465935213 0.999025991440387
7.524197 7.798451e-05 1.117596032032652 0.9948407072188874
7.488919 7.818225e-05 1.1204298440213933 0.9973632569078634
7.454255 7.811586e-05 1.1194784089150287 0.9965163262218559
7.419336 7.772809e-05 1.1139212769494462 0.991569582553937
7.384345000000001 7.809173e-05 1.119132601879081 0.9962085021903249
7.349086000000001 7.826335e-05 1.1215920881413841 0.9983978416139219
7.3140469999999995 7.777293e-05 1.1145638790004986 0.9921416020141052
7.279382 7.815914e-05 1.120098654605697 0.9970684449157919
7.244104 7.783909e-05 1.1155120179768068 0.9929855986127838
7.20901 7.856858e-05 1.125966339346621 1.0022916306377216
7.17404 7.79796e-05 1.1175256668214415 0.9947780708328607
7.13879 7.797348e-05 1.117437961099933 0.9946999985961028
7.103878 7.847443e-05 1.1246170756734137 1.001090568367988
7.069012 7.736581e-05 1.1087294421801466 0.9869480123034956
7.033962000000001 7.824021e-05 1.12126046879568 0.9981026469148072
6.998854000000001 7.79922e-05 1.1177062374245472 0.9949388077908919
6.963882 7.800833e-05 1.1179373964585233 0.995144576610975
6.929086 7.870171e-05 1.1278742254094367 1.0039899569252377
6.893872999999999 7.719869e-05 1.1063344454189525 0.984816078936338
6.85879 7.852629e-05 1.1253602813461971 1.0017521412762027
6.823503 7.768903e-05 1.1133615080798178 0.9910712979840399
6.788947 7.78453e-05 1.1156010134883376 0.9930648189706707
6.754123 7.894774e-05 1.1314000814000815 1.0071285373843195
6.719169 7.732774e-05 1.1081838610007624 0.9864623570660151
6.683947 7.819622e-05 1.1206300480948368 0.9975414708208552
6.64879 7.816502e-05 1.1201829208871463 0.9971434554962065
6.613734 7.732469e-05 1.1081401514500107 0.9864234485166506
6.578594 7.840848e-05 1.1236719462071576 1.0002492507186105
6.543734000000001 7.723202e-05 1.106812097657168 0.9852412664610349
6.508521 7.789649e-05 1.1163346173909554 0.993717844754926
6.473698000000001 7.811552e-05 1.1194735363749448 0.9965119888753693
6.438854 7.744811e-05 1.109908883500433 0.9879979052912711
6.403632 7.86447e-05 1.1270572150853841 1.0032626859746534
6.368549 7.731856e-05 1.1080523024184996 0.9863452487108783
6.333688 7.833332e-05 1.1225948282286313 0.9992904420070526
6.29854 7.792158e-05 1.1166941821871401 0.9940379154118313
6.263447 7.760692e-05 1.1121847896495785 0.9900238288075365
6.22828 7.827367e-05 1.1217399840639277 0.9985294928366902
6.193831 7.754726e-05 1.1113298021748725 0.9892627520681597
6.158881999999999 7.7879e-05 1.1160839681966446 0.9934947265488971
6.123734000000001 7.810685e-05 1.119349286602808 0.9964013865399624
6.088642 7.791353e-05 1.1165788176351557 0.9939352223553112
6.053799 7.822528e-05 1.121046506962 0.9979121863764416
6.018716 7.767125e-05 1.1131067028954353 0.9908444802765959
5.983836 7.82438e-05 1.121311917086565 0.9981484441909447
5.948783000000001 7.776614e-05 1.114466571508825 0.9920549826533885
5.913438 7.777647e-05 1.1146146107413715 0.9921867614451714
5.878462000000001 7.810698e-05 1.1193511496328399 0.9964030449371483
5.843808 7.754381e-05 1.1112803602240224 0.9892187407582228
5.808697 7.813334e-05 1.1197289147993374 0.9967393168588707
5.773377 7.762098e-05 1.1123862835130442 0.990203190841657
5.73867 7.807733e-05 1.1189262354755312 0.9960248028097175
5.7037070000000005 7.789676e-05 1.116338486761022 0.9937212891183125
5.668419 7.75131e-05 1.1108402552064525 0.988826976315275
5.633252000000001 7.800746e-05 1.117924928488309 0.99513347810673
5.598227 7.738576e-05 1.109015345635064 0.9872025124870449
5.563465 7.791621e-05 1.1166172247158166 0.9939694108511465
5.528392 7.781442e-05 1.1151584722007257 0.9926708858544796
5.493386999999999 7.71671e-05 1.1058817291211658 0.9844130884201311
5.458168 7.865022e-05 1.1271363222067448 1.0033331040705529
5.422872999999999 7.698614e-05 1.1032883913165603 0.9821045995371679
5.387993000000001 7.80992e-05 1.1192396544509222 0.9963037962440147
5.353057 7.753621e-05 1.111171444622149 0.9891217883073468
5.317901 7.723227e-05 1.1068156804072298 0.9852444556863927
5.283028 7.866756e-05 1.127384821751019 1.0035543087413672
5.2481599999999995 7.711624e-05 1.105152854448629 0.9837642724133477
5.213188 7.770763e-05 1.1136280646844028 0.9913085763506575
5.17816 7.775663e-05 1.1143302836964808 0.991933664520779
5.1430299999999995 7.718832e-05 1.1061858329463965 0.984683789868498
5.107975000000001 7.808414e-05 1.11902382958721 0.9961116773084631
5.072863999999999 7.688552e-05 1.1018464060717583 0.9808210001151755
5.038 7.760937e-05 1.1122199006001823 0.9900550832160423
5.003104 7.758021e-05 1.1118020086329945 0.9896830919703129
4.968419 7.701269e-05 1.1036688793731049 0.9824432952701624
4.933419 7.79883e-05 1.117650346523586 0.994889055875311
4.898406 7.713519e-05 1.1054244269033002 0.9840060156954662
4.863401 7.785852e-05 1.115790469311596 0.993233465207589
4.828252 7.754985e-05 1.1113669194655111 0.9892957924428661
4.793058 7.75928e-05 1.111982435926098 0.9898437013593299
4.75803 7.755649e-05 1.1114620773071477 0.9893804982683683
4.72304 7.741467e-05 1.10942965485219 0.9875713145074164
4.688292000000001 7.788767e-05 1.1162082179687813 0.9936053288843041
4.653372999999999 7.740244e-05 1.1092543867191758 0.987415297602915
4.618419 7.729035e-05 1.1076480249015461 0.9859853765215082
4.5834470000000005 7.804178e-05 1.1184167684167685 0.9955712949638437
4.548188 7.716439e-05 1.105842892110498 0.9843785172172529
4.512771 7.732172e-05 1.1080975883792785 0.9863855605194002
4.477924 7.777376e-05 1.1145757737307034 0.992152190242293
4.443308 7.684813e-05 1.101310569972542 0.9803440195706685
4.408086 7.797239e-05 1.1174223403096644 0.994686093573543
4.373123 7.726707e-05 1.1073143992158077 0.9856883958561933
4.3380860000000006 7.721819e-05 1.1066138999237591 0.9850648385142435
4.302919 7.748895e-05 1.1104941615504997 0.9885188971457152
4.267984 7.706616e-05 1.1044351579562848 0.9831254067896806
4.233123 7.719607e-05 1.1062968981983068 0.9847826558545887
4.1977709999999995 7.752136e-05 1.1109586292684885 0.9889323483210956
4.162943 7.739593e-05 1.1091610919075707 0.9873322501745987
4.128095 7.725473e-05 1.1071375546727662 0.9855309756925342
4.092821 7.743265e-05 1.109687326236622 0.9878006835951469
4.057716 7.730629e-05 1.1078764610454752 0.9861887215303192
4.022493 7.72381e-05 1.1068992301386669 0.9853188284217357
3.9874650000000003 7.710337e-05 1.1049684144754568 0.98360009109193
3.952401 7.696707e-05 1.1030150991418597 0.9818613254268778
3.917567 7.727458e-05 1.107422025027659 0.9857842001859406
3.882188 7.696194e-05 1.1029415811105954 0.9817958825225365
3.8475279999999996 7.719944e-05 1.1063451936691373 0.9848256466124113
3.812928 7.683065e-05 1.1010600640882333 0.9801210289336537
3.777669 7.698275e-05 1.103239809225725 0.9820613536413167
3.742928 7.707121e-05 1.1045075295075297 0.9831898291419076
3.70778 7.673629e-05 1.099707790904974 0.9789172877146195
3.672715 7.692363e-05 1.1023925604911522 0.9813071656287129
3.637896 7.689113e-05 1.1019268029831413 0.9808925663322038
3.602873 7.644687e-05 1.095560112813634 0.9752251853024445
3.567391 7.691582e-05 1.102280635379227 0.9812075342285362
3.532651 7.662082e-05 1.0980529903065115 0.977444248306376
3.497864 7.672345e-05 1.099523780861809 0.9787534891002447
3.462484 7.669346e-05 1.0990939941644167 0.9783709096263276
3.42741 7.636775e-05 1.0944262440741312 0.9742158592612196
3.3924000000000003 7.645899e-05 1.0957338045366214 0.9753797989477887
3.357595 7.634288e-05 1.0940698320980011 0.9738985951226293
3.322438 7.623358e-05 1.0925034537710594 0.9725042657962154
3.287538 7.570794e-05 1.0849705068014928 0.9657987281279973
3.252669 7.614696e-05 1.0912621025297082 0.9713992629942577
3.217734 7.610975e-05 1.0907288460105362 0.9709245786920083
3.182456 7.587534e-05 1.0873695162427557 0.9679342334275554
3.1473910000000003 7.633989e-05 1.0940269824072641 0.9738604519873505
3.112104 7.52331e-05 1.0781655746444478 0.9597412410524764
3.07717 7.592997e-05 1.0881524187862217 0.9686311429527338
3.042576 7.555755e-05 1.0828152676744227 0.9638802177217815
3.007364 7.532474e-05 1.0794788675070366 0.960910283499618
2.972512 7.538628e-05 1.0803607972622058 0.9616953432136851
2.93754 7.499234e-05 1.0747152430251021 0.9566698894639364
2.902428 7.547304e-05 1.0816041548435917 0.9628021319818433
2.867391 7.502468e-05 1.0751787075730739 0.9570824476562166
2.832215 7.464232e-05 1.0696991063188248 0.9522047188250398
2.7967890000000004 7.482519e-05 1.072319816333901 0.9545375733897361
2.761854 7.469003e-05 1.070382838340585 0.9528133505923151
2.727462 7.435491e-05 1.06558023353798 0.948538257784741
2.692576 7.448161e-05 1.0673959712692107 0.9501545571960553
2.65715 7.416718e-05 1.062889874861706 0.9461434046790896
2.622252 7.369217e-05 1.056082506434619 0.9400837489303255
2.58716 7.354814e-05 1.0540184124691168 0.9382463724172112
2.552243 7.302177e-05 1.0464750038693702 0.9315315222109485
2.51716 7.301723e-05 1.0464099411282513 0.9314736058784515
2.481919 7.259935e-05 1.0404213027452465 0.9261427519084434
2.447095 7.206183e-05 1.0327181034927515 0.9192856622512243
2.412021 7.201941e-05 1.0321101824622954 0.9187445144925193
2.376817 7.076151e-05 1.0140832172522316 0.902697608182399
2.342104 7.0766e-05 1.0141475634433383 0.9027548866698244
2.307502 6.996604e-05 1.0026833364861536 0.89254987580104
2.272168 6.956869e-05 0.9969889135382094 0.8874809210174115
2.236808 6.864419e-05 0.9837399038103265 0.875687165644404
2.2017800000000003 6.805825e-05 0.9753427975258961 0.8682123868198932
2.16665 6.756294e-05 0.9682445097938056 0.8618937659720789
2.132 6.627857e-05 0.9498382030072172 0.8455091844810787
2.097317 6.577003e-05 0.9425503161418656 0.8390217898273316
2.0623359999999997 6.568605e-05 0.941346798741165 0.8379504652451517
2.0269559999999998 6.483738e-05 0.9291845087619737 0.827124065707661
1.991891 6.396001e-05 0.9166109190757079 0.8159315430990989
1.956993 6.362217e-05 0.9117693339524324 0.8116217515196321
1.9221700000000002 6.245365e-05 0.8950232735444004 0.7967150570594194
1.8872149999999999 6.124491e-05 0.8777008203064541 0.7812952800236496
1.851993 6.042718e-05 0.8659819314748893 0.7708635790164354
1.816975 5.978978e-05 0.8568473519177745 0.762732330044283
1.7821230000000001 5.8874e-05 0.8437233085120409 0.7510498148517541
1.747327 5.835863e-05 0.8363375409150058 0.7444752905612328
1.7120119999999999 5.777693e-05 0.8280011980716208 0.7370546009987899
1.677019 5.695004e-05 0.8161510372777978 0.7265060467744673
1.6423910000000002 5.509659e-05 0.7895892448709351 0.7028617678170841
1.607123 5.456629e-05 0.7819895154402198 0.6960967829881972
1.572058 5.213622e-05 0.747164181671224 0.6650966195276408
1.536743 5.07211e-05 0.7268840966024064 0.6470440731745304
1.5017429999999998 5.03657e-05 0.7217908591148029 0.6425102704059347
1.466762 4.904945e-05 0.7029276800403562 0.6257189988973125
1.431697 4.856454e-05 0.6959784347108291 0.619533049824381
1.396734 4.751716e-05 0.6809684316726571 0.6061717264035258
1.361641 4.596031e-05 0.6586572139389042 0.5863111444105926
1.326577 4.461638e-05 0.6393973527776345 0.5691667618703589
1.292019 4.214446e-05 0.603972266648323 0.5376327220849129
1.2571780000000001 4.191306e-05 0.6006560731912844 0.5346807750937673
1.222077 4.013189e-05 0.5751301254822382 0.5119585649718206
1.1869100000000001 3.885874e-05 0.5568846125184154 0.4957171159148767
1.151669 3.905964e-05 0.5597637104679357 0.498279977412375
1.116981 3.753588e-05 0.5379267055323393 0.47884152128779534
1.082317 3.646438e-05 0.5225710387682219 0.4651725014044231
1.047188 3.541143e-05 0.5074812120586769 0.45174012204259695
1.012234 3.31701e-05 0.47536071127620433 0.42314769615813724
0.9772986 3.221496e-05 0.46167259970076874 0.4109630693252822
0.9419931 3.099247e-05 0.44415309520943336 0.39536788489483554
0.9066504999999999 2.983276e-05 0.42753329091357267 0.3805735787362302
0.8718357 2.95298e-05 0.42319157107889505 0.3767087478786787
0.8366505 2.849131e-05 0.4083089706329143 0.36346083331154555
0.8016042 2.718258e-05 0.3895535606803213 0.3467654937016849
0.7664839 2.649639e-05 0.3797197716211801 0.3380118355087113
0.7317548 2.402588e-05 0.3443148922022161 0.30649578295428304
0.6968727 2.36903e-05 0.33950569513949796 0.30221482197205063
0.6620023 2.227837e-05 0.31927132596146685 0.28420297013450546
0.6269375 2.097222e-05 0.3005528899895097 0.2675405433303369
0.5919097000000001 2.062636e-05 0.29559637024425756 0.26312844140139324
0.5566783000000001 1.92711e-05 0.2761741388501952 0.24583952316794577
0.5218912 1.835645e-05 0.2630662894747402 0.23417142327403406
0.4866135 1.72995e-05 0.2479191387642092 0.2206880163064837
0.4516042 1.58113e-05 0.22659174419737801 0.20170319559679212
0.41650240000000005 1.466845e-05 0.21021356056567325 0.18712397079631438
0.38171530000000004 1.36003e-05 0.19490590265238153 0.17349768653273623
0.3467431 1.243361e-05 0.17818606797480038 0.15861433720214219
0.3111888 1.141333e-05 0.16356443504330828 0.14559872581006847
0.2764839 1.007642e-05 0.14440517750376908 0.12854389671788077
0.2413079 9.004872e-06 0.12904882285163977 0.11487426450323988
0.2067454 7.898765e-06 0.1131972031619919 0.10076376653204328
0.1712431 6.480281e-06 0.09286890860834524 0.08266830596251894
0.13628010000000002 5.417858e-06 0.07764332433346519 0.06911508047343641
0.10144679999999999 4.291746e-06 0.06150501298388623 0.0547493806891116
0.06646532000000001 2.548142e-06 0.036517423630099695 0.03250639632632365
0.03150235 1.778303e-06 0.02548486073133961 0.02268563608554403
-0.0038680240000000003 2.360086e-07 0.0033822393047745164 0.003010738447080574
-0.0387384 -7.564138e-07 -0.010840166354250861 -0.009649496287687465
-0.07362729 -2.237789e-06 -0.03206975471059978 -0.028547253696492372
-0.1085625 -3.917503e-06 -0.056141736458637875 -0.04997519962685042
-0.14369210000000002 -4.296775e-06 -0.06157708358412584 -0.05481353514640836
-0.1787662 -6.570223e-06 -0.09415786743251532 -0.08381568719103061
-0.2136458 -7.23844e-06 -0.10373408542422628 -0.09234006559458388
-0.248618 -8.677546e-06 -0.12435791386495613 -0.11069859898541937
-0.2835995 -1.01513e-05 -0.1454782828022265 -0.12949913349703795
-0.3189514 -1.066925e-05 -0.1529010243798976 -0.13610657059325132
-0.3538125 -1.316469e-05 -0.18866317563500665 -0.16794065270035566
-0.3889977 -1.393796e-05 -0.19974490819561241 -0.1778051818699452
-0.4238958 -1.512218e-05 -0.2167159653075146 -0.1929121596826256
-0.458915 -1.740735e-05 -0.24946473714079348 -0.22206384812582264
-0.4937547 -1.751526e-05 -0.2510111953773926 -0.22344044535924745
-0.5286181 -1.939851e-05 -0.27800005159160096 -0.24746487997927613
-0.5635626 -1.981608e-05 -0.2839842473645291 -0.2527917793098405
-0.5987477 -2.060104e-05 -0.2952335093180164 -0.26280543665715905
-0.6338125 -2.226972e-05 -0.31914736280933464 -0.28409262293712684
-0.6689514000000001 -2.349704e-05 -0.3367360860318607 -0.2997494232014856
-0.7039245 -2.457263e-05 -0.35215036658698634 -0.3134706188117108
-0.7386226 -2.528383e-05 -0.3623425739622923 -0.3225433271094749
-0.7735347 -2.569862e-05 -0.36828692955453524 -0.327834762254061
-0.8087755 -2.741681e-05 -0.3929103108680574 -0.34975354272388015
-0.8439977 -2.805559e-05 -0.4020646672055123 -0.3579023962200076
-0.878934 -2.963353e-05 -0.4246781257344638 -0.3780320212641217
-0.9141829 -3.151502e-05 -0.4516417593882383 -0.4020340037376317
-0.9490377 -3.224161e-05 -0.46205452085733784 -0.4113030407484198
-0.98397 -3.376943e-05 -0.483949709653935 -0.43079328989280957
-1.018803 -3.4049e-05 -0.48795622739284716 -0.4343597368258888
-1.054025 -3.511577e-05 -0.5032441085257987 -0.4479684165654921
-1.089229 -3.580051e-05 -0.5130571176345825 -0.45670357725139066
-1.124155 -3.719253e-05 -0.533006156597706 -0.4744614391814436
-1.1591600000000002 -3.870323e-05 -0.5546559986700832 -0.4937332901733339
-1.1938030000000002 -4.029915e-05 -0.5775271285834666 -0.5140922843051783
-1.229063 -4.20114e-05 -0.6020653837555247 -0.535935288780497
-1.264238 -4.296194e-05 -0.6156875727298263 -0.5480612338667693
-1.299248 -4.399494e-05 -0.6304914959844538 -0.5612391130450459
-1.333821 -4.454363e-05 -0.6383547725097021 -0.5682386972912498
-1.368424 -4.569448e-05 -0.6548476041433788 -0.5829199773031759
-1.4037760000000001 -4.66886e-05 -0.6690943381084227 -0.5956018681538133
-1.4389049999999999 -4.825789e-05 -0.691583833485242 -0.6156211460005488
-1.473914 -5.005101e-05 -0.717281036647234 -0.6384958010945969
-1.50884 -5.141534e-05 -0.736833250213532 -0.6559004244240241
-1.5441369999999999 -5.330008e-05 -0.7638434596181075 -0.6799438668271849
-1.579226 -5.386091e-05 -0.7718807144863483 -0.6870983198567617
-1.6139949999999998 -5.461198e-05 -0.7826442988414819 -0.696679645814582
-1.648868 -5.551707e-05 -0.7956151438545805 -0.7082257897308128
-1.683646 -5.617359e-05 -0.8050237321364083 -0.7166009506583271
-1.718692 -5.765886e-05 -0.8263091368725173 -0.7355483936468257
-1.7540989999999999 -5.926706e-05 -0.8493562514689276 -0.7560640425282434
-1.789239 -5.965233e-05 -0.8548775559338939 -0.7609788939425848
-1.824238 -6.092518e-05 -0.873118769597643 -0.7772165159290995
-1.858887 -6.186473e-05 -0.8865834608792356 -0.7892022626686441
-1.894007 -6.175639e-05 -0.8850308403125304 -0.787820179967604
-1.929239 -6.29335e-05 -0.90190000401268 -0.8028364562111096
-1.964035 -6.337702e-05 -0.9082560892420048 -0.8084943971338098
-1.9988299999999999 -6.394392e-05 -0.9163803332817418 -0.8157262845550732
-2.034026 -6.516095e-05 -0.9338215905117315 -0.8312518163037065
-2.069174 -6.584239e-05 -0.9435873073197018 -0.8399448792148824
-2.104285 -6.668473e-05 -0.9556588820673328 -0.8506905275663147
-2.139322 -6.728962e-05 -0.9643275608064341 -0.8584070496729438
-2.174331 -6.776019e-05 -0.9710712995924266 -0.864410064779354
-2.209646 -6.883918e-05 -0.9865343055483901 -0.8781746338544446
-2.244321 -6.890867e-05 -0.987530166755519 -0.8790611109348885
-2.279072 -7.029155e-05 -1.0073482203763895 -0.8967023747858618
-2.313961 -7.007408e-05 -1.0042316577527846 -0.8939281314316508
-2.349322 -7.086644e-05 -1.0155869691080959 -0.9040361898495591
-2.384711 -7.130912e-05 -1.0219310162972135 -0.9096834149750572
-2.419179 -7.134878e-05 -1.0224993837669896 -0.9101893536858128
-2.4541 -7.268102e-05 -1.0415917155353778 -0.9271846080483176
-2.489109 -7.249968e-05 -1.0389929319506788 -0.9248712715428106
-2.524044 -7.317791e-05 -1.0487126462478578 -0.933523384800393
-2.559026 -7.388258e-05 -1.058811272191554 -0.9425127905318121
-2.593998 -7.303624e-05 -1.046682373442937 -0.9317161145746558
-2.629248 -7.443966e-05 -1.0667947858088704 -0.9496194051810228
-2.6644050000000004 -7.378373e-05 -1.0573946528171883 -0.9412517708253528
-2.699349 -7.418574e-05 -1.063155858226281 -0.9463801727696501
-2.733998 -7.459296e-05 -1.0689917281466579 -0.9515750381704029
-2.769091 -7.427236e-05 -1.064397209467632 -0.9474851755716075
-2.804313 -7.543596e-05 -1.0810727613544515 -0.9623291060767798
-2.839217 -7.50801e-05 -1.0759729316067344 -0.9577894351335255
-2.874257 -7.536913e-05 -1.0801150206079786 -0.9614765623541426
-2.909202 -7.5517e-05 -1.0822341456144275 -0.9633629253687522
-2.944341 -7.545267e-05 -1.0813122323685704 -0.9625422738996926
-2.979368 -7.565141e-05 -1.0841603753575584 -0.9650775804900998
-3.014211 -7.566265e-05 -1.0843214558003291 -0.965220968062185
-3.0490630000000003 -7.573397e-05 -1.085343542737909 -0.9661307902722476
-3.084276 -7.583985e-05 -1.0868609090440078 -0.9674814909957673
-3.119255 -7.590273e-05 -1.0877620423395071 -0.9682836449577519
-3.1542939999999997 -7.601559e-05 -1.0893794390273266 -0.9697233888532605
-3.189239 -7.619035e-05 -1.0918839246304035 -0.9719527849473509
-3.224516 -7.649151e-05 -1.0961998486646376 -0.9757946533823267
-3.259293 -7.600401e-05 -1.0892134860444722 -0.9695756639346889
-3.294211 -7.631412e-05 -1.093657672530912 -0.9735317066374722
-3.329118 -7.637257e-05 -1.0944953194953195 -0.9742773475261174
-3.364341 -7.644907e-05 -1.0955916410141762 -0.9752532504855927
-3.399174 -7.66571e-05 -1.0985729189954543 -0.9779070686902945
-3.434368 -7.667833e-05 -1.0988771661306873 -0.9781778977076758
-3.469396 -7.657875e-05 -1.0974500851261415 -0.9769075654631715
-3.504553 -7.647693e-05 -1.0959909026810437 -0.975608657759462
-3.539248 -7.663382e-05 -1.098239293309716 -0.9776100880249797
-3.574396 -7.698794e-05 -1.1033141871170042 -0.9821275619597438
-3.609424 -7.628254e-05 -1.0932050995431277 -0.9731288436902797
-3.6446370000000003 -7.692798e-05 -1.1024549003422244 -0.981362658149938
-3.679491 -7.68995e-05 -1.1020467534552043 -0.9809993415971816
-3.713989 -7.658491e-05 -1.0975383640876601 -0.976986147975987
-3.7491280000000002 -7.713903e-05 -1.1054794579442466 -0.9840550021969613
-3.78422 -7.707195e-05 -1.1045181344477122 -0.9831992692489666
-3.819201 -7.681469e-05 -1.100831341324299 -0.979917428786814
-3.853989 -7.725733e-05 -1.1071748152734069 -0.9855641436362549
-3.889313 -7.681137e-05 -1.100783762403481 -0.9798750758740631
-3.924479 -7.687881e-05 -1.1017502450601042 -0.980735401306573
-3.959368 -7.741681e-05 -1.1094603231927176 -0.9875986142764791
-3.9940949999999997 -7.673325e-05 -1.0996642246642248 -0.9788785067342692
-4.028887 -7.729763e-05 -1.1077523545833405 -0.9860782467639263
-4.064229 -7.757222e-05 -1.1116875039410252 -0.9895811643278789
-4.099544 -7.666924e-05 -1.0987468973384467 -0.9780619374736674
-4.134933 -7.763338e-05 -1.112563987916101 -0.9903613764194021
-4.169331000000001 -7.68455e-05 -1.1012728794418936 -0.9803104689199047
-4.2043040000000005 -7.745357e-05 -1.1099871307617788 -0.9880675579730847
-4.239248 -7.731654e-05 -1.1080233537980018 -0.9863194797699876
-4.274544 -7.717575e-05 -1.1060056922732981 -0.9845234356175098
-4.309646 -7.772416e-05 -1.1138649561184772 -0.9915194479313129
-4.344359000000001 -7.720211e-05 -1.1063834574397957 -0.9848597075392322
-4.379322 -7.775438e-05 -1.1142980389459265 -0.9919049614925594
-4.414479 -7.719097e-05 -1.1062238100970496 -0.9847175956572903
-4.449415 -7.760111e-05 -1.1121015265381464 -0.9899497112102219
-4.484609000000001 -7.768733e-05 -1.1133371453793988 -0.9910496112516072
-4.519683 -7.719499e-05 -1.1062814207180405 -0.984768878401043
-4.554641999999999 -7.794143e-05 -1.1169786525420329 -0.9942911399052375
-4.589257 -7.708616e-05 -1.1047217779612146 -0.9833805448183017
-4.624377000000001 -7.753386e-05 -1.1111377667715696 -0.9890918095889837
-4.659331 -7.777e-05 -1.1145218891697766 -0.9921042242929123
-4.6947849999999995 -7.722002e-05 -1.1066401256542102 -0.9850881836438622
-4.729877999999999 -7.77698e-05 -1.1145190229697273 -0.9921016729126261
-4.76467 -7.763514e-05 -1.1125892104765345 -0.9903838285659206
-4.7992669999999995 -7.74555e-05 -1.1100147895922545 -0.9880921787928466
-4.8344700000000005 -7.796162e-05 -1.1172679954370097 -0.9945487017451305
-4.869785 -7.759722e-05 -1.1120457789471876 -0.9899000868636552
-4.904661 -7.738463e-05 -1.1089991516047855 -0.9871880971884278
-4.939618 -7.792537e-05 -1.116748496678074 -0.9940862640682548
-4.974538 -7.705955e-05 -1.1043404300446555 -0.9830410836712214
-5.009229 -7.795735e-05 -1.117206802065957 -0.9944942297760198
-5.0441 -7.765266e-05 -1.1128402896008531 -0.9906073294789928
-5.079155 -7.730616e-05 -1.1078745980154434 -0.9861870631331333
-5.113981 -7.804742e-05 -1.1184975952581588 -0.9956432438879148
-5.149202 -7.734829e-05 -1.108478363055828 -0.9867245113904234
-5.184313 -7.770021e-05 -1.1135217286625738 -0.9912139201420392
-5.219131999999999 -7.797978e-05 -1.1175282464014857 -0.9947803670751183
-5.253785 -7.743937e-05 -1.1097836305582784 -0.9878864099727636
-5.28885 -7.781544e-05 -1.1151730898209773 -0.9926838978939394
-5.324146 -7.771979e-05 -1.1138023296474 -0.9914637002720591
-5.3592200000000005 -7.760375e-05 -1.112139360378797 -0.9899833894299997
-5.394285 -7.798654e-05 -1.1176251239631523 -0.9948666037287923
-5.428991 -7.753116e-05 -1.111099073070904 -0.9890573659551198
-5.463896 -7.808814e-05 -1.119081153588196 -0.9961627049141872
-5.498979 -7.749584e-05 -1.110592902142198 -0.9886067921965751
-5.534267 -7.77252e-05 -1.1138798603587339 -0.9915327151088014
-5.569368000000001 -7.773805e-05 -1.114064013711901 -0.9916966412921902
-5.604047 -7.731231e-05 -1.107962733666959 -0.9862655180769342
-5.638822 -7.805246e-05 -1.118569823499401 -0.9957075386711273
-5.674183 -7.758581e-05 -1.1118822622343751 -0.9897545306183269
-5.709415 -7.796505e-05 -1.117317150767855 -0.994592457917039
-5.744076 -7.762422e-05 -1.112432715953843 -0.9902445232022937
-5.778952 -7.778376e-05 -1.1147190837331682 -0.9922797592566035
-5.814183 -7.815516e-05 -1.1200416172247158 -0.9970176724480961
-5.849257 -7.747459e-05 -1.11028836838696 -0.9883357080411652
-5.884127 -7.858578e-05 -1.1262128325508607 -1.0025110493423357
-5.919257 -7.719082e-05 -1.1062216604470128 -0.9847156821220757
-5.954341 -7.782552e-05 -1.115317546303462 -0.9928124874603644
-5.989377999999999 -7.791817e-05 -1.1166453134762995 -0.9939944143779512
-6.023692 -7.756088e-05 -1.1115249903982298 -0.9894365010656507
-6.058915 -7.873201e-05 -1.1283084547169056 -1.0043764910385986
-6.094145999999999 -7.775764e-05 -1.11434475800673 -0.9919465489912246
-6.129255 -7.795123e-05 -1.1171190963444486 -0.9944161575392618
-6.163656 -7.795836e-05 -1.1172212763762062 -0.9945071142464653
-6.198988999999999 -7.770373e-05 -1.1135721737834414 -0.9912588244350765
-6.233961 -7.834736e-05 -1.1227960354720918 -0.9994695489031445
-6.268961 -7.800492e-05 -1.1178885277476829 -0.9951010755770952
-6.303979 -7.789167e-05 -1.1162655419697673 -0.9936563564900284
-6.338698999999999 -7.811331e-05 -1.1194418648644 -0.9964837961232067
-6.373294 -7.807218e-05 -1.118852430824262 -0.9959591047673477
-6.408488999999999 -7.820081e-05 -1.1206958273859684 -0.9976000249984239
-6.443544 -7.755965e-05 -1.1115073632679267 -0.9894208100768904
-6.478702 -7.816513e-05 -1.1201844972971735 -0.997144858755364
-6.513387 -7.800296e-05 -1.1178604389871996 -0.9950760720502901
-6.548479 -7.781311e-05 -1.115139698590403 -0.992654174313605
-6.583952 -7.821016e-05 -1.1208298222382729 -0.9977193020268041
-6.619 -7.816983e-05 -1.120251852998332 -0.9972048161920899
-6.653729 -7.779875e-05 -1.1149339054268632 -0.9924709852090551
-6.6889520000000005 -7.839272e-05 -1.123446089643273 -1.0000482019520571
-6.7239889999999995 -7.775381e-05 -1.114289870275786 -0.9918976900587436
-6.7586319999999995 -7.804856e-05 -1.1185139325984397 -0.9956577867555461
-6.793461000000001 -7.835311e-05 -1.1228784387235091 -0.999542901086373
-6.828425 -7.753921e-05 -1.1112144376228885 -0.9891600590116398
-6.863517 -7.850718e-05 -1.1250864159314864 -1.0015083568898553
-6.8986 -7.795394e-05 -1.1171579333551165 -0.99445072874214
-6.9335439999999995 -7.779387e-05 -1.1148639701456604 -0.9924087315300716
-6.9685630000000005 -7.865856e-05 -1.1272558427488006 -1.0034394966284879
-7.003576 -7.750095e-05 -1.1106661335534576 -0.9886719799628877
-7.038572 -7.837726e-05 -1.123224532379462 -0.999850980255933
-7.073161 -7.824721e-05 -1.1213607857974057 -0.9981919452248247
-7.108359 -7.737226e-05 -1.1088218771317364 -0.9870302943177256
-7.143656 -7.87778e-05 -1.1289646712181922 -1.0049606295551263
-7.178463 -7.760683e-05 -1.1121834998595563 -0.9900226806864076
-7.213488999999999 -7.802476e-05 -1.1181728547925731 -0.9953541725014871
-7.248332 -7.830552e-05 -1.1221964264217785 -0.9989358001472692
-7.283378 -7.788485e-05 -1.1161678045480863 -0.9935693544222686
-7.318404999999999 -7.82419e-05 -1.1212846881860967 -0.9981242060782257
-7.353424 -7.766528e-05 -1.113021146823964 -0.9907683215750526
-7.388497999999999 -7.815858e-05 -1.120090629245559 -0.9970613010509907
-7.423544 -7.81939e-05 -1.120596800174265 -0.9975118748095351
-7.458151 -7.766951e-05 -1.1130817669550066 -0.990822283268106
-7.492961 -7.866794e-05 -1.1273902675311127 -1.003559156363911
-7.527785 -7.78813e-05 -1.1161169294972113 -0.9935240674221884
-7.562906 -7.851244e-05 -1.125161796992783 -1.0015754581913825
-7.597757 -7.797521e-05 -1.1174627537303594 -0.9947220680355785
-7.63285 -7.797807e-05 -1.1175037403910644 -0.9947585527736713
-7.66772 -7.819085e-05 -1.1205530906235133 -0.9974729662601706
-7.702933 -7.761442e-05 -1.1122922721514272 -0.9901195055682692
-7.7377460000000005 -7.86783e-05 -1.1275387366936664 -1.003691317862737
-7.772637 -7.793503e-05 -1.1168869341404553 -0.9942094957360786
-7.807341 -7.793625e-05 -1.1169044179607561 -0.9942250591558247
-7.842851 -7.855156e-05 -1.1257224257224259 -1.0020745081753655
-7.877765 -7.757937e-05 -1.1117899705927876 -0.9896723761731109
-7.912275999999999 -7.847844e-05 -1.124674542984402 -1.0011417235427267
-7.947229 -7.837334e-05 -1.1231683548584959 -0.9998009732023233
-7.982387 -7.767884e-05 -1.1132154751873062 -0.9909413051584577
-8.017563 -7.85676e-05 -1.1259522949663794 -1.0022791288743194
-8.052452 -7.779634e-05 -1.114899367716269 -0.9924402410766061
-8.087415 -7.805559e-05 -1.1186146795301724 -0.9957474677726064
-8.122443 -7.861897e-05 -1.1266884784490419 -1.0029344509008324
-8.157424 -7.788473e-05 -1.1161660848280568 -0.9935678235940969
-8.192563 -7.840844e-05 -1.123671372967148 -1.0002487404425533
-8.227322000000001 -7.824186e-05 -1.1212841149460868 -0.9981236958021685
-8.262285 -7.81698e-05 -1.1202514230683245 -0.997204433485047
-8.297591 -7.871493e-05 -1.1280636812326954 -1.0041586031621563
-8.332581 -7.799805e-05 -1.1177900737759894 -0.9950134356642638
-8.367304 -7.790082e-05 -1.1163966706220227 -0.9937730821381225
-8.402294 -7.863821e-05 -1.1269642068937844 -1.0031798936843659
-8.437095 -7.7721e-05 -1.1138196701576983 -0.9914791361227907
-8.471720999999999 -7.888392e-05 -1.1304854769643502 -1.0063143919349897
-8.506758 -7.797692e-05 -1.117487259740781 -0.9947438823370256
-8.541517 -7.820583e-05 -1.1207677690072058 -0.9976640646436077
-8.576572 -7.877661e-05 -1.128947617327899 -1.0049454488424234
-8.611775999999999 -7.757924e-05 -1.1117881075627556 -0.989670717775925
-8.646664000000001 -7.854251e-05 -1.1255927301701951 -1.0019590582174145
-8.681831 -7.809585e-05 -1.1191916456000963 -0.9962610606242205
-8.716905 -7.774981e-05 -1.1142325462748 -0.9918466624530194
-8.751783 -7.866006e-05 -1.1272773392491704 -1.0034586319806345
-8.786292999999999 -7.766293e-05 -1.1129874689733845 -0.9907383428566895
-8.820952 -7.820578e-05 -1.1207670524571933 -0.9976634267985361
-8.856247999999999 -7.868426e-05 -1.1276241494551356 -1.0037673489952659
-8.890925 -7.774452e-05 -1.1141567352834958 -0.9917791784444491
-8.925961 -7.877238e-05 -1.1288869971968563 -1.0048914871493702
-8.961071 -7.785264e-05 -1.1157062030301468 -0.9931584546271744
-8.995813 -7.835265e-05 -1.122871846463396 -0.9995370329117149
-9.030674000000001 -7.837177e-05 -1.1231458551881088 -0.9997809448670764
-9.065905 -7.791311e-05 -1.1165727986150522 -0.9939298644567103
-9.100793 -7.86893e-05 -1.1276963776963778 -1.0038316437784784
-9.135341 -7.847003e-05 -1.1245540192723293 -1.0010344380016916
-9.170433999999998 -7.815774e-05 -1.120078591205352 -0.9970505852537884
-9.205563 -7.840897e-05 -1.1236789683972783 -1.0002555016003116
-9.240359 -7.816344e-05 -1.1201602779067568 -0.9971232995919453
-9.275044 -7.807343e-05 -1.11887034457457 -0.9959750508941364
-9.310091 -7.844457e-05 -1.1241891520060536 -1.000709647291257
-9.34498 -7.783656e-05 -1.1154757605461831 -0.9929533236521632
-9.379942 -7.85102e-05 -1.125129695552231 -1.0015468827321772
-9.414783 -7.830611e-05 -1.1222048817119241 -0.9989433267191137
-9.449211 -7.824702e-05 -1.1213580629073587 -0.9981895214135528
-9.484285 -7.839764e-05 -1.1235165981644857 -1.000110965907098
-9.519405 -7.813053e-05 -1.1196886446886447 -0.9967034699658494
-9.554415 -7.811439e-05 -1.1194573423446663 -0.9964975735767523
-9.589313 -7.810503e-05 -1.119323204182359 -0.9963781689793576
-9.624563 -7.808059e-05 -1.1189729545363347 -0.9960663903083826
-9.659198 -7.773854e-05 -1.114071035902022 -0.9917028921738915
-9.694396000000001 -7.831478e-05 -1.122329131484061 -0.9990539290545207
-9.729415000000001 -7.805572e-05 -1.1186165425602046 -0.9957491261697925
-9.764628 -7.780323e-05 -1.1149981083079676 -0.9925281361274663
-9.799322 -7.866116e-05 -1.1272931033494415 -1.0034726645722085
-9.834572 -7.760995e-05 -1.1122282125803253 -0.9900624822188725
-9.869822000000001 -7.832768e-05 -1.122514001387241 -0.9992184930829815
-9.904453 -7.814255e-05 -1.1198609033116076 -0.9968568079210508
-9.939275 -7.811823e-05 -1.119512373385613 -0.9965465600782477
-9.973925 -7.858096e-05 -1.1261437571296726 -1.0024495610774382
-9.991735 -7.793107e-05 -1.1168301833794791 -0.9941589784064119
-9.993689 -7.850221e-05 -1.1250151908602612 -1.0014449550897428
-9.960038 -7.820199e-05 -1.1207127379662591 -0.9976150781421124
-9.926056 -7.829088e-05 -1.1219866205781701 -0.9987490391103188
-9.89182 -7.808136e-05 -1.1189839894065245 -0.9960762131224846
-9.857254999999999 -7.821194e-05 -1.1208553314187117 -0.9977420093113514
-9.822348 -7.843279e-05 -1.1240203328231497 -1.0005593709923992
-9.787301 -7.797396e-05 -1.1174448399800514 -0.9947061219087898
-9.752745 -7.852236e-05 -1.1253039605152282 -1.0017020066535787
-9.718209 -7.815604e-05 -1.1200542285049329 -0.9970288985213556
-9.682986000000001 -7.809282e-05 -1.1191482226693494 -0.9962224072128845
-9.647885 -7.833062e-05 -1.1225561345279658 -0.9992559983731888
-9.612941000000001 -7.771778e-05 -1.1137735243369047 -0.9914380589001829
-9.578273999999999 -7.824902e-05 -1.121386724907852 -0.998215035216415
-9.543404 -7.833331e-05 -1.1225946849186286 -0.9992903144380382
-9.508422000000001 -7.825973e-05 -1.1215402099204916 -0.9983516616307413
-9.473450000000001 -7.860174e-05 -1.1264415553147948 -1.0027146494891754
-9.438754999999999 -7.802086e-05 -1.1181169638916117 -0.9953044205859058
-9.403943 -7.807346e-05 -1.1188707745045774 -0.9959754336011793
-9.369061 -7.852653e-05 -1.125363720786256 -1.001755202932546
-9.334357 -7.786988e-05 -1.1159532694743963 -0.9933783836078458
-9.299293 -7.81827e-05 -1.1204362929715044 -0.9973689975135075
-9.264496 -7.883382e-05 -1.129767493852001 -1.0056752711732941
-9.229515 -7.801022e-05 -1.1179644820489891 -0.9951686871546795
-9.194449 -7.858457e-05 -1.1261954920405626 -1.0024956134916043
-9.159754999999999 -7.854133e-05 -1.1255758195899044 -1.0019440050737258
-9.124875 -7.788895e-05 -1.116226561649097 -0.993621657718136
-9.089924000000002 -7.872747e-05 -1.1282433919757864 -1.0043185747061016
-9.05494 -7.790833e-05 -1.1165042964338738 -0.9938688864678696
-9.019977999999998 -7.822816e-05 -1.12108778024271 -0.997948926252563
-8.985061 -7.863732e-05 -1.126951452303565 -1.0031685400420922
-8.950095 -7.778089e-05 -1.114677953762461 -0.9922431469494964
-8.915265 -7.868094e-05 -1.127576570534317 -1.0037249960825148
-8.879987 -7.836266e-05 -1.1230152997758633 -0.9996647294950396
-8.845004999999999 -7.805028e-05 -1.1185385819188638 -0.9956797286260077
-8.810424000000001 -7.888897e-05 -1.130557848515595 -1.0063788142872165
-8.775848 -7.786213e-05 -1.115842204222486 -0.9932795176217553
-8.740772999999999 -7.831078e-05 -1.1222718074830753 -0.9990029014487967
-8.705672 -7.845638e-05 -1.1243584011189647 -1.0008603062971577
-8.670644 -7.802633e-05 -1.1181953544629601 -0.9953742008367338
-8.63601 -7.898136e-05 -1.1318818896283687 -1.0075574244104315
-8.601163 -7.786073e-05 -1.115822140822141 -0.9932616579597516
-8.56582 -7.812664e-05 -1.1196328970976859 -0.9966538456192826
-8.530653000000001 -7.888317e-05 -1.1304747287141654 -1.0063048242589163
-8.49616 -7.773897e-05 -1.1140771982321278 -0.9917083776415067
-8.461468 -7.851043e-05 -1.1251329916822874 -1.001549816819506
-8.425996 -7.853657e-05 -1.1255076040287308 -1.0018832822229138
-8.390932000000001 -7.805999e-05 -1.118677735931257 -0.9958035981389031
-8.35599 -7.890919e-05 -1.1308476213405791 -1.0066367588341523
-8.321254999999999 -7.785882e-05 -1.1157947686116703 -0.9932372922780184
-8.286188 -7.826355e-05 -1.1215949543414334 -0.998400392994208
-8.251163 -7.848955e-05 -1.1248337603971406 -1.0012834527176255
-8.216181 -7.775894e-05 -1.11436338830705 -0.9919631329630847
-8.181218 -7.859544e-05 -1.1263512700132419 -1.0026342810101598
-8.146181 -7.811587e-05 -1.119478552225031 -0.9965164537908702
-8.111042000000001 -7.806096e-05 -1.1186916370014963 -0.9958159723332912
-8.076424 -7.864244e-05 -1.127024827024827 -1.0032338553774194
-8.04144 -7.82288e-05 -1.1210969520828675 -0.9979570906694789
-8.006625 -7.84958e-05 -1.1249233291486815 -1.00136318335157
-7.971578999999999 -7.867127e-05 -1.1274379897619335 -1.0036016368456766
-7.936246 -7.801469e-05 -1.1180285416200908 -0.9952257105040764
-7.901598 -7.850431e-05 -1.125045285960779 -1.0014717445827481
-7.866792 -7.826743e-05 -1.1216505586223897 -0.9984498897717606
-7.8320240000000005 -7.82823e-05 -1.121863660596055 -0.9986395848960403
-7.796819999999999 -7.823651e-05 -1.1212074440947681 -0.9980554463795124
-7.761496 -7.839212e-05 -1.123437491043125 -1.0000405478111984
-7.726588 -7.824596e-05 -1.1213428720470977 -0.998175999098036
-7.6917349999999995 -7.825666e-05 -1.1214962137497348 -0.998312497943348
-7.656838 -7.866655e-05 -1.1273703474407701 -1.003541424270922
-7.621885 -7.827851e-05 -1.1218093461051208 -0.9985912362396165
-7.58658 -7.84514e-05 -1.124287032737737 -1.000796776928031
-7.551578999999999 -7.870884e-05 -1.1279764054411943 -1.0040809136324411
-7.516801999999999 -7.819921e-05 -1.120672897785574 -0.9975796139561341
-7.4818869999999995 -7.835377e-05 -1.1228878971836718 -0.9995513206413175
-7.447153 -7.814678e-05 -1.11992152344265 -0.996910769614104
-7.412088 -7.809819e-05 -1.119225180140673 -0.9962909117735691
-7.377236 -7.843772e-05 -1.124090984654365 -1.0006222625164543
-7.342302 -7.82304e-05 -1.1211198816832622 -0.9979775017117687
-7.306996 -7.82277e-05 -1.1210811879825964 -0.9979430580779047
-7.272255 -7.859946e-05 -1.126408880634233 -1.0026855637539127
-7.237404000000001 -7.827045e-05 -1.121693838243134 -0.9984884156140822
-7.2020420000000005 -7.819258e-05 -1.1205778832539397 -0.9974950356996463
-7.166924 -7.853167e-05 -1.125437382127523 -1.0018207734059017
-7.132117 -7.822466e-05 -1.121037621741847 -0.9979042770975542
-7.097087999999999 -7.82471e-05 -1.1213592093873785 -0.9981905419656673
-7.062144 -7.85994e-05 -1.1264080207742182 -1.0026847983398268
-7.027189999999999 -7.807707e-05 -1.1189225094154671 -0.9960214860153453
-6.992358 -7.858068e-05 -1.1261397444496037 -1.0024459891450377
-6.957421999999999 -7.802247e-05 -1.1181400368020087 -0.9953249591972099
-6.9225330000000005 -7.825786e-05 -1.1215134109500307 -0.9983278062250652
-6.887348 -7.833865e-05 -1.122671212459945 -0.99935843629168
-6.8522 -7.780639e-05 -1.1150433942687463 -0.9925684479359882
-6.817135 -7.848798e-05 -1.1248112607267537 -1.001263424382379
-6.782415 -7.808919e-05 -1.1190962011384546 -0.9961760996606898
-6.747598 -7.858717e-05 -1.1262327526412035 -1.002528781435325
-6.712246 -7.84708e-05 -1.1245650541425192 -1.0010442608157937
-6.6771899999999995 -7.782222e-05 -1.1152702540026485 -0.9927703896856419
-6.6421790000000005 -7.865079e-05 -1.1271444908768853 -1.0033403755043686
-6.607422 -7.781548e-05 -1.1151736630609872 -0.9926844081699966
-6.572171999999999 -7.810129e-05 -1.1192696062414373 -0.9963304581680055
-6.537405 -7.844518e-05 -1.1241978939162038 -1.00071742900113
-6.502765 -7.776034e-05 -1.1143834517073954 -0.9919809926250883
-6.4676350000000005 -7.88664e-05 -1.1302343978400318 -1.0060908910219177
-6.432366 -7.789498e-05 -1.1163129775805833 -0.9936985818337651
-6.397273 -7.812988e-05 -1.1196793295384846 -0.9966951779799194
-6.362578999999999 -7.862515e-05 -1.1267770440305651 -1.0030132885516763
-6.327746 -7.766503e-05 -1.1130175640739022 -0.9907651323496948
-6.29245 -7.87583e-05 -1.1286852167133858 -1.004711869977221
-6.257575 -7.831865e-05 -1.122384592455015 -0.999103298263059
-6.222625 -7.794957e-05 -1.1170953068840392 -0.9943949810828863
-6.187283000000001 -7.903738e-05 -1.132684712262177 -1.0082720660285989
-6.152641 -7.765848e-05 -1.1129236960222877 -0.9906815746453215
-6.117755 -7.868255e-05 -1.127599643444714 -1.0037455346938189
-6.082968 -7.80432e-05 -1.1184371184371185 -0.9955894097638757
-6.047607 -7.829761e-05 -1.122083068209829 -0.9988348930569497
-6.012505 -7.796337e-05 -1.1172930746874408 -0.9945710263226347
-5.977505 -7.795913e-05 -1.1172323112463958 -0.9945169370605671
-5.9429620000000005 -7.870482e-05 -1.1279187948202034 -1.0040296308886885
-5.907866 -7.807403e-05 -1.118878943174718 -0.9959827050349951
-5.8727089999999995 -7.837927e-05 -1.1232533376899574 -0.9998766216278092
-5.837754 -7.845877e-05 -1.1243926522095538 -1.000890795291578
-5.8030420000000005 -7.788832e-05 -1.1162175331189417 -0.9936136208702344
-5.767755 -7.820523e-05 -1.1207591704070579 -0.9976564105027491
-5.732746 -7.79397e-05 -1.1169538599116065 -0.9942690704657619
-5.6977 -7.804042e-05 -1.118397278256433 -0.9955539455778972
-5.662774000000001 -7.835317e-05 -1.1228792985835239 -0.9995436665004588
-5.627311 -7.803414e-05 -1.1183072795748854 -0.9954738322369104
-5.592604000000001 -7.811638e-05 -1.1194858610351568 -0.9965229598106
-5.557533 -7.800746e-05 -1.117924928488309 -0.99513347810673
-5.52257 -7.831993e-05 -1.1224029361353307 -0.9991196270968908
-5.487792000000001 -7.80579e-05 -1.118647784140742 -0.9957769362149123
-5.452978 -7.78108e-05 -1.1151065939798337 -0.9926247058712994
-5.4177550000000005 -7.822568e-05 -1.1210522393620985 -0.997917289137014
-5.382792 -7.770729e-05 -1.1136231921443192 -0.9913042390041712
-5.347978 -7.830353e-05 -1.122167907731288 -0.9989104139134215
-5.312653 -7.79039e-05 -1.116440810102782 -0.9938123733945302
-5.277264 -7.802126e-05 -1.1181226962917103 -0.9953095233464783
-5.242505 -7.837832e-05 -1.123239723239723 -0.9998645025714498
-5.207458 -7.813988e-05 -1.1198226395409494 -0.9968227469942298
-5.172688 -7.805666e-05 -1.1186300137004364 -0.9957611176571377
-5.137542000000001 -7.801165e-05 -1.1179849753793416 -0.995186929523726
-5.102375 -7.818974e-05 -1.1205371832132396 -0.997458806099582
-5.067431 -7.766236e-05 -1.1129793003032442 -0.990731071422874
-5.032616 -7.79721e-05 -1.117418184319593 -0.994682394072128
-4.998046 -7.796437e-05 -1.1173074056876873 -0.9945837832240658
-4.963209 -7.842983e-05 -1.1239779130624201 -1.0005216105641632
-4.9283850000000005 -7.792881e-05 -1.1167977953189223 -0.9941301478091777
-4.89332 -7.790023e-05 -1.1163882153318774 -0.9937655555662781
-4.8579870000000005 -7.812685e-05 -1.1196359066077375 -0.9966565245685831
-4.822894 -7.763805e-05 -1.1126309136872516 -0.9904209511490849
-4.7879309999999995 -7.788025e-05 -1.1161018819469526 -0.9935106726756858
-4.753051 -7.82079e-05 -1.120797434177716 -0.99769047142957
-4.717792 -7.751443e-05 -1.1108593154367805 -0.9888439429941784
-4.682848 -7.821454e-05 -1.1208925920193529 -0.9977751772550724
-4.648019000000001 -7.793956e-05 -1.116951853571572 -0.9942672844995615
-4.613514 -7.775697e-05 -1.1143351562365649 -0.9919380018672658
-4.578292 -7.820882e-05 -1.1208106186979425 -0.9977022077788864
-4.543051 -7.754765e-05 -1.1113353912649688 -0.9892677272597179
-4.507894 -7.800735e-05 -1.1179233520782816 -0.9951320748475724
-4.473107 -7.792388e-05 -1.116727143487707 -0.9940672562851227
-4.438236 -7.757536e-05 -1.111732503281799 -0.9896212209983724
-4.402958 -7.82195e-05 -1.1209636737805753 -0.9978384514861701
-4.367709 -7.749296e-05 -1.110551628861488 -0.9885700523204537
-4.332896 -7.80494e-05 -1.1185259706386468 -0.9956685025527483
-4.2983199999999995 -7.813313e-05 -1.1197259052892856 -0.9967366379095702
-4.263107 -7.7561e-05 -1.1115267101182593 -0.9894380318938224
-4.22807 -7.815541e-05 -1.1200451999747774 -0.997020861673454
-4.192857 -7.719194e-05 -1.1062377111672885 -0.9847299698516783
-4.15769 -7.74531e-05 -1.109980395191663 -0.9880615622294119
-4.123122 -7.818278e-05 -1.1204374394515242 -0.9973700180656221
-4.088088 -7.718959e-05 -1.1062040333167094 -0.9846999911333154
-4.052829 -7.800849e-05 -1.1179396894185627 -0.9951466177152039
-4.017709 -7.755422e-05 -1.1114295459365884 -0.9893515401021199
-3.982551 -7.744587e-05 -1.1098767820598807 -0.9879693298320654
-3.947622 -7.799533e-05 -1.1177510934553188 -0.9949787368923712
-3.9128939999999997 -7.703694e-05 -1.1040164061290823 -0.9827526501298653
-3.877533 -7.793975e-05 -1.1169545764616187 -0.9942697083108333
-3.842487 -7.712942e-05 -1.1053417370318779 -0.983932408374209
-3.807681 -7.750966e-05 -1.1107909565656047 -0.9887830925743523
-3.772764 -7.764783e-05 -1.1127710708696625 -0.9905457136450807
-3.737949 -7.697531e-05 -1.103133186583891 -0.9819664422946696
-3.7028939999999997 -7.780103e-05 -1.114966580107425 -0.9925000709443178
-3.667746 -7.705892e-05 -1.1043314015145003 -0.9830330468233198
-3.632866 -7.718795e-05 -1.1061805304763053 -0.9846790698149686
-3.597672 -7.786969e-05 -1.1159505465843496 -0.9933759597965739
-3.562839 -7.647997e-05 -1.096034468921793 -0.9756474387398123
-3.527607 -7.744761e-05 -1.1099017180003095 -0.9879915268405554
-3.492792 -7.683825e-05 -1.1011689796901067 -0.9802179813845298
-3.457931 -7.691704e-05 -1.1022981191995278 -0.9812230976482822
-3.422746 -7.724144e-05 -1.1069470956794902 -0.9853614364725156
-3.3875509999999998 -7.63447e-05 -1.0940959145184497 -0.9739218126832339
-3.352971 -7.705039e-05 -1.1042091580823976 -0.982924230454113
-3.317977 -7.723989e-05 -1.1069248826291083 -0.9853416632752975
-3.282949 -7.670821e-05 -1.0993053764180525 -0.9785590739224356
-3.247811 -7.708962e-05 -1.1047713632220675 -0.9834246836972531
-3.2127179999999997 -7.633642e-05 -1.0939772538364088 -0.9738161855393849
-3.177962 -7.682162e-05 -1.1009306551560074 -0.9800058341137312
-3.143162 -7.670579e-05 -1.0992706953974563 -0.9785282022209726
-3.107746 -7.632933e-05 -1.0938756470446613 -0.9737257391082387
-3.0727089999999997 -7.677104e-05 -1.1002057931635398 -0.9793605900393486
-3.03769 -7.575878e-05 -1.0856990948540244 -0.9664472889967519
-3.0026990000000002 -7.663092e-05 -1.0981977334090012 -0.9775730930108296
-2.967514 -7.578546e-05 -1.086081445940601 -0.9667876431269325
-2.932394 -7.57499e-05 -1.0855718355718356 -0.9663340077120443
-2.897551 -7.609224e-05 -1.09047791019622 -0.9707012053479506
-2.862552 -7.54769e-05 -1.0816594725045432 -0.9628513736213672
-2.82744 -7.602674e-05 -1.0895392296800748 -0.9698656283042166
-2.792367 -7.542676e-05 -1.080940916152184 -0.9622117425836142
-2.7579119999999997 -7.502415e-05 -1.0751711121429433 -0.9570756864984583
-2.7229769999999998 -7.561885e-05 -1.0836937579895327 -0.9646622157795048
-2.687783 -7.429987e-05 -1.064791455284413 -0.9478361179299759
-2.652653 -7.494945e-05 -1.07410058642453 -0.9561227459615586
-2.617413 -7.424715e-05 -1.0640359249514182 -0.947163574086531
-2.582523 -7.383079e-05 -1.0580690696887882 -0.9418521106066982
-2.547616 -7.456335e-05 -1.068567387229359 -0.9511973063190295
-2.5126779999999997 -7.284911e-05 -1.0440006133668107 -0.9293289156098631
-2.477792 -7.340041e-05 -1.0519012938027021 -0.9363617953688018
-2.442792 -7.26479e-05 -1.0411170728072139 -0.9267620994729211
-2.407783 -7.198175e-05 -1.0315704769930123 -0.9182640895846258
-2.3728939999999996 -7.225315e-05 -1.0354599104599105 -0.9217263126330133
-2.3376129999999997 -7.098311e-05 -1.0172589669068544 -0.90552453753952
-2.302644 -7.12546e-05 -1.0211496901637747 -0.9089879087090361
-2.267625 -7.013509e-05 -1.0051059920778231 -0.8947064299879592
-2.232746 -6.942894e-05 -0.994986156253762 -0.8856981440424219
-2.197699 -6.931439e-05 -0.9933445401755261 -0.8842368409834948
-2.162236 -6.79529e-05 -0.9738330266499281 -0.8668684472541319
-2.1274960000000003 -6.806377e-05 -0.9754219046472569 -0.8682828049157927
-2.092172 -6.694325e-05 -0.9593637322510563 -0.8539884417242704
-2.057403 -6.56342e-05 -0.9406037363783843 -0.8372890199059517
-2.02249 -6.586373e-05 -0.9438931308649618 -0.8402171114914211
-1.9877090000000002 -6.461869e-05 -0.9260504623180681 -0.8243342589337042
-1.952699 -6.422079e-05 -0.9203481573199884 -0.8192582878542886
-1.9175609999999998 -6.348356e-05 -0.9097829140082662 -0.8098535174122741
-1.882598 -6.256119e-05 -0.8965644293109083 -0.7980869342393148
-1.847542 -6.202274e-05 -0.8888479022281839 -0.7912179806637647
-1.812227 -6.134372e-05 -0.8791168664408101 -0.7825557894540518
-1.7776880000000002 -6.008813e-05 -0.8611230058413157 -0.7665383515862373
-1.742662 -5.913165e-05 -0.8474156907255499 -0.7543366305054646
-1.707385 -5.836712e-05 -0.8364592111070985 -0.7445835966543826
-1.6724590000000001 -5.704232e-05 -0.8174735019805444 -0.7276832536385249
-1.637589 -5.633896e-05 -0.8073936496471709 -0.7187105594479801
-1.602051 -5.575528e-05 -0.7990289314232978 -0.7112646112207038
-1.567135 -5.420903e-05 -0.7768696222921575 -0.6915392523829396
-1.532339 -5.286191e-05 -0.7575640452401016 -0.6743541753271408
-1.4975139999999998 -5.185184e-05 -0.7430887318211262 -0.6614688118986781
-1.462172 -4.986367e-05 -0.7145962670610558 -0.6361059231805036
-1.427042 -4.873774e-05 -0.6984605639535217 -0.6217425451522393
-1.392264 -4.742643e-05 -0.6796681800202927 -0.6050142927366865
-1.3573199999999999 -4.640891e-05 -0.665086100649481 -0.5920338903925625
-1.322338 -4.529945e-05 -0.6491864291160065 -0.5778806185308675
-1.2872739999999998 -4.420057e-05 -0.6334383795651402 -0.5638623146863131
-1.252199 -4.326072e-05 -0.6199693889834735 -0.551872740876339
-1.2172260000000001 -4.190837e-05 -0.6005888608001284 -0.5346209452260557
-1.182394 -4.033969e-05 -0.5781081073334595 -0.5146094490891933
-1.147375 -3.906253e-05 -0.5598051270586483 -0.4983168448575109
-1.112575 -3.7684e-05 -0.5400494132888499 -0.4807310735277627
-1.077699 -3.640369e-05 -0.5217012903632622 -0.4643982850565725
-1.042681 -3.56957e-05 -0.5115550854987475 -0.45536652641240205
-1.007487 -3.517061e-05 -0.5040300205793163 -0.448668005039971
-0.9724772 -3.338886e-05 -0.4784957608901271 -0.4259383959151941
-0.9371345999999999 -3.264546e-05 -0.46784209530688414 -0.41645491539135016
-0.9021902 -3.119344e-05 -0.44703319632897104 -0.397931639375434
-0.8670089000000001 -2.947166e-05 -0.42235836672456395 -0.37596706162947735
-0.8320883 -2.851571e-05 -0.40865864703892874 -0.3637721017064632
-0.7971346 -2.715373e-05 -0.3891401113232099 -0.346397457095399
-0.7618754 -2.669426e-05 -0.38255544663995367 -0.34053604359487355
-0.7271598 -2.581003e-05 -0.36988354629199705 -0.3292560086424945
-0.6922828 -2.438001e-05 -0.34938992931950685 -0.31101338445806154
-0.6571717 -2.382385e-05 -0.3414196002224172 -0.3039185061581677
-0.622056 -2.185068e-05 -0.3131421004660442 -0.27874697096145884
-0.587005 -2.097102e-05 -0.30053569278921394 -0.26752523504861964
-0.5523674 -1.98328e-05 -0.28422386168865044 -0.2530050747017677
-0.5170830999999999 -1.837921e-05 -0.26339246304035036 -0.2344617703506048
-0.4823107 -1.811939e-05 -0.2596689825563065 -0.23114727222078887
-0.4473013 -1.612271e-05 -0.23105456098413849 -0.20567582227143605
-0.4123661 -1.54003e-05 -0.2207017030960693 -0.19646010910862974
-0.3774309 -1.453399e-05 -0.20828661427252976 -0.18540867782989512
-0.3423106 -1.310305e-05 -0.1877798127798128 -0.16715431729614563
-0.3071717 -1.235078e-05 -0.17699903122438337 -0.15755768305660817
-0.27196800000000004 -1.073387e-05 -0.15382709361582603 -0.13693092156372588
-0.23698650000000002 -9.605686e-06 -0.13765908843373634 -0.12253878947963597
-0.20189390000000002 -8.57238e-06 -0.12285077989303342 -0.10935700668952135
-0.1668383 -6.998519e-06 -0.10029577751408739 -0.08927941704634447
-0.1318579 -6.402521e-06 -0.09175453002917792 -0.08167632930724035
-0.09707908 -4.683017e-06 -0.06711231778133186 -0.059740786268940735
-0.062273510000000004 -2.984911e-06 -0.04277676027676028 -0.03807821540746279
-0.02707907 -2.569299e-06 -0.03682062460231474 -0.03277629408990041
0.007772787 -4.719826e-07 -0.006763982756940503 -0.006021035505371633
0.04284686 8.564897e-07 0.012274354101818891 0.01092615467961128
0.07806908 1.596906e-06 0.02288526027962648 0.02037157243665549
0.1131802 3.748509e-06 0.053719883402982 0.047819359826411216
0.1480666 4.067862e-06 0.05829653132470034 0.05189331456912196
0.1827265 5.804239e-06 0.08318055053970548 0.0740441048052677
0.2177913 7.060776e-06 0.10118798259643332 0.09007362345873747
0.2529302 7.740065e-06 0.11092287342287342 0.09873924627493531
0.28810610000000003 1.014168e-05 0.14534041857985522 0.12937641210527123
0.3229857 1.077661e-05 0.15443960056636116 0.13747615153088907
0.35844869999999995 1.218323e-05 0.1745978721330834 0.15542026422183539
0.3933839 1.424996e-05 0.2042161802725183 0.18178533511643344
0.4280478 1.4834e-05 0.21258605765648023 0.18923587582822504
0.46285610000000005 1.650825e-05 0.23657973481917144 0.2105941180491638
0.4979117 1.769877e-05 0.2536410772326265 0.22578146434085977
0.5331154 1.911593e-05 0.2739503975419469 0.24386003477288945
0.5681155 2.00349e-05 0.2871201568384667 0.25558324448098324
0.6029117 2.052867e-05 0.2941963748301777 0.2618822197005938
0.6383284 2.171822e-05 0.3112438161733937 0.27705719179790167
0.6733283999999999 2.301221e-05 0.3297879871823534 0.29356449468066864
0.7080969 2.397073e-05 0.34352453753862205 0.3057922398403605
0.7432636 2.529622e-05 0.36252013505534636 0.3227013851182057
0.7783099 2.652925e-05 0.3801906882892799 0.3384310272897357
0.813634 2.720865e-05 0.38992716985674736 0.3470980661219924
0.8483402999999999 2.88282e-05 0.4131369413059554 0.36775850583465264
0.8831802 2.943244e-05 0.4217963048948965 0.37546673595535146
0.9180227999999999 3.013639e-05 0.43188461251841537 0.38444695671774054
0.9537358 3.199097e-05 0.4584625989555567 0.40810565097374085
0.9887636 3.281587e-05 0.47028424105888905 0.4186288189642157
1.023662 3.412638e-05 0.48906516019192076 0.4353468658586236
1.058819 3.570725e-05 0.5117206085515945 0.45551386862393073
1.0937729999999999 3.683938e-05 0.5279451638606568 0.4699563394410676
1.129032 3.784498e-05 0.5423564177085305 0.4827846795201335
1.163642 3.901931e-05 0.5591857412279949 0.4977654915776608
1.19819 3.95487e-05 0.5667724294484859 0.5045188676262454
1.233402 4.122361e-05 0.5907755650713398 0.5258855294021286
1.268328 4.231489e-05 0.606414699020333 0.5398068807958071
1.303393 4.35551e-05 0.6241881488360362 0.555628117519612
1.338495 4.571736e-05 0.6551754974290186 0.5832118552079184
1.373384 4.624992e-05 0.662807614920291 0.5900056706340395
1.408393 4.808016e-05 0.6890367848114327 0.613353861909208
1.443606 4.880098e-05 0.69936685640911 0.622549291598739
1.4783309999999998 4.995548e-05 0.7159119961936864 0.6372771343008885
1.513523 5.130813e-05 0.7352968236771054 0.6545327570216009
1.5484760000000002 5.225364e-05 0.7488469277201671 0.6665945348936748
1.5834860000000002 5.348752e-05 0.7665296623043103 0.6823350204314212
1.618708 5.457752e-05 0.7821504525729878 0.6962400429912678
1.6535229999999999 5.652536e-05 0.8100649480931172 0.7210884458747283
1.6884949999999999 5.72082e-05 0.8198507283014326 0.7297993684479077
1.723514 5.836691e-05 0.8364562015970467 0.7445809177050821
1.758652 5.961776e-05 0.8543821332553727 0.7605378878601133
1.7936800000000002 5.942935e-05 0.851682029498931 0.7581343600614889
1.8289490000000002 6.151795e-05 0.8816137566137566 0.784778424390384
1.863623 6.13525e-05 0.8792426926229744 0.7826677950486164
1.898856 6.258133e-05 0.8968530556558726 0.798343858234136
1.93406 6.413773e-05 0.9191578244395145 0.8181986996214253
1.969134 6.344565e-05 0.9092396257889217 0.8093699032790229
2.0039249999999997 6.537304e-05 0.9368610523540102 0.8339574275282182
2.038588 6.560456e-05 0.9401789655310784 0.8369109053475354
2.0736529999999997 6.609058e-05 0.9471441182708789 0.8431110145810552
2.108458 6.773571e-05 0.9707204767063922 0.8640977758323217
2.143366 6.696954e-05 0.9597404942475366 0.8543238206628927
2.17881 6.885139e-05 0.9867092870613998 0.8783303956209179
2.213894 6.866292e-05 0.9840083234449433 0.8759261024082075
2.2490970000000003 6.957254e-05 0.9970440878891584 0.8875300350879209
2.2835949999999996 7.082755e-05 1.0150296365085099 0.9035400739529055
2.318495 7.05959e-05 1.0117098603014099 0.9005849377364025
2.3540419999999997 7.172529e-05 1.0278951486697967 0.9149924546436182
2.389051 7.222594e-05 1.0350699639432035 0.9213791973450742
2.4238649999999997 7.247753e-05 1.0386755002952186 0.9245887061761126
2.45881 7.338344e-05 1.0516580967285194 0.9361453107515171
2.4938290000000003 7.303682e-05 1.04669068542308 0.9317235135774857
2.528699 7.399835e-05 1.0604703720900905 0.9439896570104851
2.563765 7.347666e-05 1.0529940325714975 0.9373345091029196
2.5984119999999997 7.435089e-05 1.0655226229169892 0.9484869750409881
2.633699 7.457961e-05 1.068800409293367 0.9514047335362983
2.6688470000000004 7.441178e-05 1.0663952375219983 0.9492637427691251
2.704005 7.570103e-05 1.0848714795897896 0.9657105779391086
2.738968 7.519953e-05 1.0776844829661731 0.9593129918714361
2.773859 7.606776e-05 1.090127087310186 0.9703889164009184
2.8088290000000002 7.552742e-05 1.0823834746369958 0.9634958522816637
2.844023 7.564388e-05 1.0840524629257025 0.9649815210223242
2.8789160000000003 7.619641e-05 1.0919707704918973 0.9720300917700233
2.91369 7.578703e-05 1.086103945610988 0.9668076714621792
2.9486529999999997 7.671404e-05 1.0993889261494896 0.9786334466577787
2.983982 7.637633e-05 1.0945492040562463 0.974325313475498
3.018634 7.652057e-05 1.0966163075318007 0.9761653689379132
3.053718 7.671111e-05 1.0993469363187673 0.9785960689365857
3.088505 7.657098e-05 1.0973387332542264 0.9768084443390525
3.1237820000000003 7.727484e-05 1.107425751087723 0.9857875169803126
3.158773 7.680573e-05 1.1007029355620908 0.9798031269499919
3.194078 7.676233e-05 1.100080970151393 0.9792494774278843
3.2290419999999997 7.738316e-05 1.1089780850344233 0.9871693445433242
3.2641060000000004 7.6461e-05 1.095762609847117 0.9754054403196653
3.299301 7.743233e-05 1.1096827403165432 0.987796601386689
3.334114 7.714964e-05 1.105631509856862 0.9841903529211449
3.368903 7.710236e-05 1.104953940165208 0.9835872066214849
3.4041799999999998 7.761447e-05 1.1122929887014394 0.9901201434133409
3.4391239999999996 7.721352e-05 1.1065469741526082 0.9850052637845605
3.474153 7.742139e-05 1.1095259591738467 0.9876570408850333
3.50943 7.740708e-05 1.1093208825603194 0.9874744896255551
3.544375 7.739138e-05 1.1090958858564492 0.9872742062730874
3.579237 7.748431e-05 1.110427665709356 0.9884597051230751
3.6141900000000002 7.744393e-05 1.1098489799194025 0.987944581443289
3.649199 7.770754e-05 1.1136267748943807 0.9913074282295288
3.684292 7.742278e-05 1.1095458792641895 0.9876747729780225
3.7191799999999997 7.800576e-05 1.1179005657878898 0.9951117913742971
3.7542359999999997 7.75032e-05 1.110698378304012 0.9887006829911076
3.789356 7.805062e-05 1.1185434544589474 0.9956840659724941
3.824001 7.756516e-05 1.111586327079285 0.9894911006037757
3.858819 7.78438e-05 1.1155795169879676 0.993045683618524
3.894032 7.798057e-05 1.1175395678916804 0.9947904450272488
3.929393 7.730937e-05 1.1079206005262345 0.9862280127867269
3.964329 7.827619e-05 1.1217760981845488 0.9985616402282964
3.999347 7.735321e-05 1.1085488715770406 0.9867872753454642
4.033973 7.812439e-05 1.1196006523471314 0.9966251425910628
4.069004 7.824648e-05 1.1213503241672256 0.9981826326867799
4.104246 7.730372e-05 1.1078396303748417 0.9861559362936413
4.139264 7.850933e-05 1.1251172275820163 1.001535784227932
4.174328999999999 7.776163e-05 1.1144019386977135 0.9919974490279345
4.2094949999999995 7.779034e-05 1.1148133817147903 0.99236369966802
4.244542 7.835673e-05 1.1229303169444016 0.9995890810695535
4.279707999999999 7.757651e-05 1.1117489839320827 0.9896358914350181
4.314473 7.819234e-05 1.1205744438138805 0.9974919740433027
4.349051 7.774508e-05 1.114164760643634 0.9917863223092506
4.3846620000000005 7.777273e-05 1.1145610128004493 0.9921390506338189
4.41979 7.866013e-05 1.1272783424191875 1.0034595249637346
4.454792 7.758268e-05 1.1118374062036034 0.9897146015168476
4.48981 7.846001e-05 1.1244104226498595 1.0009066138493525
4.524958 7.820432e-05 1.1207461291968335 0.9976448017224467
4.560004 7.802564e-05 1.1181854660727901 0.9953653985747465
4.594708 7.857339e-05 1.1260352714578066 1.0023529913336051
4.629514 7.807607e-05 1.1189081784152206 0.9960087291139142
4.664551 7.838534e-05 1.1233403268614537 0.9999540560194957
4.699625 7.820095e-05 1.120697833726003 0.9976018109646243
4.73481 7.814432e-05 1.119886269182044 0.9968793876365837
4.769856 7.877618e-05 1.1289414549977932 1.0049399633748084
4.8049859999999995 7.794687e-05 1.1170566131833737 0.9943605374490223
4.839977 7.859671e-05 1.126369470383555 1.0026504822749773
4.875144000000001 7.843367e-05 1.1240329441033667 1.0005705970656587
4.9098500000000005 7.809024e-05 1.1191112486887134 0.9961894944071923
4.944523 7.876017e-05 1.1287120156838466 1.004735725382897
4.979616 7.824717e-05 1.1213602125573956 0.9981914349487674
5.014273 7.875478e-05 1.128634771592518 1.0046669656841836
5.049412 7.852174e-05 1.1252950752950752 1.0016940973746913
5.084533 7.810226e-05 1.1192835073116765 0.9963428323623936
5.119458 7.871576e-05 1.1280755759628998 1.0041691913903439
5.1547920000000005 7.814039e-05 1.119829948351075 0.9968292530139595
5.18994 7.865377e-05 1.1271871972576197 1.003378391070633
5.224810000000001 7.829563e-05 1.122054692829341 0.9988096343921162
5.259633 7.843252e-05 1.1240164634530834 1.000555926629013
5.294227 7.865682e-05 1.1272309068083717 1.0034172996199977
5.329448999999999 7.838408e-05 1.1233222698011431 0.9999379823236928
5.364625 7.864318e-05 1.1270354319650095 1.0032432954844783
5.399644 7.829144e-05 1.1219946459383079 0.99875618297512
5.434717 7.870101e-05 1.1278641937092644 1.0039810270942362
5.469837999999999 7.84736e-05 1.124605180943209 1.0010799801398003
5.504699 7.832141e-05 1.1224241460156954 0.9991385073110087
5.539653 7.902794e-05 1.1325494276198502 1.0081516408790898
5.574782 7.808579e-05 1.1190474757376168 0.9961327261958242
5.609407 7.872466e-05 1.1282031218650939 1.0042827278130804
5.644903 7.850748e-05 1.1250907152315603 1.0015121839602845
5.680004 7.834363e-05 1.1227425808411724 0.9994219656608067
5.715069000000001 7.900284e-05 1.1321897195136632 1.0078314426531705
5.750144000000001 7.843592e-05 1.1240651888539215 1.0005993000938784
5.785245 7.852736e-05 1.1253756155164605 1.0017657911607338
5.8199440000000005 7.867823e-05 1.127537733523649 1.0036904248796366
5.8548469999999995 7.844467e-05 1.1241905851060783 1.0007109229814002
5.889875 7.898884e-05 1.1319890855102124 1.0076528460331358
5.9249030000000005 7.843757e-05 1.1240888350043279 1.0006203489812395
5.960458 7.861597e-05 1.1266454854483023 1.0028961801965395
5.995284 7.865314e-05 1.1271781687274647 1.0033703542227317
6.029866 7.821171e-05 1.120852035288655 0.9977390752240223
6.065116 7.896722e-05 1.1316792492848833 1.0073770418241965
6.100458 7.83114e-05 1.1222806927032278 0.9990108107276838
6.135439 7.853574e-05 1.1254957092985265 1.0018726939947262
6.170384 7.884176e-05 1.129881281993958 1.0057765609706566
6.205152 7.839262e-05 1.123444656543248 1.0000469262619138
6.239783 7.907685e-05 1.1332503568419063 1.0087755809280827
6.274801 7.843845e-05 1.124101446284545 1.000631575054499
6.309903 7.85715e-05 1.126008185867341 1.0023288807899005
6.344894 7.83724e-05 1.123154883718264 0.999788981714978
6.380088 7.822573e-05 1.121052955912111 0.9979179269820857
6.415375 7.885412e-05 1.1300584131570046 1.0059342362723442
6.450256 7.848792e-05 1.124810400866739 1.0012626589682931
6.484875 7.860052e-05 1.126424071494494 1.0026990860694296
6.5199679999999995 7.886459e-05 1.1302084587295855 1.0060678010303274
6.555162 7.844135e-05 1.1241430061852598 1.000668570068649
6.589907 7.885879e-05 1.1301253389281558 1.0059938110020272
6.6248190000000005 7.860428e-05 1.126477956055421 1.0027470520188104
6.659822 7.84505e-05 1.1242741348375151 1.0007852957167431
6.694894000000001 7.860468e-05 1.1264836884555196 1.0027521547793827
6.730314 7.818008e-05 1.1203987457508586 0.9973355744317581
6.765303 7.88196e-05 1.1295637070284958 1.0054938680349446
6.800134 7.867445e-05 1.1274835623427175 1.0036422037922275
6.835236 7.876141e-05 1.1287297861241525 1.0047515439406716
6.870284 7.899628e-05 1.1320957081520464 1.0077477573797828
6.905533 7.814502e-05 1.1198963008822165 0.9968883174675855
6.940477 7.885037e-05 1.1300046719060806 1.005886397891978
6.975382 7.857045e-05 1.1259931383170823 1.002315486043398
7.010104999999999 7.830616e-05 1.1222055982619366 0.9989439645641853
7.045529 7.893117e-05 1.1311626167259972 1.006917155527607
7.080426 7.82812e-05 1.1218478964957839 0.9986255523044661
7.115303 7.909698e-05 1.1335388398768682 1.0090323773538898
7.150237 7.895903e-05 1.1315618783928645 1.007272562801476
7.18531 7.855537e-05 1.125777026833365 1.0021231119698177
7.220486 7.89153e-05 1.1309351837520853 1.0067147035018962
7.255247000000001 7.844871e-05 1.124248482347074 1.0007624608631818
7.290133 7.881985e-05 1.1295672897785574 1.0054970572603021
7.325189999999999 7.882577e-05 1.1296521293000166 1.005572578116774
7.360551 7.842859e-05 1.1239601426221144 1.000505792006389
7.395764 7.9212e-05 1.1351871915252199 1.0104996761564893
7.430350000000001 7.84701e-05 1.1245550224423466 1.001035330984792
7.465435 7.928468e-05 1.136228768623135 1.0114268477524981
7.500366 7.833967e-05 1.1226858300801965 0.9993714483311398
7.535208 7.889048e-05 1.1305794883259672 1.0063980772083774
7.570153 7.902055e-05 1.1324435215280286 1.0080573673775144
7.605569999999999 7.83821e-05 1.123293894420655 0.9999127236588592
7.640473 7.881162e-05 1.1294493456465289 1.0053920679615247
7.675377999999999 7.863089e-05 1.12685930397198 1.0030865131658906
7.710218 7.855977e-05 1.1258400832344495 1.0021792423361142
7.745467 7.892202e-05 1.1310314880737418 1.0068004298795128
7.780397 7.839282e-05 1.1234475227432974 1.0000494776422
7.815486 7.900588e-05 1.1322332857544126 1.0078702236335209
7.850754 7.857951e-05 1.1261229771793153 1.0024310635703633
7.885596 7.879292e-05 1.1291813559419193 1.0051535139047638
7.920397 7.924267e-05 1.1356267233027797 1.0108909303233797
7.955237 7.810858e-05 1.1193740792332343 0.996423455979438
7.990378 7.925674e-05 1.1358283604762478 1.0110704199265144
8.025485999999999 7.830693e-05 1.1222166331321262 0.998953787378287
8.060501 7.858875e-05 1.1262553956215928 1.0025489373395862
8.095449 7.894705e-05 1.1313901930099115 1.007119735122332
8.13052 7.820813e-05 1.1208007303077727 0.9976934055168992
8.165561 7.888163e-05 1.1304526589737858 1.0062851786307125
8.200671 7.858212e-05 1.1261603810899585 1.0024643590830982
8.235718 7.853613e-05 1.1255012983886223 1.0018776691862843
8.270959000000001 7.933255e-05 1.1369147936049346 1.0120375206240027
8.306051 7.827183e-05 1.121713615023474 0.998506020138057
8.341098 7.890337e-05 1.1307642149191446 1.0065625136678236
8.375763999999998 7.862613e-05 1.1267910884108068 1.003025790315079
8.410558000000002 7.841271e-05 1.1237325663382003 1.0003032124116638
8.445681 7.919739e-05 1.1349778156116184 1.0103132978265814
8.480902 7.849073e-05 1.1248506709774317 1.0012985058613144
8.515765 7.891234e-05 1.1308927639913557 1.0066769430736602
8.550644 7.882732e-05 1.1296743423503988 1.0055923513139922
8.585681000000001 7.854198e-05 1.1255851347400645 1.0019522970596557
8.620775 7.890986e-05 1.1308572231107443 1.0066453059581113
8.655781999999999 7.859268e-05 1.1263117164525616 1.0025990719622102
8.690856 7.89032e-05 1.1307617786491029 1.0065603449945806
8.725875 7.860795e-05 1.1265305508263255 1.0027938698470622
8.760558000000001 7.866921e-05 1.1274084679014258 1.0035753576287287
8.795328999999999 7.876808e-05 1.1288253738957965 1.0048366324732165
8.830356 7.838791e-05 1.1233771575320872 0.9999868412561738
8.865356 7.857478e-05 1.1260551915481494 1.0023707234265944
8.900468 7.876633e-05 1.128800294645365 1.0048143078957124
8.935672 7.86311e-05 1.126862313482032 1.0030891921151912
8.970689 7.857961e-05 1.1261244102793397 1.0024323392605061
9.005699 7.877921e-05 1.12898487792854 1.0049786167861443
9.040745000000001 7.860453e-05 1.1264815388054825 1.0027502412441682
9.076106 7.884245e-05 1.1298911703841283 1.0057853632326441
9.11106 7.853936e-05 1.1255475875194185 1.0019188739779064
9.145897000000001 7.871987e-05 1.128134476373913 1.0042216222552256
9.180495 7.866781e-05 1.1273884045010807 1.0035574979667252
9.215422 7.857692e-05 1.126085859888677 1.0023980231956569
9.251021000000001 7.871626e-05 1.1280827414630232 1.0041755698410595
9.285486 7.85454e-05 1.1256341467609075 1.0019959256625501
9.320468 7.878878e-05 1.129122025600899 1.0051007003328394
9.355561 7.834253e-05 1.1227268167409012 0.9994079330692325
9.390773 7.864832e-05 1.1271090933062764 1.003308865957834
9.425792 7.862182e-05 1.1267293217997445 1.002970808069911
9.460894 7.850581e-05 1.1250667824611487 1.0014908799348947
9.496088 7.884156e-05 1.1298784157939088 1.0057740095903702
9.531162 7.833994e-05 1.1226896994502629 0.9993748926945261
9.565755999999999 7.886101e-05 1.1301571537487032 1.0060221313232045
9.600755 7.835306e-05 1.122877722173497 0.9995422632413016
9.635624 7.891338e-05 1.130907668231612 1.0066902102511486
9.670689 7.878805e-05 1.1291115639707188 1.0050913877947947
9.705958 7.838124e-05 1.123281569760443 0.9999017527236285
9.740991 7.881279e-05 1.1294661129168173 1.0054069935361991
9.775875 7.850579e-05 1.1250664958411436 1.001490624796866
9.810953999999999 7.869725e-05 1.1278103091483374 1.0039330611448554
9.845953999999999 7.860887e-05 1.1265437353465522 1.0028056061963788
9.881227999999998 7.84009e-05 1.1235633172252892 1.0001525534057631
9.91616 7.865123e-05 1.1271507965169938 1.0033459885409983
9.95066 7.838413e-05 1.1233229863511554 0.9999386201687642
9.985369 7.895938e-05 1.1315668942429506 1.007277027716977
10.00349 7.882583e-05 1.1296529891600315 1.0055733435308598
