Keff(MJ/m3):-0.016353260650070336 Ms(MA/m):1.1696715958605663
H(kOe) moment(emu) M(MA/m) M_norm()
4.973075 4.258618e-05 1.1667218806884314 0.9915213478747469
4.9444989999999995 4.256342e-05 1.1660983312175823 0.9909914335720873
4.915688 4.279524e-05 1.172449440107396 0.9963888296020746
4.886537000000001 4.291267e-05 1.1756666375749603 0.9991229173244516
4.8570720000000005 4.298906e-05 1.1777594734307661 1.0009014829474814
4.82747 4.313307e-05 1.181704875860332 1.00425442489502
4.798064999999999 4.331082e-05 1.186574643805998 1.0083929252156578
4.768546000000001 4.293722e-05 1.1763392271843338 0.9996945076640953
4.739064999999999 4.298695e-05 1.1777016663401025 1.0008523564457845
4.7095839999999995 4.303422e-05 1.1789967095513072 1.0019529297799985
4.679711 4.295789e-05 1.1769055174990277 1.0001757611191024
4.649811 4.308633e-05 1.1804243529136065 1.0031661913929857
4.620112 4.298093e-05 1.177536738052998 1.0007121945783854
4.589988999999999 4.325779e-05 1.1851217954563007 1.0071582435166229
4.560073999999999 4.30873e-05 1.1804509277372763 1.0031887756141447
4.530131 4.292637e-05 1.1760419727133886 0.9994418903449451
4.5005180000000005 4.27253e-05 1.1705333131306312 0.9947604374084015
4.470527 4.288834e-05 1.1750000752451821 0.9985564491792975
4.440506999999999 4.268817e-05 1.1695160727153144 0.9938959506747572
4.410442 4.267332e-05 1.1691092313426383 0.9935502025467038
4.380603 4.299768e-05 1.1779956332039958 1.0011021798406676
4.350479999999999 4.278732e-05 1.1722324580419687 0.9962044306004462
4.320357 4.309349e-05 1.180620513467705 1.0033328955409226
4.290301 4.294108e-05 1.176444978544504 0.9997843788946869
4.2605 4.301792e-05 1.1785501429267542 1.001573421733718
4.230498 4.284184e-05 1.1737261275125608 0.9974738035257975
4.200253 4.260948e-05 1.1673602243910137 0.9920638348366082
4.170508 4.274974e-05 1.171202889100207 0.9953294666508004
4.140322 4.291405e-05 1.1757044450560576 0.9991550474535232
4.110385 4.282233e-05 1.1731916173993684 0.9970195580053719
4.080254 4.299016e-05 1.1777896098287417 1.0009270939199295
4.050146 4.3207e-05 1.183730315771573 1.0059757150705742
4.019924 4.288974e-05 1.175038430660788 0.9985890449624136
3.990074 4.284871e-05 1.1739143430162835 0.9976337556900888
3.960065 4.26218e-05 1.1676977520483447 0.9923506777280302
3.929876 4.260548e-05 1.1672506374892828 0.991970704027705
3.899773 4.289286e-05 1.175123908444138 0.9986616869933582
3.869952 4.283331e-05 1.1734924334446197 0.9972752020758113
3.8397669999999997 4.313776e-05 1.1818333665026115 1.0043636207684592
3.80964 4.334536e-05 1.1875209267024442 1.0091971097505372
3.779716 4.296419e-05 1.177078116869254 1.0003224421431252
3.7493670000000003 4.284504e-05 1.1738137970339453 0.99754830817292
3.719556 4.29223e-05 1.1759304680408775 0.9993471297468862
3.689395 4.253039e-05 1.1651934173765397 0.9902224059175688
3.659442 4.286864e-05 1.1744603597541576 0.9980977799454491
3.629574 4.296118e-05 1.1769956527257017 1.0002523612094256
3.599631 4.289602e-05 1.1752104820965055 0.9987352603323917
3.569248 4.321474e-05 1.1839423664264224 1.006155923185802
3.5391779999999997 4.314533e-05 1.182040759714137 1.0045398708243083
3.509207 4.30115e-05 1.1783742559494759 1.0014239467854282
3.47915 4.281745e-05 1.1730579213792565 0.9969059384185098
3.4488670000000003 4.29106e-05 1.1756099263533144 0.999074722130844
3.419094 4.285643e-05 1.1741258457366242 0.997813498151272
3.3891880000000003 4.276859e-05 1.171719317374614 0.995768345587757
3.358999 4.287061e-05 1.1745143313032602 0.9981436468688341
3.329093 4.316637e-05 1.1826171868172415 1.0050297388791394
3.299065 4.305792e-05 1.179646011944063 1.0025047298227505
3.268876 4.284366e-05 1.1737759895528483 0.9975161780438485
3.238933 4.282195e-05 1.173181206643704 0.9970107105785261
3.208924 4.28023e-05 1.172642860988951 0.996553205479789
3.179055 4.257269e-05 1.1663522988623438 0.9912072642217207
3.149046 4.283969e-05 1.1736672245528803 0.9974237457160119
3.118848 4.279837e-05 1.1725351918580003 0.9964617044600413
3.0890929999999996 4.285511e-05 1.174089682059053 0.997782764984334
3.058794 4.275411e-05 1.171322612790348 0.9954312120595271
3.0287689999999996 4.279051e-05 1.1723198535960992 0.9962787024205466
2.998627 4.254581e-05 1.1656158748827123 0.990581425185891
2.968376 4.270909e-05 1.170089212211367 0.9943830248053211
2.938555 4.267961e-05 1.1692815567456103 0.9936966507437042
2.9086309999999997 4.272291e-05 1.1704678349568471 0.9947047917500818
2.878612 4.273956e-05 1.1709239904353017 0.9950924487421414
2.848544 4.2802e-05 1.1726346419713212 0.9965462206691211
2.818301 4.283736e-05 1.1736033901826222 0.9973694970198258
2.788367 4.262901e-05 1.1678952824387148 0.9925185460110784
2.7583670000000002 4.280423e-05 1.172695736669036 0.9965981410950846
2.728322 4.270528e-05 1.1699848306874683 0.9942943177098408
2.6980839999999997 4.257889e-05 1.1665221585600267 0.9913516169755207
2.6681500000000002 4.252088e-05 1.1649328745176746 0.9900009874194013
2.6382109999999996 4.276088e-05 1.1715080886215274 0.9955888359535957
2.607763 4.26e-05 1.1671005034339115 0.9918431148195075
2.577942 4.273562e-05 1.170816047337097 0.9950007148953719
2.5482020000000003 4.275762e-05 1.171418775296617 0.9955129343443397
2.517952 4.245213e-05 1.1630493496441752 0.988400301641377
2.488339 4.238232e-05 1.1611367842417166 0.9867749361989931
2.458183 4.237745e-05 1.1610033621888594 0.9866615494391535
2.427971 4.230297e-05 1.1589628540786305 0.9849274537773752
2.397998 4.2517e-05 1.1648265752229956 0.9899106505347653
2.367848 4.232175e-05 1.159477364582257 0.9853647029251759
2.338084 4.266479e-05 1.1688755372746973 0.9933516010967176
2.308141 4.250948e-05 1.1646205518477415 0.9897355646140272
2.278103 4.266619e-05 1.1689138926903033 0.9933841968798339
2.247692 4.236405e-05 1.160636246068061 0.9863495612293277
2.2176590000000003 4.236012e-05 1.1605285769371105 0.9862580602095803
2.187395 4.219612e-05 1.1560355139661442 0.9824396970445474
2.157839 4.237829e-05 1.1610263754382228 0.9866811069090232
2.127424 4.244428e-05 1.1628342853495282 0.9882175324289044
2.097367 4.248144e-05 1.1638523476666078 0.9890827176436153
2.067555 4.251673e-05 1.1648191781071286 0.9899043642051643
2.03782 4.24772e-05 1.1637361855507733 0.9889839989861781
2.007791 4.220165e-05 1.156187017857787 0.9825684503878561
1.977423 4.229465e-05 1.15873491332303 0.9847337416948563
1.947565 4.184657e-05 1.1464589885911365 0.9743012284815153
1.9177629999999999 4.199998e-05 1.1506619202397703 0.977873027829977
1.8873499999999999 4.229928e-05 1.1588617601617837 0.9848415406061619
1.857159 4.212005e-05 1.153951445062477 0.9806685818862301
1.827357 4.223737e-05 1.1571656288902439 0.9834001085113621
1.797461 4.200758e-05 1.150870135353059 0.9780499763668932
1.767433 4.184613e-05 1.146446934031946 0.9742909840925361
1.737301 4.216782e-05 1.155260186636398 0.9817807965715569
1.7070560000000001 4.154478e-05 1.1381909308227958 0.9672747417767883
1.67732 4.165378e-05 1.1411771738949623 0.9698125563194016
1.6471969999999998 4.178743e-05 1.1448387462490455 0.972924289471881
1.6170740000000001 4.1592e-05 1.1394846041977287 0.968374150975891
1.58715 4.174387e-05 1.1436453448891963 0.9719100949629249
1.55699 4.193356e-05 1.148842229736529 0.9763265907481388
1.5270460000000001 4.141452e-05 1.1346222333679294 0.9642419369848543
1.496914 4.12788e-05 1.1309039497922004 0.9610820086387672
1.467103 4.10348e-05 1.1242191487866167 0.9554010292956697
1.436942 4.107014e-05 1.125187349063409 0.9562238399923298
1.406876 4.102917e-05 1.1240649052224303 0.9552699476821382
1.376857 4.090072e-05 1.1205457958405973 0.952279284581233
1.346848 4.047458e-05 1.1088709552646976 0.9423575938547263
1.317018 4.078604e-05 1.1174039393679729 0.9496092242899771
1.286766 4.074326e-05 1.1162319074539613 0.948613190288757
1.256631 4.030019e-05 1.1040932403164856 0.9382973234135673
1.2266279999999998 4.014944e-05 1.0999631839575028 0.9347874560530264
1.196574 3.974684e-05 1.0889332622982895 0.9254138401369154
1.1668669999999999 3.959568e-05 1.0847919732818794 0.921894426868462
1.136655 3.94032e-05 1.0795186515705892 0.917412972344038
1.1065740000000002 3.925054e-05 1.07533626746603 0.9138586350222458
1.0766310000000001 3.886018e-05 1.064641681726113 0.9047699993813787
1.0464149999999999 3.864105e-05 1.058638237282041 0.899668060842637
1.016235 3.837339e-05 1.051305229752719 0.8934362127648766
0.9862628999999999 3.812951e-05 1.044623716354187 0.8877580273460461
0.9563384 3.771297e-05 1.0332118843424414 0.8780598505609072
0.9261367 3.716369e-05 1.0181634109967563 0.8652711278823141
0.8960743 3.708303e-05 1.015953591123353 0.8633931451207802
0.8660648999999999 3.637089e-05 0.9964432870736952 0.846812601557692
0.8361685999999999 3.590836e-05 0.9837714796592987 0.836043653297188
0.8063196 3.480916e-05 0.953656999063652 0.8104513070105777
0.7760533000000001 3.485263e-05 0.9548479347182123 0.8114634060763336
0.7459799 3.453386e-05 0.9461146805520239 0.8040415790878122
0.7159423 3.390216e-05 0.9288081690961739 0.7893338960917679
0.6858574 3.325954e-05 0.9112024853985989 0.7743719659874179
0.6558667 3.27068e-05 0.8960592193829169 0.7615026851591238
0.6258668000000001 3.211349e-05 0.8798044682164292 0.7476888251015283
0.5960837 3.105179e-05 0.8507173648245092 0.7229695801483857
0.5659607999999999 3.07251e-05 0.8417671285928937 0.7153633541582359
0.5357913 3.010068e-05 0.8246600652981941 0.7008251692343956
0.5059233 2.923237e-05 0.8008712146377083 0.6806085660647025
0.4758951 2.866248e-05 0.785258094780855 0.6673399868932357
0.4458762 2.762289e-05 0.7567767329882525 0.6431355224863058
0.41564589999999996 2.683084e-05 0.7350771566092659 0.6246944581883529
0.38541390000000003 2.630624e-05 0.7207048344472605 0.612480352600693
0.35553660000000004 2.497127e-05 0.6841310278963411 0.5813986436103034
0.3255366 2.397315e-05 0.6567858083074336 0.5581597128646778
0.2956403 2.320386e-05 0.6357097813992958 0.5402485628693845
0.2656215 2.19168e-05 0.600448551963858 0.5102823281426334
0.23539590000000002 2.109899e-05 0.5780432359377244 0.4912415014353436
0.20550819999999997 1.975261e-05 0.5411568327496177 0.45989413681255753
0.17550819999999998 1.867916e-05 0.5117478178338634 0.43490132010826177
0.1454233 1.72989e-05 0.47393321358809604 0.40276513753406523
0.1152848 1.552393e-05 0.42530484784677935 0.36143903956431916
0.08511201 1.375382e-05 0.3768096301910658 0.3202260955273906
0.05534786 1.208229e-05 0.33101518172850974 0.28130836027588235
0.025366720000000002 9.343408e-06 0.25597878358188814 0.2175397862382513
-0.004699315000000001 6.075475e-06 0.1664481204483602 0.14145347530535324
-0.03487262 1.705507e-06 0.046725307002583566 0.0397088116250346
-0.06491629 -2.833807e-06 -0.07763703230832258 -0.06597868454641606
-0.09479366 -6.40417e-06 -0.17545328711446836 -0.14910638311346586
-0.1249189 -9.43368e-06 -0.25845194078015077 -0.21964156233357962
-0.15508609999999998 -1.200229e-05 -0.32882344369389205 -0.27944574409781753
-0.185171 -1.375973e-05 -0.37697154483837314 -0.32036369629754513
-0.21503899999999998 -1.588939e-05 -0.43531725512342156 -0.3699479359197637
-0.2450949 -1.79108e-05 -0.490697269880378 -0.4170118230260384
-0.2752465 -1.911033e-05 -0.5235604639386897 -0.4449401228269643
-0.30524650000000003 -2.114787e-05 -0.5793823878768758 -0.4923795599201412
-0.3351805 -2.249316e-05 -0.6162389286342611 -0.5237015463975013
-0.3651689 -2.38398e-05 -0.6531324549709803 -0.5550549645228661
-0.3954352 -2.53333e-05 -0.6940494644047491 -0.5898276802971134
-0.4254824 -2.62394e-05 -0.7188736373193375 -0.6109241367839199
-0.4555484 -2.737333e-05 -0.7499396061892627 -0.6373250913188326
-0.4853408 -2.867341e-05 -0.7855575409898345 -0.6675944668285637
-0.5153881 -2.938035e-05 -0.8049253820672422 -0.6840539403400778
-0.5453975000000001 -3.019098e-05 -0.8271339896047688 -0.7029275972453862
-0.5755579000000001 -3.114383e-05 -0.8532389594333369 -0.7251125200612494
-0.6056050000000001 -3.128032e-05 -0.856978338487649 -0.7282903760880501
-0.635822 -3.224778e-05 -0.8834835744747892 -0.7508154591834323
-0.665322 -3.301097e-05 -0.9043924813577874 -0.7685845846951482
-0.6954352 -3.352606e-05 -0.9185042606609277 -0.7805772717846408
-0.7255579 -3.413767e-05 -0.9352603719028342 -0.7948172052929685
-0.7554635 -3.460735e-05 -0.9481280659040745 -0.8057526248743869
-0.7856412 -3.546053e-05 -0.9715024041087633 -0.8256169607594035
-0.8158975 -3.570021e-05 -0.9780688512604779 -0.8311973588288857
-0.8457654 -3.618738e-05 -0.9914157139895364 -0.8425399928722335
-0.8755862 -3.67687e-05 -1.007341978418086 -0.8560746933301414
-0.9055484 -3.709318e-05 -1.016231667886495 -0.8636294645483722
-0.9357061 -3.750425e-05 -1.0274936398101238 -0.873200284952336
-0.9659824 -3.810541e-05 -1.0439634552712582 -0.8871969142224039
-0.9958597 -3.800559e-05 -1.041228714138564 -0.8848728348862236
-1.0257180000000001 -3.861805e-05 -1.0580081125970884 -0.8991325586914433
-1.05603 -3.888869e-05 -1.0654227623682 -0.9054337892218365
-1.08652 -3.8835e-05 -1.063951832179717 -0.9041837409393326
-1.1162750000000001 -3.931653e-05 -1.0771441773773354 -0.915395060542127
-1.146141 -3.924221e-05 -1.0751080527431756 -0.913664690112705
-1.17618 -3.965871e-05 -1.0865187888859036 -0.9233619355897547
-1.206289 -4.002963e-05 -1.0966807822834086 -0.9319979554993523
-1.23626 -4.008786e-05 -1.0982760936053557 -0.933353707249961
-1.265947 -4.024643e-05 -1.1026203923572222 -0.9370456453419076
-1.29616 -4.041579e-05 -1.1072603017765081 -0.940988803790871
-1.326313 -4.041153e-05 -1.1071435917261647 -0.9408896194793891
-1.356067 -4.061358e-05 -1.112679100099846 -0.9455938894641139
-1.386354 -4.078634e-05 -1.117412158385603 -0.9496162091006449
-1.41669 -4.085514e-05 -1.1192970530953739 -0.9512180590137805
-1.446369 -4.124926e-05 -1.1300946505229181 -0.960394237615017
-1.476322 -4.111716e-05 -1.1264755430932554 -0.9573185926509873
-1.5063879999999998 -4.125584e-05 -1.1302749209762655 -0.9605474377956628
-1.536613 -4.137963e-05 -1.133666361617582 -0.9634296035041958
-1.5667280000000001 -4.10739e-05 -1.125290360751036 -0.9563113829526989
-1.596577 -4.144479e-05 -1.1354515322467778 -0.9649467043812294
-1.6263969999999999 -4.14753e-05 -1.1362874063397301 -0.9656570596261389
-1.656419 -4.157159e-05 -1.138925437031647 -0.9678989510234622
-1.686567 -4.168788e-05 -1.142111402232218 -0.9706064964653017
-1.716669 -4.188801e-05 -1.1475943088930685 -0.9752660636617531
-1.7468219999999999 -4.187056e-05 -1.1471162360342675 -0.9748597805079127
-1.776586 -4.18804e-05 -1.1473858198125255 -0.9750888822978147
-1.806956 -4.187059e-05 -1.1471170579360306 -0.9748604789889794
-1.837162 -4.196061e-05 -1.149583311159484 -0.9769563878433468
-1.86702 -4.185749e-05 -1.1467581608328619 -0.9745554755898214
-1.897011 -4.193112e-05 -1.148775381726473 -0.9762697809547076
-1.9268969999999999 -4.211917e-05 -1.1539273359440962 -0.9806480931082713
-1.956964 -4.219545e-05 -1.1560171581601042 -0.9824240976340561
-1.9868219999999999 -4.211619e-05 -1.1538456937023067 -0.9805787106556384
-2.016993 -4.227301e-05 -1.158142048184666 -0.9842299040186899
-2.047077 -4.220787e-05 -1.1563574254899787 -0.9827132687957006
-2.0772429999999997 -4.183493e-05 -1.1461400907070995 -0.9740302178276069
-2.107256 -4.223879e-05 -1.1572045322403581 -0.9834331699485226
-2.137143 -4.233003e-05 -1.15970420946884 -0.9855574836996056
-2.1672710000000004 -4.249947e-05 -1.16434631062616 -0.9895025047647469
-2.1972840000000002 -4.253836e-05 -1.1654117692782386 -0.9904079690543086
-2.227171 -4.229989e-05 -1.1588784721642973 -0.9848557430545195
-2.257332 -4.256847e-05 -1.166236684681018 -0.9911090112183278
-2.287456 -4.251396e-05 -1.16474328917768 -0.9898398711199987
-2.317683 -4.229697e-05 -1.1587984737260342 -0.9847877575640204
-2.347162 -4.251622e-05 -1.164805205777158 -0.9898924900270291
-2.377614 -4.236653e-05 -1.160704189947134 -0.9864073023308476
-2.407718 -4.246302e-05 -1.1633476999841372 -0.988653850268616
-2.437652 -4.265534e-05 -1.1686166382193584 -0.9931315795606839
-2.467548 -4.257468e-05 -1.166406818345955 -0.99125359679915
-2.4974450000000004 -4.263286e-05 -1.1680007598316307 -0.9926081844146476
-2.527369 -4.252069e-05 -1.1649276691398425 -0.9899965637059785
-2.5572559999999998 -4.269788e-05 -1.169782094919266 -0.9941220257133698
-2.587624 -4.25827e-05 -1.1666265400839253 -0.991440324071001
-2.61752 -4.268491e-05 -1.1694267593904037 -0.993820049065501
-2.6474729999999997 -4.264588e-05 -1.1683574651967648 -0.9929113251976277
-2.677567 -4.260916e-05 -1.1673514574388753 -0.992056384371896
-2.707473 -4.256166e-05 -1.166050112980821 -0.9909504560161699
-2.7375760000000002 -4.283839e-05 -1.1736316088098178 -0.9973934782031183
-2.768049 -4.273894e-05 -1.1709070044655339 -0.9950780134667616
-2.797813 -4.249115e-05 -1.16411836987056 -0.9893087926822282
-2.827954 -4.270489e-05 -1.1699741459645496 -0.9942852374559727
-2.858039 -4.272414e-05 -1.1705015329291295 -0.9947334294738197
-2.887841 -4.273724e-05 -1.170860430032298 -0.9950384328729777
-2.918049 -4.25301e-05 -1.165185472326164 -0.9902156539339233
-2.94819 -4.279758e-05 -1.1725135484449083 -0.996443311125283
-2.978049 -4.284072e-05 -1.1736954431800761 -0.9974477268993046
-3.0080859999999996 -4.279621e-05 -1.1724760149310658 -0.9964114138232338
-3.037756 -4.276299e-05 -1.1715658957121908 -0.9956379624552925
-3.067784 -4.269522e-05 -1.169709219629615 -0.994060093725449
-3.098114 -4.271496e-05 -1.1702500309896569 -0.9945196942673865
-3.128294 -4.25729e-05 -1.1663580521746846 -0.991212153589188
-3.158095 -4.283625e-05 -1.1735729798173917 -0.997343653220355
-3.187964 -4.282246e-05 -1.1731951789736745 -0.9970225847566612
-3.21803 -4.2968e-05 -1.1771824983931527 -1.0004111492386056
-3.248265 -4.293045e-05 -1.1761537513531541 -0.9995368837700265
-3.2781149999999997 -4.284805e-05 -1.173896261177498 -0.9976183891066197
-3.308388 -4.266917e-05 -1.1689955349320926 -0.9934535793324667
-3.338303 -4.259105e-05 -1.1668553027412887 -0.9916347346345865
-3.3683449999999997 -4.275567e-05 -1.171365351682023 -0.9954675330749994
-3.3983980000000003 -4.229946e-05 -1.1588666915723616 -0.9848457314925626
-3.42819 -4.291745e-05 -1.1757975939225287 -0.9992342086410909
-3.458447 -4.287159e-05 -1.174541180094184 -0.9981664639170151
-3.488737 -4.282697e-05 -1.1733187382053762 -0.9971275897436996
-3.518237 -4.301134e-05 -1.178369872473407 -1.0014202215530723
-3.548466 -4.285331e-05 -1.1740403679532738 -0.9977408561203274
-3.578577 -4.282675e-05 -1.1733127109257808 -0.9971224675492099
-3.608473 -4.282705e-05 -1.1733209299434109 -0.9971294523598777
-3.638614 -4.282243e-05 -1.1731943570719117 -0.9970218862755945
-3.668671 -4.286419e-05 -1.174338444325982 -0.9979941719205442
-3.698737 -4.285627e-05 -1.174121462260555 -0.9978097729189159
-3.728752 -4.302069e-05 -1.1786260318562027 -1.0016379148188834
-3.758992 -4.30994e-05 -1.1807824281150126 -1.0034704963110772
-3.788709 -4.258268e-05 -1.1666259921494166 -0.9914398584169564
-3.818549 -4.305931e-05 -1.1796840933924144 -1.0025370927788442
-3.848747 -4.26714e-05 -1.1690566296298077 -0.9935054997584303
-3.87886 -4.283355e-05 -1.1734990086587234 -0.9972807899243454
-3.908737 -4.301309e-05 -1.1784178167429145 -1.0014609662819676
-3.938879 -4.286813e-05 -1.1744463874241868 -0.9980859057673139
-3.968916 -4.301516e-05 -1.1784745279645596 -1.0015091614755747
-3.998841 -4.308374e-05 -1.1803533953947358 -1.0031058891942208
-4.028841 -4.279664e-05 -1.1724877955230015 -0.9964214253851907
-4.058898 -4.288736e-05 -1.1749732264542583 -0.9985336321311165
-4.0890390000000005 -4.294772e-05 -1.1766268928013772 -0.9999389760374662
-4.119363999999999 -4.270079e-05 -1.1698618193902754 -0.994189778376847
-4.149407 -4.275245e-05 -1.1712771342261297 -0.9953925627738323
-4.179228 -4.325682e-05 -1.185095220632631 -1.007135659295464
-4.209134 -4.29456e-05 -1.1765688117434596 -0.9998896167087473
-4.239373 -4.302358e-05 -1.1787052083927034 -1.0017052018283161
-4.269474 -4.301469e-05 -1.1784616515036064 -1.0014982186055286
-4.299351 -4.263966e-05 -1.1681870575645732 -0.9927665067897832
-4.329180999999999 -4.288179e-05 -1.1748206266935979 -0.9984039474797185
-4.359313 -4.279804e-05 -1.1725261509386076 -0.9964540211683071
-4.389309 -4.275249e-05 -1.1712782300951472 -0.9953934940819213
-4.419492 -4.315836e-05 -1.1823977390465255 -1.0048432444343107
-4.449341 -4.312503e-05 -1.181484606187853 -1.0040672319691246
-4.479521 -4.291749e-05 -1.175798689791546 -0.99923513994918
-4.509652 -4.285574e-05 -1.1741069419960755 -0.9977974330867362
-4.539521 -4.294121e-05 -1.17644854011881 -0.9997874056459761
-4.569521 -4.274743e-05 -1.1711396026644576 -0.9952756836086587
-4.599595 -4.284033e-05 -1.1736847584571573 -0.9974386466454364
-4.629785 -4.274604e-05 -1.1711015212161062 -0.9952433206525649
-4.659643 -4.290688e-05 -1.1755080105347049 -0.9989881104785641
-4.689709 -4.331469e-05 -1.1866806691334226 -1.0084830292732716
-4.719841000000001 -4.281889e-05 -1.1730973726638796 -0.9969394655097149
-4.74953 -4.301465e-05 -1.1784605556345893 -1.0014972872974397
-4.779669 -4.260222e-05 -1.167161324164372 -0.9918948024184486
-4.80987 -4.2985e-05 -1.177648242725509 -1.0008069551764445
-4.839889 -4.262944e-05 -1.1679070630306507 -0.9925285575730353
-4.869643 -4.274827e-05 -1.171162615913821 -0.9952952410785284
-4.899973 -4.288435e-05 -1.1748907623107057 -0.9984635511974167
-4.929907 -4.303321e-05 -1.1789690388586205 -1.0019294142507507
-4.959719 -4.299093e-05 -1.1778107053073248 -1.0009450216006432
-4.989594 -4.291135e-05 -1.1756304738973888 -0.9990921841575133
-5.0021819999999995 -4.281542e-05 -1.1730023060266281 -0.9968586745329914
-5.003792000000001 -4.274906e-05 -1.1711842593269128 -0.9953136344132868
-4.974948 -4.279583e-05 -1.1724656041754011 -0.9964025663963879
-4.945359000000001 -4.285989e-05 -1.1742206384066214 -0.9978940563009733
-4.916161 -4.298625e-05 -1.1776824886322999 -1.0008360585542266
-4.88617 -4.28301e-05 -1.1734044899559806 -0.9972004646016664
-4.856095 -4.304485e-05 -1.1792879367426574 -1.0022004249046592
-4.826482 -4.263251e-05 -1.1679911709777293 -0.9926000354688687
-4.796718 -4.282708e-05 -1.1733217518451737 -0.9971301508409445
-4.766774000000001 -4.289791e-05 -1.1752622619075737 -0.9987792646395988
-4.737038999999999 -4.280128e-05 -1.1726149163290096 -0.9965294571235186
-4.707013 -4.271221e-05 -1.1701746899947172 -0.9944556668362657
-4.676935 -4.305002e-05 -1.1794295778131443 -1.0023207964751664
-4.647095 -4.289987e-05 -1.1753159594894214 -0.9988248987359611
-4.617152 -4.296249e-05 -1.1770315424360183 -1.0002828615493413
-4.587236 -4.287009e-05 -1.174500085006035 -0.9981315398636765
-4.557300000000001 -4.287836e-05 -1.174726655925364 -0.9983240878110842
-4.527189 -4.283118e-05 -1.173434078419448 -0.9972256099200704
-4.497237 -4.25824e-05 -1.1666183210662955 -0.9914333392603333
-4.467114 -4.25736e-05 -1.1663772298824877 -0.9912284514807462
-4.43701 -4.277225e-05 -1.1718195893896977 -0.9958535602779033
-4.407208 -4.278223e-05 -1.1720930087095163 -0.9960859216461169
-4.377293 -4.306444e-05 -1.1798246385938846 -1.002656533041263
-4.347124 -4.308065e-05 -1.1802687395131488 -1.0030339456443431
-4.316878 -4.276555e-05 -1.1716360313292982 -0.9956975661729902
-4.286944 -4.295339e-05 -1.1767822322345807 -1.0000709889590864
-4.257388 -4.286494e-05 -1.1743589918700563 -0.9980116339472135
-4.226874 -4.278904e-05 -1.172279580409713 -0.9962444768482747
-4.1968689999999995 -4.28363e-05 -1.1735743496536635 -0.9973448173554664
-4.167085 -4.290592e-05 -1.1754817096782895 -0.9989657590844274
-4.137161 -4.298136e-05 -1.177548518644934 -1.0007222061403425
-4.107048 -4.296321e-05 -1.17705126807833 -1.000299625094944
-4.076718 -4.298555e-05 -1.177663310924497 -1.0008197606626685
-4.04668 -4.277367e-05 -1.1718584927398121 -0.9958866217150639
-4.016522 -4.292625e-05 -1.1760386851063365 -0.999439096420678
-3.986265 -4.260139e-05 -1.167138584882263 -0.9918754777756015
-3.9562269999999997 -4.265747e-05 -1.16867499324453 -0.9931811717164248
-3.926435 -4.281577e-05 -1.1730118948805297 -0.9968668234787705
-3.8962719999999997 -4.296556e-05 -1.1771156503830968 -1.0003543394451746
-3.8662460000000003 -4.302272e-05 -1.1786816472088313 -1.0016851787044019
-3.836331 -4.28575e-05 -1.174155160232837 -0.9978384106426536
-3.806576 -4.30803e-05 -1.1802591506592472 -1.003025796698564
-3.776393 -4.281174e-05 -1.1729014860770357 -0.9967729941888004
-3.746029 -4.29003e-05 -1.1753277400813575 -0.9988349102979183
-3.71635 -4.264715e-05 -1.168392259038064 -0.9929408942294543
-3.686359 -4.295174e-05 -1.1767370276376168 -1.000032572500414
-3.656265 -4.290969e-05 -1.1755849953331707 -0.9990535348718186
-3.626397 -4.283896e-05 -1.1736472249433143 -0.997406749343387
-3.5963000000000003 -4.306031e-05 -1.1797114901178472 -1.0025603754810701
-3.565859 -4.26275e-05 -1.1678539133833112 -0.9924833891307172
-3.5358780000000003 -4.28652e-05 -1.1743661150186688 -0.9980176874497922
-3.5058499999999997 -4.289564e-05 -1.175200071340841 -0.998726412905546
-3.475991 -4.272291e-05 -1.1704678349568471 -0.9947047917500818
-3.446076 -4.286557e-05 -1.174376251807079 -0.9980263020496158
-3.41584 -4.270052e-05 -1.1698544222744083 -0.9941834920472458
-3.385707 -4.262366e-05 -1.1677487099576498 -0.9923939835541703
-3.355605 -4.294581e-05 -1.1765745650558006 -0.9998945060762149
-3.325614 -4.261126e-05 -1.167408990562284 -0.9921052780465702
-3.295982 -4.287278e-05 -1.1745737821974491 -0.998194170332664
-3.265624 -4.267718e-05 -1.1692149827028087 -0.9936400737772954
-3.2354540000000003 -4.264565e-05 -1.1683511639499151 -0.9929059701761157
-3.2055010000000004 -4.275698e-05 -1.17140124139234 -0.9954980334149153
-3.175614 -4.261601e-05 -1.1675391250080893 -0.9922158708821427
-3.145756 -4.279899e-05 -1.1725521778277685 -0.9964761397354214
-3.1158780000000004 -4.285496e-05 -1.1740855725502382 -0.9977792725790001
-3.085522 -4.271487e-05 -1.170247565284368 -0.9945175988241863
-3.055397 -4.269327e-05 -1.1696557960150213 -0.9940146924561087
-3.025161 -4.272519e-05 -1.1705302994908338 -0.9947578763111566
-2.9956709999999998 -4.269107e-05 -1.1695955232190691 -0.9939634705112119
-2.9654439999999997 -4.266011e-05 -1.1687473205996723 -0.993242638050301
-2.9354720000000003 -4.268096e-05 -1.1693185423249446 -0.9937280823917091
-2.905491 -4.292404e-05 -1.1759781383431303 -0.9993876416487589
-2.8753 -4.264254e-05 -1.1682659601338194 -0.9928335609721934
-2.845152 -4.266929e-05 -1.1689988225391446 -0.9934563732567339
-2.815152 -4.253742e-05 -1.1653860163563317 -0.9903860833142162
-2.785087 -4.265487e-05 -1.1686037617584049 -0.9931206366906377
-2.7551039999999998 -4.268281e-05 -1.169369226266995 -0.9937711553908268
-2.7249630000000002 -4.253393e-05 -1.1652904017845716 -0.9903048266834482
-2.695274 -4.261778e-05 -1.1675876172121051 -0.9922570812650824
-2.665359 -4.254744e-05 -1.1656605315451678 -0.9906193759905191
-2.6349389999999997 -4.270516e-05 -1.1699815430804166 -0.9942915237855738
-2.6049499999999997 -4.254618e-05 -1.1656260116711223 -0.9905900397857144
-2.575218 -4.256664e-05 -1.1661865486734757 -0.9910664038732544
-2.5449200000000003 -4.263071e-05 -1.1679418568719502 -0.9925581266048621
-2.514793 -4.267943e-05 -1.1692766253350324 -0.9936924598573035
-2.485067 -4.238037e-05 -1.161083360627123 -0.9867295349296529
-2.454837 -4.236915e-05 -1.1607759693677677 -0.9864683030106791
-2.424935 -4.274145e-05 -1.1709757702463697 -0.9951364530493483
-2.395076 -4.263487e-05 -1.1680558272497503 -0.9926549826461214
-2.364781 -4.239628e-05 -1.1615192425287577 -0.9870999627220656
-2.3346799999999996 -4.263513e-05 -1.1680629503983628 -0.9926610361487002
-2.3049540000000004 -4.254151e-05 -1.1654980689633514 -0.9904813095663197
-2.27502 -4.223784e-05 -1.1571785053511972 -0.9834110513814082
-2.244888 -4.23741e-05 -1.1609115831586596 -0.9865835523866969
-2.214897 -4.251115e-05 -1.164666304379214 -0.9897744467267442
-2.184513 -4.2382e-05 -1.1611280172895784 -0.986767485734281
-2.1544540000000003 -4.247396e-05 -1.1636474201603713 -0.9889085630309663
-2.124397 -4.24781e-05 -1.1637608426036627 -0.9890049534181813
-2.094265 -4.244288e-05 -1.1627959299339221 -0.9881849366457881
-2.064388 -4.223056e-05 -1.1569790571900471 -0.9832415533092043
-2.034189 -4.225106e-05 -1.1575406900614178 -0.9837188487048334
-2.003991 -4.219318e-05 -1.1559549675933718 -0.9823712459000034
-1.9742460000000002 -4.217378e-05 -1.1554234711199771 -0.9819195614768227
-1.9442080000000002 -4.211864e-05 -1.153912815679617 -0.9806357532760916
-1.9142629999999998 -4.227775e-05 -1.1582719086632172 -0.9843402640272402
-1.88435 -4.203991e-05 -1.1517558714862988 -0.9788027061298535
-1.8543 -4.190807e-05 -1.1481438872052487 -0.9757331146684027
-1.824039 -4.215452e-05 -1.1548958101881428 -0.9814711366319536
-1.794076 -4.20649e-05 -1.1524405156548623 -0.9793845408584764
-1.764274 -4.197919e-05 -1.1500923423180238 -0.9773889804507023
-1.734226 -4.189936e-05 -1.1479052617267298 -0.975530322332016
-1.704046 -4.182289e-05 -1.1458102341328897 -0.9737498940928083
-1.674068 -4.167637e-05 -1.1417960659224873 -0.9703385125626826
-1.644076 -4.155144e-05 -1.1383733930141775 -0.967429804573612
-1.6137650000000001 -4.166225e-05 -1.1414092241593772 -0.970009760807254
-1.583888 -4.178729e-05 -1.1448349107074849 -0.9729210298935694
-1.553973 -4.13501e-05 -1.1328573363155536 -0.9627420653074676
-1.523803 -4.150729e-05 -1.137163827586323 -0.9664018732703425
-1.493831 -4.127291e-05 -1.130742583079402 -0.9609448735226575
-1.463809 -4.109164e-05 -1.1257763786602126 -0.9567244180901847
-1.4336520000000001 -4.13029e-05 -1.131564210875129 -0.9616431217624092
-1.403557 -4.088263e-05 -1.1200501890775196 -0.9518581004979682
-1.3737080000000002 -4.067754e-05 -1.1144313946585227 -0.9470830510984767
-1.343716 -4.096481e-05 -1.1223016519735807 -0.9537714729668852
-1.3132739999999998 -4.046929e-05 -1.1087260265871588 -0.942234428359952
-1.283642 -4.064966e-05 -1.1136675739534587 -0.9464339293604213
-1.253586 -4.016002e-05 -1.1002530413125813 -0.9350337870425757
-1.223633 -4.013118e-05 -1.0994629197511012 -0.934362313910383
-1.1935360000000002 -4.005205e-05 -1.09729501686761 -0.9325199536832548
-1.1637460000000002 -3.969672e-05 -1.0875601384196012 -0.9242469111013576
-1.1338219999999999 -3.951421e-05 -1.0825599620608757 -0.9199975851181252
-1.103355 -3.953817e-05 -1.0832163876022434 -0.9205554386634555
-1.073388 -3.901394e-05 -1.0688542022286482 -0.9083499476756192
-1.043435 -3.880893e-05 -1.0632375995476862 -0.9035767608923059
-1.013255 -3.870606e-05 -1.060419298402422 -0.9011816693143367
-0.9832348 -3.796912e-05 -1.0402295555620327 -0.8840237147360482
-0.9533026 -3.792267e-05 -1.0389569776656828 -0.8829422332176594
-0.923246 -3.737037e-05 -1.0238257662091912 -0.8700831967783446
-0.8931978 -3.702547e-05 -1.0143766356074455 -0.8620529927806626
-0.8629252000000001 -3.621351e-05 -0.9921315904250936 -0.843148369881394
-0.8328781000000001 -3.620308e-05 -0.9918458425788302 -0.8429055312971787
-0.8029847999999999 -3.574587e-05 -0.9793197857437359 -0.8322604470125161
-0.7730007000000001 -3.535612e-05 -0.968641912006333 -0.8231860138200067
-0.7430385 -3.493781e-05 -0.9571815877905714 -0.813446626651928
-0.7127903 -3.429339e-05 -0.9395265899872174 -0.7984427876835716
-0.6826988 -3.346479e-05 -0.9168256632936649 -0.7791507406192654
-0.6527177000000001 -3.306858e-05 -0.9059708067099667 -0.7699259011703773
-0.6228875 -3.252104e-05 -0.8909700036665344 -0.7571776903936571
-0.5927648000000001 -3.158623e-05 -0.8653592707647727 -0.7354127875259477
-0.5627837 -3.091391e-05 -0.8469399043218457 -0.7197593611654911
-0.5328120000000001 -3.014877e-05 -0.8259775738242537 -0.7019448343844349
-0.5030196 -2.960176e-05 -0.810991291045301 -0.6892089634398945
-0.4727554 -2.881821e-05 -0.7895245868324925 -0.670965802110861
-0.4427256 -2.797449e-05 -0.7664094216503973 -0.6513217205889006
-0.41236860000000003 -2.726015e-05 -0.7468388448047873 -0.6346899550809154
-0.3826611 -2.647838e-05 -0.725420906763249 -0.6164882369618438
-0.3523459 -2.531905e-05 -0.6936590610673328 -0.5894959017903956
-0.32218 -2.485792e-05 -0.6810256090685421 -0.5787595493130078
-0.2923538 -2.375855e-05 -0.6509064710295718 -0.5531632449670191
-0.2623922 -2.260508e-05 -0.6193051701446912 -0.5263073464306139
-0.2321516 -2.166466e-05 -0.5935407416132518 -0.5044118276034176
-0.20218940000000002 -2.039905e-05 -0.5588671719383458 -0.47494500683941016
-0.1723026 -1.924284e-05 -0.5271908040257796 -0.4480253136989064
-0.1423026 -1.790782e-05 -0.49061562763858846 -0.41694244057340546
-0.112246 -1.620986e-05 -0.4440970837228456 -0.37740934350206906
-0.08239692 -1.487734e-05 -0.40759039914923634 -0.34638467713213267
-0.052359180000000005 -1.31133e-05 -0.35926147961689936 -0.3053130590977148
-0.022274270000000002 -1.057626e-05 -0.289754891325069 -0.24624391224274564
0.007931879999999999 -7.894106e-06 -0.21627265461879483 -0.18379611933698034
0.03798988 -4.052394e-06 -0.11102232576320568 -0.09435068280365923
0.06814082 5.54709e-07 0.015197210168059192 0.012915124468976859
0.09811253 4.554061e-06 0.12476635882086248 0.10603084618117467
0.12817859999999998 7.939424e-06 0.2175142194219549 0.1848512448364496
0.15836719999999999 1.083016e-05 0.29671091991243687 0.2521553903378788
0.1881974 1.298915e-05 0.35586017615442705 0.30242251161638045
0.21802760000000002 1.497018e-05 0.41013391113841013 0.34854624320677685
0.2480615 1.675881e-05 0.4591365161491378 0.3901903828889275
0.2782257 1.844644e-05 0.5053720518911605 0.42948296964627125
0.3085245 2.00894e-05 0.5503837759081038 0.46773551809518815
0.3384427 2.194465e-05 0.6012115507671593 0.5109307513996222
0.3683956 2.326868e-05 0.6374856371418448 0.5417577476276615
0.3984427 2.468253e-05 0.6762204973948972 0.574675996169623
0.42845209999999995 2.585703e-05 0.7083979514156279 0.6020215299338368
0.4585708 2.715997e-05 0.7440942408509373 0.6323574939719337
0.4887069 2.810412e-05 0.7699608591682409 0.6543398572784324
0.5186126000000001 2.892195e-05 0.792366723128883 0.6733811496397666
0.5486503 2.979057e-05 0.8161640667742531 0.6936049704471497
0.5785937 3.071584e-05 0.8415134349153867 0.7151477563356249
0.6085088 3.124285e-05 0.855951783185685 0.727417973235649
0.6383295000000001 3.215959e-05 0.8810674572588777 0.7487621576741382
0.6684616999999999 3.279684e-05 0.8985260205408789 0.7635990596675356
0.6987097 3.326868e-05 0.9114528914690541 0.7745847698857619
0.7289711 3.405032e-05 0.932867267936286 0.792783461253544
0.7589144 3.461825e-05 0.9484266902112911 0.8060064063286482
0.7890653999999999 3.493045e-05 0.9569799478913866 0.8132752659635462
0.8189994 3.582749e-05 0.9815559064735547 0.8341607811681868
0.8491692000000001 3.617449e-05 0.9910625701987089 0.842239878840543
0.8789617 3.64713e-05 0.9991941922743948 0.8491504176881856
0.9089428 3.707179e-05 1.0156456519294892 0.8631314475477622
0.9388296 3.735942e-05 1.023525772065703 0.869828251188972
0.9689992999999999 3.765701e-05 1.0316787635872262 0.8767569505443508
0.9989597 3.817408e-05 1.0458447884067235 0.8887957373842506
1.02915 3.828557e-05 1.0488992493252174 0.891391525855406
1.059207 3.860974e-05 1.0577804458087425 0.8989390794359468
1.0892840000000001 3.893943e-05 1.0668128722166563 0.9066151535327741
1.119688 3.944529e-05 1.0806717797440524 0.9183929412807222
1.149547 3.964519e-05 1.0861483851580533 0.9230471534556617
1.179631 3.980431e-05 1.090507752108908 0.9267518970338328
1.209452 4.00155e-05 1.0962936665530443 0.9316689709169016
1.239141 3.994225e-05 1.0942868564150974 0.9299635129788609
1.269321 4.014955e-05 1.0999661975973005 0.9347900171502714
1.299518 4.027759e-05 1.1034740743217062 0.9377711343432641
1.329636 4.069535e-05 1.1149193303384797 0.9474977160251185
1.359688 4.088696e-05 1.1201688168986432 0.9519589145986059
1.389462 4.096849e-05 1.1224024719231729 0.9538571533110761
1.419775 4.097612e-05 1.1226115089382245 0.9540348003290591
1.449952 4.138836e-05 1.1339055350306095 0.9636328614946271
1.479641 4.124262e-05 1.1299127362660446 0.9602396404722374
1.509839 4.104404e-05 1.124472294529615 0.9556161614642362
1.539764 4.141602e-05 1.1346633284560785 0.9642768610381929
1.56966 4.132896e-05 1.1322781695399058 0.9622498689824138
1.599839 4.141454e-05 1.134622781302438 0.9642424026388987
1.630037 4.159259e-05 1.139500768265734 0.9683878877702042
1.660056 4.170623e-05 1.1426141321439085 0.9710337340511453
1.689962 4.193193e-05 1.1487975730740736 0.9762886399435107
1.7198579999999999 4.182418e-05 1.1458455759086978 0.9737799287786796
1.750237 4.185392e-05 1.146660354523067 0.9744723563428751
1.7801500000000001 4.19986e-05 1.150624112758673 0.9778408977009053
1.8101880000000001 4.17718e-05 1.1444105354305318 0.9725603808360915
1.839905 4.198301e-05 1.150196997809177 0.977477920373205
1.870025 4.213435e-05 1.1543432182361648 0.981001524528059
1.900348 4.206093e-05 1.1523317506548945 0.97929210853064
1.93016 4.204749e-05 1.1519635386650786 0.9789791890127251
1.9602190000000002 4.222971e-05 1.1569557699734292 0.9832217630123123
1.990462 4.220049e-05 1.1561552376562851 0.9825414424532741
2.02016 4.222008e-05 1.1566919395075121 0.9829975505898777
2.05016 4.218984e-05 1.1558634625304267 0.9822934816745693
2.080293 4.247433e-05 1.1636575569487817 0.9889171776307901
2.110396 4.225274e-05 1.1575867165601448 0.9837579636445727
2.140282 4.235698e-05 1.1604425512192516 0.9861849525245912
2.1702649999999997 4.228335e-05 1.1584253303256402 0.9844706471597047
2.200263 4.239988e-05 1.1616178707403153 0.9871837804500784
2.2303580000000003 4.248785e-05 1.1640279606766317 0.9892319597648829
2.260497 4.25294e-05 1.1651662946183612 0.9901993560423652
2.2905279999999997 4.26434e-05 1.1682895213176914 0.9928535840961076
2.320405 4.252341e-05 1.1650021882330193 0.9900598926560327
2.350488 4.274076e-05 1.170956866505821 0.9951203879848124
2.380848 4.22758e-05 1.1582184850486232 0.9842948627578998
2.4107350000000003 4.24537e-05 1.1630923625031044 0.9884368554838715
2.440613 4.283034e-05 1.1734110651700844 0.9972060524502007
2.4705459999999997 4.258203e-05 1.1666081842778855 0.9914247246605098
2.500719 4.245681e-05 1.1631775663192 0.9885092646877938
2.530792 4.243733e-05 1.1626438781077708 0.988055717648435
2.5607159999999998 4.268503e-05 1.1694300469974557 0.9938228429897681
2.5909319999999996 4.255427e-05 1.165847651179873 0.9907783968467211
2.620971 4.301863e-05 1.1785695946018115 1.0015899524522984
2.650792 4.271618e-05 1.1702834549946852 0.9945480991641023
2.680792 4.274931e-05 1.1711911085082711 0.9953194550888432
2.710792 4.282692e-05 1.1733173683691047 0.9971264256085884
2.7407820000000003 4.255318e-05 1.1658177887491517 0.9907530187012952
2.770915 4.263179e-05 1.1679714453354177 0.9925832719232661
2.8008200000000003 4.295313e-05 1.1767751090859682 1.0000649354565079
2.8306880000000003 4.284468e-05 1.1738039342127895 0.9975399264001187
2.860801 4.283553e-05 1.1735532541750804 0.9973268896747527
2.890905 4.303282e-05 1.1789583541357018 1.0019203339968827
2.921154 4.268464e-05 1.169419362274537 0.9938137627359
2.9511030000000003 4.30106e-05 1.1783495988965866 1.0014029923534251
2.981056 4.302827e-05 1.1788336990349828 1.001814397701755
3.011094 4.266664e-05 1.168926221216748 0.9933946740958355
3.041339 4.286422e-05 1.1743392662277448 0.997994870401611
3.071565 4.267116e-05 1.169050054415704 0.9934999119098963
3.1013580000000003 4.280392e-05 1.172687243684152 0.9965909234573948
3.1316640000000002 4.301197e-05 1.1783871324104294 1.0014348896554743
3.161481 4.300331e-05 1.1781498767681822 1.001233261454199
3.1915709999999997 4.280126e-05 1.1726143683945007 0.9965289914694739
3.221707 4.293936e-05 1.1763978561767596 0.9997443326468585
3.2516979999999998 4.290332e-05 1.1754104781921644 0.9989052240586402
3.281754 4.271172e-05 1.170161265599255 0.994444258312175
3.3119050000000003 4.303232e-05 1.1789446557729852 1.0019086926457696
3.341745 4.296928e-05 1.1772175662017068 1.0004409510974548
3.371622 4.294531e-05 1.176560866693084 0.9998828647251018
3.401812 4.300225e-05 1.1781208362392237 1.0012085817898397
3.4317539999999997 4.277001e-05 1.1717582207247283 0.9958014070249175
3.461518 4.2758e-05 1.1714291860522812 0.9955217817711854
3.49196 4.288354e-05 1.174868570963105 0.9984446922086136
3.521924 4.271956e-05 1.1703760559266476 0.9946267946976254
3.552018 4.278043e-05 1.1720436946037374 0.9960440127821104
3.581896 4.297879e-05 1.177478109060572 1.0006623695956223
3.611924 4.286324e-05 1.1743124174368211 0.9979720533534299
3.642126 4.315275e-05 1.182244043416848 1.004712628474824
3.672528 4.302104e-05 1.1786356207101045 1.0016460637646627
3.702424 4.284339e-05 1.1737685924369814 0.9975098917142474
3.732141 4.297796e-05 1.1774553697784624 1.0006430449527746
3.762339 4.276416e-05 1.1715979498809468 0.9956652032168964
3.7925940000000002 4.305677e-05 1.1796145057098153 1.0024779547151907
3.8225 4.293094e-05 1.1761671757486163 0.9995482922941172
3.852547 4.283281e-05 1.1734787350819034 0.9972635607246985
3.8825279999999998 4.309658e-05 1.180705169349292 1.0034048390908004
3.912528 4.307202e-05 1.1800323057726643 1.0028330159241343
3.9424989999999998 4.311234e-05 1.1811369417421116 1.003771774477879
3.9724899999999996 4.302897e-05 1.1788528767427857 1.0018306955933132
4.002556 4.281684e-05 1.1730412093767428 0.9968917359701522
4.03266 4.261974e-05 1.1676413147939533 0.992302715361445
4.062565 4.298576e-05 1.177669064236838 1.000824650030136
4.092764 4.269871e-05 1.1698048342013754 0.9941413503562172
4.122877000000001 4.269416e-05 1.1696801791006566 0.9940354140610899
4.152924 4.295562e-05 1.1768433269322958 1.00012290938505
4.18299 4.281481e-05 1.1729855940241143 0.9968444720846339
4.212905 4.30174e-05 1.1785358966295292 1.0015613147285607
4.243009 4.303181e-05 1.1789306834430147 1.0018968184676345
4.272914 4.273367e-05 1.170762623722503 0.9949553136260314
4.303443000000001 4.284826e-05 1.1739020144898387 0.997623278474087
4.333405 4.297939e-05 1.1774945470958313 1.0006763392169575
4.363179 4.260685e-05 1.1672881710031253 0.9920026013297542
4.393043 4.310932e-05 1.1810542036313048 1.003701460717157
4.4232070000000006 4.302357e-05 1.178704934425449 1.0017049690012938
4.453201 4.301262e-05 1.1784049402819607 1.0014500234119212
4.483377000000001 4.31561e-05 1.1823358224470473 1.0047906255272803
4.513395999999999 4.288965e-05 1.1750359649554991 0.9985869495192135
4.543423 4.273421e-05 1.170777417954237 0.9949678862852336
4.573453000000001 4.287072e-05 1.1745173449430575 0.9981462079660787
4.603604000000001 4.292129e-05 1.1759027973481904 0.9993236142176379
4.633622999999999 4.294285e-05 1.17649347074852 0.9998255892776265
4.663546999999999 4.315808e-05 1.1823900679634043 1.0048367252776875
4.693528000000001 4.289349e-05 1.1751411683811606 0.9986763550957604
4.723622000000001 4.296929e-05 1.177217840168961 1.000441183924477
4.75359 4.282491e-05 1.1732623009509846 0.9970796273771144
4.783886000000001 4.278516e-05 1.172173281115034 0.9961541399636386
4.81382 4.294088e-05 1.1764394991994171 0.9997797223542415
4.8436319999999995 4.307003e-05 1.1799777862890533 1.002786683346705
4.873819999999999 4.274052e-05 1.1709502912917173 0.9951148001362783
4.9039530000000005 4.317893e-05 1.1829612896886765 1.0053221696190957
4.933773 4.307837e-05 1.1802062749791622 1.0029808610832682
4.963922999999999 4.307953e-05 1.180238055180664 1.00300786901785
4.993469 4.31746e-05 1.182842661867553 1.005221355518458
5.006028000000001 4.307182e-05 1.1800268264275777 1.002828359383689
