Keff(MJ/m3):0.02101907395430864 Ms(MA/m):1.1182233563176673
H(kOe) moment(emu) M(MA/m) M_norm()
4.982502 3.696516e-05 1.117920522591181 0.9997291831504185
4.963743 3.706068e-05 1.120809290509889 1.0023125381683469
4.944447 3.705232e-05 1.1205564628319116 1.0020864405139303
4.925332999999999 3.720525e-05 1.1251814552712753 1.0062224589696651
4.906058 3.712162e-05 1.1226522712151452 1.003960671070279
4.886805000000001 3.711677e-05 1.1225055948708642 1.0038295019765087
4.867104 3.68499e-05 1.1144347668299763 0.9966119563982575
4.847475 3.673511e-05 1.1109632250650214 0.9935074408778638
4.8279369999999995 3.68888e-05 1.1156112018387465 0.9976640136658183
4.808252 3.710385e-05 1.1221148611867173 1.0034800783287738
4.788373 3.689248e-05 1.1157224944051287 0.9977635399060399
4.768390999999999 3.702514e-05 1.119734470453033 1.0013513526853364
4.74853 3.70836e-05 1.1215024496461619 1.0029324135558146
4.728917 3.71084e-05 1.1222524647674346 1.0036031338703522
4.7090950000000005 3.694476e-05 1.117303574668844 0.9991774616013636
4.6891229999999995 3.688571e-05 1.1155177523740394 0.9975804440782408
4.6692290000000005 3.684748e-05 1.1143615798705617 0.996546507077242
4.649391 3.689596e-05 1.1158277384624686 0.997857657111467
4.629252 3.706622e-05 1.120976834210367 1.0024623684321592
4.609326 3.707942e-05 1.1213760358071732 1.0028193647286063
4.589323 3.712336e-05 1.122704893243815 1.0040077296729928
4.569271 3.711506e-05 1.1224538801185504 1.0037832547290142
4.5491909999999995 3.71296e-05 1.1228936067259416 1.004176491558586
4.52903 3.68855e-05 1.1155114014395449 0.9975747645917065
4.50905 3.682972e-05 1.1138244722675859 0.9960661847874765
4.489238 3.701201e-05 1.1193373858343916 1.0009962495510671
4.4691909999999995 3.708014e-05 1.1213978104397262 1.002838837253867
4.449021 3.710165e-05 1.1220483275872495 1.0034205789460326
4.429190999999999 3.71731e-05 1.1242091574426902 1.005352956626424
4.409142 3.712494e-05 1.122752676465251 1.0040504610478704
4.389087000000001 3.708858e-05 1.1216530575213208 1.0030670985222017
4.369238 3.697276e-05 1.1181503659347969 0.9999347264726155
4.349456 3.68903e-05 1.1156565656565656 0.9977045814267784
4.329144 3.699186e-05 1.1187279985483576 1.0004512892955053
4.309197 3.697695e-05 1.1182770821992376 1.0000480457515637
4.289041 3.701186e-05 1.1193328494526098 1.0009921927749712
4.269201 3.712394e-05 1.1227224339200386 1.0040234158738974
4.249252 3.713128e-05 1.122944414201899 1.0042219274508613
4.2290209999999995 3.705729e-05 1.1207067682816185 1.0022208550285776
4.209002000000001 3.708537e-05 1.1215559789511884 1.0029802835137476
4.189229 3.691209e-05 1.1163155507167482 0.9982938957676564
4.168827 3.703792e-05 1.1201209701808503 1.001696990008715
4.1489650000000005 3.705719e-05 1.1207037440270973 1.0022181505111802
4.128873 3.704496e-05 1.120333877699147 1.001887388033487
4.1089459999999995 3.701737e-05 1.119499485876731 1.0011412116835638
4.088716 3.710407e-05 1.122121514546664 1.003486028267048
4.068399 3.720791e-05 1.125261900441541 1.0062943991324342
4.048701 3.713325e-05 1.123003992015968 1.0042752064435887
4.02879 3.687804e-05 1.1152857920522588 0.9973730075938656
4.008614 3.681144e-05 1.1132716385410995 0.9955717990072449
3.988654 3.692709e-05 1.1167691888949371 0.9986995733772555
3.9686779999999997 3.711095e-05 1.122329583257727 1.0036720990639842
3.948623 3.703459e-05 1.1200202625052922 1.001606929579384
3.928541 3.704242e-05 1.1202570616343068 1.0018186932915947
3.9083539999999997 3.702083e-05 1.1196041250831668 1.0012347879855115
3.888465 3.715748e-05 1.1237367688864695 1.0049305110089615
3.868401 3.687526e-05 1.1152017177765678 0.99729782201022
3.848169 3.68469e-05 1.1143440391943384 0.9965308208763376
3.828201 3.677511e-05 1.1121729268735254 0.9945892478367953
3.8083359999999997 3.690381e-05 1.1160651424423877 0.9980699617271573
3.7881970000000003 3.704421e-05 1.1203111957902374 1.001867104153007
3.7681060000000004 3.700825e-05 1.1192236738643921 1.0008945596969274
3.748141 3.69135e-05 1.116358192705498 0.9983320294629585
3.7280949999999997 3.701405e-05 1.1193990806266252 1.0010514217059725
3.7082669999999998 3.710225e-05 1.1220664731143772 1.0034368060504166
3.688317 3.695771e-05 1.1176952156293471 0.9995276966043175
3.6680590000000004 3.687053e-05 1.1150586705377123 0.9971698983373264
3.648076 3.697147e-05 1.1181113530514726 0.9998998381981901
3.6280590000000004 3.705449e-05 1.1206220891550231 1.0021451285414524
3.607984 3.701882e-05 1.1195433375672894 1.0011804271858251
3.5878229999999998 3.705122e-05 1.120523196032178 1.0020566908225599
3.567947 3.699465e-05 1.118812375249501 1.000526745330891
3.5479279999999997 3.696176e-05 1.117817697937458 0.9996372295589094
3.5277339999999997 3.711606e-05 1.1224841226637632 1.0038102999029876
3.5077570000000002 3.703502e-05 1.1200332667997337 1.0016185590041924
3.487918 3.693574e-05 1.1170307869110263 0.9989335141321245
3.467947 3.687242e-05 1.115115828948164 0.9972210137161357
3.447701 3.707362e-05 1.1212006290449401 1.0026625027195613
3.427799 3.714241e-05 1.1232810137301152 1.0045229402371838
3.407947 3.713919e-05 1.1231836327345306 1.0044358547769898
3.38779 3.706919e-05 1.1210666545696484 1.0025426925988596
3.367428 3.694641e-05 1.1173534748684448 0.9992220861384196
3.3477289999999997 3.689568e-05 1.1158192705498093 0.9978500844627546
3.327604 3.701362e-05 1.1193860763321841 1.0010397922811642
3.307419 3.709781e-05 1.1219321962136333 1.0033167254779753
3.2875590000000003 3.698219e-05 1.1184355531361516 1.0001897624631835
3.267789 3.685528e-05 1.11459747172322 0.9967574594342337
3.247567 3.695799e-05 1.1177036835420067 0.9995352692530302
3.2276350000000003 3.692327e-05 1.116653662372225 0.9985962608126775
3.2075859999999996 3.70233e-05 1.119678824169842 1.0013015895652257
3.187373 3.692367e-05 1.11666575939031 0.9986070788822669
3.167484 3.690893e-05 1.1162199842738763 0.9982084330179005
3.147549 3.687468e-05 1.1151841771003446 0.9972821358093156
3.1271970000000002 3.703908e-05 1.120156051533297 1.0017283624105242
3.107417 3.704025e-05 1.1201914353111957 1.0017600052640727
3.087511 3.711254e-05 1.1223776689046148 1.0037151008906016
3.067408 3.71048e-05 1.1221435916046691 1.0035057712440485
3.047215 3.697237e-05 1.118138571342164 0.9999241788547661
3.027333 3.702484e-05 1.1197253976894694 1.0013432391331445
3.0073890000000003 3.699556e-05 1.1188398959656443 1.0005513564392066
2.987123 3.711171e-05 1.1223525675920882 1.0036926533962038
2.96721 3.692977e-05 1.116850238916107 0.9987720544435039
2.9474270000000002 3.690147e-05 1.1159943748865901 0.9980066760200598
2.927123 3.695886e-05 1.1177299945563415 0.9995587985543868
2.907314 3.69598e-05 1.1177584225488415 0.9995842210179218
2.887095 3.70669e-05 1.1209973991411115 1.002480759150461
2.867067 3.701489e-05 1.119424484364604 1.0010741396521103
2.8471439999999997 3.693918e-05 1.1171348212665575 0.9990265495305926
2.8271509999999997 3.673225e-05 1.110876731385713 0.9934300916803
2.806938 3.685497e-05 1.114588096534204 0.9967490754303021
2.786861 3.70567e-05 1.120688925179943 1.0022048983759335
2.766984 3.701e-05 1.1192765983185142 1.0009418887513808
2.746734 3.700708e-05 1.1191882900864933 1.0008629168433787
2.726814 3.686179e-05 1.114794350692554 0.9969335235167998
2.7071140000000002 3.698183e-05 1.118424665819875 1.0001800262005534
2.687154 3.691906e-05 1.11652634125688 0.9984824006302501
2.666984 3.70188e-05 1.1195427327163852 1.0011798862823458
2.6465859999999997 3.700365e-05 1.1190845581564142 1.0007701518966505
2.626757 3.675864e-05 1.1116748321538739 0.9941438138214552
2.606882 3.676461e-05 1.1118553801487931 0.9943052735100757
2.586697 3.690575e-05 1.1161238129801 0.9981224293646656
2.566927 3.718892e-05 1.1246875945079537 1.0057808112786815
2.546706 3.707473e-05 1.1212341982701262 1.0026925228626717
2.52665 3.697444e-05 1.1182011734107542 0.9999801623648907
2.506606 3.691597e-05 1.116432891792173 0.9983988310426726
2.486697 3.673688e-05 1.1110167543700478 0.9935553108357965
2.466641 3.687565e-05 1.1152135123692009 0.9973083696280696
2.446663 3.696846e-05 1.1180203229903827 0.9998184322245305
2.426521 3.702793e-05 1.1198188471541761 1.0014268087207219
2.40653 3.693474e-05 1.1170005443658135 0.998906468958151
2.386688 3.676928e-05 1.1119966128349361 0.994431574472531
2.366641 3.681368e-05 1.1133393818423756 0.9956323801969449
2.346597 3.680805e-05 1.1131691163128288 0.9954801158674753
2.326678 3.71061e-05 1.1221829069134455 1.0035409299702136
2.3065300000000004 3.695824e-05 1.1177112441783097 0.9995420305465234
2.286521 3.68607e-05 1.1147613863182724 0.9969040442771689
2.266345 3.683474e-05 1.113976289844553 0.9962019515608224
2.24641 3.681858e-05 1.1134875703139173 0.995764901549414
2.226371 3.695492e-05 1.117610838928204 0.9994522405689321
2.20641 3.701595e-05 1.1194565414625295 1.001102807536522
2.186382 3.692553e-05 1.1167220105244056 0.9986573829058571
2.1663449999999997 3.688014e-05 1.1153493013972053 0.9974298024592096
2.146188 3.687404e-05 1.1151648218714085 0.9972648268979727
2.126172 3.684574e-05 1.1143089578418917 0.9964994484745285
2.106326 3.682727e-05 1.1137503780318148 0.9959999241112417
2.086304 3.696336e-05 1.1178660860097984 0.9996805018372668
2.066567 3.682758e-05 1.1137597532208308 0.9960083081151736
2.046373 3.681109e-05 1.113261053650275 0.9955623331963541
2.026172 3.669526e-05 1.1097580596382988 0.9924296906950282
2.006197 3.689652e-05 1.1158446742877879 0.9978728024088922
1.9864739999999999 3.691787e-05 1.116490352628077 0.9984502168732217
1.966243 3.668059e-05 1.10931440150003 0.9920329379928401
1.9461410000000001 3.675886e-05 1.1116814855138206 0.9941497637597294
1.926135 3.683187e-05 1.113889493739793 0.9961243319115191
1.906114 3.677625e-05 1.1122074033750677 0.9946200793351248
1.886021 3.683472e-05 1.1139756849936489 0.9962014106573429
1.866039 3.677046e-05 1.112032299038287 0.9944634877778196
1.846132 3.672231e-05 1.1105761204862998 0.9931612626510057
1.826351 3.679626e-05 1.112812556704772 0.9951612532663303
1.806289 3.692772e-05 1.116788241698421 0.9987166118368586
1.786095 3.678478e-05 1.1124653722857314 0.9948507746691169
1.766182 3.680682e-05 1.1131319179822172 0.9954468503034882
1.746104 3.674375e-05 1.1112245206556581 0.993741111180993
1.725724 3.689781e-05 1.1158836871711122 0.9979076906833176
1.7057950000000002 3.684642e-05 1.1143295227726364 0.9965178391928304
1.685724 3.685989e-05 1.11473688985665 0.9968821376862506
1.665946 3.677097e-05 1.1120477227363454 0.9944772808165458
1.6460299999999999 3.670407e-05 1.110024496461622 0.9926679586777328
1.625974 3.686118e-05 1.1147759027399744 0.996917025960676
1.605842 3.690627e-05 1.1161395391036109 0.9981364928551317
1.5859839999999998 3.669485e-05 1.109745660194762 0.9924186021736994
1.565724 3.669241e-05 1.109671868384443 0.9923526119492044
1.5457059999999998 3.674823e-05 1.1113600072582106 0.9938622735603931
1.525767 3.67763e-05 1.1122089155023287 0.9946214315938237
1.505613 3.680765e-05 1.1131570192947435 0.995469297797886
1.4858230000000001 3.675834e-05 1.11166575939031 0.9941357002692632
1.465688 3.654214e-05 1.1051273211153447 0.9882885336562384
1.445632 3.656607e-05 1.1058510252222824 0.9889357246694191
1.4256410000000002 3.654487e-05 1.1052098832637753 0.9883623669811855
1.4054559999999998 3.680295e-05 1.1130148793322443 0.9953421854802116
1.3852010000000001 3.672607e-05 1.1106898324562993 0.9932629525051451
1.365653 3.664122e-05 1.1081237524950098 0.9909681694935117
1.345595 3.661455e-05 1.1073171838141898 0.9902468747036444
1.325456 3.665971e-05 1.108682937155991 0.9914682347602779
1.305502 3.661301e-05 1.1072706102945622 0.9902052251357253
1.285558 3.649532e-05 1.1037113651484907 0.9870222786108089
1.2651320000000001 3.643701e-05 1.1019479223371436 0.9854452745164266
1.2454269999999998 3.658111e-05 1.1063058731022801 0.9893424840859775
1.2255209999999999 3.662169e-05 1.1075331155870076 0.9904399772458135
1.205363 3.66623e-05 1.1087612653480916 0.9915382817608688
1.185427 3.652266e-05 1.1045381963346033 0.9877616936672388
1.165308 3.658814e-05 1.1065184781951245 0.9895326116590095
1.145308 3.66204e-05 1.1074941027036833 0.9904050889713878
1.125373 3.661307e-05 1.107272424847275 0.9902068478461638
1.105058 3.657479e-05 1.1061147402165363 0.9891715585864662
1.0852950000000001 3.629931e-05 1.097783523861368 0.9817211540603049
1.065298 3.630645e-05 1.097999455634186 0.9819142566024742
1.045234 3.655747e-05 1.1055909393334542 0.9887031361732489
1.025097 3.646043e-05 1.102656202746023 0.9860786724908811
1.005002 3.631576e-05 1.0982810137301153 0.9821660471721655
0.9850969 3.62163e-05 1.0952730901832697 0.9794761341687823
0.9650393 3.630623e-05 1.0979928022742391 0.9819083066641999
0.9447800999999999 3.639997e-05 1.100827738462469 0.9844435212724562
0.9248799 3.65056e-05 1.1040222585132762 0.9873003029992544
0.9050308 3.625051e-05 1.0963076876549929 0.9804013495704085
0.8852195 3.61851e-05 1.0943295227726364 0.9786323247408159
0.8648079 3.603609e-05 1.0898230811105059 0.974602323367056
0.8448704 3.609582e-05 1.091629468336055 0.9762177316084806
0.8248171 3.628373e-05 1.0973123450069557 0.9812997902498012
0.8045949 3.617556e-05 1.094041008891308 0.9783743137811104
0.7848893 3.590267e-05 1.0857881207282403 0.9709939562555401
0.7648541 3.585616e-05 1.0843815399504022 0.9697360852140425
0.7446597 3.598626e-05 1.088316095082562 0.9732546623479672
0.7249175 3.578614e-05 1.0822639569346153 0.9678423821324328
0.7046042 3.553784e-05 1.0747547329583256 0.9611270654348655
0.6847949 3.513305e-05 1.0625128530817152 0.9501794494622182
0.6647523 3.475336e-05 1.0510300610899412 0.9399106673563008
0.6446505 3.445176e-05 1.0419089094538194 0.9317538428859571
0.6245208 3.387635e-05 1.0245070465130346 0.9161917793299877
0.6046912 3.316617e-05 1.0030293957539465 0.896984837677638
0.5848633999999999 3.231236e-05 0.9772080082259722 0.8738933976875053
0.5647800999999999 3.148022e-05 0.9520419766527549 0.8513880266173735
0.5443420999999999 3.040481e-05 0.9195188411056673 0.8223033760747601
0.5244930000000001 2.935141e-05 0.8876613439787091 0.7938139898112987
0.5046628 2.785218e-05 0.8423208129196151 0.7532670536353265
0.4846227 2.651053e-05 0.8017459021351235 0.7169818959740649
0.4644081 2.514761e-05 0.7605277324139599 0.6801214874623915
0.4445578 2.376217e-05 0.7186285005746083 0.6426520216328397
0.4245023 2.22235e-05 0.6720952035323291 0.601038423795361
0.4045213 2.079927e-05 0.6290228633641806 0.5625198756673854
0.3844652 1.942299e-05 0.5874006532389765 0.5252981436314289
0.3642666 1.806455e-05 0.5463179701203652 0.48855889749915576
0.3442893 1.694987e-05 0.5126072098227786 0.4584121829746114
0.3241041 1.553589e-05 0.4698448557430593 0.4201708478798619
0.30418740000000005 1.435072e-05 0.4340022984334361 0.3881177190419404
0.28420049999999997 1.327493e-05 0.40146767071916767 0.3590227913332172
0.264456 1.249258e-05 0.37780741547208607 0.3378639994752155
0.244243 1.145609e-05 0.346461319784673 0.3098319471036424
0.2242383 1.038969e-05 0.314210669569951 0.28099097357852837
0.2038634 9.427585e-06 0.28511416560817754 0.2549706764729583
0.1840393 8.63055e-06 0.26100979858464884 0.23341472623515885
0.1639189 7.979371e-06 0.24131648823564983 0.21580347689240728
0.1440685 7.134432e-06 0.21576338232625653 0.1929519546405915
0.12403 6.404357e-06 0.19368405613016387 0.1732069492520434
0.10401189999999999 5.480284e-06 0.16573773664791627 0.1482152342030255
0.08400226000000001 5.007704e-06 0.15144571463134332 0.1354342258867291
0.06372448 4.410023e-06 0.1333703199661283 0.1192698392612005
0.043577910000000004 3.661579e-06 0.11073546845702532 0.0990280410719371
0.02392818 2.809721e-06 0.08497311437730598 0.07598939326140011
0.003691108 2.267973e-06 0.06858927599346759 0.06133772435171941
-0.01608108 1.819661e-06 0.05503118006411418 0.04921304831740682
-0.036110779999999995 1.273144e-06 0.038503114982156895 0.034432400973047506
-0.055942189999999996 6.357914e-07 0.019227950160285483 0.0171950890237202
-0.07606257 -2.828297e-07 -0.008553489989717533 -0.007649178441312792
-0.09611813 -7.544919e-07 -0.022817755398294316 -0.02040536469693645
-0.1160447 -1.29887e-06 -0.03928113470029637 -0.0351281651186843
-0.13612739999999998 -1.775489e-06 -0.053695306356983 -0.04801840889265875
-0.15607179999999998 -2.645864e-06 -0.08001766164640414 -0.0715578521896591
-0.17610130000000002 -3.052392e-06 -0.09231210306659406 -0.08255247267467183
-0.19597 -3.559266e-06 -0.10764126292868804 -0.0962609681872081
-0.2160441 -4.207351e-06 -0.1272410028427992 -0.11378853976168632
-0.23624289999999998 -4.823907e-06 -0.14588722554890216 -0.13046340404596074
-0.2562015 -5.226157e-06 -0.1580522893606726 -0.14134232527671575
-0.2764144 -5.747038e-06 -0.17380505655355952 -0.15542964254109587
-0.29616739999999997 -6.64693e-06 -0.20102008105002114 -0.17976737823826575
-0.31636810000000004 -6.988319e-06 -0.21134455331760715 -0.1890003031358325
-0.3363311 -7.625933e-06 -0.23062762354079716 -0.20624468469363644
-0.3565996 -8.383096e-06 -0.25352615980160886 -0.2267222897547729
-0.37619569999999997 -8.84467e-06 -0.2674853323655718 -0.23920563888631924
-0.3963311 -9.567712e-06 -0.2893519627411842 -0.2587604355663132
-0.41635890000000003 -1.003767e-05 -0.3035646888042097 -0.27147053143645156
-0.4365904 -1.0695e-05 -0.3234440210488114 -0.28924813564431284
-0.456507 -1.134466e-05 -0.34309139297163244 -0.306818303367799
-0.4766089 -1.198943e-05 -0.3625908788483638 -0.3242562201905557
-0.4966737 -1.253319e-05 -0.37903556523316995 -0.3389623039902707
-0.5168183000000001 -1.347677e-05 -0.40757182604487985 -0.36448158924798557
-0.5368218 -1.4133e-05 -0.42741789148974774 -0.38222944376447626
-0.556658 -1.479993e-05 -0.4475875521683904 -0.400266681642481
-0.5768588 -1.545415e-05 -0.46737283009738084 -0.41796017535928537
-0.5968311 -1.654157e-05 -0.5002591786124719 -0.44736963844131794
-0.6169608 -1.73365e-05 -0.5242998850783281 -0.4688686585879036
-0.6369693 -1.816662e-05 -0.5494048267102158 -0.4913193984066093
-0.6567940999999999 -1.917817e-05 -0.5799966733200265 -0.5186769441392886
-0.6765165 -2.005686e-05 -0.6065704953728905 -0.5424412680578768
-0.6965256000000001 -2.107183e-05 -0.6372657714873282 -0.5698913082855447
-0.7167994999999999 -2.228618e-05 -0.6739908062662552 -0.6027336153000067
-0.7367015 -2.32825e-05 -0.7041220589124779 -0.6296792630330728
-0.7568465999999999 -2.428411e-05 -0.7344132946228753 -0.6567679797364576
-0.7768588 -2.546281e-05 -0.7700601826649729 -0.6886461262987719
-0.7970626 -2.654508e-05 -0.802790782072219 -0.717916306734842
-0.8172523 -2.756796e-05 -0.8337252767192885 -0.7455802742886387
-0.837007 -2.856673e-05 -0.8639306236012821 -0.7725921826979393
-0.8570447 -2.973221e-05 -0.8991777051956691 -0.8041127920603267
-0.877007 -3.064059e-05 -0.9266494284158953 -0.8286800871941818
-0.8970353 -3.13202e-05 -0.9472025645678339 -0.847060257878168
-0.9170256000000001 -3.212677e-05 -0.9715952942599646 -0.8688740838498026
-0.9371737 -3.288776e-05 -0.994609568741305 -0.889455190791735
-0.9573588999999999 -3.330072e-05 -1.0070985302123023 -0.9006237658357439
-0.977158 -3.35776e-05 -1.0154720861307687 -0.9081120336054679
-0.9970996 -3.393082e-05 -1.026154357950765 -0.9176649299563125
-1.017111 -3.429915e-05 -1.0372935946289237 -0.9276264788858936
-1.037183 -3.438102e-05 -1.0397695518054797 -0.9298406672790867
-1.057276 -3.459752e-05 -1.0463170628440086 -0.9356959474443034
-1.077146 -3.485845e-05 -1.0542082501663337 -0.9427528446891534
-1.097544 -3.516045e-05 -1.0633414988205405 -0.9509204872290863
-1.117601 -3.523137e-05 -1.0654863001270185 -0.9528385309672719
-1.1373030000000002 -3.527438e-05 -1.0667870319966128 -0.9540017438998631
-1.157378 -3.544346e-05 -1.0719004415411597 -0.9585745419152665
-1.177507 -3.569231e-05 -1.0794262989173167 -0.9653047334585192
-1.197488 -3.572601e-05 -1.0804454726909813 -0.966216155821419
-1.217433 -3.573588e-05 -1.08074396661223 -0.9664830916885355
-1.237674 -3.586e-05 -1.0844976713240184 -0.9698399386821
-1.2575260000000001 -3.608354e-05 -1.0912580898808442 -0.9758856168720886
-1.277441 -3.61507e-05 -1.0932891792173227 -0.9777019707561346
-1.29734 -3.610505e-05 -1.0919086070283672 -0.9764673585642539
-1.3172709999999999 -3.620187e-05 -1.094836690255852 -0.9790858723083479
-1.337461 -3.636075e-05 -1.0996416258392305 -0.9833828095492239
-1.357757 -3.642763e-05 -1.1016642472630493 -0.9851915907845572
-1.377526 -3.643566e-05 -1.1019070949011065 -0.9854087635315626
-1.397563 -3.638471e-05 -1.1003662372225245 -0.9840308119176236
-1.417507 -3.655244e-05 -1.1054388193310347 -0.9885670989481632
-1.437535 -3.667609e-05 -1.109178310046573 -0.9919112347099602
-1.457592 -3.643469e-05 -1.1018777596322504 -0.9853825297128086
-1.477516 -3.657399e-05 -1.1060905461803663 -0.9891499224472876
-1.4977660000000002 -3.662436e-05 -1.1076138631827253 -0.9905121878603221
-1.5176669999999999 -3.654143e-05 -1.105105848908244 -0.9882693315827173
-1.5377480000000001 -3.651787e-05 -1.104393334543035 -0.9876321472839068
-1.557711 -3.652806e-05 -1.1047015060787513 -0.9879077376066944
-1.5779130000000001 -3.654779e-05 -1.1052981914957962 -0.9884413388891875
-1.597748 -3.674015e-05 -1.1111156474928927 -0.9936437485546891
-1.61784 -3.661594e-05 -1.107359220952035 -0.990284467495467
-1.637809 -3.662866e-05 -1.1077439061271395 -0.9906284821084074
-1.657989 -3.665072e-05 -1.1084110566745293 -0.9912250986462579
-1.677856 -3.678998e-05 -1.112622633520837 -0.994991409573778
-1.697711 -3.680629e-05 -1.1131158894332545 -0.9954325163612824
-1.717776 -3.64831e-05 -1.1033418012459926 -0.9866917865848555
-1.7381739999999999 -3.642316e-05 -1.1015290630859491 -0.9850706988568966
-1.757875 -3.674073e-05 -1.111133188169116 -0.9936594347555935
-1.777803 -3.678257e-05 -1.1123985362608113 -0.9947910048346359
-1.797952 -3.663926e-05 -1.108064477106393 -0.9909151609525241
-1.8180809999999998 -3.65797e-05 -1.1062632311135303 -0.9893043503906751
-1.8380640000000001 -3.66312e-05 -1.1078207221919796 -0.9906971768502995
-1.858044 -3.664955e-05 -1.1083756728966307 -0.9911934557927091
-1.8780830000000002 -3.677738e-05 -1.1122415774511583 -0.9946506403817148
-1.897896 -3.662974e-05 -1.1077765680759692 -0.9906576908962985
-1.917998 -3.664809e-05 -1.1083315187806204 -0.9911539698387083
-1.937942 -3.663214e-05 -1.1078491501844794 -0.9907225993138343
-1.9579790000000001 -3.680781e-05 -1.1131618581019775 -0.9954736250257216
-1.978026 -3.678962e-05 -1.1126117462045604 -0.9949816733111477
-1.998266 -3.685821e-05 -1.1146860823806928 -0.9968367017939753
-2.0181389999999997 -3.688975e-05 -1.1156399322566983 -0.9976897065810928
-2.038063 -3.671036e-05 -1.1102147220710092 -0.9928380728220247
-2.058266 -3.665627e-05 -1.1085789028004593 -0.9913751993618097
-2.07835 -3.671089e-05 -1.110230750619972 -0.9928524067642307
-2.0983560000000003 -3.665746e-05 -1.1086148914292626 -0.991407383118838
-2.118396 -3.692492e-05 -1.1167035625718258 -0.9986408853497335
-2.1383870000000003 -3.685701e-05 -1.1146497913264377 -0.9968042475852074
-2.158451 -3.662944e-05 -1.1077674953124053 -0.9906495773441064
-2.178262 -3.664507e-05 -1.1082401862940783 -0.9910722934133089
-2.198229 -3.676755e-05 -1.111944293231718 -0.9943847863215571
-2.2183029999999997 -3.685615e-05 -1.114623782737555 -0.9967809887355904
-2.238319 -3.685616e-05 -1.1146240851630072 -0.9967812591873302
-2.258451 -3.687718e-05 -1.115259783463376 -0.9973497487442486
-2.278433 -3.671393e-05 -1.1103226879574184 -0.9929346240931095
-2.298554 -3.678212e-05 -1.1123849271154658 -0.9947788345063481
-2.3186370000000003 -3.683246e-05 -1.1139073368414683 -0.9961402885641633
-2.338441 -3.6854e-05 -1.114558761265348 -0.996722841611548
-2.358618 -3.677086e-05 -1.112044396056372 -0.9944743058474087
-2.378701 -3.678632e-05 -1.1125119458053587 -0.9948924242370357
-2.398517 -3.681215e-05 -1.1132931107482005 -0.9955910010807659
-2.4184520000000003 -3.67939e-05 -1.1127411842980703 -0.9950974266557533
-2.438564 -3.684855e-05 -1.1143939393939393 -0.9965754454133936
-2.458544 -3.675679e-05 -1.1116188834452305 -0.9940937802496046
-2.478692 -3.678825e-05 -1.1125703139176188 -0.9949446214228042
-2.498762 -3.666737e-05 -1.1089145950523194 -0.9916754007929132
-2.518553 -3.692069e-05 -1.1165756366055763 -0.9985264842638264
-2.538469 -3.690888e-05 -1.1162184721466155 -0.9982070807592018
-2.558674 -3.680784e-05 -1.1131627653783338 -0.9954744363809408
-2.578646 -3.68011e-05 -1.1129589306236012 -0.9952921519083611
-2.59879 -3.67512e-05 -1.111449827617492 -0.9939425977270939
-2.61859 -3.673834e-05 -1.111060908486058 -0.9935947967897975
-2.638831 -3.671075e-05 -1.110226516663642 -0.9928486204398743
-2.658611 -3.676579e-05 -1.111891066352144 -0.9943371868153642
-2.6787289999999997 -3.688903e-05 -1.1156181576241453 -0.9976702340558321
-2.699026 -3.682218e-05 -1.1135964434766827 -0.9958622641757178
-2.718734 -3.676836e-05 -1.1119687896933403 -0.9944066929124755
-2.738655 -3.6834e-05 -1.1139539103610958 -0.9961819381320821
-2.758933 -3.670586e-05 -1.1100786306175525 -0.9927163695391451
-2.77895 -3.689151e-05 -1.1156931591362726 -0.997737306087286
-2.798739 -3.692189e-05 -1.1166119276598316 -0.9985589384725945
-2.8189319999999998 -3.678655e-05 -1.1125189015907577 -0.9948986446270497
-2.83885 -3.684518e-05 -1.1142920220165726 -0.9964843031771035
-2.858904 -3.663924e-05 -1.1080638722554887 -0.9909146200490446
-2.8787849999999997 -3.676579e-05 -1.111891066352144 -0.9943371868153642
-2.89897 -3.679369e-05 -1.1127348333635758 -0.995091747169219
-2.9192199999999997 -3.681171e-05 -1.113279804028307 -0.9955791012042177
-2.939139 -3.682725e-05 -1.1137497731809107 -0.9959993832077625
-2.958866 -3.670807e-05 -1.1101454666424724 -0.9927761393736261
-2.978822 -3.670363e-05 -1.1100111897417284 -0.9926560588011847
-2.999044 -3.67012e-05 -1.1099377003568618 -0.9925903390284295
-3.018989 -3.685498e-05 -1.1145883989596561 -0.9967493458820417
-3.039053 -3.690956e-05 -1.1162390370773603 -0.9982254714775038
-3.059072 -3.690948e-05 -1.1162366176737433 -0.9982233078635859
-3.079192 -3.688552e-05 -1.115512006290449 -0.9975753054951859
-3.099234 -3.680888e-05 -1.113194217625355 -0.9955025633618731
-3.119341 -3.701089e-05 -1.1193035141837535 -1.0009659589562172
-3.1393090000000003 -3.684696e-05 -1.114345853747051 -0.9965324435867758
-3.159118 -3.704087e-05 -1.1202101856892273 -1.001776773271936
-3.1789699999999996 -3.694637e-05 -1.1173522651666363 -0.9992210043314605
-3.199035 -3.683359e-05 -1.1139415109175586 -0.9961708496107531
-3.219239 -3.680201e-05 -1.1129864513397445 -0.9953167630166766
-3.239183 -3.681162e-05 -1.1132770821992377 -0.99557666713856
-3.259304 -3.696877e-05 -1.1180296981793985 -0.9998268162284621
-3.279192 -3.686887e-05 -1.1150084679126595 -0.9971250033485308
-3.299674 -3.68022e-05 -1.1129921974233348 -0.9953219015997314
-3.319196 -3.672557e-05 -1.110674711183693 -0.9932494299181586
-3.339239 -3.685457e-05 -1.114575999516119 -0.9967382573607126
-3.359234 -3.68422e-05 -1.114201899231839 -0.996403708558663
-3.379322 -3.692376e-05 -1.1166684812193792 -0.9986095129479244
-3.3993189999999998 -3.69843e-05 -1.1184993649065502 -1.0002468277802672
-3.419248 -3.680254e-05 -1.1130024798887073 -0.9953310969588826
-3.439415 -3.677452e-05 -1.1121550837718501 -0.994573291184151
-3.459489 -3.672172e-05 -1.1105582773846245 -0.9931453059983614
-3.4793960000000004 -3.681726e-05 -1.1134476501542367 -0.9957292019197693
-3.499359 -3.696521e-05 -1.1179220347184415 -0.9997305354091172
-3.519356 -3.691917e-05 -1.1165296679368535 -0.9984853755993872
-3.5396460000000003 -3.695171e-05 -1.1175137603580716 -0.9993654255604779
-3.559545 -3.692801e-05 -1.1167970120365325 -0.9987244549373108
-3.5794319999999997 -3.68666e-05 -1.1149398173350267 -0.9970636108036113
-3.5993589999999998 -3.690553e-05 -1.1161171596201533 -0.9981164794263915
-3.619665 -3.703096e-05 -1.1199104820661705 -1.001508755597861
-3.639618 -3.695691e-05 -1.117671021593177 -0.999506060465139
-3.659564 -3.687026e-05 -1.1150505050505048 -0.9971625961403536
-3.679674 -3.691919e-05 -1.1165302727877577 -0.9984859165028666
-3.699743 -3.676369e-05 -1.1118275570071976 -0.9942803919500204
-3.719544 -3.699681e-05 -1.11887769914716 -1.000585162906673
-3.7396550000000004 -3.688389e-05 -1.1154627109417528 -0.9975312218616095
-3.759692 -3.688669e-05 -1.1155473900683481 -0.9976069483487348
-3.779859 -3.677361e-05 -1.1121275630557066 -0.9945486800758353
-3.7996019999999997 -3.681229e-05 -1.1132973447045302 -0.9955947874051221
-3.819544 -3.700493e-05 -1.1191232686142862 -1.000804769719336
-3.839803 -3.701398e-05 -1.1193969636484606 -1.0010495285437946
-3.8598470000000002 -3.688793e-05 -1.1155848908244115 -0.9976404843644615
-3.8797669999999997 -3.688716e-05 -1.1155616040645977 -0.997619659580502
-3.8999789999999996 -3.692283e-05 -1.1166403556523314 -0.9985843609361292
-3.919658 -3.694546e-05 -1.1173247444504928 -0.9991963932231448
-3.939757 -3.685893e-05 -1.114707857013246 -0.9968561743192362
-3.9599520000000004 -3.688452e-05 -1.1154817637452366 -0.9975482603212126
-3.979894 -3.681373e-05 -1.1133408939696363 -0.9956337324556436
-3.999915 -3.668357e-05 -1.1094045242847634 -0.9921135326112804
-4.020109 -3.680223e-05 -1.1129931046996913 -0.9953227129549508
-4.040156 -3.675844e-05 -1.1116687836448313 -0.9941384047866606
-4.0598279999999995 -3.704535e-05 -1.12034567229178 -1.0018979356513367
-4.079813 -3.710566e-05 -1.122169600193552 -1.0035290300936655
-4.10022 -3.692716e-05 -1.116771305873102 -0.9987014665394335
-4.120368999999999 -3.692809e-05 -1.11679943144015 -0.9987266185512289
-4.140109000000001 -3.656545e-05 -1.1058322748442506 -0.9889189566615556
-4.160498 -3.687805e-05 -1.115286094477711 -0.9973732780456055
-4.180415 -3.692437e-05 -1.1166869291719588 -0.9986260105040481
-4.200347 -3.705899e-05 -1.1207581806084796 -1.0022668318243322
-4.220331 -3.696721e-05 -1.117982519808867 -0.999784625757064
-4.240271 -3.688215e-05 -1.1154100889130827 -0.997484163258896
-4.260211 -3.678998e-05 -1.112622633520837 -0.994991409573778
-4.280406 -3.67756e-05 -1.1121877457206797 -0.9946024999720422
-4.300350000000001 -3.696409e-05 -1.1178881630678037 -0.9997002448142672
-4.320488999999999 -3.680186e-05 -1.1129819149579627 -0.9953127062405808
-4.340396 -3.683661e-05 -1.1140328434041007 -0.9962525260361524
-4.3605540000000005 -3.714557e-05 -1.1233765801729871 -1.0046084029869393
-4.380405 -3.685469e-05 -1.1145796286215446 -0.9967415027815895
-4.400526 -3.697237e-05 -1.118138571342164 -0.9999241788547661
-4.420442 -3.685454e-05 -1.1145750922397626 -0.9967374460054934
-4.440285 -3.683486e-05 -1.1139799189499786 -0.9962051969816992
-4.46059 -3.691628e-05 -1.116442266981189 -0.9984072150466043
-4.480441 -3.671206e-05 -1.1102661343978708 -0.9928840496177794
-4.500368000000001 -3.677736e-05 -1.1122409726002538 -0.9946500994782351
-4.520415 -3.677961e-05 -1.1123090183269821 -0.994710951119675
-4.540451 -3.669277e-05 -1.1096827557007196 -0.9923623482118347
-4.560544 -3.695724e-05 -1.1176810016330974 -0.9995149853725502
-4.580526 -3.695998e-05 -1.1177638662069795 -0.9995890891492368
-4.600683 -3.688925e-05 -1.1156248109840925 -0.9976761839941065
-4.620687 -3.677228e-05 -1.1120873404705738 -0.9945127099944507
-4.640627 -3.675397e-05 -1.111533599467731 -0.9940175128589999
-4.660952 -3.670737e-05 -1.1101242968608236 -0.9927572077518446
-4.680771 -3.684935e-05 -1.1144181334301093 -0.9965970815525721
-4.700591 -3.683962e-05 -1.1141238734651906 -0.996333932009812
-4.720702 -3.680031e-05 -1.1129350390128832 -0.9952707862209221
-4.740687 -3.689504e-05 -1.1157999153208733 -0.9978327755514117
-4.760693 -3.687046e-05 -1.1150565535595474 -0.9971680051751483
-4.780692 -3.667724e-05 -1.1092130889735676 -0.9919423366600294
-4.800702 -3.680558e-05 -1.1130944172261534 -0.9954133142877611
-4.820934 -3.690357e-05 -1.1160578842315367 -0.9980634708854038
-4.840781 -3.686415e-05 -1.1148657230992558 -0.9969973501273768
-4.8609979999999995 -3.690606e-05 -1.116133188169116 -0.9981308133685972
-4.880903 -3.688161e-05 -1.1153937579386677 -0.9974695588649503
-4.900729 -3.688961e-05 -1.1156356983003688 -0.9976859202567367
-4.920942 -3.683739e-05 -1.1140564325893665 -0.9962736212718516
-4.94122 -3.689581e-05 -1.115823202080687 -0.9978536003353712
-4.9610069999999995 -3.667182e-05 -1.1090491743785154 -0.9917957518170942
-4.981072 -3.657607e-05 -1.1061534506744086 -0.989206176409152
-5.0022709999999995 -3.695497e-05 -1.1176123510554645 -0.9994535928276308
-5.0033710000000005 -3.659263e-05 -1.1066542672231294 -0.9896540444901498
-4.984355 -3.681465e-05 -1.1133687171112319 -0.9956586140156991
-4.96468 -3.705217e-05 -1.12055192645013 -1.0020823837378345
-4.945004 -3.689169e-05 -1.115698602794411 -0.997742174218601
-4.9251890000000005 -3.663154e-05 -1.1078310046573518 -0.9907063722094503
-4.905443 -3.671135e-05 -1.1102446621907698 -0.9928648475442584
-4.885531 -3.672808e-05 -1.1107506199721766 -0.9933173133048314
-4.865633 -3.692808e-05 -1.1167991290146977 -0.998726348099489
-4.845604000000001 -3.697917e-05 -1.1183442206496095 -1.0001080860377842
-4.8256239999999995 -3.681313e-05 -1.1133227484425086 -0.9956175053512595
-4.805651 -3.691295e-05 -1.116341559305631 -0.9983171546172732
-4.7859110000000005 -3.674921e-05 -1.111389644952519 -0.993888777830887
-4.765837 -3.681765e-05 -1.1134594447468695 -0.9957397495376189
-4.7458100000000005 -3.681289e-05 -1.1133154902316578 -0.9956110145095062
-4.72582 -3.681005e-05 -1.1132296014032539 -0.9955342062154219
-4.7058 -3.68713e-05 -1.1150819572975261 -0.9971907231212859
-4.685915 -3.672179e-05 -1.1105603943627893 -0.9931471991605395
-4.665911 -3.676924e-05 -1.1119954031331276 -0.9944304926655722
-4.645763 -3.675604e-05 -1.1115962015363212 -0.9940734963691247
-4.625755 -3.701333e-05 -1.1193773059940721 -1.0010319491807118
-4.605716999999999 -3.679558e-05 -1.1127919917740277 -0.9951428625480285
-4.586009 -3.677908e-05 -1.1122929897780196 -0.9946966171774693
-4.566031 -3.671604e-05 -1.110386499727817 -0.9929916894101932
-4.545995 -3.68099e-05 -1.1132250650214721 -0.995530149439326
-4.525632 -3.692937e-05 -1.1168381418980218 -0.9987612363739146
-4.505661 -3.683964e-05 -1.1141244783160948 -0.9963344729132915
-4.485727 -3.68479e-05 -1.114374281739551 -0.9965578660503108
-4.465604999999999 -3.680956e-05 -1.1132147825560996 -0.9955209540801749
-4.445773 -3.679411e-05 -1.112747535232565 -0.9951031061422878
-4.425865 -3.68242e-05 -1.1136575334180123 -0.9959168954271439
-4.405606 -3.692415e-05 -1.116680275812012 -0.998620060565774
-4.385522 -3.686461e-05 -1.1148796346700536 -0.9970097909074044
-4.365613000000001 -3.667904e-05 -1.1092675255549505 -0.9919910179731815
-4.345781 -3.673596e-05 -1.110988931228452 -0.993530429275741
-4.32567 -3.686465e-05 -1.114880844371862 -0.9970108727143635
-4.305745 -3.699864e-05 -1.118933043004899 -1.0006346555750443
-4.285566 -3.683168e-05 -1.1138837476562025 -0.9961191933284641
-4.265661 -3.682208e-05 -1.1135934192221615 -0.9958595596583205
-4.245623999999999 -3.672634e-05 -1.1106979979435065 -0.9932702547021179
-4.225522 -3.68381e-05 -1.1140779047964675 -0.9962928233453726
-4.205559 -3.690353e-05 -1.116056674529728 -0.9980623890784447
-4.185443 -3.690828e-05 -1.1162003266194882 -0.998190853654818
-4.165430000000001 -3.692567e-05 -1.1167262444807355 -0.9986611692302135
-4.145283 -3.691683e-05 -1.1164589003810559 -0.9984220898922895
-4.1254480000000004 -3.677759e-05 -1.1122479283856526 -0.9946563198682489
-4.1054949999999995 -3.683411e-05 -1.1139572370410693 -0.9961849131012193
-4.085047 -3.692475e-05 -1.1166984213391398 -0.998636287670158
-4.065105 -3.684399e-05 -1.1142560333877698 -0.9964521194200754
-4.04505 -3.69327e-05 -1.1169388495735797 -0.9988512968032456
-4.024868 -3.679667e-05 -1.1128249561483092 -0.9951723417876592
-4.005041 -3.682618e-05 -1.1137174136575334 -0.9959704448716112
-3.9848649999999997 -3.683264e-05 -1.1139127804996067 -0.9961451566954785
-3.9648649999999996 -3.699674e-05 -1.118875582168995 -1.000583269744495
-3.9451129999999996 -3.694547e-05 -1.1173250468759448 -0.9991966636748845
-3.925143 -3.687783e-05 -1.1152794411177644 -0.9973673281073315
-3.9048000000000003 -3.691631e-05 -1.1164431742575454 -0.9984080264018235
-3.884802 -3.672057e-05 -1.11052349845763 -0.9931142040482922
-3.864763 -3.68924e-05 -1.115720075001512 -0.9977613762921222
-3.8444949999999998 -3.68432e-05 -1.1142321417770518 -0.9964307537326365
-3.824651 -3.69915e-05 -1.118717111232081 -1.000441553032875
-3.804976 -3.683498e-05 -1.1139835480554041 -0.9962084424025759
-3.78468 -3.69614e-05 -1.1178068106211818 -0.9996274932962791
-3.764726 -3.680575e-05 -1.1130995584588397 -0.9954179119673369
-3.744688 -3.697802e-05 -1.118309441722615 -1.0000769840877148
-3.7248829999999997 -3.686551e-05 -1.114906852960745 -0.9970341315639805
-3.7047730000000003 -3.678786e-05 -1.112558519324986 -0.9949340738049546
-3.684726 -3.685763e-05 -1.1146685417044695 -0.9968210155930709
-3.664661 -3.692599e-05 -1.1167359220952033 -0.9986698236858849
-3.644688 -3.697881e-05 -1.118333333333333 -1.0000983497751539
-3.624652 -3.687104e-05 -1.1150740942357706 -0.9971836913760527
-3.604559 -3.681886e-05 -1.113496038226577 -0.9957724741981266
-3.584585 -3.673875e-05 -1.1110733079295951 -0.9936058853111265
-3.564467 -3.681715e-05 -1.1134443234742635 -0.9957262269506323
-3.544651 -3.694238e-05 -1.117231597411238 -0.9991130940873072
-3.524615 -3.694985e-05 -1.117457509223976 -0.9993151215368876
-3.504531 -3.704358e-05 -1.1202921429867536 -1.0018500656934037
-3.484393 -3.674257e-05 -1.1111888344523073 -0.9937091978757044
-3.464443 -3.67697e-05 -1.1120093147039254 -0.9944429334455999
-3.444319 -3.692881e-05 -1.1168212060727027 -0.9987460910764895
-3.424402 -3.707101e-05 -1.1211216960019352 -1.0025919148154911
-3.404365 -3.683481e-05 -1.113978406822718 -0.9962038447230007
-3.384443 -3.670671e-05 -1.1101043367809833 -0.9927393579370223
-3.364495 -3.69635e-05 -1.1178703199661282 -0.9996842881616229
-3.3443739999999997 -3.685725e-05 -1.114657049537289 -0.9968107384269611
-3.324393 -3.691334e-05 -1.1163533538982637 -0.9983277022351227
-3.3043090000000004 -3.679355e-05 -1.112730599407246 -0.9950879608448627
-3.284244 -3.677726e-05 -1.1122379483457325 -0.9946473949608378
-3.264198 -3.682868e-05 -1.1137930200205646 -0.9960380578065442
-3.244217 -3.692662e-05 -1.1167549748986874 -0.9986868621454882
-3.224235 -3.688667e-05 -1.1155467852174437 -0.9976064074452551
-3.204198 -3.690516e-05 -1.1161059698784248 -0.9981064727120212
-3.1841060000000003 -3.692984e-05 -1.116852355894272 -0.9987739476056822
-3.16405 -3.685314e-05 -1.114532752676465 -0.9966995827619308
-3.144292 -3.698795e-05 -1.1186097501965764 -1.0003455426652699
-3.124272 -3.690956e-05 -1.1162390370773603 -0.9982254714775038
-3.104152 -3.679771e-05 -1.1128564083953303 -0.9952004687685916
-3.08433 -3.678749e-05 -1.1125473295832575 -0.9949240670905846
-3.0641979999999998 -3.68687e-05 -1.1150033266799733 -0.9971204056689553
-3.043911 -3.692738e-05 -1.116777959233049 -0.9987074164777079
-3.024141 -3.686722e-05 -1.1149585677130585 -0.9970803788114748
-3.0041889999999998 -3.685309e-05 -1.1145312405492043 -0.9966982305032321
-2.984133 -3.693114e-05 -1.116891671203048 -0.9988091063318473
-2.9638829999999996 -3.693866e-05 -1.1171190951430472 -0.9990124860401266
-2.944085 -3.692642e-05 -1.1167489263896448 -0.9986814531106935
-2.9241610000000002 -3.697107e-05 -1.1180992560333876 -0.9998890201286007
-2.903953 -3.692661e-05 -1.1167546724732351 -0.9986865916937483
-2.883967 -3.680736e-05 -1.113148248956632 -0.9954614546974337
-2.863763 -3.683321e-05 -1.1139300187503778 -0.9961605724446432
-2.843811 -3.689104e-05 -1.1156789451400226 -0.9977245948555185
-2.82417 -3.696992e-05 -1.118064477106393 -0.9998579181785314
-2.803846 -3.682547e-05 -1.1136959414504322 -0.99595124279809
-2.783726 -3.695073e-05 -1.117484122663763 -0.999338921289984
-2.763837 -3.689608e-05 -1.1158313675678941 -0.9978609025323437
-2.743623 -3.694962e-05 -1.117450553438577 -0.9993089011468737
-2.7238189999999998 -3.68877e-05 -1.1155779350390127 -0.9976342639744479
-2.7037809999999998 -3.691875e-05 -1.1165169660678642 -0.9984740166263184
-2.683772 -3.683604e-05 -1.1140156051533294 -0.9962371102869877
-2.663708 -3.672469e-05 -1.1106480977439057 -0.9932256301650619
-2.643605 -3.681383e-05 -1.1133439182241576 -0.9956364369730409
-2.623624 -3.688589e-05 -1.1155231960321779 -0.997585312209556
-2.603485 -3.695478e-05 -1.1176066049718743 -0.999448454244576
-2.5836129999999997 -3.697973e-05 -1.1183611564749287 -1.0001232313352093
-2.563615 -3.672597e-05 -1.110686808201778 -0.9932602479877478
-2.543624 -3.674906e-05 -1.1113851085707371 -0.9938847210547912
-2.523858 -3.675888e-05 -1.1116820903647249 -0.9941503046632088
-2.503893 -3.685043e-05 -1.1144507953789389 -0.9966262903404632
-2.483679 -3.698346e-05 -1.118473961168572 -1.0002241098341298
-2.463652 -3.68404e-05 -1.1141474626504564 -0.9963550272455112
-2.4435659999999997 -3.686762e-05 -1.1149706647311437 -0.9970911968810642
-2.42367 -3.672163e-05 -1.1105555555555555 -0.9931428719327039
-2.403689 -3.693827e-05 -1.1171073005504142 -0.999001938422277
-2.383578 -3.683578e-05 -1.1140077420915744 -0.9962300785417547
-2.363613 -3.687123e-05 -1.1150798403193611 -0.9971888299591078
-2.3435129999999997 -3.672241e-05 -1.1105791447408213 -0.993163967168403
-2.3235 -3.689632e-05 -1.1158386257787454 -0.9978673933740975
-2.303531 -3.695629e-05 -1.1176522712151455 -0.9994892924572757
-2.2833829999999997 -3.681874e-05 -1.1134924091211515 -0.9957692287772498
-2.263198 -3.691127e-05 -1.1162907518296739 -0.9982717187249981
-2.243462 -3.675057e-05 -1.1114307748140082 -0.9939255592674908
-2.223439 -3.685074e-05 -1.1144601705679547 -0.9966346743443949
-2.203411 -3.685427e-05 -1.1145669267525555 -0.9967301438085209
-2.1832260000000003 -3.697802e-05 -1.118309441722615 -1.0000769840877148
-2.163198 -3.686953e-05 -1.1150284279924998 -0.9971428531633532
-2.1432539999999998 -3.678631e-05 -1.1125116433799067 -0.994892153785296
-2.123272 -3.687955e-05 -1.11533145829553 -0.9974138458065654
-2.102953 -3.6808e-05 -1.113167604185568 -0.9954787636087766
-2.0830659999999996 -3.689083e-05 -1.115672594205528 -0.9977189153689839
-2.0634479999999997 -3.665261e-05 -1.1084682150849814 -0.9912762140250676
-2.0431790000000003 -3.67217e-05 -1.11055767253372 -0.9931447650948818
-2.023022 -3.670178e-05 -1.109955241033085 -0.9926060252293339
-2.0029529999999998 -3.682452e-05 -1.1136672110324803 -0.9959255498828153
-1.98305 -3.686709e-05 -1.1149546361821807 -0.9970768629388582
-1.962883 -3.678767e-05 -1.1125527732413958 -0.9949289352218996
-1.94268 -3.684938e-05 -1.1144190407064658 -0.9965978929077913
-1.922877 -3.67705e-05 -1.1120335087400954 -0.9944645695847785
-1.903068 -3.685222e-05 -1.1145049295348695 -0.9966747012018755
-1.88317 -3.683263e-05 -1.1139124780741545 -0.9961448862437388
-1.862883 -3.684992e-05 -1.1144353716808806 -0.996612497301737
-1.842818 -3.671257e-05 -1.1102815580959293 -0.9928978426565059
-1.82299 -3.685729e-05 -1.1146582592390972 -0.99681182023392
-1.80305 -3.68752e-05 -1.1151999032238553 -0.9972961992997817
-1.782943 -3.678154e-05 -1.1123673864392427 -0.9947631483054435
-1.762828 -3.670466e-05 -1.1100423395632975 -0.9926839153303771
-1.742877 -3.678074e-05 -1.1123431924030724 -0.9947415121662648
-1.722717 -3.677894e-05 -1.1122887558216896 -0.9946928308531128
-1.70268 -3.66007e-05 -1.1068983245629949 -0.9898722990441141
-1.682652 -3.660018e-05 -1.1068825984394846 -0.9898582355536482
-1.662622 -3.679026e-05 -1.1126311014334964 -0.9949989822224906
-1.642689 -3.677492e-05 -1.1121671807899352 -0.9945841092537404
-1.62267 -3.668256e-05 -1.1093739793140986 -0.9920862169855673
-1.602596 -3.661846e-05 -1.107435432165971 -0.9903526213338798
-1.582559 -3.671731e-05 -1.1104249077602368 -0.9930260367811392
-1.5624529999999999 -3.683726e-05 -1.1140525010584887 -0.996270105399235
-1.542604 -3.677597e-05 -1.1121989354624084 -0.9946125066864123
-1.522522 -3.663757e-05 -1.1080133672049837 -0.9908694546085093
-1.502462 -3.661075e-05 -1.1072022621423816 -0.9901441030425456
-1.482374 -3.669445e-05 -1.109733563176677 -0.9924077841041099
-1.4623 -3.659817e-05 -1.1068218109236072 -0.9898038747539618
-1.442443 -3.667346e-05 -1.1090987721526642 -0.9918401059024106
-1.4224670000000001 -3.658458e-05 -1.1064108147341678 -0.9894363308396648
-1.402386 -3.662382e-05 -1.1075975322083105 -0.9904975834663765
-1.382337 -3.666253e-05 -1.1087682211334904 -0.9915445021508825
-1.3622809999999999 -3.655463e-05 -1.1055050505050503 -0.9886263278791648
-1.3423209999999999 -3.651239e-05 -1.1042276053952698 -0.9874839397305331
-1.3224200000000002 -3.656225e-05 -1.1057354986995702 -0.9888324121048411
-1.3022829999999999 -3.660651e-05 -1.1070740337506804 -0.9900294315048991
-1.282254 -3.646137e-05 -1.102684630738523 -0.9861040949544161
-1.262405 -3.646704e-05 -1.1028561059698783 -0.9862574410908445
-1.2425039999999998 -3.634413e-05 -1.0991389947377967 -0.9829333187577876
-1.2225409999999999 -3.658703e-05 -1.1064849089699387 -0.9895025915158993
-1.20218 -3.661043e-05 -1.1071925845279136 -0.9901354485868742
-1.182078 -3.653873e-05 -1.1050241940361698 -0.9881963096129894
-1.1621700000000001 -3.655254e-05 -1.105441843585556 -0.9885698034655606
-1.14205 -3.661166e-05 -1.1072297828585251 -0.9901687141508614
-1.122104 -3.638294e-05 -1.1003127079174984 -0.9839829419596912
-1.102179 -3.632678e-05 -1.0986142865783581 -0.982464084989351
-1.0820560000000001 -3.624216e-05 -1.0960551624024677 -0.9801755223677315
-1.062152 -3.642141e-05 -1.1014761386318268 -0.9850233698024432
-1.041837 -3.647542e-05 -1.1031095384987597 -0.9864840796487405
-1.0218390000000002 -3.649349e-05 -1.1036560212907516 -0.9869727859424379
-1.0020499999999999 -3.631516e-05 -1.0982628682029876 -0.9821498200677814
-0.9817813999999999 -3.641883e-05 -1.1013981128651784 -0.9849535932535922
-0.9618582999999999 -3.628921e-05 -1.0974780741547205 -0.9814479978031747
-0.9419018 -3.625198e-05 -1.0963521441964554 -0.9804411059761492
-0.9216981 -3.63147e-05 -1.0982489566321898 -0.9821373792877538
-0.9019243 -3.642904e-05 -1.1017068892517994 -0.9852297244798597
-0.881874 -3.605395e-05 -1.0903632129680032 -0.975085350174219
-0.8614574 -3.636881e-05 -1.099885380753644 -0.9836007936514483
-0.8416508 -3.614763e-05 -1.09319633460352 -0.9776189420720366
-0.8216796000000001 -3.623092e-05 -1.095715236194278 -0.9798715346122717
-0.8017827999999999 -3.604289e-05 -1.0900287304179517 -0.9747862305500744
-0.7816888 -3.602698e-05 -1.0895475715236191 -0.9743559418321593
-0.7614203 -3.593829e-05 -1.0868653601887133 -0.9719573053524686
-0.7416885 -3.596919e-05 -1.0877998548357828 -0.9727930012282431
-0.7216981 -3.56035e-05 -1.076740458476985 -0.9629028515579515
-0.7016055 -3.563517e-05 -1.0776982398838684 -0.9637593722176855
-0.6815091999999999 -3.540677e-05 -1.0707908425573094 -0.9575822544821866
-0.6616602 -3.503556e-05 -1.0595645073489381 -0.9475428154515624
-0.6416980999999999 -3.475465e-05 -1.0510690739732653 -0.9399455556307262
-0.6217261999999999 -3.436651e-05 -1.039330732474445 -0.9294482418047343
-0.6017536 -3.375579e-05 -1.0208610052622027 -0.912931213155768
-0.5815592 -3.306827e-05 -1.0000686505776324 -0.8943371151456532
-0.5615469000000001 -3.221194e-05 -0.9741710518357222 -0.8711775213171076
-0.541587 -3.133507e-05 -0.9476522712151453 -0.8474624196151508
-0.5214525999999999 -3.030411e-05 -0.916473416802758 -0.81957992705565
-0.5015591 -2.908945e-05 -0.8797390068348151 -0.7867292360372563
-0.4815591 -2.76495e-05 -0.8361912538559244 -0.7477855377744206
-0.4614148 -2.62044e-05 -0.7924877517691887 -0.7087025568656223
-0.4414388 -2.482884e-05 -0.7508873162765377 -0.6715002973549267
-0.421374 -2.348092e-05 -0.7101227847335629 -0.6350455664528525
-0.4012906 -2.19115e-05 -0.6626595294259963 -0.5926003295156952
-0.3814054 -2.045384e-05 -0.6185761809713903 -0.5531776612217926
-0.36119799999999996 -1.920436e-05 -0.5807887255791446 -0.519385257245649
-0.3410684 -1.792921e-05 -0.5422249440512912 -0.48489860365361104
-0.3214243 -1.653327e-05 -0.5000081654872074 -0.44714516349733974
-0.30129989999999995 -1.5195e-05 -0.4595354745055343 -0.4109514185241078
-0.2812073 -1.401785e-05 -0.4239354624085162 -0.37911519198145216
-0.261198 -1.308039e-05 -0.3955842859735075 -0.35376142318845377
-0.2410564 -1.214855e-05 -0.36740307264259353 -0.3285596482731853
-0.2212258 -1.126024e-05 -0.3405383173047843 -0.304535149780974
-0.2010591 -1.024106e-05 -0.3097157200750015 -0.2769712493708786
-0.18128280000000002 -9.46071e-06 -0.28611594991834505 -0.2558665478608234
-0.16134620000000002 -8.59709e-06 -0.2599978830218351 -0.23250979471401267
-0.1410591 -7.80794e-06 -0.23613197846730777 -0.2111670956729926
-0.1211507 -6.938257e-06 -0.20983055101917372 -0.18764636763638176
-0.1010962 -6.223137e-06 -0.18820350208673559 -0.1683058228246042
-0.08093877000000001 -5.61239e-06 -0.16973295832577268 -0.15178806395594063
-0.06083691 -4.977695e-06 -0.15053816609205828 -0.13462262726096472
-0.04080162 -4.160344e-06 -0.1258193915199903 -0.11251722726872398
-0.02081839 -3.420143e-06 -0.10343382931107478 -0.09249836244852239
-0.001188413 -2.80407e-06 -0.08480221375430955 -0.07583656098327707
0.019033460000000002 -2.280541e-06 -0.06896936430169963 -0.0616776280982157
0.039079749999999996 -1.584962e-06 -0.04793328494526099 -0.04286557303105015
0.05931124 -8.586077e-07 -0.025966482187140864 -0.023221194621304484
0.07921725 -1.986126e-07 -0.00600655053529305 -0.0053715123202870176
0.09925569000000001 3.901019e-07 0.011797674348273147 0.010550373752810113
0.1192833 8.527912e-07 0.025790576422911743 0.02306388636688885
0.1391538 1.493774e-06 0.04517552773241395 0.04039937770677398
0.1589437 2.118412e-06 0.06406617068892517 0.057292821087100515
0.17932050000000002 2.758034e-06 0.08340996794290208 0.0745915093542428
0.199255 3.319333e-06 0.10038507832819207 0.08977193846027526
0.21910749999999998 3.782622e-06 0.11439611685719468 0.10230167006518578
0.2392001 4.406414e-06 0.13326117462045603 0.1191722332283309
0.2592833 5.062669e-06 0.15310799612895418 0.13692076387417088
0.2792835 5.713269e-06 0.17278379604427505 0.1545163540611919
0.2992928 6.130816e-06 0.18541148007016267 0.1658089853182163
0.3194316 6.700883e-06 0.20265175709187683 0.18122654650964656
0.3396076 7.169455e-06 0.2168225669872376 0.19389915776865793
0.3596512 7.904559e-06 0.23905398294320446 0.2137801733371177
0.3794594 8.599551e-06 0.2600723099256033 0.23257635288716091
0.3995192 9.106808e-06 0.2754130526825137 0.24629520670132896
0.4194687 9.724006e-06 0.2940786911026431 0.2629874339872942
0.4395428 1.014886e-05 0.30692735740639926 0.2744776843305414
0.45980200000000004 1.103943e-05 0.333860460896389 0.29856330491593236
0.47967950000000004 1.153123e-05 0.3487337446319481 0.31186412147599524
0.49964460000000005 1.213732e-05 0.367063448859856 0.32825593096946526
0.5196075 1.268543e-05 0.38363969031633693 0.343079661275964
0.5397371000000001 1.358253e-05 0.410770277626565 0.3673418868474005
0.5596984 1.431976e-05 0.43306598923365386 0.3872804004557275
0.5799109 1.512977e-05 0.45756275328131607 0.4091872618258303
0.6001631 1.568061e-05 0.47422155688622747 0.4240848254572761
0.6198021 1.672861e-05 0.5059157442690375 0.4524281677812817
0.6397094 1.772729e-05 0.5361183693219621 0.4794376421249248
0.6598111999999999 1.859924e-05 0.562488356620093 0.503019681570933
0.6795758 1.948004e-05 0.5891259904433556 0.5268410708066049
0.6995427 2.039827e-05 0.6168956027339259 0.551674760904097
0.7200242 2.146061e-05 0.6490234682150849 0.5804059310228795
0.7400891 2.259514e-05 0.6833345430351416 0.6110894922507937
0.7600757 2.362949e-05 0.7146159196757997 0.6390636679500639
0.7798853 2.458252e-05 0.7434379725397688 0.6648385301018264
0.7999779 2.58433e-05 0.7815671686929171 0.6989365445438682
0.8201446 2.700759e-05 0.8167782616585011 0.7304249701492274
0.8401796 2.817849e-05 0.8521892578479403 0.7620921643545501
0.8599316 2.907957e-05 0.8794402104881145 0.7864620297184002
0.8802093999999999 3.008771e-05 0.9099289300187502 0.8137273514078305
0.9001168 3.096556e-05 0.9364773483336355 0.8374689573802812
0.9201135 3.193316e-05 0.9657400350813522 0.8636378677168344
0.9400798 3.258016e-05 0.9853069618339078 0.8811360952775517
0.9602463999999999 3.316656e-05 1.0030411903465795 0.8969953852954876
0.9803116 3.362403e-05 1.0168762475049897 0.9093677410330474
1.000154 3.393645e-05 1.0263246234803118 0.9178171942857821
1.020506 3.439564e-05 1.0402116978164881 0.9302360677225763
1.0405 3.45261e-05 1.0441571402649246 0.9337643811191313
1.060145 3.460891e-05 1.0466615254339804 0.9360039919758593
1.080441 3.50452e-05 1.0598560454847876 0.9478035309286649
1.100589 3.520863e-05 1.0647985846488839 0.9522235237111194
1.1206420000000001 3.539184e-05 1.0703393213572852 0.9571784700347654
1.140302 3.538734e-05 1.0702032299038284 0.9570567667518857
1.160487 3.55133e-05 1.0740125808988081 0.9604633768655609
1.180614 3.563356e-05 1.0776495493860763 0.9637158294875886
1.200719 3.598551e-05 1.0882934131736524 0.9732343784674872
1.2206890000000001 3.6198e-05 1.0947196516058788 0.9789812074850711
1.2407000000000001 3.608958e-05 1.0914407548539282 0.9760489697228871
1.260589 3.626818e-05 1.0968420734288995 0.9808792377945165
1.2806140000000001 3.61342e-05 1.0927901772213147 0.9772557253855754
1.30045 3.630295e-05 1.0978936067259417 0.9818195984935676
1.3205609999999999 3.646301e-05 1.1027342285126716 0.9861484490397322
1.3406420000000001 3.657546e-05 1.1061350027218289 0.9891896788530283
1.3605239999999998 3.657108e-05 1.1060025403737974 0.9890712209910252
1.380784 3.648987e-05 1.1035465432770821 0.9868748824126546
1.400717 3.651946e-05 1.1044414201899229 0.9876751491105241
1.420682 3.668035e-05 1.109307143289179 0.9920264471510866
1.440969 3.688892e-05 1.115614830944172 0.9976672590866952
1.460783 3.670348e-05 1.1100066533599466 0.9926520020250886
1.480904 3.667048e-05 1.1090086493679305 0.9917595112839701
1.5007739999999998 3.685188e-05 1.114494647069497 0.9966655058427244
1.520849 3.672859e-05 1.110766043670235 0.9933311063435578
1.540848 3.697669e-05 1.1182692191374823 1.0000410140063307
1.5612000000000001 3.70757e-05 1.1212635335389824 1.002718756681426
1.581161 3.685708e-05 1.1146519083046027 0.9968061407473857
1.6008019999999998 3.663363e-05 1.1078942115768462 0.9907628966230545
1.621154 3.690275e-05 1.1160330853444622 0.9980412938427456
1.641191 3.691538e-05 1.1164150486904976 0.9983828743900283
1.661114 3.688183e-05 1.1154004112986147 0.9974755088032246
1.680959 3.681018e-05 1.1132335329341314 0.9955377220880385
1.701376 3.685657e-05 1.1146364846065442 0.9967923477086592
1.7211800000000002 3.682777e-05 1.1137654993044213 0.9960134466982284
1.741126 3.69354e-05 1.1170205044456538 0.9989243187729735
1.7615150000000002 3.696351e-05 1.1178706223915804 0.9996845586133627
1.781255 3.67717e-05 1.1120697997943505 0.9944970237935463
1.801089 3.679378e-05 1.1127375551926448 0.9950941812348765
1.821321 3.688119e-05 1.1153810560696786 0.9974581998918816
1.8412739999999999 3.693533e-05 1.117018387467489 0.9989224256107954
1.8614970000000002 3.706818e-05 1.1210361095989836 1.0025153769731465
1.8812829999999998 3.683631e-05 1.114023770640537 0.9962444124839605
1.9013579999999999 3.698332e-05 1.118469727212242 1.0002203235097733
1.92133 3.690142e-05 1.1159928627593296 0.9980053237613613
1.941478 3.708791e-05 1.1216327950160285 1.0030489782556398
1.961519 3.699239e-05 1.1187440270973203 1.0004656232377114
1.9813479999999999 3.686081e-05 1.1147647129982456 0.9969070192463059
2.001543 3.685162e-05 1.1144867840077417 0.9966584740974914
2.021571 3.690195e-05 1.1160088913082924 0.9980196577035673
2.041397 3.709768e-05 1.1219282646827555 1.0033132096053587
2.061571 3.688655e-05 1.1155431561120182 0.9976031620243784
2.0814690000000002 3.694598e-05 1.1173404705740033 0.999210456713611
2.101589 3.695174e-05 1.1175146676344276 0.9993662369156969
2.1215100000000002 3.69656e-05 1.1179338293110745 0.9997410830269667
2.1413670000000002 3.699075e-05 1.1186944293231715 1.000421269152395
2.161395 3.704371e-05 1.1202960745176314 1.0018535815660203
2.1813670000000003 3.685081e-05 1.1144622875461196 0.996636567506573
2.201728 3.708918e-05 1.1216712030484484 1.0030833256265859
2.2217 3.709181e-05 1.1217507409423575 1.0031544544341353
2.241529 3.704087e-05 1.1202101856892273 1.001776773271936
2.261506 3.683867e-05 1.1140951430472388 0.9963082390945375
2.281904 3.683866e-05 1.1140948406217865 0.9963079686427977
2.301632 3.712059e-05 1.1226211213935762 1.0039328145410866
2.321506 3.706715e-05 1.1210049597774145 1.002487520443954
2.341404 3.711518e-05 1.1224575092239761 1.0037865001498913
2.361635 3.694472e-05 1.1173023649670353 0.9991763797944045
2.381941 3.700774e-05 1.1192082501663339 1.0008807666582011
2.40185 3.707475e-05 1.1212348031210306 1.0026930637661513
2.4216729999999997 3.710291e-05 1.1220864331942175 1.003454655865239
2.441784 3.699181e-05 1.118726486421097 1.0004499370368067
2.461755 3.693297e-05 1.1169470150607872 0.9988585990002183
2.481645 3.70594e-05 1.120770580052017 1.002277920345661
2.50183 3.706189e-05 1.1208458839895963 1.0023452628288547
2.521617 3.699694e-05 1.1188816306780378 1.0005886787792897
2.5417359999999998 3.697231e-05 1.1181367567894511 0.9999225561443275
2.5617840000000003 3.709296e-05 1.121785519869352 1.003185556384205
2.581718 3.704123e-05 1.120221073005504 1.0017865095345666
2.6018670000000004 3.716822e-05 1.1240615738220527 1.0052209761774344
2.621916 3.712312e-05 1.1226976350329643 1.0040012388312392
2.641626 3.697649e-05 1.1182631706284398 1.000035604971536
2.6618969999999997 3.692649e-05 1.1167510433678096 0.9986833462728716
2.681839 3.706475e-05 1.1209323776689044 1.0024226120264184
2.701972 3.717772e-05 1.1243488780015725 1.0054779053301808
2.7217469999999997 3.71864e-05 1.1246113832940177 1.0057126574402686
2.7420329999999997 3.708674e-05 1.1215974112381295 1.0030173354020908
2.762151 3.695131e-05 1.1175016633399864 0.9993546074908884
2.7821170000000004 3.717056e-05 1.1241323413778501 1.0052842618845317
2.802066 3.708462e-05 1.1215332970422789 1.0029599996332677
2.821941 3.701789e-05 1.1195152120002416 1.00115527517403
2.842163 3.722757e-05 1.125856468880421 1.0068261072527491
2.862237 3.699427e-05 1.11880088308232 1.000516468164781
2.8823670000000003 3.703958e-05 1.1201711728059032 1.0017418849975106
2.902246 3.698726e-05 1.1185888828403796 1.0003268814952284
2.922274 3.719984e-05 1.1250178431016753 1.0060761445784698
2.942339 3.720346e-05 1.1251273211153447 1.006174048108253
2.962312 3.713674e-05 1.12310953849876 1.0043695941007555
2.982348 3.70029e-05 1.1190618762475046 1.0007498680161704
3.0023969999999998 3.685012e-05 1.114441420189923 0.9966179063365317
3.022348 3.702451e-05 1.1197154176495492 1.0013343142257332
3.042358 3.705768e-05 1.1207185628742513 1.0022314026464272
3.062598 3.714527e-05 1.1233675074094236 1.0046002894347477
3.082491 3.720701e-05 1.1252346821508494 1.0062700584758582
3.102413 3.703467e-05 1.1200226819089092 1.0016090931933017
3.122432 3.703405e-05 1.1200039315308774 1.0015923251854384
3.142617 3.707334e-05 1.1211921611322808 1.002654930070849
3.1625189999999996 3.709987e-05 1.121994495856771 1.00337243853636
3.182598 3.706499e-05 1.1209396358797554 1.0024291028681718
3.202614 3.713193e-05 1.122964071856287 1.0042395068139436
3.222543 3.714391e-05 1.1233263775479343 1.0045635079981439
3.242682 3.703715e-05 1.1200976834210363 1.0016761652247554
3.262774 3.721387e-05 1.125442146011008 1.006455588369315
3.2825100000000003 3.717724e-05 1.1243343615798704 1.0054649236466735
3.3025610000000003 3.717395e-05 1.1242348636061208 1.0053759450243014
3.322821 3.70089e-05 1.1192433315187802 1.00091213906001
3.342887 3.697573e-05 1.1182401862940783 1.0000150506393162
3.3626729999999996 3.715294e-05 1.123599467731204 1.0048077259191226
3.382969 3.705711e-05 1.12070132462348 1.0022159868972624
3.403108 3.705813e-05 1.1207321720195969 1.002243572974715
3.422934 3.697993e-05 1.118367204983971 1.0001286403700038
3.442709 3.71204e-05 1.122615375309986 1.0039276759580318
3.46283 3.711248e-05 1.122375854351902 1.0037134781801633
3.483015 3.703018e-05 1.1198868928809047 1.0014876603621619
3.5030520000000003 3.687802e-05 1.1152851872013547 0.9973724666903864
3.522944 3.693929e-05 1.117138147946531 0.9990295244997297
3.542978 3.692718e-05 1.1167719107240064 0.9987020074429132
3.56308 3.70892e-05 1.1216718078993524 1.003083866530065
3.583085 3.717195e-05 1.1241743785156957 1.0053218546763547
3.603108 3.697448e-05 1.1182023831125625 0.9999812441718496
3.6232930000000003 3.699483e-05 1.118817818907639 1.000531613462206
3.643265 3.689136e-05 1.1156886227544909 0.9977332493111899
3.663284 3.696786e-05 1.1180021774632551 0.9998022051201464
3.683293 3.704638e-05 1.1203768221133488 1.001925792180529
3.703274 3.70809e-05 1.121420794774088 1.0028593915860868
3.723191 3.694515e-05 1.117315369261477 0.9991880092192131
3.743182 3.692463e-05 1.116694792233714 0.9986330422492811
3.763413 3.691538e-05 1.1164150486904976 0.9983828743900283
3.783283 3.706299e-05 1.12087915078933 1.0023750125202253
3.8032 3.708568e-05 1.1215653541402044 1.0029886675176793
3.823247 3.700717e-05 1.1191910119155626 1.0008653509090364
3.8433580000000003 3.708783e-05 1.1216303756124113 1.003046814641722
3.8633870000000003 3.714155e-05 1.1232550051412324 1.0044996813875668
3.8835059999999997 3.700109e-05 1.1190071372406698 1.0007009162512788
3.903397 3.722896e-05 1.1258985060182662 1.006863700044572
3.923376 3.697748e-05 1.1182931107482004 1.0000623796937695
3.943784 3.695272e-05 1.1175443053287362 0.9993927411861907
3.9636419999999997 3.699174e-05 1.118724369442932 1.0004480438746286
3.983635 3.696836e-05 1.1180172987358614 0.9998157277071331
4.0037840000000005 3.700863e-05 1.1192351660315731 1.0009048368630376
4.023645 3.696832e-05 1.118016089034053 0.9998146459001741
4.043506 3.697752e-05 1.1182943204500089 1.0000634615007284
4.06371 3.693995e-05 1.1171581080263713 0.999047374314552
4.083849 3.71505e-05 1.1235256759208854 1.0047417356946278
4.104019 3.707166e-05 1.1211413536563235 1.0026094941785737
4.123857 3.693673e-05 1.1170607270307866 0.998960288854358
4.143878 3.697356e-05 1.1181745599709667 0.9999563626117941
4.163858 3.692984e-05 1.116852355894272 0.9987739476056822
4.184006 3.715655e-05 1.1237086433194214 1.0049053589971662
4.2041450000000005 3.693569e-05 1.1170292747837656 0.9989321618734257
4.2240519999999995 3.702535e-05 1.1197408213875277 1.0013570321718708
4.244104 3.693869e-05 1.1171200024194035 0.9990132973953456
4.263821 3.701519e-05 1.1194335571281677 1.0010822532043022
4.284052 3.705595e-05 1.1206662432710337 1.0021846144954536
4.304099 3.698135e-05 1.1184101493981733 1.000167044517046
4.324404 3.716772e-05 1.1240464525494465 1.0052074535904478
4.344265 3.696868e-05 1.1180269763503294 0.9998243821628047
4.363997 3.69011e-05 1.1159831851448614 0.9979966693056896
4.384219 3.6953e-05 1.1175527732413957 0.9994003138349034
4.404247000000001 3.713988e-05 1.1232045000907274 1.0044545159470313
4.424217 3.71088e-05 1.1222645617855196 1.0036139519399416
4.444052 3.716618e-05 1.123999879029819 1.0051658040225289
4.464302 3.715919e-05 1.123788483638783 1.0049767582564557
4.484387 3.688502e-05 1.1154968850178426 0.9975617829081992
4.504441 3.698977e-05 1.1186647916288632 1.0003947648819012
4.524321 3.700902e-05 1.119246960624206 1.000915384480887
4.544182 3.692795e-05 1.11679519748382 0.9987228322268725
4.564497 3.706563e-05 1.1209589911086917 1.0024464117795149
4.5844059999999995 3.688688e-05 1.1155531361519384 0.9976120869317896
4.60445 3.704317e-05 1.1202797435432164 1.0018389771720748
4.624566 3.699582e-05 1.1188477590273995 1.0005583881844395
4.6445799999999995 3.698382e-05 1.1184848484848482 1.0002338460967601
4.664585 3.696236e-05 1.1178358434645859 0.9996534566632935
4.684454 3.698462e-05 1.1185090425210182 1.0002554822359386
4.704421999999999 3.692199e-05 1.1166149519143531 0.9985616429899918
4.724651 3.697106e-05 1.1180989536079355 0.999888749676861
4.744562 3.698349e-05 1.1184748684449282 1.000224921189349
4.764491 3.714102e-05 1.1232389765922697 1.0044853474453608
4.784451 3.707348e-05 1.1211963950886104 1.002658716395205
4.8046999999999995 3.689961e-05 1.1159381237524948 0.9979563719964697
4.8247089999999995 3.693035e-05 1.11686777959233 0.9987877406444083
4.844878 3.6957e-05 1.1176737434222461 0.9995084945307965
4.86471 3.705488e-05 1.120633883747656 1.002155676159302
4.884698 3.701533e-05 1.1194377910844973 1.0010860395286583
4.904802 3.676974e-05 1.112010524405734 0.9944440152525588
4.924831 3.687896e-05 1.1153136151938545 0.9973978891539211
4.944645 3.689223e-05 1.115714933768826 0.9977567786125467
4.964969 3.692172e-05 1.1166067864271454 0.9985543407930189
4.984906 3.695659e-05 1.117661343978709 0.9994974060094676
5.006057 3.678424e-05 1.1124490413113166 0.9948361702751715
