Keff(MJ/m3):-0.1688154045802299 Ms(MA/m):1.2349369340277776
H(kOe) moment(emu) M(MA/m) M_norm()
9.958714 8.915263e-05 1.2382309722222222 1.002667373615348
9.920376000000001 8.826755e-05 1.2259381944444443 0.9927131990829817
9.882112 8.760947e-05 1.2167981944444444 0.9853120114205562
9.843093000000001 8.96541e-05 1.2451958333333333 1.0083072252702783
9.804272000000001 8.867584e-05 1.2316088888888888 0.997305088991035
9.765241 8.799187e-05 1.2221093055555554 0.989612725865778
9.726291 8.863633e-05 1.2310601388888889 0.9968607343160071
9.686519 8.936341e-05 1.2411584722222222 1.005037940013789
9.647423 8.77427e-05 1.218648611111111 0.9868104010270857
9.608037 8.857625e-05 1.2302256944444443 0.9961850362933373
9.568564 8.945201e-05 1.2423890277777776 1.0060343921577393
9.52914 8.771367e-05 1.2182454166666665 0.9864839111203263
9.489537 8.82205e-05 1.225284722222222 0.9921840447559743
9.44952 8.955703e-05 1.2438476388888886 1.0072155141008283
9.409385 8.854785e-05 1.2298312499999997 0.9958656317686397
9.369678 8.819309e-05 1.2249040277777776 0.9918757744030884
9.330120999999998 8.887304e-05 1.2343477777777778 0.9995229260428075
9.29014 8.869272e-05 1.231843333333333 0.9974949322437424
9.250343 8.818466e-05 1.2247869444444444 0.9917809652431167
9.210158 8.902104e-05 1.2364033333333333 1.0011874284954558
9.170352999999999 8.872319e-05 1.2322665277777776 0.9978376173095006
9.130327999999999 8.815349e-05 1.2243540277777776 0.9914304075306231
9.090667 8.866679e-05 1.2314831944444442 0.9972033069153832
9.05029 8.912593e-05 1.2378601388888888 1.0023670883755798
9.010772000000001 8.799043e-05 1.2220893055555555 0.9895965307067792
8.970951 8.841158e-05 1.227938611111111 0.9943330523820019
8.930629999999999 8.928125e-05 1.2400173611111112 1.0041139162198052
8.890518 8.83149e-05 1.2265958333333333 0.9932457274014475
8.850819 8.84304e-05 1.2281999999999997 0.9945447141128049
8.810436 8.923616e-05 1.2393911111111109 1.0036068053036569
8.770347 8.835969e-05 1.2272179166666666 0.9937494643261374
8.730827999999999 8.832275e-05 1.2267048611111109 0.9933340135112668
8.690667 8.85212e-05 1.229461111111111 0.9955659088607812
8.650732 8.866367e-05 1.2314398611111108 0.9971682174042191
8.610451 8.834599e-05 1.2270276388888888 0.9935953853828855
8.570306 8.874879e-05 1.2326220833333332 0.9981255312472561
8.530602 8.803509e-05 1.222709583333333 0.990098805568504
8.490778 8.880664e-05 1.2334255555555553 0.9987761492667542
8.45097 8.840929e-05 1.2279068055555553 0.9943072975805385
8.410876 8.852597e-05 1.2295273611111108 0.9956195553249644
8.370467000000001 8.84394e-05 1.228325 0.994645933856547
8.330593 8.846889e-05 1.2287345833333332 0.9949775972168754
8.290657999999999 8.86655e-05 1.2314652777777777 0.9971887987521135
8.250437 8.82122e-05 1.2251694444444443 0.9920906976589675
8.21039 8.918777e-05 1.2387190277777778 1.0030625804814701
8.17046 8.845505e-05 1.228542361111111 0.9948219437442763
8.130445 8.882855e-05 1.233729861111111 0.9990225631095754
8.090325 8.858264e-05 1.2303144444444443 0.9962569023113942
8.050213 8.913109e-05 1.2379318055555555 1.0024251210286586
8.010348 8.819736e-05 1.2249633333333332 0.991923797548175
7.9705 8.839361e-05 1.2276890277777774 0.9941309502936633
7.930204 8.87807e-05 1.2330652777777775 0.9984844114720128
7.890234 8.858501e-05 1.2303473611111109 0.9962835568439128
7.850479 8.805643e-05 1.223005972222222 0.9903388088275549
7.8101400000000005 8.879267e-05 1.2332315277777777 0.9986190337311901
7.770111 8.878686e-05 1.2331508333333334 0.9985536907632855
7.729953999999999 8.874072e-05 1.23251 0.9980347708770341
7.690017 8.868098e-05 1.2316802777777776 0.9973628967113499
7.650225000000001 8.846306e-05 1.2286536111111108 0.9949120293162068
7.610111 8.838797e-05 1.2276106944444443 0.9940675192542516
7.570196 8.878537e-05 1.2331301388888887 0.9985369332723769
7.529945 8.855345e-05 1.2299090277777776 0.9959286129425238
7.4902809999999995 8.857097e-05 1.230152361111111 0.9961256540436751
7.450158 8.875129e-05 1.2326568055555553 0.99815364784274
7.4102250000000005 8.868094e-05 1.231679722222222 0.9973624468458221
7.370203999999999 8.817245e-05 1.224617361111111 0.9916436437907731
7.330187 8.823126e-05 1.2254341666666664 0.9923050585829369
7.290408 8.871128e-05 1.232101111111111 0.9977036698486154
7.2504409999999995 8.808805e-05 1.2234451388888887 0.9906944275272357
7.210325 8.822175e-05 1.2253020833333332 0.9921981030537163
7.170007 8.890314e-05 1.2347658333333331 0.9998614498524339
7.129951 8.861028e-05 1.2306983333333332 0.9965677593910646
7.090084 8.767423e-05 1.217697638888889 0.986040343709972
7.049856 8.866852e-05 1.231507222222222 0.997222763599458
7.009603 8.874043e-05 1.232505972222222 0.9980315093519577
6.969677 8.828082e-05 1.2261225 0.9928624419718105
6.929991 8.84505e-05 1.2284791666666666 0.9947707715404956
6.889564 8.841397e-05 1.2279718055555555 0.9943599318472844
6.849743999999999 8.827104e-05 1.2259866666666666 0.9927524498502772
6.809932 8.872715e-05 1.2323215277777777 0.9978821539967472
6.770187 8.828477e-05 1.2261773611111109 0.992906866192675
6.729991 8.822112e-05 1.2252933333333333 0.9921910176716543
6.689875 8.846819e-05 1.2287248611111108 0.9949697245701399
6.64963 8.852372e-05 1.2294961111111111 0.995594250389029
6.609573999999999 8.800458e-05 1.2222858333333333 0.9897556706372184
6.56963 8.850922e-05 1.2292947222222221 0.9954311741352222
6.529843 8.898292e-05 1.2358738888888887 1.000758706647517
6.489611 8.77617e-05 1.2189124999999998 0.9870240871527637
6.4496210000000005 8.789833e-05 1.2208101388888888 0.9885607153291514
6.409417 8.92606e-05 1.2397305555555553 1.003881673141108
6.369121 8.832783e-05 1.2267754166666667 0.9933911464332903
6.329752999999999 8.74103e-05 1.2140319444444443 0.9830720184915425
6.289781 8.854276e-05 1.2297605555555555 0.9958083863802347
6.249547 8.898025e-05 1.2358368055555555 1.0007286781235403
6.209621 8.686519e-05 1.2064609722222221 0.9769413635458449
6.169852 8.829939e-05 1.2263804166666665 0.9930712920430651
6.12963 8.916349e-05 1.2383818055555553 1.00278951210613
6.089451 8.815951e-05 1.224437638888889 0.9914981122925484
6.049593 8.752569e-05 1.215634583333333 0.9843697680726986
6.009323999999999 8.950383e-05 1.2431087499999998 1.0066171929489303
5.9696679999999995 8.795506e-05 1.2215980555555555 0.9891987371138726
5.929436 8.777493e-05 1.2190962499999998 0.9871728801760645
5.8892690000000005 8.881603e-05 1.233555972222222 0.9988817551993917
5.849545 8.818672e-05 1.2248155555555553 0.9918041333177954
5.809658000000001 8.783535e-05 1.2199354166666665 0.9878524020557201
5.769343 8.90078e-05 1.2362194444444443 1.001038523005773
5.729337 8.860483e-05 1.2306226388888888 0.9965064652129095
5.6895 8.784638e-05 1.2200886111111109 0.9879764524749951
5.649158000000001 8.822838e-05 1.2253941666666666 0.9922726682649395
5.609158000000001 8.850786e-05 1.2292758333333331 0.9954158787072789
5.569074 8.772538e-05 1.2184080555555554 0.9866156092535731
5.529366 8.778859e-05 1.219285972222222 0.9873265092537886
5.489287 8.895325e-05 1.2354618055555555 1.0004250188923138
5.448805999999999 8.771213e-05 1.2182240277777776 0.9864665912975082
5.409149 8.790789e-05 1.2209429166666665 0.9886682331902819
5.369453999999999 8.876236e-05 1.2328105555555553 0.9982781481275428
5.32913 8.780454e-05 1.2195074999999997 0.9875058931329761
5.28876 8.74438e-05 1.2144972222222221 0.9834487808710272
5.2488850000000005 8.84749e-05 1.2288180555555555 0.9950451895124188
5.208805999999999 8.771408e-05 1.218251111111111 0.9864885222419857
5.168771 8.724079e-05 1.2116776388888886 0.9811656008513502
5.128917 8.795943e-05 1.2216587499999998 0.9892478849227785
5.088941 8.873855e-05 1.232479861111111 0.998010365672154
5.048963 8.730108e-05 1.2125149999999998 0.9818436606680407
5.008825 8.755123e-05 1.2159893055555555 0.9846570072121628
4.96896 8.826777e-05 1.2259412499999998 0.9927156733433843
4.9289629999999995 8.748914e-05 1.2151269444444441 0.9839587034467236
4.889385 8.684684e-05 1.206206111111111 0.9767349877349929
4.849241 8.790592e-05 1.2209155555555553 0.9886460773130404
4.808991 8.824148e-05 1.225576111111111 0.9924199992252754
4.7691300000000005 8.728357e-05 1.2122718055555555 0.9816467320332712
4.729074 8.751154e-05 1.2154380555555553 0.9842106281422597
4.689007999999999 8.787326e-05 1.2204619444444442 0.9882787621096384
4.648991 8.740982e-05 1.2140252777777778 0.9830666201052097
4.608912999999999 8.7252e-05 1.211833333333333 0.9812916756655001
4.569046999999999 8.772724e-05 1.2184338888888888 0.9866365280006132
4.528829 8.758938e-05 1.2165191666666664 0.9850860664592473
4.4887690000000005 8.712495e-05 1.2100687499999998 0.979862790283007
4.448667 8.794088e-05 1.2214011111111107 0.9890392597842876
4.408895 8.697185e-05 1.2079423611111109 0.978140929975571
4.369056 8.739799e-05 1.2138609722222222 0.9829335723753798
4.328704 8.739047e-05 1.2137565277777775 0.9828489976561641
4.288847 8.701022e-05 1.2084752777777776 0.9785724634830585
4.249148 8.666387e-05 1.203664861111111 0.9746771903447149
4.208843 8.765758e-05 1.2174663888888888 0.985853087184049
4.168564999999999 8.718807e-05 1.2109454166666664 0.9805726780857852
4.128706 8.597575e-05 1.1941076388888887 0.9669381536709546
4.088695 8.770147e-05 1.2180759722222219 0.9863467021343647
4.048232 8.737143e-05 1.2134920833333334 0.9826348616649585
4.008319 8.637121e-05 1.1996001388888888 0.9713857492109844
3.9686950000000003 8.590976e-05 1.193191111111111 0.9661959880165608
3.928315 8.73215e-05 1.2127986111111109 0.9820733170199534
3.8879360000000003 8.598369e-05 1.1942179166666664 0.9670274519782115
3.848319 8.596815e-05 1.1940020833333331 0.9668526792206833
3.8085929999999997 8.689202e-05 1.2068336111111109 0.9772431108485783
3.7683240000000002 8.650599e-05 1.201472083333333 0.9729015711067138
3.728168 8.509454e-05 1.181868611111111 0.9570275036283975
3.688519 8.698066e-05 1.208064722222222 0.9782400128580566
3.648287 8.617208e-05 1.1968344444444445 0.9691462061474986
3.6084699999999996 8.477242e-05 1.177394722222222 0.9534047365334842
3.568658 8.551456e-05 1.187702222222222 0.9617513166024613
3.528593 8.600278e-05 1.1944830555555552 0.9672421503013267
3.4882150000000003 8.422977e-05 1.1698579166666663 0.9473017483177425
3.448479 8.519225e-05 1.1832256944444444 0.9581264126462914
3.40825 8.599248e-05 1.19434 0.9671263099279331
3.368375 8.354888e-05 1.160401111111111 0.9396440248381218
3.328334 8.389841e-05 1.1652556944444443 0.9435750622859208
3.288241 8.520186e-05 1.1833591666666665 0.9582344928393316
3.2478890000000002 8.354057e-05 1.1602856944444442 0.9395505652747331
3.207926 8.178805e-05 1.1359451388888888 0.9198406069077353
3.168187 8.453817e-05 1.1741412499999997 0.9507702115366399
3.1283000000000003 8.317889e-05 1.155262361111111 0.9354828811728823
3.087936 8.132277e-05 1.1294829166666667 0.9146077710890304
3.048158 8.248021e-05 1.145558472222222 0.9276250799997976
3.0081480000000003 8.21432e-05 1.1408777777777777 0.9238348504621823
2.9678090000000004 7.947501e-05 1.103819583333333 0.8938266829004766
2.9281390000000003 8.037918e-05 1.1163774999999998 0.9039955557559581
2.8882220000000003 8.031836e-05 1.1155327777777775 0.903311535221025
2.848073 7.837654e-05 1.0885630555555554 0.8814725882439841
2.807852 7.824032e-05 1.086671111111111 0.8799405711892558
2.7677899999999998 7.906492e-05 1.098123888888889 0.8892145490436749
2.728055 7.637421e-05 1.0607529166666665 0.8589531071898502
2.6878800000000003 7.474833e-05 1.0381712499999998 0.8406674230836861
2.6475169999999997 7.500367e-05 1.041717638888889 0.8435391396800327
2.6076669999999997 7.384525e-05 1.0256284722222222 0.8305108090638356
2.567507 7.1667e-05 0.9953749999999999 0.8060128194186884
2.527491 7.161549e-05 0.9946595833333333 0.8054335050853376
2.487639 7.19088e-05 0.9987333333333333 0.808732256533894
2.448036 6.976872e-05 0.9690099999999999 0.7846635510685955
2.408185 6.820334e-05 0.9472686111111109 0.7670582885731425
2.368045 6.804214e-05 0.9450297222222221 0.7652453304963389
2.32775 6.575399e-05 0.913249861111111 0.7395113353137182
2.2877899999999998 6.385119e-05 0.8868220833333331 0.7181112321589903
2.2479699999999996 6.388615e-05 0.8873076388888889 0.7185044146302377
2.208046 6.29566e-05 0.8743972222222222 0.7080501020974033
2.1673240000000003 6.1614e-05 0.8557499999999999 0.6929503656587142
2.127592 6.077069e-05 0.8440373611111109 0.6834659632036933
2.087806 6.086109e-05 0.8452929166666665 0.6844826592963923
2.047781 5.824658e-05 0.8089802777777776 0.6550782112729175
2.007894 5.675141e-05 0.7882140277777777 0.6382625752450354
1.967695 5.670673e-05 0.7875934722222221 0.6377600754505466
1.927875 5.506345e-05 0.7647701388888888 0.6192786998398144
1.887676 5.381656e-05 0.7474522222222221 0.605255379142632
1.847717 5.399911e-05 0.7499876388888888 0.6073084529448686
1.807519 5.320066e-05 0.7388980555555554 0.5983285746792113
1.7677619999999998 5.131342e-05 0.7126863888888887 0.5771034692147754
1.727894 5.055212e-05 0.7021127777777777 0.5685414035580095
1.687913 4.953494e-05 0.6879852777777777 0.5571015481202725
1.647991 4.796796e-05 0.6662216666666666 0.5394782910037098
1.607556 4.666182e-05 0.6480808333333333 0.5247886069935583
1.5676679999999998 4.638355e-05 0.6442159722222222 0.5216590049834332
1.527269 4.532667e-05 0.6295370833333332 0.5097726580094114
1.487696 4.374536e-05 0.6075744444444443 0.49198823656753476
1.447695 4.415027e-05 0.6131981944444445 0.49654211283849387
1.407408 4.249633e-05 0.5902268055555554 0.4779408480646181
1.367167 4.015802e-05 0.5577502777777776 0.451642721510208
1.327357 4.005628e-05 0.5563372222222221 0.4504984885403941
1.2876020000000001 3.910595e-05 0.5431381944444443 0.43981047086589725
1.2476479999999999 3.709767e-05 0.5152454166666667 0.41722407231451153
1.207517 3.65275e-05 0.5073263888888888 0.4108115766156828
1.167565 3.573484e-05 0.49631722222222213 0.40189681638516644
1.127809 3.512813e-05 0.48789069444444444 0.39507336852674474
1.0876210000000002 3.284317e-05 0.45615513888888887 0.3693752501199616
1.047507 3.307823e-05 0.45941986111111105 0.37201888489374246
1.0076019999999999 3.082793e-05 0.4281656944444444 0.34671057496674856
0.967564 2.912777e-05 0.40455236111111104 0.327589490575566
0.9273614 2.901124e-05 0.4029338888888888 0.32627891982686913
0.8872243999999999 2.786964e-05 0.3870783333333333 0.31343975766508797
0.8472527 2.622431e-05 0.36422652777777775 0.2949353264460589
0.8074818 2.484743e-05 0.34510319444444437 0.2794500552500942
0.767281 2.502014e-05 0.3475019444444444 0.28139246213250596
0.7273659 2.267678e-05 0.31495527777777776 0.2550375400552183
0.6873891999999999 2.150015e-05 0.29861319444444445 0.24180440815751625
0.6474508 2.101349e-05 0.29185402777777775 0.2363311192142327
0.6070743 1.918178e-05 0.26641361111111106 0.21573053956868582
0.5671206 1.78709e-05 0.24820694444444438 0.20098754649349684
0.5276489 1.7487e-05 0.24287499999999998 0.19666996209098475
0.48730579999999996 1.597089e-05 0.22181791666666664 0.17961882145932906
0.4471395 1.464283e-05 0.20337263888888887 0.1646826111399745
0.4073243 1.339079e-05 0.18598319444444442 0.15060137025609527
0.3670836 1.199961e-05 0.16666124999999996 0.13495527213396247
0.32723379999999996 1.027547e-05 0.14271486111111106 0.1155644933588981
0.28687060000000003 1.026672e-05 0.1425933333333333 0.11546608527470434
0.2469319 8.4529e-06 0.11740138888888887 0.0950667079864405
0.20733359999999998 6.77043e-06 0.09403374999999999 0.07614457662490226
0.1671583 6.169318e-06 0.0856849722222222 0.06938408744708811
0.1272595 4.826772e-06 0.0670385 0.054284958326861484
0.08705455000000001 2.422026e-06 0.033639249999999996 0.027239650117423197
0.04733355 2.638349e-06 0.03664373611111111 0.029672556631371166
0.0070828490000000004 4.188477e-07 0.005817329166666665 0.004710628540109576
-0.03304609 -9.879129e-07 -0.0137210125 -0.011110698953061979
-0.07339828 -2.564296e-06 -0.035615222222222215 -0.02883970933322261
-0.1128331 -2.318273e-06 -0.032198236111111105 -0.026072777664925575
-0.1532868 -4.696481e-06 -0.06522890277777778 -0.05281962258998286
-0.1932851 -6.19101e-06 -0.08598625 -0.06962804952278308
-0.2328983 -6.547474e-06 -0.09093713888888888 -0.07363707115981634
-0.27271280000000003 -8.23474e-06 -0.11437138888888887 -0.09261314139813094
-0.3133424 -9.972978e-06 -0.13851358333333333 -0.11216247527844828
-0.3534738 -1.145669e-05 -0.1591206944444444 -0.1288492473259086
-0.3930398 -1.15213e-05 -0.1600180555555555 -0.12957589261959526
-0.43307389999999996 -1.416769e-05 -0.1967734722222222 -0.15933888346868094
-0.47327569999999997 -1.504468e-05 -0.20895388888888886 -0.1692020726980612
-0.5133238999999999 -1.553223e-05 -0.21572541666666664 -0.174685371149337
-0.5531246999999999 -1.719977e-05 -0.2388856944444444 -0.1934395902026452
-0.5932313 -1.934004e-05 -0.26861166666666664 -0.21751043252920046
-0.6333605 -1.960472e-05 -0.27228777777777774 -0.220487192726275
-0.6733332000000001 -2.086254e-05 -0.2897575 -0.2346334391789131
-0.7133323 -2.403569e-05 -0.33382902777777773 -0.2703207091628445
-0.7531342 -2.386138e-05 -0.3314080555555555 -0.268360307659323
-0.7931479 -2.545954e-05 -0.35360472222222217 -0.28633423495476124
-0.8335115 -2.667982e-05 -0.3705530555555555 -0.30005828260961265
-0.8732591 -2.829692e-05 -0.3930127777777777 -0.31824522123243715
-0.9133795 -2.847433e-05 -0.39547680555555553 -0.32024048731435867
-0.9531665 -3.117432e-05 -0.43297666666666657 -0.35060629797061976
-0.9931247 -3.171706e-05 -0.44051472222222215 -0.35671029838379875
-1.033259 -3.247103e-05 -0.45098652777777765 -0.3651899261826058
-1.0735830000000002 -3.352231e-05 -0.4655876388888889 -0.37701329198274375
-1.113597 -3.393955e-05 -0.4713826388888888 -0.38170583930262947
-1.153296 -3.468979e-05 -0.48180263888888886 -0.39014351714097456
-1.1936669999999998 -3.525061e-05 -0.4895918055555555 -0.3964508567726933
-1.233625 -3.796124e-05 -0.5272394444444444 -0.4269363316593341
-1.273315 -3.788231e-05 -0.5261431944444444 -0.42604863450671543
-1.313555 -4.035822e-05 -0.5605308333333332 -0.45389429847656104
-1.3533320000000002 -4.099097e-05 -0.5693190277777777 -0.4610106087935434
-1.393315 -4.156876e-05 -0.5773438888888889 -0.4675088038754071
-1.4334079999999998 -4.298492e-05 -0.5970127777777776 -0.48343584301961523
-1.473509 -4.476041e-05 -0.621672361111111 -0.5034041366659195
-1.5134459999999998 -4.510338e-05 -0.6264358333333332 -0.5072613961671687
-1.5533050000000002 -4.649894e-05 -0.645818611111111 -0.5229567545645895
-1.593759 -4.825455e-05 -0.6702020833333332 -0.5427014650436054
-1.6337380000000001 -4.820161e-05 -0.6694668055555554 -0.5421060680176377
-1.673361 -4.925803e-05 -0.6841393055555555 -0.5539872415380905
-1.713257 -5.041133e-05 -0.7001573611111109 -0.5669579893667366
-1.753602 -5.122676e-05 -0.7114827777777777 -0.5761288355489206
-1.79375 -5.159654e-05 -0.716618611111111 -0.5802876174201395
-1.833493 -5.405432e-05 -0.7507544444444444 -0.6079293798395357
-1.87337 -5.495478e-05 -0.7632608333333333 -0.618056527667319
-1.913778 -5.603564e-05 -0.7782727777777776 -0.6302125690252226
-1.953719 -5.726028e-05 -0.7952816666666667 -0.6439856520225982
-1.9933420000000002 -5.832343e-05 -0.8100476388888888 -0.6559425154180936
-2.0333699999999997 -5.781992e-05 -0.8030544444444444 -0.6502797206212484
-2.073667 -5.984763e-05 -0.8312170833333332 -0.6730846413527353
-2.113796 -6.07081e-05 -0.8431680555555555 -0.6827620361191578
-2.153634 -6.14672e-05 -0.853711111111111 -0.6912993591718979
-2.1936199999999997 -6.295962e-05 -0.8744391666666664 -0.7080840669447478
-2.233768 -6.49822e-05 -0.9025305555555554 -0.7308312924223016
-2.2739070000000003 -6.572949e-05 -0.9129095833333332 -0.7392357926779758
-2.313615 -6.606011e-05 -0.9175015277777776 -0.7429541561975342
-2.353741 -6.793468e-05 -0.9435372222222221 -0.7640367667560577
-2.393861 -6.89593e-05 -0.9577680555555554 -0.7755602971819548
-2.433871 -6.903308e-05 -0.9587927777777776 -0.7763900741478765
-2.473672 -7.112036e-05 -0.9877827777777776 -0.7998649571165545
-2.5136849999999997 -7.233727e-05 -1.0046843055555554 -0.8135511036006936
-2.553757 -7.333989e-05 -1.0186095833333333 -0.8248272079863322
-2.593685 -7.398355e-05 -1.0275493055555553 -0.8320662191260064
-2.633634 -7.542066e-05 -1.0475091666666665 -0.84822887534037
-2.67375 -7.56146e-05 -1.0502027777777776 -0.8504100483516311
-2.713578 -7.62116e-05 -1.0584944444444444 -0.8571242913531935
-2.7532379999999996 -7.836141e-05 -1.0883529166666668 -0.8813024266081155
-2.793435 -7.754909e-05 -1.0770706944444444 -0.8721665574707135
-2.8340929999999998 -7.921162e-05 -1.1001613888888888 -0.8908644308666718
-2.873927 -7.992009e-05 -1.1100012499999998 -0.8988323366276714
-2.913713 -8.073402e-05 -1.1213058333333334 -0.9079863128525651
-2.9533609999999997 -8.058713e-05 -1.1192656944444443 -0.9063342941683113
-2.9935549999999997 -8.237379e-05 -1.1440804166666667 -0.926428212763238
-3.033704 -8.260369e-05 -1.1472734722222222 -0.92901381488394
-3.0738890000000003 -8.153256e-05 -1.1323966666666665 -0.9169672033156596
-3.114 -8.296745e-05 -1.1523256944444442 -0.9331048919932334
-3.154106 -8.380963e-05 -1.1640226388888886 -0.9425765857470955
-3.194002 -8.251916e-05 -1.1460994444444443 -0.9280631365574373
-3.233555 -8.347554e-05 -1.1593824999999998 -0.938819196393005
-3.274 -8.512592e-05 -1.1823044444444444 -0.9573804231349119
-3.313766 -8.413434e-05 -1.1685324999999998 -0.94622848163493
-3.35388 -8.405426e-05 -1.1674202777777776 -0.9453278508483888
-3.394278 -8.625189e-05 -1.1979429166666666 -0.9700438003417275
-3.433861 -8.474626e-05 -1.1770313888888886 -0.9531105244783402
-3.473852 -8.444621e-05 -1.1728640277777778 -0.9497359706883592
-3.5139169999999997 -8.566638e-05 -1.1898108333333333 -0.9634587812130094
-3.55388 -8.625841e-05 -1.1980334722222221 -0.9701171284227496
-3.593935 -8.481929e-05 -1.1780456944444442 -0.9539318664656169
-3.6340019999999997 -8.57861e-05 -1.191473611111111 -0.9648052287375438
-3.674 -8.751529e-05 -1.2154901388888886 -0.9842528030354856
-3.713861 -8.587471e-05 -1.1927043055555553 -0.965801793347876
-3.753917 -8.615542e-05 -1.1966030555555556 -0.9689588371551937
-3.79425 -8.725903e-05 -1.2119309722222222 -0.981370739532001
-3.8336439999999996 -8.672277e-05 -1.2044829166666666 -0.9753396173343164
-3.8737130000000004 -8.566045e-05 -1.189728472222222 -0.9633920886485214
-3.914093 -8.715144e-05 -1.2104366666666666 -0.9801607137287547
-3.953795 -8.671403e-05 -1.2043615277777777 -0.9752413217165046
-3.993537 -8.676547e-05 -1.2050759722222222 -0.9758198487851819
-4.0337130000000005 -8.696705e-05 -1.2078756944444442 -0.9780869461122419
-4.073946 -8.752944e-05 -1.2156866666666666 -0.9844119429659247
-4.114111 -8.67441e-05 -1.2047791666666665 -0.9755795081269852
-4.154361 -8.698247e-05 -1.2080898611111108 -0.9782603692731868
-4.194361 -8.741856e-05 -1.2141466666666665 -0.9831649157230214
-4.234102 -8.748977e-05 -1.2151356944444442 -0.9839657888287856
-4.274049 -8.695192e-05 -1.2076655555555553 -0.9779167844763732
-4.313731 -8.707806e-05 -1.2094174999999998 -0.9793354354181103
-4.354102 -8.827106e-05 -1.2259869444444444 -0.9927526747830412
-4.394519 -8.737741e-05 -1.2135751388888887 -0.982702116561356
-4.434153 -8.728031e-05 -1.2122265277777777 -0.9816100679927602
-4.47375 -8.770818e-05 -1.2181691666666663 -0.9864221670766435
-4.514019 -8.809096e-05 -1.2234855555555555 -0.990727155244379
-4.554163 -8.681591e-05 -1.2057765277777777 -0.9763871292156656
-4.5940829999999995 -8.754948e-05 -1.215965 -0.9846373255953239
-4.634323999999999 -8.802014e-05 -1.2225019444444443 -0.9899306683275102
-4.6741719999999995 -8.752417e-05 -1.215613472222222 -0.9843526731826445
-4.714231 -8.717149e-05 -1.2107151388888888 -0.9803862088245358
-4.754125 -8.809465e-05 -1.2235368055555556 -0.9907686553393132
-4.793953999999999 -8.828648e-05 -1.2262011111111109 -0.9929260979439859
-4.834472 -8.660815e-05 -1.2028909722222223 -0.9740505276645693
-4.874229000000001 -8.861538e-05 -1.2307691666666665 -0.9966251172458517
-4.914102 -8.823399e-05 -1.225472083333333 -0.9923357619052054
-4.954407 -8.71322e-05 -1.2101694444444442 -0.9799443284099103
-4.99404 -8.770727e-05 -1.2181565277777777 -0.9864119326358876
-5.033537 -8.883212e-05 -1.2337794444444443 -0.9990627136079264
-5.0736289999999995 -8.780857e-05 -1.2195634722222222 -0.9875512170848963
-5.113796000000001 -8.804853e-05 -1.22289625 -0.9902499603858258
-5.153757 -8.83193e-05 -1.2266569444444442 -0.993295212609499
-5.1936670000000005 -8.815125e-05 -1.2243229166666665 -0.9914052150610694
-5.234019 -8.764942e-05 -1.2173530555555554 -0.9857613146163893
-5.273795 -8.857926e-05 -1.2302674999999996 -0.9962188886742998
-5.313657 -8.816869e-05 -1.2245651388888887 -0.9916013564311652
-5.353983 -8.8724e-05 -1.2322777777777776 -0.9978467270864374
-5.3937870000000006 -8.811811e-05 -1.2238626388888887 -0.9910325014713345
-5.433879 -8.860523e-05 -1.2306281944444442 -0.9965109638681869
-5.473889 -8.825363e-05 -1.225744861111111 -0.9925566458793273
-5.513908000000001 -8.789891e-05 -1.2208181944444443 -0.9885672383793036
-5.553908000000001 -8.867539e-05 -1.2316026388888888 -0.997300028003848
-5.593605999999999 -8.777888e-05 -1.219151111111111 -0.9872173043969292
-5.633778 -8.863078e-05 -1.2309830555555554 -0.9967983154740327
-5.673843 -8.858739e-05 -1.2303804166666663 -0.9963103238428136
-5.714011999999999 -8.833997e-05 -1.2269440277777777 -0.9935276806209602
-5.753889 -8.846959e-05 -1.2287443055555554 -0.9949854698636109
-5.793832999999999 -8.833205e-05 -1.2268340277777776 -0.9934386072464672
-5.833546 -8.845176e-05 -1.2284966666666663 -0.9947849423046194
-5.873472 -8.843822e-05 -1.2283086111111108 -0.9946326628234785
-5.913671999999999 -8.828452e-05 -1.2261738888888887 -0.9929040545331267
-5.953741 -8.847527e-05 -1.228823194444444 -0.9950493507685503
-5.993676000000001 -8.855154e-05 -1.2298824999999998 -0.995907131863574
-6.0337950000000005 -8.818511e-05 -1.2247931944444443 -0.9917860262303039
-6.073815 -8.929937e-05 -1.2402690277777777 -1.0043177053038728
-6.113813 -8.818296e-05 -1.2247633333333334 -0.9917618459581876
-6.153399 -8.802338e-05 -1.2225469444444441 -0.9899671074352572
-6.193537999999999 -8.879519e-05 -1.233266527777778 -0.9986473752594379
-6.233625 -8.840319e-05 -1.2278220833333333 -0.9942386930875579
-6.273352 -8.801911e-05 -1.2224876388888888 -0.9899190842901708
-6.313759 -8.892391e-05 -1.2350543055555554 -1.0000950425277144
-6.353889000000001 -8.845325e-05 -1.228517361111111 -0.994801699795528
-6.393332999999999 -8.839219e-05 -1.2276693055555554 -0.9941149800674285
-6.433547 -8.837337e-05 -1.2274079166666665 -0.9939033183366255
-6.47388 -8.913639e-05 -1.2380054166666663 -1.0024847282110843
-6.51337 -8.842665e-05 -1.2281479166666665 -0.994502539219579
-6.553583 -8.79943e-05 -1.2221430555555555 -0.9896400551965884
-6.593531 -8.874128e-05 -1.2325177777777776 -0.9980410689944224
-6.633592999999999 -8.847819e-05 -1.2288637499999997 -0.9950821909520755
-6.6732759999999995 -8.806928e-05 -1.2231844444444444 -0.9904833281283424
-6.713232 -8.895399e-05 -1.235472083333333 -1.000433341404577
-6.753426 -8.906339e-05 -1.2369915277777774 -1.0016637236229535
-6.793267 -8.835431e-05 -1.2271431944444442 -0.9936889574126558
-6.8330280000000005 -8.886402e-05 -1.2342224999999998 -0.9994214813663014
-6.873474 -8.879762e-05 -1.2333002777777777 -0.9986747045902482
-6.913593 -8.862881e-05 -1.2309556944444442 -0.9967761595967912
-6.95338 -8.812299e-05 -1.2239304166666665 -0.9910873850657189
-6.992824 -8.930293e-05 -1.2403184722222222 -1.004357743335842
-7.033074 -8.861721e-05 -1.2307945833333331 -0.9966456985937459
-7.073102 -8.888361e-05 -1.2344945833333332 -0.9996418030085134
-7.112908 -8.834542e-05 -1.227019722222222 -0.9935889747991151
-7.152871 -8.858064e-05 -1.2302866666666663 -0.9962344090350069
-7.193213 -8.888761e-05 -1.2345501388888889 -0.9996867895612878
-7.233528000000001 -8.838935e-05 -1.2276298611111107 -0.9940830396149586
-7.273435999999999 -8.887273e-05 -1.2343434722222222 -0.9995194395849674
-7.313009 -8.874669e-05 -1.2325929166666665 -0.9981019133070496
-7.353102 -8.848984e-05 -1.2290255555555554 -0.9952132142870308
-7.393314999999999 -8.900619e-05 -1.2361970833333331 -1.0010204159182812
-7.433248 -8.886953e-05 -1.2342990277777777 -0.9994834503427479
-7.473195 -8.832347e-05 -1.226714861111111 -0.9933421110907662
-7.513278000000001 -8.918648e-05 -1.238701111111111 -1.0030480723182005
-7.553002 -8.838485e-05 -1.227567361111111 -0.9940324297430877
-7.592991 -8.815935e-05 -1.2244354166666664 -0.9914963128304373
-7.632616 -8.907601e-05 -1.2371668055555554 -1.0018056561969566
-7.672555999999999 -8.852516e-05 -1.2295161111111108 -0.9956104455480276
-7.71255 -8.837334e-05 -1.2274074999999998 -0.9939029809374796
-7.752276 -8.892252e-05 -1.2350349999999999 -1.0000794097006254
-7.792473 -8.928727e-05 -1.2401009722222223 -1.0041816209817307
-7.832578000000001 -8.80045e-05 -1.2222847222222222 -0.9897547709061628
-7.872371 -8.853802e-05 -1.229694722222222 -0.995755077315197
-7.912009 -8.914535e-05 -1.2381298611111111 -1.0025854980892988
-7.952059 -8.815966e-05 -1.224439722222222 -0.9914997992882774
-7.992167 -8.871611e-05 -1.2321681944444443 -0.9977579911110901
-8.032287 -8.929498e-05 -1.2402080555555552 -1.0042683325622028
-8.071927 -8.877433e-05 -1.2329768055555552 -0.9984127703867198
-8.111861 -8.835967e-05 -1.227217638888889 -0.9937492393933736
-8.152472 -8.930964e-05 -1.2404116666666665 -1.0044332082781207
-8.192454 -8.888848e-05 -1.2345622222222221 -0.9996965741365161
-8.232115 -8.852643e-05 -1.2295337499999999 -0.9956247287785335
-8.272093 -8.898944e-05 -1.2359644444444444 -1.000832034728539
-8.312314 -8.902702e-05 -1.2364863888888888 -1.0012546833918534
-8.352323 -8.85375e-05 -1.2296875 -0.9957492290633365
-8.39189 -8.901388e-05 -1.2363038888888889 -1.00110690256599
-8.431983 -8.937687e-05 -1.2413454166666666 -1.0051893197638746
-8.472 -8.84473e-05 -1.228434722222222 -0.9947347822982762
-8.51169 -8.819403e-05 -1.2249170833333332 -0.9918863462429904
-8.551444 -8.950724e-05 -1.243156111111111 -1.0066555439851703
-8.591615 -8.90121e-05 -1.2362791666666664 -1.0010868835500053
-8.631528 -8.784452e-05 -1.2200627777777777 -0.9879555337279552
-8.671578 -8.899427e-05 -1.2360315277777776 -1.0008863559910142
-8.711722 -8.928939e-05 -1.2401304166666667 -1.0042054638547009
-8.751588 -8.807268e-05 -1.2232316666666665 -0.9905215666982005
-8.791135 -8.84643e-05 -1.2286708333333334 -0.9949259751475671
-8.830954 -8.924994e-05 -1.2395824999999998 -1.0037617839779645
-8.871167 -8.886232e-05 -1.2341988888888886 -0.9994023620813721
-8.911013 -8.830368e-05 -1.2264399999999998 -0.9931195401209154
-8.950861000000002 -8.871775e-05 -1.232190972222222 -0.9977764355977276
-8.990645 -8.964854e-05 -1.245118611111111 -1.008244693961922
-9.030287 -8.84074e-05 -1.2278805555555552 -0.9942860414343526
-9.070741 -8.834793e-05 -1.227054583333333 -0.993617203860981
-9.110663 -8.881852e-05 -1.2335905555555553 -0.9989097593284937
-9.150306 -8.926835e-05 -1.2398381944444443 -1.003968834587108
-9.189898999999999 -8.803799e-05 -1.222749861111111 -0.9901314208192654
-9.230177 -8.890132e-05 -1.2347405555555553 -0.9998409809709216
-9.270275 -8.943149e-05 -1.2421040277777777 -1.0058036111420074
-9.309843 -8.827314e-05 -1.226015833333333 -0.9927760677904838
-9.349776 -8.829158e-05 -1.2262719444444443 -0.9929834557987732
-9.389861000000002 -8.894419e-05 -1.235335972222222 -1.00032312435028
-9.429663 -8.911116e-05 -1.237655 -1.0022009755294607
-9.469213 -8.79712e-05 -1.2218222222222221 -0.9893802578543168
-9.509049999999998 -8.886786e-05 -1.2342758333333332 -0.9994646684569646
-9.549353 -8.918343e-05 -1.23865875 -1.0030137700717099
-9.589162 -8.842192e-05 -1.228082222222222 -0.9944493426209233
-9.629352999999998 -8.828281e-05 -1.2261501388888887 -0.9928848227818156
-9.669352 -8.912414e-05 -1.2378352777777777 -1.0023469568932133
-9.709277 -8.869638e-05 -1.2318941666666665 -0.997536094939531
-9.749191000000001 -8.791115e-05 -1.2209881944444443 -0.9887048972307929
-9.788898 -8.921422e-05 -1.239086388888889 -1.0033600540616903
-9.828937 -8.869087e-05 -1.2318176388888886 -0.9974741259630844
-9.868991 -8.798027e-05 -1.2219481944444441 -0.9894822648627324
-9.909148 -8.886563e-05 -1.234244861111111 -0.9994395884537931
-9.948955 -8.946897e-05 -1.2426245833333331 -1.0062251351415024
-9.991719 -8.856776e-05 -1.2301077777777778 -0.9960895523350739
-9.994146 -8.890808e-05 -1.2348344444444441 -0.99991700824511
-9.956097 -8.922714e-05 -1.239265833333333 -1.003505360627151
-9.916477 -8.929157e-05 -1.2401606944444443 -1.0042299815259628
-9.877225000000001 -8.834347e-05 -1.2269926388888888 -0.9935670438546377
-9.837616 -8.848666e-05 -1.2289813888888887 -0.9951774499775752
-9.798148 -8.92437e-05 -1.2394958333333332 -1.0036916049556366
-9.758745000000001 -8.898984e-05 -1.2359699999999998 -1.0008365333838165
-9.718817999999999 -8.841022e-05 -1.2279197222222222 -0.9943177569540587
-9.679107 -8.927182e-05 -1.2398863888888887 -1.0040078604216398
-9.638958 -8.861029e-05 -1.230698472222222 -0.9965678718574464
-9.599365 -8.858825e-05 -1.2303923611111112 -0.9963199959516602
-9.559517 -8.889245e-05 -1.234617361111111 -0.9997412232901446
-9.519338 -8.886835e-05 -1.2342826388888886 -0.9994701793096794
-9.479676999999999 -8.944877e-05 -1.2423440277777777 -1.0059979530499923
-9.439848 -8.850591e-05 -1.22924875 -0.9953939477628015
-9.400394 -8.83781e-05 -1.2274736111111109 -0.9939565149352809
-9.360366 -8.936182e-05 -1.2411363888888889 -1.0050200578590613
-9.320337 -8.876961e-05 -1.23291125 -0.9983596862544463
-9.280329 -8.821859e-05 -1.2252581944444443 -0.9921625636770245
-9.240422 -8.91041e-05 -1.2375569444444443 -1.0021215742638139
-9.200348 -8.924188e-05 -1.2394705555555554 -1.0036711360741242
-9.160724 -8.821995e-05 -1.225277083333333 -0.9921778591049677
-9.120986 -8.865706e-05 -1.2313480555555554 -0.9970938771257598
-9.081045 -8.948271e-05 -1.2428154166666665 -1.0063796639502822
-9.041144000000001 -8.839945e-05 -1.2277701388888886 -0.9941966306607137
-9.001214 -8.854968e-05 -1.2298566666666666 -0.9958862131165341
-8.961486 -8.911826e-05 -1.237753611111111 -1.002280826660635
-8.921394 -8.88466e-05 -1.2339805555555554 -0.9992255649289693
-8.881347 -8.802431e-05 -1.222559861111111 -0.9899775668087776
-8.841329 -8.916482e-05 -1.2384002777777778 -1.0028044701349277
-8.801583 -8.92561e-05 -1.2396680555555555 -1.0038310632692369
-8.761709000000002 -8.853358e-05 -1.2296330555555552 -0.9957051422416174
-8.721686 -8.896778e-05 -1.235663611111111 -1.0005884325452665
-8.681773 -8.962847e-05 -1.244839861111111 -1.008018973933377
-8.642063 -8.845774e-05 -1.2285797222222221 -0.994852197201017
-8.602181 -8.836057e-05 -1.2272301388888887 -0.9937593613677477
-8.562092 -8.952316e-05 -1.2433772222222221 -1.006834590465212
-8.522060999999999 -8.925272e-05 -1.239621111111111 -1.0037930496321428
-8.482318 -8.786582e-05 -1.220358611111111 -0.9881950871214783
-8.442236000000001 -8.931509e-05 -1.240487361111111 -1.0044945024562755
-8.40229 -8.93712e-05 -1.2412666666666665 -1.0051255513253168
-8.362245999999999 -8.814466e-05 -1.2242313888888887 -0.9913310997153737
-8.322273 -8.863179e-05 -1.2309970833333332 -0.9968096745786083
-8.282110000000001 -8.980012e-05 -1.2472238888888887 -1.0099494593793037
-8.242412 -8.871283e-05 -1.2321226388888888 -0.9977211021378153
-8.202516 -8.83782e-05 -1.2274749999999999 -0.9939576395991004
-8.162384 -8.911912e-05 -1.2377655555555556 -1.0022904987694814
-8.122205 -8.944859e-05 -1.2423415277777776 -1.0059959286551174
-8.082338 -8.802887e-05 -1.2226231944444441 -0.9900288514789399
-8.042402 -8.905778e-05 -1.236913611111111 -1.0016006299826876
-8.002264 -8.939117e-05 -1.2415440277777774 -1.0053501466900425
-7.962356 -8.867081e-05 -1.2315390277777776 -0.9972485184009213
-7.922468 -8.888406e-05 -1.2345008333333334 -0.9996468639957006
-7.882573000000001 -8.923751e-05 -1.2394098611111108 -1.0036219882652182
-7.842727 -8.893981e-05 -1.2352751388888887 -1.0002738640749922
-7.802479 -8.86809e-05 -1.2316791666666667 -0.9973619969802946
-7.762733 -8.915096e-05 -1.2382077777777776 -1.0026485917295647
-7.722747999999999 -8.893467e-05 -1.23520375 -1.0002160563546771
-7.682752000000001 -8.908763e-05 -1.2373281944444443 -1.0019363421327658
-7.642727 -8.832473e-05 -1.226732361111111 -0.9933562818548902
-7.602866 -8.937632e-05 -1.2413377777777777 -1.0051831341128679
-7.562551 -8.880833e-05 -1.2334490277777777 -0.9987951560853013
-7.522698999999999 -8.870322e-05 -1.2319891666666665 -0.997613021944775
-7.482969 -8.865617e-05 -1.2313356944444442 -0.9970838676177675
-7.44318 -8.950933e-05 -1.2431851388888886 -1.0066790494589948
-7.402921 -8.864098e-05 -1.2311247222222221 -0.9969130311836072
-7.362856 -8.806725e-05 -1.2231562499999997 -0.9904604974528093
-7.323043999999999 -8.914382e-05 -1.238108611111111 -1.0025682907328628
-7.283153 -8.90862e-05 -1.2373083333333332 -1.001920259440149
-7.243394 -8.895063e-05 -1.2354254166666665 -1.0003955527002466
-7.203514 -8.906815e-05 -1.2370576388888888 -1.0017172576207551
-7.163100999999999 -8.925307e-05 -1.239625972222222 -1.0037969859555103
-7.123189999999999 -8.874197e-05 -1.232527361111111 -0.9980488291747759
-7.083181 -8.859483e-05 -1.2304837499999999 -0.9963939988309738
-7.043488 -8.957575e-05 -1.2441076388888888 -1.007426051167812
-7.003079 -8.8817e-05 -1.2335694444444443 -0.9988926644384396
-6.963148 -8.839201e-05 -1.2276668055555553 -0.9941129556725536
-6.923403 -8.910662e-05 -1.2375919444444443 -1.002149915792062
-6.883535 -8.883249e-05 -1.2337845833333332 -0.999066874864058
-6.843319 -8.861627e-05 -1.2307815277777776 -0.996635126753844
-6.803364999999999 -8.919893e-05 -1.2388740277777777 -1.0031880929637105
-6.763403 -8.915736e-05 -1.2382966666666664 -1.0027205702140034
-6.723310000000001 -8.812535e-05 -1.2239631944444442 -0.9911139271318559
-6.683083 -8.940414e-05 -1.2417241666666663 -1.005496015587413
-6.643403 -8.823392e-05 -1.225471111111111 -0.992334974640532
-6.603507 -8.887795e-05 -1.234415972222222 -0.9995781470363377
-6.5637550000000005 -8.890445e-05 -1.2347840277777777 -0.9998761829484675
-6.523542 -8.890831e-05 -1.2348376388888886 -0.9999195949718945
-6.483214 -8.873342e-05 -1.232408611111111 -0.9979526704182209
-6.443542000000001 -8.87474e-05 -1.2326027777777777 -0.9981098984201671
-6.403412 -8.926325e-05 -1.239767361111111 -1.003911476732321
-6.363262 -8.840919e-05 -1.2279054166666665 -0.9943061729167192
-6.323644 -8.872537e-05 -1.2322968055555554 -0.9978621349807627
-6.283523 -8.874769e-05 -1.2326068055555555 -0.9981131599452432
-6.2435540000000005 -8.857584e-05 -1.2302199999999999 -0.9961804251716778
-6.203588 -8.846173e-05 -1.2286351388888888 -0.9948970712874096
-6.16356 -8.92085e-05 -1.2390069444444443 -1.003295723291223
-6.123544 -8.866974e-05 -1.2315241666666665 -0.9972364844980544
-6.083764 -8.883834e-05 -1.2338658333333332 -0.9991326676974905
-6.043319 -8.820112e-05 -1.2250155555555555 -0.9919660849077828
-6.003563 -8.894292e-05 -1.235318333333333 -1.000308841119774
-5.9637709999999995 -8.879477e-05 -1.2332606944444444 -0.9986426516713967
-5.923699 -8.839964e-05 -1.2277727777777776 -0.9941987675219705
-5.883375 -8.862018e-05 -1.2308358333333331 -0.9966791011091808
-5.843384 -8.945757e-05 -1.2424662499999997 -1.0060969234660957
-5.803680999999999 -8.78439e-05 -1.2200541666666667 -0.9879485608122752
-5.763189000000001 -8.904476e-05 -1.2367327777777775 -1.0014541987534074
-5.72345 -8.908653e-05 -1.2373129166666665 -1.001923970830753
-5.683671 -8.822596e-05 -1.2253605555555556 -0.9922454514005111
-5.643600999999999 -8.893783e-05 -1.2352476388888889 -1.000251595731369
-5.603431 -8.861525e-05 -1.230767361111111 -0.9966236551828864
-5.563458 -8.802008e-05 -1.222501111111111 -0.9899299935292186
-5.5234499999999995 -8.896607e-05 -1.235639861111111 -1.0005692007939553
-5.483847 -8.86651e-05 -1.231459722222222 -0.9971843000968361
-5.443819 -8.80307e-05 -1.222648611111111 -0.9900494328268343
-5.403625 -8.867338e-05 -1.231574722222222 -0.9972774222610787
-5.363551 -8.841894e-05 -1.2280408333333332 -0.9944158276391065
-5.323658 -8.914409e-05 -1.2381123611111111 -1.002571327325175
-5.283596999999999 -8.79592e-05 -1.2216555555555553 -0.9892452981959939
-5.243495 -8.827422e-05 -1.2260308333333332 -0.992788214159733
-5.203609999999999 -8.846132e-05 -1.2286294444444443 -0.9948924601657501
-5.163671 -8.878898e-05 -1.2331802777777778 -0.9985775336362558
-5.1235159999999995 -8.779245e-05 -1.2193395833333331 -0.9873699212772159
-5.083689000000001 -8.84387e-05 -1.2283152777777777 -0.9946380612098116
-5.043569000000001 -8.862637e-05 -1.2309218055555555 -0.9967487177995991
-5.003969 -8.86472e-05 -1.2312111111111108 -0.996982985273171
-4.964004 -8.772006e-05 -1.2183341666666665 -0.9865557771383833
-4.924100999999999 -8.895215e-05 -1.2354465277777777 -1.0004126475903008
-4.884375 -8.790978e-05 -1.2209691666666664 -0.9886894893364677
-4.844186 -8.792387e-05 -1.221164861111111 -0.9888479544686151
-4.804134 -8.843828e-05 -1.2283094444444445 -0.9946333376217702
-4.763884 -8.904173e-05 -1.2366906944444442 -1.001420121439681
-4.723903 -8.730031e-05 -1.2125043055555556 -0.9818350007566317
-4.683948999999999 -8.883057e-05 -1.2337579166666666 -0.9990452813187263
-4.643959 -8.80854e-05 -1.223408333333333 -0.9906646239360226
-4.60394 -8.80705e-05 -1.2232013888888886 -0.9904970490269385
-4.563930999999999 -8.768342e-05 -1.2178252777777776 -0.9861437003149707
-4.523681 -8.826151e-05 -1.2258543055555553 -0.9926452693882926
-4.483865 -8.814495e-05 -1.2242354166666665 -0.9913343612404498
-4.444106 -8.773385e-05 -1.2185256944444443 -0.9867108682790726
-4.403921 -8.790004e-05 -1.2208338888888886 -0.9885799470804622
-4.363743 -8.8678e-05 -1.2316388888888887 -0.9973293817295331
-4.323625 -8.740566e-05 -1.2139674999999996 -0.9830198340903243
-4.283931 -8.716138e-05 -1.210574722222222 -0.9802725053123988
-4.243967 -8.85444e-05 -1.229783333333333 -0.995826830866872
-4.203818 -8.760632e-05 -1.2167544444444442 -0.9852765845102465
-4.163847 -8.731513e-05 -1.2127101388888886 -0.9820016759346603
-4.123837000000001 -8.779395e-05 -1.2193604166666667 -0.9873867912345063
-4.083829000000001 -8.829217e-05 -1.2262801388888889 -0.9929900913153076
-4.043153 -8.688393e-05 -1.2067212499999997 -0.9771521255455923
-4.003535 -8.721503e-05 -1.211319861111111 -0.9808758874514838
-3.963639 -8.757621e-05 -1.21633625 -0.984937948234238
-3.923615 -8.722494e-05 -1.2114574999999999 -0.9809873416359821
-3.8832820000000003 -8.674215e-05 -1.2047520833333332 -0.9755575771825077
-3.843318 -8.733953e-05 -1.2130490277777777 -0.9822760939065835
-3.803592 -8.703652e-05 -1.2088405555555553 -0.9788682500675493
-3.76381 -8.6287e-05 -1.1984305555555554 -0.9704386698087037
-3.723754 -8.70376e-05 -1.2088555555555554 -0.9788803964367985
-3.6835790000000004 -8.636027e-05 -1.1994481944444442 -0.9712627109891466
-3.64379 -8.62874e-05 -1.1984361111111108 -0.970443168463981
-3.603699 -8.620182e-05 -1.1972475 -0.9694806811673754
-3.563705 -8.641184e-05 -1.2001644444444444 -0.9718427001207892
-3.523699 -8.572937e-05 -1.1906856944444444 -0.9641672069528225
-3.483514 -8.525673e-05 -1.1841212499999998 -0.9588515958770126
-3.4435819999999997 -8.593393e-05 -1.1935268055555555 -0.9664678192616994
-3.403736 -8.576165e-05 -1.1911340277777775 -0.9645302484337109
-3.363449 -8.50068e-05 -1.1806499999999998 -0.9560407235932935
-3.323554 -8.515046e-05 -1.1826452777777776 -0.957656415636182
-3.2836060000000002 -8.525772e-05 -1.1841349999999997 -0.9588627300488244
-3.243507 -8.437189e-05 -1.1718318055555554 -0.9489001205378131
-3.2038290000000003 -8.392387e-05 -1.1656093055555552 -0.943861401694329
-3.163542 -8.414227e-05 -1.1686426388888889 -0.9463176674758051
-3.123497 -8.404073e-05 -1.167232361111111 -0.9451756838336299
-3.083551 -8.228402e-05 -1.142833611111111 -0.9254186020526008
-3.0433649999999997 -8.285871e-05 -1.1508154166666664 -0.9318819325560643
-3.003643 -8.252726e-05 -1.1462119444444443 -0.9281542343268052
-2.963403 -8.089712e-05 -1.1235711111111109 -0.9098206395419365
-2.923773 -8.122168e-05 -1.1280788888888886 -0.9134708484340421
-2.8832269999999998 -8.054096e-05 -1.1186244444444442 -0.9058150368829141
-2.843544 -7.964205e-05 -1.1061395833333332 -0.8957053213443308
-2.8034879999999998 -7.927828e-05 -1.101087222222222 -0.8916141317686553
-2.763458 -7.885534e-05 -1.0952130555555555 -0.8868574786110662
-2.723563 -7.752877e-05 -1.076788472222222 -0.8719380257826199
-2.683338 -7.655205e-05 -1.0632229166666667 -0.8609532093261949
-2.6433180000000003 -7.61785e-05 -1.058034722222222 -0.8567520276289862
-2.603514 -7.492866e-05 -1.0406758333333332 -0.8426955293491328
-2.563236 -7.334505e-05 -1.0186812499999998 -0.824885240639411
-2.523422 -7.2804e-05 -1.0111666666666665 -0.8188002470447793
-2.483458 -7.229402e-05 -1.0040836111111109 -0.8130646864988216
-2.4433380000000002 -7.013876e-05 -0.9741494444444443 -0.7888252570657447
-2.403356 -6.951125e-05 -0.9654340277777776 -0.7817678791328966
-2.3634299999999997 -6.837076e-05 -0.9495938888888887 -0.7689412007395103
-2.32328 -6.727791e-05 -0.9344154166666665 -0.7566503121896656
-2.283634 -6.585856e-05 -0.9147022222222222 -0.7406873962696201
-2.2434209999999997 -6.495423e-05 -0.9021420833333333 -0.7305167239520276
-2.203199 -6.389244e-05 -0.8873949999999997 -0.7185751559844751
-2.163261 -6.216986e-05 -0.8634702777777777 -0.6992019219649929
-2.1234029999999997 -6.172342e-05 -0.8572697222222221 -0.6941809728098547
-2.083261 -6.113806e-05 -0.8491397222222221 -0.6875976406768657
-2.04344 -5.941121e-05 -0.8251556944444443 -0.6681763835122968
-2.003319 -5.841322e-05 -0.8112947222222222 -0.6569523510614944
-1.9630509999999999 -5.777487e-05 -0.8024287499999999 -0.649773059570628
-1.922893 -5.597339e-05 -0.7774081944444443 -0.6295124657976728
-1.883116 -5.505772e-05 -0.7646905555555554 -0.6192142566029653
-1.842912 -5.43047e-05 -0.7542319444444444 -0.610745313110442
-1.8030350000000002 -5.328811e-05 -0.7401126388888888 -0.5993120931892392
-1.7630139999999999 -5.221224e-05 -0.7251699999999999 -0.5872121725559214
-1.722958 -5.121511e-05 -0.711320972222222 -0.5759978122139654
-1.6829880000000002 -5.024648e-05 -0.6978677777777776 -0.5651039810605263
-1.643375 -4.890847e-05 -0.6792843055555554 -0.5500558666911457
-1.6030229999999999 -4.816542e-05 -0.6689641666666666 -0.5416990521814123
-1.5630229999999998 -4.726189e-05 -0.6564151388888888 -0.5315373771743748
-1.522846 -4.565902e-05 -0.6341530555555555 -0.5135104782130449
-1.483208 -4.464699e-05 -0.6200970833333332 -0.5021285429620046
-1.443073 -4.461818e-05 -0.6196969444444442 -0.5018045273156478
-1.403412 -4.269427e-05 -0.5929759722222221 -0.4801670076286537
-1.362949 -4.138141e-05 -0.5747418055555554 -0.46540174620984137
-1.3230730000000002 -4.120711e-05 -0.5723209722222221 -0.46344145717270196
-1.283393 -3.963984e-05 -0.5505533333333333 -0.4458149385310632
-1.2429949999999999 -3.81328e-05 -0.5296222222222221 -0.42886580490782317
-1.2032049999999999 -3.770008e-05 -0.5236122222222221 -0.4239991596287009
-1.163292 -3.597234e-05 -0.4996158333333332 -0.40456789295613965
-1.123458 -3.522028e-05 -0.48917055555555544 -0.39610974623628226
-1.083014 -3.356097e-05 -0.46612458333333323 -0.3774480870153072
-1.0429490000000001 -3.292399e-05 -0.45727763888888884 -0.370284203418766
-1.003261 -3.169519e-05 -0.44021097222222216 -0.3564643344065053
-0.9633378 -3.043068e-05 -0.42264833333333324 -0.3422428479443522
-0.9228008 -2.979644e-05 -0.41383944444444437 -0.3351097801364615
-0.8827636999999999 -2.791886e-05 -0.3877619444444444 -0.3139933171969755
-0.8432329999999999 -2.67638e-05 -0.3717194444444444 -0.3010027752851088
-0.8031434000000001 -2.641252e-05 -0.3668405555555555 -0.29705205622047104
-0.7626526 -2.474634e-05 -0.3436991666666666 -0.27831313259510604
-0.7230065 -2.302367e-05 -0.3197731944444444 -0.25893888637818624
-0.6833101 -2.258937e-05 -0.3137412499999999 -0.25405447141071813
-0.6430507 -2.112452e-05 -0.2933961111111111 -0.23757983345286493
-0.6026619 -2.033281e-05 -0.2824001388888889 -0.22867575752863248
-0.5627708 -1.8283e-05 -0.25393055555555555 -0.20562228609306768
-0.5229952 -1.761529e-05 -0.2446568055555555 -0.19811279330483803
-0.4831198 -1.64812e-05 -0.22890555555555553 -0.18535809339589054
-0.4429489 -1.442876e-05 -0.2003994444444444 -0.16227504330187667
-0.4026341 -1.351126e-05 -0.18765638888888886 -0.15195625275927482
-0.362799 -1.26973e-05 -0.17635138888888885 -0.14280193913523537
-0.3228378 -1.114737e-05 -0.15482458333333332 -0.1253704371998731
-0.2826669 -9.639181e-06 -0.13387751388888888 -0.10840838118934869
-0.2427081 -9.085774e-06 -0.12619130555555552 -0.10218441288655886
-0.2026952 -7.611535e-06 -0.10571576388888887 -0.08560418024270622
-0.1627081 -6.215881e-06 -0.08633168055555554 -0.06990776466129538
-0.1227329 -5.062863e-06 -0.07031754166666665 -0.056940188384619964
-0.08295814 -3.697898e-06 -0.051359694444444444 -0.04158892088273165
-0.04262916 -2.37117e-06 -0.032932916666666666 -0.026667691085450924
-0.002689608 -1.312571e-06 -0.018230152777777776 -0.014762011140374332
0.03764373 3.584695e-07 0.004978743055555555 0.004031576769930477
0.07742744 2.091343e-06 0.029046430555555548 0.023520578059658393
0.11715300000000001 2.663679e-06 0.03699554166666666 0.02995743397681433
0.1575049 4.288628e-06 0.05956427777777777 0.04823264746282014
0.1976916 5.876421e-06 0.08161695833333332 0.06608998086010562
0.2376715 6.602527e-06 0.09170176388888887 0.07425623233228704
0.2773897 7.988928e-06 0.11095733333333332 0.08984858277049275
0.31740300000000005 9.435634e-06 0.1310504722222222 0.10611916172496179
0.35738970000000003 1.123955e-05 0.1561048611111111 0.1264071523085565
0.39744 1.169962e-05 0.16249472222222222 0.13158139314227296
0.4376067 1.349941e-05 0.18749180555555556 0.151822980096681
0.4775784 1.5106e-05 0.20980555555555555 0.16989171655209104
0.5175234000000001 1.564492e-05 0.21729055555555557 0.1759527548073706
0.5574557 1.705897e-05 0.23693013888888884 0.19185606354499035
0.5974586000000001 1.870137e-05 0.25974125 0.2103275421141122
0.6377734 2.053647e-05 0.28522875 0.23096624786313524
0.6778425 2.055343e-05 0.2854643055555555 0.23115699084689822
0.7174401 2.266465e-05 0.31478680555555555 0.25490111833393025
0.7576993 2.472256e-05 0.34336888888888883 0.2780456875388629
0.7978331 2.493836e-05 0.34636611111111104 0.28047271206103563
0.8378011 2.653194e-05 0.3684991666666666 0.2983951297535473
0.8778803000000001 2.842843e-05 0.39483930555555546 0.31972426662127373
0.9176808 2.923727e-05 0.40607319444444434 0.3288209974577621
0.9577766 2.989566e-05 0.4152174999999999 0.33622567157802763
0.9977456 3.170707e-05 0.44037597222222213 0.35659794446824494
1.037739 3.287683e-05 0.45662263888888877 0.36975381196155716
1.077727 3.314565e-05 0.4603562499999999 0.37277713324075307
1.118162 3.429245e-05 0.47628402777777773 0.38567477792114085
1.1583379999999999 3.589242e-05 0.4985058333333332 0.4036690616317094
1.198022 3.544568e-05 0.492301111111111 0.3986447384851133
1.237875 3.59557e-05 0.49938472222222213 0.40438074889659864
1.277922 3.97948e-05 0.5527055555555556 0.447557717585539
1.3178610000000002 3.988325e-05 0.5539340277777777 0.4485524827337604
1.357635 4.068562e-05 0.5650780555555555 0.4575764478211363
1.398088 4.209382e-05 0.5846363888888889 0.47341396372532374
1.438229 4.385832e-05 0.6091433333333334 0.49325865681788067
1.478236 4.392353e-05 0.6100490277777777 0.49399205009448344
1.518192 4.517532e-05 0.627435 0.5080704793188143
1.55806 4.71986e-05 0.655536111111111 0.5308255774431037
1.598116 4.77179e-05 0.662748611111111 0.5366659566570253
1.638227 4.809221e-05 0.6679473611111111 0.540875685799261
1.67789 5.029675e-05 0.6985659722222222 0.5656693495625172
1.717903 5.109702e-05 0.7096808333333332 0.5746696967096866
1.7583469999999999 5.094076e-05 0.7075105555555554 0.5729122970255591
1.798182 5.304697e-05 0.7367634722222222 0.5966000788552414
1.838023 5.42894e-05 0.7540194444444444 0.6105732395460804
1.87819 5.427136e-05 0.7537688888888888 0.6103703501930684
1.918422 5.571877e-05 0.7738718055555553 0.6266488467808257
1.958201 5.733549e-05 0.7963262499999998 0.6448315116811365
1.998033 5.795018e-05 0.804863611111111 0.651744707712343
2.037965 5.882908e-05 0.8170705555555554 0.661629378020673
2.077959 6.012871e-05 0.8351209722222221 0.6762458464161843
2.118264 6.125416e-05 0.8507522222222221 0.6889033753711394
2.1578519999999997 6.200941e-05 0.8612418055555554 0.6973973988668343
2.198172 6.299231e-05 0.8748931944444444 0.7084517195472957
2.2381260000000003 6.461439e-05 0.8974220833333333 0.7266946664283241
2.2783290000000003 6.511369e-05 0.9043568055555555 0.7323101128783744
2.318428 6.727979e-05 0.9344415277777778 0.7566714558694697
2.358366 6.83016e-05 0.9486333333333332 0.7681633832420429
2.398258 6.923253e-05 0.9615629166666665 0.7786332161355844
2.43807 6.94286e-05 0.9642861111111111 0.780838344486198
2.478192 7.127722e-05 0.9899613888888887 0.8016291047835982
2.518098 7.242967e-05 1.0059676388888887 0.8145902929697797
2.55832 7.288055e-05 1.0122298611111111 0.8196611771984972
2.598013 7.42988e-05 1.0319277777777778 0.83561172181653
2.638033 7.464743e-05 1.036769861111111 0.8395326372899546
2.678135 7.602042e-05 1.0558391666666664 0.8549741590633464
2.718283 7.673322e-05 1.0657391666666665 0.8629907627677242
2.7583939999999996 7.88605e-05 1.095284722222222 0.8869155112641449
2.798496 7.898406e-05 1.0970008333333332 0.8883051458793427
2.838211 7.921854e-05 1.1002574999999997 0.8909422576029712
2.878163 8.046709e-05 1.1175984722222219 0.9049842477195549
2.918181 8.196288e-05 1.1383733333333332 0.9218068566631173
2.958468 8.082849e-05 1.1226179166666665 0.9090487827627118
2.99844 8.204512e-05 1.1395155555555554 0.9227317801881567
3.038456 8.329229e-05 1.1568373611111107 0.9367582499440331
3.078227 8.280432e-05 1.1500599999999996 0.931270227904716
3.118228 8.305896e-05 1.1535966666666666 0.9341340718543272
3.158512 8.44293e-05 1.1726291666666664 0.9495457900365059
3.198496 8.454989e-05 1.1743040277777776 0.9509020221362688
3.238653 8.403703e-05 1.167180972222222 0.9451340712723135
3.278333 8.515301e-05 1.1826806944444443 0.9576850945635755
3.318681 8.529994e-05 1.1847213888888886 0.9593375631133569
3.358653 8.524459e-05 1.1839526388888888 0.9587150616893428
3.398683 8.592013e-05 1.1933351388888886 0.9663126156546281
3.438607 8.58738e-05 1.1926916666666665 0.9657915589071199
3.478551 8.57578e-05 1.1910805555555555 0.9644869488766658
3.518829 8.605757e-05 1.1952440277777778 0.9678583536079527
3.558729 8.573521e-05 1.1907668055555556 0.964232887319873
3.598801 8.694974e-05 1.2076352777777775 0.9778922668051111
3.6389180000000003 8.589698e-05 1.193013611111111 0.966052255980447
3.6790700000000003 8.674518e-05 1.2047941666666664 0.9755916544962342
3.718786 8.751541e-05 1.2154918055555555 0.9842541526320688
3.758711 8.698583e-05 1.2081365277777778 0.9782981579775173
3.798931 8.688422e-05 1.2067252777777775 0.9771553870706684
3.8389960000000003 8.765086e-05 1.2173730555555553 0.985777509775388
3.878805 8.762668e-05 1.217037222222222 0.9855055660638675
3.918533 8.693155e-05 1.2073826388888889 0.9776876904563703
3.958987 8.770367e-05 1.2181065277777778 0.9863714447383908
3.998994 8.787136e-05 1.2204355555555553 0.9882573934970705
4.03894 8.772757e-05 1.218438472222222 0.9866402393912168
4.079229 8.764352e-05 1.217271111111111 0.9856949594510473
4.119013 8.801363e-05 1.2224115277777776 0.9898574527128701
4.158811 8.752529e-05 1.2156290277777777 0.9843652694174214
4.19907 8.851113e-05 1.22932125 0.9954526552141719
4.239183 8.78632e-05 1.220322222222222 0.9881656209294111
4.279107 8.863437e-05 1.2310329166666665 0.9968386909051477
4.319098 8.76129e-05 1.2168458333333332 0.98535058738956
4.358949 8.783922e-05 1.2199891666666665 0.9878959265455293
4.399292 8.859728e-05 1.2305177777777776 0.996421553094548
4.439202 8.853566e-05 1.2296619444444443 0.9957285352490602
4.478885 8.803875e-05 1.2227604166666666 0.9901399682642926
4.519061 8.844316e-05 1.2283772222222222 0.9946882212161549
4.559352 8.860578e-05 1.230635833333333 0.9965171495191933
4.598899 8.837331e-05 1.227407083333333 0.9939026435383338
4.639228 8.859284e-05 1.230456111111111 0.9963716180209685
4.679438 8.897277e-05 1.2357329166666666 1.0006445532698522
4.7197 8.817838e-05 1.224699722222222 0.9917103363552608
4.759635 8.867353e-05 1.2315768055555554 0.997279109256808
4.799403 8.90688e-05 1.2370666666666663 1.0017245679355808
4.8397179999999995 8.807306e-05 1.2232369444444444 0.9905258404207141
4.879607 8.871769e-05 1.232190138888889 0.9977757607994361
4.919357 8.916252e-05 1.238368333333333 1.0027786028670824
4.959249 8.854478e-05 1.229788611111111 0.9958311045893855
4.999023 8.837987e-05 1.227498194444444 0.9939764214848835
5.039274000000001 8.901596e-05 1.2363327777777777 1.0011302955734327
5.078975000000001 8.925449e-05 1.2396456944444445 1.0038129561817453
5.118894 8.845441e-05 1.228533472222222 0.9948147458958325
5.159264 8.86808e-05 1.2316777777777776 0.9973608723164752
5.199487 8.901322e-05 1.236294722222222 1.001099479784782
5.239249 8.889323e-05 1.2346281944444442 0.9997499956679355
5.279246 8.852001e-05 1.2294445833333332 0.9955525253613308
5.319353 8.948646e-05 1.2428674999999998 1.006421838843508
5.3592830000000005 8.871984e-05 1.23222 0.9977999410715523
5.3994219999999995 8.899445e-05 1.2360340277777775 1.0008883803858888
5.439459 8.871167e-05 1.2321065277777776 0.9977080560375108
5.479531 8.964832e-05 1.2451155555555553 1.0082422197015195
5.519357 8.831517e-05 1.2265995833333332 0.9932487639937596
5.559283000000001 8.930685e-05 1.2403729166666664 1.0044018301575606
5.599343 8.89338e-05 1.2351916666666665 1.0002062717794487
5.6392370000000005 8.887852e-05 1.2344238888888885 0.999584557620108
5.679625 8.865284e-05 1.2312894444444442 0.9970464163125827
5.719323999999999 8.908087e-05 1.2372343055555555 1.0018603148585774
5.759338 8.946431e-05 1.242559861111111 1.0061727258075204
5.79957 8.870673e-05 1.2320379166666664 0.9976524976448344
5.839513 8.931051e-05 1.24042375 1.0044429928533491
5.879644 8.882509e-05 1.2336818055555554 0.9989836497414256
5.919692 8.921397e-05 1.2390829166666666 1.0033572424021417
5.959848 8.904659e-05 1.2367581944444443 1.0014747801013018
5.999833 8.886747e-05 1.2342704166666665 0.9994602822680692
6.039404 8.922686e-05 1.2392619444444442 1.0035022115684566
6.079561 8.894506e-05 1.2353480555555554 1.0003329089255084
6.119838 8.940938e-05 1.2417969444444443 1.0055549479715475
6.159783 8.946462e-05 1.2425641666666665 1.0061762122653604
6.1998109999999995 8.888271e-05 1.2344820833333334 0.9996316810341392
6.239758 8.912246e-05 1.2378119444444442 1.0023280625410478
6.2792650000000005 8.953449e-05 1.243534583333333 1.006962014875945
6.3197920000000005 8.904579e-05 1.2367470833333332 1.001465782790747
6.359456 8.858753e-05 1.2303823611111109 0.9963118983721607
6.399265000000001 8.937871e-05 1.2413709722222221 1.0052100135781508
6.439774000000001 8.961631e-05 1.244670972222222 1.0078822148129432
6.479749 8.853716e-05 1.2296827777777777 0.9957454052063505
6.519709 8.920713e-05 1.2389879166666664 1.0032803153968977
6.559959 8.98231e-05 1.2475430555555553 1.0102079071249919
6.599824 8.91461e-05 1.2381402777777775 1.0025939330679439
6.639478 8.907151e-05 1.2371043055555553 1.0017550463250855
6.6796999999999995 8.973641e-05 1.2463390277777775 1.0092329360599912
6.719765000000001 8.895781e-05 1.2355251388888886 1.0004763035624764
6.76007 8.911194e-05 1.2376658333333332 1.0022097479072516
6.8002 8.94496e-05 1.2423555555555554 1.0060072877596928
6.840088 8.918253e-05 1.2386462499999997 1.0030036480973357
6.879938 8.90916e-05 1.2373833333333333 1.0019809912863944
6.920237 8.956106e-05 1.2439036111111108 1.0072608380527484
6.960069000000001 8.941806e-05 1.2419174999999998 1.0056525687910676
6.999875 8.919519e-05 1.2388220833333332 1.0031460305368665
7.039917999999999 8.918883e-05 1.23873375 1.0030745019179552
7.079978 8.924969e-05 1.2395790277777778 1.0037589723184162
7.120116 8.962507e-05 1.2447926388888886 1.0079807353635188
7.160228 8.86841e-05 1.231723611111111 0.997397986222514
7.200353 8.944423e-05 1.2422809722222221 1.0059468933125935
7.240153 8.950983e-05 1.2431920833333332 1.0066846727780916
7.280079 8.883292e-05 1.2337905555555553 0.9990717109184812
7.320181 8.877918e-05 1.2330441666666665 0.9984673165819588
7.360192 9.034096e-05 1.2547355555555555 1.016032091179915
7.400005 8.898179e-05 1.2358581944444442 1.0007459979463582
7.440069 8.893948e-05 1.2352705555555554 1.0002701526843882
7.480237 8.984397e-05 1.2478329166666664 1.0104426244640916
7.52044 8.931771e-05 1.24052375 1.0045239686483427
7.560311 8.859267e-05 1.23045375 0.9963697060924758
7.600255 8.93854e-05 1.2414638888888887 1.0052852535876657
7.639975000000001 8.94199e-05 1.2419430555555555 1.005673262605344
7.679765000000001 8.902901e-05 1.2365140277777777 1.0012770642018587
7.7201260000000005 8.913444e-05 1.237978333333333 1.0024627972666067
7.760255 8.980604e-05 1.247306111111111 1.0100160394774096
7.800255 8.917569e-05 1.2385512499999998 1.0029267210920916
7.840513 8.913794e-05 1.2380269444444443 1.0025021605002844
7.880117 8.921675e-05 1.2391215277777776 1.0033885080563198
7.920005 8.99408e-05 1.2491777777777777 1.0115316364403752
7.960117 8.928504e-05 1.24007 1.0041565409785589
8.000246 8.890149e-05 1.2347429166666666 0.9998428928994145
8.040432 8.952228e-05 1.2433649999999998 1.0068246934236016
8.080164 8.926436e-05 1.2397827777777777 1.0039239605007158
8.120125 8.895112e-05 1.2354322222222223 1.0004010635529614
8.160449999999999 8.955926e-05 1.243878611111111 1.0072405941040001
8.200505 8.908482e-05 1.2372891666666668 1.001904739079442
8.240371 8.892602e-05 1.235083611111111 1.0001187729343028
8.280107 8.956632e-05 1.2439766666666665 1.0073199953696466
8.320339 8.915939e-05 1.238324861111111 1.0027434008895366
8.36069 8.916316e-05 1.238377222222222 1.0027858007155261
8.400438 8.957316e-05 1.2440716666666665 1.0073969223748906
8.440653000000001 8.918681e-05 1.2387056944444443 1.0030517837088044
8.480664 8.916422e-05 1.2383919444444442 1.0027977221520115
8.520700000000001 8.926438e-05 1.2397830555555553 1.0039241854334795
8.560559999999999 8.94745e-05 1.2427013888888887 1.0062873290507128
8.60045 8.897131e-05 1.2357126388888886 1.0006281331780895
8.640848 8.934689e-05 1.2409290277777778 1.0048521455508312
8.680569 8.913493e-05 1.2379851388888887 1.0024683081193217
8.720370999999998 8.946039e-05 1.2425054166666665 1.0061286389858015
8.760116 8.883002e-05 1.2337502777777778 0.99903909566772
8.80057 8.955915e-05 1.243877083333333 1.0072393569737985
8.840494000000001 8.960467e-05 1.2445093055555554 1.00775130394437
8.880542 8.870746e-05 1.2320480555555553 0.9976607076907157
8.920532 8.946811e-05 1.2426126388888887 1.006215463032656
8.96044 8.95062e-05 1.2431416666666664 1.006643847481449
9.00045 8.93994e-05 1.2416583333333333 1.0054427065223757
9.040700999999999 8.904041e-05 1.236672361111111 1.0014052758772656
9.080277 8.975533e-05 1.2466018055555554 1.0094457224546136
9.120728 8.910151e-05 1.2375209722222218 1.0020924454708924
9.160768000000001 8.944279e-05 1.2422609722222222 1.0059306981535947
9.200562 8.940075e-05 1.2416770833333333 1.005457889483937
9.240806000000001 8.896533e-05 1.235629583333333 1.000560878281692
9.280412 8.91426e-05 1.2380916666666664 1.0025545698342664
9.320409 8.922409e-05 1.2392234722222222 1.0034710583806608
9.360366 8.947626e-05 1.242725833333333 1.0063071231339336
9.400793 8.922217e-05 1.2391968055555556 1.0034494648353292
9.440824000000001 8.886126e-05 1.2341841666666666 0.9993904406448872
9.480514999999999 8.947342e-05 1.2426863888888888 1.0062751826814638
9.520710999999999 8.904699e-05 1.23676375 1.0014792787565792
9.560663 8.903746e-05 1.2366313888888887 1.0013720982945944
9.600607 8.955881e-05 1.2438723611111109 1.0072355331168128
9.640366 8.92097e-05 1.239023611111111 1.0033092192570552
9.680681 8.930761e-05 1.240383472222222 1.0044103776025877
9.720692 8.927145e-05 1.2398812499999998 1.0040036991655081
9.760588 8.949159e-05 1.2429387499999998 1.006479534097441
9.800848 8.914655e-05 1.2381465277777777 1.0025989940551312
9.840664 8.890759e-05 1.2348276388888888 0.9999114973923953
9.880645000000001 9.011142e-05 1.2515474999999996 1.0134505378489622
9.920466000000001 8.927777e-05 1.2399690277777777 1.0040747779188917
9.960672 8.87442e-05 1.2325583333333332 0.9980739091779476
10.00339 8.901634e-05 1.2363380555555554 1.0011345692959461
