Keff(MJ/m3):-0.13337598657383332 Ms(MA/m):1.1693823586309524
H(kOe) moment(emu) M(MA/m) M_norm()
9.958403 7.845739e-05 1.1675206845238097 0.9984079851270183
9.920214 8.227082e-05 1.224268154761905 1.046935714162141
9.881894 7.916633e-05 1.178070386904762 1.007429587260048
9.843172000000001 7.871822e-05 1.1714020833333334 1.0017271722011827
9.804102 7.8384e-05 1.1664285714285716 0.9974740621144319
9.765394 7.74463e-05 1.1524747023809525 0.9855413790663009
9.726218000000001 7.82912e-05 1.1650476190476193 0.9962931375256866
9.686616 7.840303e-05 1.166711755952381 0.9977162280080075
9.647507 7.868942e-05 1.1709735119047617 1.0013606783632962
9.608311 7.833518e-05 1.1657020833333334 0.9968528041572923
9.568522999999999 7.843438e-05 1.167178273809524 0.9981151718211236
9.528752 7.909897e-05 1.1770680059523808 1.006572398894769
9.48932 7.800838e-05 1.1608389880952381 0.9926941171357191
9.449309 7.850004e-05 1.1681553571428571 0.9989507268695829
9.409941 7.848659e-05 1.1679552083333333 0.9987795691570976
9.369931000000001 8.009304e-05 1.1918607142857143 1.01922241727768
9.32994 7.841534e-05 1.1668949404761906 0.9978728786727431
9.28994 7.842202e-05 1.1669943452380953 0.9979578848823639
9.250486 7.865606e-05 1.1704770833333333 1.000936156334411
9.210422000000001 7.84754e-05 1.1677886904761905 0.9986371710305022
9.170672 7.843076e-05 1.167124404761905 0.9980691055817783
9.1302 7.594883e-05 1.1301909226190479 0.9664853538086654
9.090374 7.775328e-05 1.1570428571428575 0.9894478470647177
9.050486000000001 7.842041e-05 1.166970386904762 0.9979373968587878
9.010629000000002 7.657126e-05 1.139453273809524 0.9744060746251827
8.970995 7.718147e-05 1.1485337797619048 0.9821712900702078
8.930789 7.838102e-05 1.1663842261904762 0.997436140182595
8.890468 7.830986e-05 1.1653252976190478 0.9965305949914839
8.850355 7.877645e-05 1.1722686011904764 1.0024681769296597
8.81061 7.851976e-05 1.1684488095238097 0.9992016733446912
8.770755 7.839935e-05 1.1666569940476192 0.9976693982398332
8.730799000000001 7.839911e-05 1.1666534226190477 0.9976663441245174
8.690921 7.833221e-05 1.1656578869047618 0.9968150094802601
8.650754999999998 7.848935e-05 1.1679962797619048 0.9988146914832284
8.610709 7.836294e-05 1.1661151785714288 0.9972060634954774
8.57031 7.830546e-05 1.1652598214285714 0.9964746028773622
8.530742 7.847642e-05 1.1678038690476191 0.9986501510205941
8.490986000000001 7.830434e-05 1.1652431547619049 0.9964603503392222
8.450764 8.036245e-05 1.195869791666667 1.0226507889743817
8.410568999999999 7.85524e-05 1.1689345238095241 0.9996170330276295
8.370316999999998 7.852839e-05 1.1685772321428574 0.9993114942412525
8.330449 7.920124e-05 1.1785898809523812 1.0078738337836808
8.290422000000001 7.791629e-05 1.1594686011904762 0.9915222276381159
8.250572 7.841887e-05 1.1669474702380953 0.9979177996188451
8.210818999999999 7.821026e-05 1.163843154761905 0.9952631371354598
8.1707 7.844037e-05 1.167267410714286 0.9981913974492119
8.130431 7.859283e-05 1.1695361607142858 1.0001315242035236
8.090403 7.805846e-05 1.1615842261904763 0.9933314091982662
8.050385 7.826411e-05 1.1646444940476193 0.9959484042594245
8.010525 7.841351e-05 1.1668677083333334 0.9978495910434607
7.970236 7.751903e-05 1.1535569940476191 0.9864669032617691
7.930273000000001 7.800913e-05 1.160850148809524 0.9927036612460808
7.89029 7.838357e-05 1.1664221726190476 0.9974685901578244
7.850421 7.854185e-05 1.1687775297619047 0.9994827792085424
7.8104499999999994 7.893149e-05 1.174575744047619 1.0044411354236151
7.770224 7.960398e-05 1.184583035714286 1.01299889379307
7.730458 7.835629e-05 1.1660162202380955 0.9971214390502711
7.690195 7.858437e-05 1.169410267857143 1.0000238666386443
7.650236 7.760725e-05 1.1548697916666668 0.9875895451499062
7.610023 7.840944e-05 1.166807142857143 0.9977977983378983
7.570189999999999 7.784167e-05 1.1583581845238096 0.9905726522845364
7.530005 7.758714e-05 1.154570535714286 0.9873336357374097
7.4898940000000005 7.844472e-05 1.167332142857143 0.9982467532893093
7.450073000000001 7.834632e-05 1.1658678571428573 0.9969945660098637
7.410449 7.846963e-05 1.1677028273809527 0.9985637450081202
7.370337999999999 7.848462e-05 1.167925892857143 0.9987544999605479
7.330033 7.845779e-05 1.1675266369047619 0.9984130753192112
7.290025 7.993135e-05 1.1894546130952384 1.017164834338518
7.25057 7.839776e-05 1.1666333333333334 0.9976491647258665
7.210088 7.842569e-05 1.1670489583333334 0.9980045873957336
7.169818 7.894433e-05 1.1747668154761908 1.0046045305930065
7.1299399999999995 7.860593e-05 1.1697311011904763 1.0002982279978399
7.089681 7.848571e-05 1.1679421130952383 0.9987683707342735
7.0496859999999995 7.742963e-05 1.152226636904762 0.9853292453066631
7.009811 7.813341e-05 1.1626995535714286 0.9942851839604048
6.970063 7.833639e-05 1.1657200892857145 0.9968682019886759
6.930357 7.838132e-05 1.1663886904761906 0.9974399578267398
6.889949 7.864484e-05 1.1703101190476193 1.0007933764434014
6.84978 7.816331e-05 1.1631444940476192 0.9946656758268217
6.810153000000001 7.827148e-05 1.1647541666666668 0.9960421910505781
6.769921999999999 7.844237e-05 1.1672971726190478 0.9982168484101762
6.7301009999999994 7.813526e-05 1.1627270833333334 0.9943087260992969
6.689903 7.841315e-05 1.1668623511904763 0.9978450098704872
6.6500699999999995 7.527293e-05 1.120132886904762 0.9578842015507665
6.609866 7.830893e-05 1.1653114583333333 0.9965187602946353
6.569246 7.837116e-05 1.1662375000000003 0.9973106669450409
6.52945 7.831742e-05 1.1654377976190478 0.9966267996239291
6.489449 7.809802e-05 1.1621729166666666 0.9938348292061407
6.449319999999999 7.845279e-05 1.1674522321428573 0.9983494479168005
6.409318 7.843659e-05 1.1672111607142859 0.9981432951329892
6.369561 7.853044e-05 1.1686077380952382 0.9993375814762409
6.329384 7.82926e-05 1.1650684523809525 0.9963109531983615
6.289524999999999 7.833214e-05 1.1656568452380955 0.9968141186966266
6.249606 7.833278e-05 1.1656663690476192 0.9968222630041351
6.2097430000000005 7.758485e-05 1.1545364583333335 0.9873044943871055
6.169689999999999 7.835466e-05 1.1659919642857144 0.997100696517085
6.129761 7.822127e-05 1.1640069940476192 0.9954032446755683
6.089783000000001 7.802077e-05 1.1610233630952382 0.9928517858388932
6.049412 7.838392e-05 1.166427380952381 0.9974730440759934
6.009412 7.791855e-05 1.1595022321428574 0.9915509872240058
5.969449 7.71464e-05 1.1480119047619048 0.9817250074696979
5.929271 7.635229e-05 1.1361947916666668 0.9716195761640019
5.889609999999999 7.894116e-05 1.1747196428571431 1.004564190819878
5.849698999999999 7.801429e-05 1.1609269345238096 0.9927693247253687
5.809457999999999 7.799221e-05 1.1605983630952383 0.9924883461163224
5.769233 7.825805e-05 1.1645543154761906 0.9958712878477025
5.7291989999999995 7.824224e-05 1.1643190476190477 0.9956700980012795
5.689421 8.002891e-05 1.1909063988095239 1.0184063322143584
5.649337999999999 7.942577e-05 1.1819311011904765 1.0107310859163425
5.609109999999999 7.952275e-05 1.1833742559523812 1.0119652030135033
5.569255 7.826259e-05 1.1646218750000004 0.9959290615290918
5.529033 7.831157e-05 1.1653507440476192 0.9965523555631083
5.489158000000001 7.818949e-05 1.1635340773809526 0.994998828905845
5.448996 7.966618e-05 1.185508630952381 1.013790418679061
5.409158000000001 7.827993e-05 1.1648799107142858 0.9961497213606525
5.36919 7.814915e-05 1.1629337797619048 0.9944854830231942
5.329148 7.704976e-05 1.1465738095238096 0.980495217035901
5.288810000000001 7.818983e-05 1.163539136904762 0.9950031555692089
5.248808 7.78222e-05 1.1580684523809526 0.9903248871795487
5.209148 7.81357e-05 1.1627336309523812 0.9943143253107091
5.169042 7.799504e-05 1.1606404761904765 0.9925243592260871
5.128903 7.813083e-05 1.1626611607142858 0.9942523522207609
5.089301000000001 7.607277e-05 1.132035267857143 0.9680625498596256
5.04894 7.807095e-05 1.1617700892857143 0.9934903504494885
5.009205 7.841509e-05 1.1668912202380952 0.9978696973026224
4.9690140000000005 7.799374e-05 1.160621130952381 0.9925078161014601
4.929246 7.675604e-05 1.1422029761904762 0.976757488908678
4.889261 7.656607e-05 1.139376041666667 0.9743400293814802
4.8493379999999995 7.809428e-05 1.162117261904762 0.9937872359091375
4.809251000000001 7.790383e-05 1.1592831845238096 0.9913636681513083
4.769329 7.693678e-05 1.1448925595238095 0.9790574922510253
4.729273 7.813449e-05 1.1627156250000001 0.9942989274793256
4.6890730000000005 7.750563e-05 1.1533575892857144 0.9862963818233079
4.6489579999999995 7.860873e-05 1.169772767857143 1.00033385934319
4.609082 7.795869e-05 1.1600995535714287 0.9920617880105601
4.569218 7.845729e-05 1.1675191964285716 0.9984067125789702
4.528514 7.836336e-05 1.1661214285714288 0.99721140819728
4.488865 7.804705e-05 1.1614144345238095 0.9931862114659646
4.449106 7.783207e-05 1.1582153273809523 0.9904504876719076
4.408829 7.765621e-05 1.1555983630952382 0.9882125846743133
4.368505 7.910864e-05 1.1772119047619052 1.0066954542910318
4.328855 7.772391e-05 1.1566058035714286 0.9890740997029561
4.288903 7.770683e-05 1.156351636904762 0.9888567484963207
4.248698999999999 7.635192e-05 1.136189285714286 0.9716148677362235
4.20879 7.781021e-05 1.157890029761905 0.9901723086685675
4.168848 7.768731e-05 1.1560611607142857 0.9886083471173086
4.128939999999999 7.842575e-05 1.167049851190476 0.9980053509245623
4.088672 7.778734e-05 1.1575497023809527 0.9898812769299402
4.048657 7.767174e-05 1.1558294642857145 0.9884102113862014
4.008662 7.766807e-05 1.1557748511904762 0.9883635088728318
3.968667 7.711935e-05 1.1476093750000003 0.9813807832226554
3.928921 7.750018e-05 1.1532764880952382 0.9862270279546802
3.88869 7.808003e-05 1.1619052083333334 0.9936058978122665
3.8483009999999997 7.763661e-05 1.1553066964285714 0.9879631652568627
3.808236 7.669593e-05 1.1413084821428572 0.9759925602768947
3.768157 7.726272e-05 1.1497428571428572 0.983205235359384
3.728431 7.723892e-05 1.1493886904761907 0.9829023689239085
3.688375 7.742803e-05 1.1522028273809524 0.9853088845378916
3.6485250000000002 7.715174e-05 1.1480913690476193 0.9817929615354729
3.6083290000000003 7.719474e-05 1.1487312500000002 0.9823401571962063
3.56829 7.819951e-05 1.1636831845238096 0.9951263382202763
3.528505 7.788255e-05 1.1589665178571429 0.9910928699266476
3.48862 7.87102e-05 1.171282738095238 1.0016251138477157
3.448366 7.77411e-05 1.156861607142857 0.9892928507124445
3.4084969999999997 7.70437e-05 1.146483630952381 0.980418100624179
3.3685140000000002 7.433334e-05 1.1061508928571429 0.9459274673445242
3.328403 8.155446e-05 1.213608035714286 1.0378196889639335
3.287912 7.661712e-05 1.1401357142857143 0.9749896651600949
3.2482800000000003 7.52245e-05 1.1194122023809525 0.957267906531015
3.20831 7.604265e-05 1.131587053571429 0.9676792583875028
3.168412 7.669664e-05 1.1413190476190478 0.9760015953680371
3.128236 7.671615e-05 1.141609375 0.9762498694922441
3.0880140000000003 7.67151e-05 1.14159375 0.9762365077377378
3.0481860000000003 7.624084e-05 1.1345363095238097 0.970201321364264
3.008292 7.558346e-05 1.1247538690476193 0.9618358450048949
2.968106 7.482112e-05 1.113409523809524 0.9521347022141172
2.928042 7.615411e-05 1.1332456845238097 0.9690976404420453
2.8878939999999997 7.693055e-05 1.1447998511904762 0.9789782125076214
2.848016 7.611974e-05 1.1327342261904765 0.9686602656778732
2.807912 7.631515e-05 1.1356421130952383 0.9711469518188941
2.767742 7.506224e-05 1.1169976190476192 0.955203070067978
2.727995 7.49068e-05 1.114684523809524 0.9532250213818296
2.68812 7.484693e-05 1.1137936011904765 0.9524631468653622
2.648264 7.496341e-05 1.1155269345238097 0.9539454108319252
2.608101 7.541046e-05 1.1221794642857144 0.9596343368814794
2.5681529999999997 7.44444e-05 1.1078035714285717 0.947340759206874
2.5278180000000003 7.387147e-05 1.0992778273809527 0.9400499496742244
2.487884 7.13739e-05 1.0621116071428574 0.9082671713863704
2.447708 7.294766e-05 1.0855306547619048 0.9282940235499905
2.407959 7.29325e-05 1.0853050595238096 0.9281011052658809
2.368162 7.261892e-05 1.0806386904761904 0.9241106490962818
2.328023 7.175875e-05 1.0678385416666667 0.9131645725499334
2.2878939999999997 7.126151e-05 1.060439136904762 0.9068369546349793
2.248148 7.041483e-05 1.0478397321428572 0.8960625448203352
2.2079400000000002 7.079142e-05 1.0534437500000002 0.9008548335151159
2.167752 6.972652e-05 1.037597023809524 0.8873034693496528
2.1279310000000002 6.93341e-05 1.0317574404761907 0.8823097362988395
2.087884 6.844255e-05 1.0184903273809525 0.8709643341749607
2.047894 6.741793e-05 1.0032430059523811 0.8579255523633194
2.007695 6.721495e-05 1.0002224702380953 0.8553425343350484
1.9676900000000002 6.600102e-05 0.9821580357142857 0.8398946918133273
1.9280540000000002 6.572505e-05 0.9780513392857144 0.836382840964663
1.887875 6.358258e-05 0.9461693452380954 0.8091188807960278
1.847588 6.279279e-05 0.9344165178571431 0.7990684235660146
1.807799 6.242549e-05 0.9289507440476192 0.7943943545849134
1.7677919999999998 6.044113e-05 0.8994215773809525 0.769142420135314
1.7277799999999999 5.937985e-05 0.8836287202380952 0.7556371222091963
1.687532 5.789906e-05 0.8615931547619049 0.7367933579660035
1.647827 5.664365e-05 0.8429114583333334 0.7208176625138821
1.6077080000000001 5.397221e-05 0.803157886904762 0.6868223049345933
1.5676949999999998 5.427624e-05 0.8076821428571429 0.6906912327655875
1.527542 5.289496e-05 0.787127380952381 0.6731137810851754
1.487588 5.165028e-05 0.7686053571428572 0.6572746300386277
1.447752 5.092758e-05 0.757850892857143 0.6480779252941634
1.407773 4.945182e-05 0.7358901785714287 0.6292981702177959
1.367588 4.786541e-05 0.712282886904762 0.6091103407260762
1.327242 4.79247e-05 0.7131651785714287 0.609864834463864
1.287366 4.58023e-05 0.6815818452380953 0.5828562746885059
1.247255 4.614538e-05 0.6866872023809524 0.5872221325323288
1.2074690000000001 4.38511e-05 0.652546130952381 0.5580263171716953
1.167799 4.231578e-05 0.6296991071428572 0.5384886324778096
1.1278569999999999 4.105023e-05 0.6108665178571429 0.5223839006535991
1.087752 3.960631e-05 0.5893796130952381 0.5040093248757839
1.047542 3.829652e-05 0.5698886904761906 0.4873416177950422
1.007704 3.701955e-05 0.5508861607142858 0.47109156098372523
0.9679213 3.643183e-05 0.5421403273809525 0.4636125415947442
0.9275787 3.541121e-05 0.5269525297619048 0.4506246617050315
0.8871065 3.380647e-05 0.5030724702380953 0.4302035741560737
0.8475913 3.17506e-05 0.47247916666666673 0.4040416405971944
0.8076156999999999 3.09747e-05 0.4609330357142858 0.3941679402910785
0.7672917 3.033353e-05 0.4513918154761905 0.38600874397032536
0.7275347000000001 2.871535e-05 0.42731175595238097 0.3654166259636871
0.6877454000000001 2.775631e-05 0.4130403273809524 0.3532123811620666
0.6475818000000001 2.745504e-05 0.4085571428571429 0.34937857565720315
0.6074769 2.475143e-05 0.36832485119047625 0.31497383937080287
0.5669675999999999 2.300936e-05 0.34240119047619055 0.2928051615872286
0.5273083000000001 2.19978e-05 0.3273482142857143 0.2799325745506845
0.4872824 1.941587e-05 0.28892663690476195 0.24707627472935467
0.4471196 1.870604e-05 0.27836369047619053 0.23804334691869578
0.4070509 1.740632e-05 0.25902261904761914 0.22150378542640947
0.3671762 1.665575e-05 0.24785342261904764 0.21195242154090693
0.32719909999999996 1.567291e-05 0.2332278273809524 0.19944531030381074
0.2870913 1.234147e-05 0.1836528273809524 0.15705113560628953
0.247338 1.137555e-05 0.16927901785714286 0.14475933949895164
0.207125 9.136876e-06 0.13596541666666667 0.11627113720600966
0.1672328 8.998485e-06 0.13390602678571428 0.11451004523660165
0.12692130000000001 6.187112e-06 0.09207011904761905 0.07873397299700126
0.08674221 4.705916e-06 0.07002851190476192 0.059885042208732635
0.047106459999999996 3.860673e-06 0.05745049107142857 0.049128918909541616
0.0069686209999999995 2.357121e-06 0.03507620535714286 0.029995497279613592
-0.03278243 5.442964e-07 0.00809964880952381 0.006926433214715524
-0.0731991 -8.333822e-07 -0.012401520833333334 -0.010605188920288094
-0.1127861 -3.031816e-06 -0.045116309523809524 -0.03858131533353144
-0.1527917 -4.402743e-06 -0.06551700892857144 -0.05602702011451165
-0.19301390000000002 -6.774777e-06 -0.10081513392857144 -0.08621229248455584
-0.2331713 -8.926194e-06 -0.13283026785714286 -0.11359010752706508
-0.273088 -9.591234e-06 -0.14272669642857144 -0.12205306106692758
-0.31318060000000003 -1.07714e-05 -0.1602886904761905 -0.13707124046564848
-0.3534654 -1.365781e-05 -0.2032412202380953 -0.1738021945841895
-0.39312509999999995 -1.596076e-05 -0.23751130952380953 -0.20310833986060342
-0.43320119999999995 -1.643872e-05 -0.24462380952380955 -0.20919061051186152
-0.473051 -1.832055e-05 -0.27262723214285717 -0.23313780144762394
-0.5133936 -1.946898e-05 -0.2897169642857143 -0.2477521249977627
-0.5531352 -2.260537e-05 -0.33638943452380954 -0.2876641947272366
-0.5931065 -2.355815e-05 -0.3505677083333334 -0.29978877802103876
-0.6333428 -2.535614e-05 -0.37732351190476193 -0.322669064673176
-0.6737084 -2.76816e-05 -0.4119285714285714 -0.3522616605152436
-0.7132483999999999 -2.851653e-05 -0.42435312500000005 -0.36288654593422204
-0.7533102 -3.003307e-05 -0.4469206845238096 -0.38218524610465254
-0.7935598 -3.157002e-05 -0.4697919642857143 -0.401743673331724
-0.8335416999999999 -3.332808e-05 -0.49595357142857155 -0.4241158315482083
-0.8730409 -3.410473e-05 -0.5075108630952382 -0.4339990759646858
-0.9130602 -3.456568e-05 -0.5143702380952382 -0.4398648861929422
-0.9534654 -3.581318e-05 -0.5329342261904764 -0.4557399230944496
-0.9934492 -3.691439e-05 -0.5493212797619048 -0.4697533494562202
-1.0334469999999998 -3.870162e-05 -0.5759169642857143 -0.4924967099383692
-1.0734860000000002 -3.947028e-05 -0.5873553571428572 -0.5022782777657943
-1.113428 -4.207761e-05 -0.6261549107142858 -0.5354578047913712
-1.153403 -3.95135e-05 -0.5879985119047619 -0.5028282730322337
-1.193634 -4.347945e-05 -0.647015625 -0.5532968923504967
-1.233616 -4.492773e-05 -0.6685674107142858 -0.5717269512232143
-1.273662 -4.512639e-05 -0.6715236607142858 -0.5742549951758023
-1.3133050000000002 -4.485811e-05 -0.6675313988095238 -0.5708410032720455
-1.353607 -4.816664e-05 -0.7167654761904761 -0.6129436372117202
-1.393465 -4.923822e-05 -0.7327116071428572 -0.6265800075868042
-1.433532 -5.032495e-05 -0.7488831845238096 -0.6404091689911932
-1.4733800000000001 -5.179976e-05 -0.770829761904762 -0.6591768348611026
-1.513245 -5.28703e-05 -0.7867604166666667 -0.6727999707364851
-1.55305 -5.431469e-05 -0.8082543154761906 -0.691180527490127
-1.593255 -5.554216e-05 -0.8265202380952382 -0.7068006730175765
-1.633403 -5.66503e-05 -0.8430104166666668 -0.7209022869590886
-1.673248 -5.763165e-05 -0.8576138392857144 -0.7333904372302664
-1.713181 -5.906128e-05 -0.8788880952380954 -0.7515831658919915
-1.753486 -5.998912e-05 -0.8926952380952382 -0.7633903757025683
-1.7933050000000001 -6.093206e-05 -0.9067270833333334 -0.7753897402684259
-1.833199 -6.277434e-05 -0.9341419642857144 -0.7988336384511184
-1.873616 -6.402571e-05 -0.9527635416666668 -0.8147579229620918
-1.913736 -6.519725e-05 -0.9701971726190477 -0.8296663323661735
-1.9534749999999999 -6.642259e-05 -0.9884313988095239 -0.845259372620196
-1.9934770000000002 -6.74584e-05 -1.0038452380952383 -0.8584405525584329
-2.033767 -6.781868e-05 -1.0092065476190477 -0.863025288666549
-2.0736640000000004 -6.896042e-05 -1.0261967261904763 -0.8775544787522621
-2.1136709999999996 -6.952952e-05 -1.0346654761904763 -0.8847965496946651
-2.153503 -6.983642e-05 -1.0392324404761908 -0.8887019996546434
-2.193597 -7.065422e-05 -1.0514020833333335 -0.8991088975929622
-2.2341159999999998 -7.12226e-05 -1.0598601190476193 -0.9063418061894181
-2.2738989999999997 -7.174872e-05 -1.067689285714286 -0.9130369359806975
-2.3139369999999997 -7.201746e-05 -1.071688392857143 -0.9164567816054758
-2.3538099999999997 -7.249638e-05 -1.0788151785714288 -0.9225512687179969
-2.3939749999999997 -7.29708e-05 -1.0858750000000001 -0.9285884911683481
-2.433931 -7.316486e-05 -1.0887627976190477 -0.9310579979107179
-2.473739 -7.338961e-05 -1.0921072916666668 -0.9339180496490856
-2.513477 -7.387807e-05 -1.099376041666667 -0.9401339378454067
-2.55369 -7.415454e-05 -1.1034901785714286 -0.9436521514343121
-2.593314 -7.441889e-05 -1.1074239583333336 -0.9470161321997739
-2.6332820000000003 -7.459155e-05 -1.1099933035714287 -0.9492133136598253
-2.673708 -7.509194e-05 -1.1174395833333335 -0.9555810168382987
-2.7139029999999997 -7.507446e-05 -1.1171794642857145 -0.9553585754394702
-2.75355 -7.476215e-05 -1.112531994047619 -0.9513842806300835
-2.793533 -7.45064e-05 -1.1087261904761907 -0.9481297389967686
-2.8339000000000003 -7.563132e-05 -1.1254660714285718 -0.9624448865007716
-2.873477 -7.570284e-05 -1.1265303571428573 -0.9633550128648565
-2.913437 -7.600505e-05 -1.131027529761905 -0.9672007803213731
-2.9535970000000002 -7.596768e-05 -1.1304714285714288 -0.9667252291157543
-2.9937460000000002 -7.59473e-05 -1.1301681547619051 -0.9664658838235278
-3.033645 -7.657418e-05 -1.1394967261904763 -0.9744432330281905
-3.0735970000000004 -7.733068e-05 -1.1507541666666667 -0.9840700590129524
-3.113871 -7.545267e-05 -1.1228075892857143 -0.9601714794126318
-3.153708 -7.650307e-05 -1.138438541666667 -0.9735383241111035
-3.1938380000000004 -7.65672e-05 -1.1393928571428573 -0.9743544091744251
-3.233635 -7.568051e-05 -1.1261980654761905 -0.9630708528856894
-3.273496 -7.668138e-05 -1.1410919642857145 -0.9758074045358793
-3.3139119999999997 -7.697885e-05 -1.1455186011904763 -0.9795928532149104
-3.3539090000000003 -7.692809e-05 -1.144763244047619 -0.9789469078256353
-3.393561 -7.699686e-05 -1.1457866071428573 -0.9798220391183943
-3.433767 -7.69817e-05 -1.145561011904762 -0.9796291208342844
-3.47373 -7.722336e-05 -1.149157142857143 -0.9827043604476059
-3.513625 -7.666369e-05 -1.1408287202380956 -0.9755822907861497
-3.553681 -7.690409e-05 -1.1444061011904765 -0.9786414962940634
-3.593736 -7.758001e-05 -1.1544644345238095 -0.9872429030615718
-3.634264 -7.705094e-05 -1.146591369047619 -0.98051023310287
-3.6738899999999997 -7.718537e-05 -1.1485918154761905 -0.9822209194440881
-3.713727 -7.737703e-05 -1.151443898809524 -0.9846598850333009
-3.753749 -7.732539e-05 -1.1506754464285713 -0.9840027412212015
-3.793505 -7.725702e-05 -1.1496580357142856 -0.9831327001206356
-3.833625 -7.721383e-05 -1.1490153273809525 -0.9825830866186106
-3.873881 -7.717549e-05 -1.1484447916666667 -0.9820951916969244
-3.9136260000000003 -7.809289e-05 -1.1620965773809526 -0.9937695474912673
-3.953616 -7.752568e-05 -1.1536559523809524 -0.9865515277069754
-3.994153 -7.749713e-05 -1.1532311011904763 -0.9861882152392095
-4.033710999999999 -7.751342e-05 -1.153473511904762 -0.9863955133162642
-4.073801 -7.744111e-05 -1.1523974702380955 -0.9854753338225984
-4.114218 -7.758628e-05 -1.1545577380952383 -0.9873226918241952
-4.154202000000001 -7.755862e-05 -1.154146130952381 -0.9869707050340583
-4.194098 -7.842281e-05 -1.1670061011904764 -0.9979679380119449
-4.2340789999999995 -7.727582e-05 -1.1499377976190477 -0.9833719391537004
-4.273912999999999 -7.755282e-05 -1.1540598214285716 -0.9868968972472616
-4.314042000000001 -7.77302e-05 -1.156699404761905 -0.9891541429751891
-4.354229 -7.785676e-05 -1.158582738095238 -0.9907646797850123
-4.394237 -7.773943e-05 -1.1568367559523811 -0.9892715991600394
-4.434154 -7.778167e-05 -1.1574653273809525 -0.9898091234556062
-4.474042000000001 -7.770887e-05 -1.1563819940476192 -0.9888827084765043
-4.514375 -7.783066e-05 -1.1581943452380954 -0.9904325447444278
-4.554348 -7.815047e-05 -1.1629534226190477 -0.9945022806574305
-4.594428 -7.77555e-05 -1.157075892857143 -0.9894760976313878
-4.634283 -7.776945e-05 -1.1572834821428573 -0.9896536180841142
-4.67422 -7.785698e-05 -1.158586011904762 -0.9907674793907185
-4.714135000000001 -7.79013e-05 -1.159245535714286 -0.9913314726856884
-4.754098 -7.787018e-05 -1.1587824404761904 -0.9909354557330831
-4.793918 -7.796355e-05 -1.160171875 -0.9921236338457033
-4.833931 -7.800635e-05 -1.1608087797619049 -0.9926682844103403
-4.874246 -7.789431e-05 -1.1591415178571431 -0.991242521577118
-4.914183 -7.789455e-05 -1.1591450892857142 -0.9912455756924335
-4.954005 -7.797992e-05 -1.1604154761904764 -0.9923319499611966
-4.994041 -7.797364e-05 -1.160322023809524 -0.9922520339437685
-5.033663 -7.786162e-05 -1.1586550595238096 -0.9908265256201557
-5.073681 -7.787971e-05 -1.1589242559523811 -0.9910567295620784
-5.1139030000000005 -7.816534e-05 -1.1631747023809527 -0.9946915085522006
-5.153857 -7.91669e-05 -1.1780788690476192 -1.0074368407839231
-5.193786 -7.80252e-05 -1.1610892857142858 -0.9929081597174292
-5.233755 -7.802784e-05 -1.1611285714285713 -0.992941754985902
-5.2737680000000005 -7.810832e-05 -1.1623261904761906 -0.9939659016551071
-5.313968 -7.801956e-05 -1.1610053571428574 -0.9928363880075098
-5.353975 -7.804276e-05 -1.1613505952380954 -0.9931316191546962
-5.393663999999999 -7.830009e-05 -1.1651799107142857 -0.9964062670471729
-5.43357 -7.831151e-05 -1.1653498511904763 -0.9965515920342793
-5.473986 -7.804377e-05 -1.1613656250000002 -0.9931444718899831
-5.513749 -7.79554e-05 -1.1600505952380953 -0.9920199211797736
-5.553579 -7.800895e-05 -1.1608474702380953 -0.992701370659594
-5.593662 -7.814401e-05 -1.1628572916666668 -0.994420074053516
-5.6340129999999995 -7.808836e-05 -1.1620291666666667 -0.993711901064683
-5.673996 -7.812923e-05 -1.1626373511904762 -0.9942319914519893
-5.713984 -7.814696e-05 -1.1629011904761908 -0.9944576142209384
-5.7537020000000005 -7.816676e-05 -1.1631958333333334 -0.9947095787344852
-5.793375 -7.813004e-05 -1.162649404761905 -0.9942422990911799
-5.833848 -7.811712e-05 -1.162457142857143 -0.9940778858833503
-5.873958 -7.813006e-05 -1.1626497023809526 -0.9942425536007895
-5.913569000000001 -7.816125e-05 -1.1631138392857145 -0.9946394613370285
-5.95357 -7.815911e-05 -1.1630819940476191 -0.9946122288087966
-5.994116 -7.816333e-05 -1.1631447916666668 -0.9946659303364315
-6.033683 -7.803828e-05 -1.1612839285714287 -0.9930746090021361
-6.073727 -7.808975e-05 -1.1620498511904764 -0.9937295894825533
-6.113758 -7.824059e-05 -1.164294494047619 -0.9956491009584838
-6.153708 -7.817816e-05 -1.1633654761904764 -0.994854649211982
-6.193857 -7.811392e-05 -1.162409523809524 -0.9940371643458074
-6.233607 -7.816058e-05 -1.1631038690476192 -0.9946309352651054
-6.273468 -7.823497e-05 -1.1642108630952381 -0.9955775837581741
-6.313487 -7.814394e-05 -1.1628562500000001 -0.994419183269882
-6.353561 -7.811875e-05 -1.162481398809524 -0.9940986284165362
-6.3934 -7.835162e-05 -1.1659467261904763 -0.9970620110564192
-6.433273 -7.829894e-05 -1.1651627976190477 -0.9963916327446185
-6.473183 -7.817706e-05 -1.1633491071428572 -0.9948406511834516
-6.513172 -7.827488e-05 -1.1648047619047621 -0.9960854576842174
-6.553718 -7.820235e-05 -1.1637254464285716 -0.9951624785848456
-6.593588 -7.816335e-05 -1.1631450892857145 -0.9946661848460411
-6.633173 -7.820402e-05 -1.163750297619048 -0.995183730137251
-6.673135 -7.824283e-05 -1.1643278273809525 -0.995677606034764
-6.7133519999999995 -7.831787e-05 -1.1654444940476192 -0.996632526090146
-6.753246 -7.824307e-05 -1.1643313988095239 -0.9956806601500795
-6.793315 -7.828669e-05 -1.164980505952381 -0.9962357456087119
-6.8333010000000005 -7.827632e-05 -1.1648261904761907 -0.996103782376112
-6.8734470000000005 -7.824032e-05 -1.1642904761904762 -0.9956456650787536
-6.913533 -7.826954e-05 -1.1647252976190479 -0.9960175036184427
-6.953126 -7.824168e-05 -1.1643107142857145 -0.9956629717322095
-6.992996 -7.826549e-05 -1.1646650297619048 -0.9959659654224898
-7.033183 -7.821291e-05 -1.1638825892857143 -0.9952968596587374
-7.073189999999999 -7.823498e-05 -1.164211011904762 -0.9955777110129789
-7.113192 -7.823304e-05 -1.1641821428571428 -0.9955530235808434
-7.152977 -7.834101e-05 -1.1657888392857143 -0.9969269937085034
-7.193311 -7.823938e-05 -1.164276488095238 -0.9956337031271004
-7.233192 -7.825641e-05 -1.164529910714286 -0.9958504180597119
-7.272866 -7.82389e-05 -1.1642693452380954 -0.995627594896469
-7.313292000000001 -7.821982e-05 -1.1639854166666666 -0.995384792728869
-7.353041 -7.825356e-05 -1.1644875 -0.9958141504403375
-7.392894 -7.834337e-05 -1.1658239583333336 -0.9969570258424415
-7.43295 -7.826768e-05 -1.164697619047619 -0.9959938342247459
-7.473153 -7.823948e-05 -1.1642779761904762 -0.9956349756751486
-7.512872000000001 -7.831848e-05 -1.1654535714285714 -0.99664028863324
-7.552579 -7.838746e-05 -1.1664800595238096 -0.9975180922769001
-7.592513 -7.830176e-05 -1.1652047619047619 -0.9964275185995781
-7.632653 -7.821235e-05 -1.163874255952381 -0.9952897333896673
-7.67282 -7.825841e-05 -1.1645596726190477 -0.995875869020676
-7.712777 -7.834971e-05 -1.1659183035714287 -0.9970377053886982
-7.752533000000001 -7.834112e-05 -1.1657904761904763 -0.9969283935113564
-7.792418 -7.826719e-05 -1.1646903273809526 -0.9959875987393096
-7.832366 -7.822596e-05 -1.164076785714286 -0.9954629271790298
-7.872505 -7.828296e-05 -1.1649250000000002 -0.9961882795665135
-7.912466 -7.827763e-05 -1.1648456845238098 -0.9961204527555435
-7.952348 -7.842416e-05 -1.1670261904761907 -0.997985117410596
-7.992466 -7.840661e-05 -1.1667650297619048 -0.9977617852281336
-8.032477 -7.822819e-05 -1.1641099702380953 -0.9954913050005049
-8.072259 -7.822078e-05 -1.1639997023809523 -0.995397009190132
-8.111891 -7.821482e-05 -1.163911011904762 -0.9953211653264583
-8.15195 -7.836005e-05 -1.166072172619048 -0.9971692868568841
-8.192292 -7.828212e-05 -1.1649125000000002 -0.9961775901629084
-8.232014 -7.8267e-05 -1.1646875000000003 -0.995985180898018
-8.271968999999999 -7.831215e-05 -1.1653593750000002 -0.9965597363417881
-8.312144 -7.841892e-05 -1.1669482142857144 -0.9979184358928692
-8.351880999999999 -7.825172e-05 -1.1644601190476191 -0.9957907355562504
-8.391551999999999 -7.826679e-05 -1.164684375 -0.9959825085471167
-8.431894 -7.828652e-05 -1.1649779761904764 -0.99623358227703
-8.471739 -7.832714e-05 -1.1655824404761903 -0.9967504912942156
-8.511745999999999 -7.821518e-05 -1.163916369047619 -0.9953257464994318
-8.551909 -7.830896e-05 -1.1653119047619047 -0.9965191420590498
-8.591598 -7.826394e-05 -1.1646419642857144 -0.9959462409277426
-8.631782999999999 -7.826713e-05 -1.1646894345238095 -0.9959868352104805
-8.671891 -7.8291e-05 -1.1650446428571428 -0.99629059242959
-8.711626 -7.830811e-05 -1.1652992559523812 -0.99650832540064
-8.751457 -7.826851e-05 -1.1647099702380954 -0.9960043963735461
-8.791116 -7.820197e-05 -1.1637197916666668 -0.9951576429022625
-8.831135 -7.823035e-05 -1.1641421130952383 -0.9955187920383465
-8.870749 -7.83631e-05 -1.1661175595238096 -0.9972080995723546
-8.910866 -7.826197e-05 -1.164612648809524 -0.9959211717311927
-8.950968999999999 -7.819416e-05 -1.1636035714285715 -0.9950582568996966
-8.990824 -7.823845e-05 -1.1642626488095238 -0.9956218684302519
-9.030598 -7.824423e-05 -1.1643486607142857 -0.9956954217074387
-9.070777 -7.827825e-05 -1.1648549107142858 -0.9961283425534423
-9.110505 -7.822982e-05 -1.1641342261904764 -0.9955120475336908
-9.150146000000001 -7.824213e-05 -1.164317410714286 -0.9956686981984264
-9.189645 -7.816469e-05 -1.163165029761905 -0.9946832369898871
-9.230051999999999 -7.833239e-05 -1.1656605654761905 -0.996817300066747
-9.270145000000001 -7.824292e-05 -1.1643291666666666 -0.9956787513280072
-9.309739 -7.824809e-05 -1.1644061011904765 -0.9957445420621003
-9.349504999999999 -7.819205e-05 -1.1635721726190478 -0.9950314061358793
-9.389682 -7.82452e-05 -1.1643630952380952 -0.9957077654235065
-9.429438 -7.826756e-05 -1.1646958333333335 -0.995992307167088
-9.469107 -7.815068e-05 -1.1629565476190475 -0.9945049530083317
-9.509023 -7.823169e-05 -1.1641620535714288 -0.9955358441821925
-9.549254999999999 -7.816309e-05 -1.1631412202380953 -0.9946628762211156
-9.589183 -7.814875e-05 -1.1629278273809525 -0.9944803928310013
-9.629061 -7.818836e-05 -1.163517261904762 -0.9949844491129002
-9.669145 -7.83166e-05 -1.1654255952380954 -0.9966163647299336
-9.709089 -7.811891e-05 -1.1624837797619048 -0.9941006644934133
-9.749062 -7.812357e-05 -1.162553125 -0.9941599652324603
-9.788966 -7.821577e-05 -1.1639251488095237 -0.9953332545329162
-9.828959000000001 -7.821308e-05 -1.1638851190476192 -0.9952990229904193
-9.869145 -7.819207e-05 -1.1635724702380954 -0.9950316606454889
-9.908939 -7.820314e-05 -1.1637372023809525 -0.9951725317144267
-9.94906 -7.815426e-05 -1.1630098214285716 -0.9945505102284581
-9.991655000000002 -7.824939e-05 -1.1644254464285717 -0.995761085186727
-9.994055 -7.814779e-05 -1.1629135416666667 -0.9944681763697385
-9.956188000000001 -7.816073e-05 -1.1631061011904762 -0.9946328440871777
-9.916836 -7.818492e-05 -1.1634660714285716 -0.9949406734600416
-9.87716 -7.821998e-05 -1.1639877976190478 -0.9953868288057464
-9.83754 -7.824217e-05 -1.164318005952381 -0.9956692072176457
-9.797947 -7.815798e-05 -1.1630651785714288 -0.9945978490158518
-9.758595999999999 -7.81581e-05 -1.1630669642857145 -0.9945993760735097
-9.718716 -7.819761e-05 -1.1636549107142857 -0.99510215980736
-9.678465000000001 -7.819943e-05 -1.163681994047619 -0.9951253201818377
-9.638907999999999 -7.820347e-05 -1.1637421130952381 -0.9951767311229857
-9.599150999999999 -7.808257e-05 -1.1619430059523812 -0.9936382205326914
-9.559095 -7.825951e-05 -1.1645760416666668 -0.9958898670492067
-9.519323 -7.840127e-05 -1.1666855654761907 -0.9976938311623591
-9.479576 -7.823918e-05 -1.164273511904762 -0.995631158031004
-9.439662 -7.82548e-05 -1.1645059523809524 -0.9958299300361355
-9.400133 -7.816319e-05 -1.1631427083333334 -0.994664148769164
-9.3599 -7.825869e-05 -1.1645638392857145 -0.9958794321552112
-9.32037 -7.829341e-05 -1.1650805059523812 -0.9963212608375521
-9.280483 -7.82581e-05 -1.1645550595238097 -0.9958719241217266
-9.240681 -7.82918e-05 -1.1650565476190478 -0.9963007728139758
-9.200835999999999 -7.830744e-05 -1.1652892857142858 -0.9964997993287169
-9.160575999999999 -7.83008e-05 -1.165190476190476 -0.9964153021383152
-9.120974 -7.828572e-05 -1.1649660714285714 -0.9962234018926441
-9.0809 -7.827815e-05 -1.1648534226190477 -0.9961270700053941
-9.04086 -7.825769e-05 -1.1645489583333335 -0.995866706674729
-9.00103 -7.825462e-05 -1.164503273809524 -0.9958276394496488
-8.961030000000001 -7.834321e-05 -1.1658215773809526 -0.9969549897655643
-8.921115 -7.823247e-05 -1.1641736607142859 -0.9955457700569686
-8.881133 -7.835546e-05 -1.1660038690476193 -0.9971108769014708
-8.841492 -7.82474e-05 -1.1643958333333335 -0.9957357614805674
-8.801743 -7.833194e-05 -1.1656538690476193 -0.9968115736005302
-8.761873 -7.818332e-05 -1.163442261904762 -0.99492031269127
-8.721827 -7.824401e-05 -1.1643453869047622 -0.9956926221017329
-8.681623 -7.832395e-05 -1.1655349702380955 -0.9967098970114776
-8.641743 -7.829365e-05 -1.1650840773809525 -0.9963243149528678
-8.601728 -7.830918e-05 -1.1653151785714289 -0.9965219416647559
-8.561836 -7.828904e-05 -1.1650154761904763 -0.9962656504878449
-8.521790000000001 -7.839513e-05 -1.1665941964285715 -0.9976156967121985
-8.481982 -7.816841e-05 -1.1632203869047621 -0.9947305757772809
-8.442105 -7.830685e-05 -1.165280505952381 -0.9964922912952323
-8.402149999999999 -7.830285e-05 -1.1652209821428574 -0.9964413893733038
-8.362313 -7.830748e-05 -1.165289880952381 -0.9965003083479362
-8.322308000000001 -7.83525e-05 -1.1659598214285716 -0.9970732094792435
-8.282285 -7.822402e-05 -1.1640479166666668 -0.9954382397468944
-8.24229 -7.842472e-05 -1.1670345238095239 -0.9979922436796659
-8.202351 -7.832977e-05 -1.1656215773809524 -0.9967839593078838
-8.16229 -7.83946e-05 -1.1665863095238096 -0.9976089522075429
-8.121993 -7.826246e-05 -1.1646199404761906 -0.9959274072166289
-8.082323 -7.829555e-05 -1.1651123511904764 -0.996348493365784
-8.042863 -7.838249e-05 -1.1664061011904765 -0.9974548466389039
-8.002317 -7.83171e-05 -1.1654330357142857 -0.9966227274701747
-7.962270999999999 -7.835397e-05 -1.1659816964285714 -0.9970919159355522
-7.9222280000000005 -7.838899e-05 -1.1665028273809526 -0.9975375622620379
-7.882521 -7.842741e-05 -1.1670745535714286 -0.9980264752221628
-7.842447 -7.828744e-05 -1.1649916666666669 -0.9962452897190736
-7.802379 -7.831398e-05 -1.1653866071428571 -0.9965830239710702
-7.762651 -7.840287e-05 -1.1667093750000002 -0.9977141919311304
-7.722558 -7.837327e-05 -1.1662688988095238 -0.997337517708858
-7.6827380000000005 -7.834782e-05 -1.1658901785714288 -0.9970136542305871
-7.642734000000001 -7.840866e-05 -1.166795535714286 -0.9977878724631223
-7.6025860000000005 -7.837473e-05 -1.166290625 -0.9973560969103622
-7.562456 -7.834144e-05 -1.1657952380952383 -0.9969324656651108
-7.522785 -7.840212e-05 -1.1666982142857143 -0.9977046478207687
-7.483123 -7.84009e-05 -1.1666800595238096 -0.9976891227345805
-7.44304 -7.843374e-05 -1.16716875 -0.998107027513615
-7.4029359999999995 -7.837128e-05 -1.1662392857142858 -0.9973121940026987
-7.363248 -7.83716e-05 -1.1662440476190477 -0.997316266156453
-7.323252 -7.833938e-05 -1.1657645833333334 -0.9969062511753174
-7.282901 -7.83828e-05 -1.1664107142857145 -0.9974587915378533
-7.242956 -7.848155e-05 -1.1678802083333333 -0.9987154327354675
-7.20303 -7.832591e-05 -1.165564136904762 -0.9967348389532227
-7.162947 -7.834224e-05 -1.1658071428571433 -0.9969426460494967
-7.123247 -7.840218e-05 -1.1666991071428572 -0.9977054113495977
-7.083363 -7.841105e-05 -1.1668311011904762 -0.9978182863614744
-7.043313 -7.831138e-05 -1.165347916666667 -0.9965499377218168
-7.003373 -7.834759e-05 -1.1658867559523811 -0.997010727370076
-6.963179 -7.839043e-05 -1.166524255952381 -0.9975558869539323
-6.923323 -7.841254e-05 -1.1668532738095239 -0.997837247327393
-6.883512 -7.84021e-05 -1.166697916666667 -0.9977043933111593
-6.843132 -7.827536e-05 -1.164811904761905 -0.996091565914849
-6.803002 -7.837553e-05 -1.166302529761905 -0.9973662772947479
-6.763067 -7.826518e-05 -1.1646604166666668 -0.9959620205235404
-6.72337 -7.838166e-05 -1.1663937500000001 -0.9974442844901037
-6.682966 -7.828214e-05 -1.1649127976190476 -0.996177844672518
-6.643104999999999 -7.847964e-05 -1.1678517857142858 -0.9986911270677467
-6.60328 -7.846723e-05 -1.167667113095238 -0.9985332038549629
-6.563483 -7.826817e-05 -1.164704910714286 -0.9960000697101822
-6.523345 -7.832399e-05 -1.1655355654761907 -0.9967104060306969
-6.483336 -7.824771e-05 -1.1644004464285715 -0.9957397063795169
-6.44304 -7.847518e-05 -1.1677854166666668 -0.9986343714247962
-6.403171 -7.827923e-05 -1.1648694940476192 -0.9961408135243148
-6.363354 -7.835343e-05 -1.1659736607142859 -0.997085044176092
-6.323332000000001 -7.825177e-05 -1.1644608630952382 -0.9957913718302746
-6.283392 -7.831297e-05 -1.1653715773809528 -0.9965701712357835
-6.243653 -7.823732e-05 -1.1642458333333334 -0.9956074886373071
-6.203614 -7.823014e-05 -1.1641389880952382 -0.9955161196874451
-6.163549 -7.835835e-05 -1.166046875 -0.9971476535400641
-6.123568000000001 -7.837097e-05 -1.1662346726190476 -0.9973082491037492
-6.083279999999999 -7.823877e-05 -1.1642674107142859 -0.9956259405840063
-6.043662 -7.827862e-05 -1.164860416666667 -0.9961330509812208
-6.0039 -7.834467e-05 -1.1658433035714288 -0.9969735689670682
-5.963863999999999 -7.834563e-05 -1.1658575892857144 -0.9969857854283309
-5.923484 -7.822267e-05 -1.1640278273809526 -0.9954210603482435
-5.883577 -7.830388e-05 -1.1652363095238096 -0.9964544966182005
-5.843706 -7.822447e-05 -1.1640546130952383 -0.9954439662131113
-5.803728 -7.81751e-05 -1.1633199404761907 -0.9948157092417065
-5.763641 -7.824306e-05 -1.16433125 -0.9956805328952747
-5.7234359999999995 -7.823604e-05 -1.1642267857142858 -0.99559120002229
-5.683771 -7.833895e-05 -1.1657581845238096 -0.9969007792187101
-5.6434750000000005 -7.817905e-05 -1.1633787202380954 -0.9948659748896111
-5.603596 -7.822918e-05 -1.1641247023809524 -0.9955039032261822
-5.563438 -7.822955e-05 -1.1641302083333336 -0.9955086116539608
-5.523317 -7.822836e-05 -1.1641124999999999 -0.9954934683321868
-5.483359999999999 -7.821931e-05 -1.1639778273809525 -0.9953783027338232
-5.443428 -7.814816e-05 -1.1629190476190476 -0.9944728847975168
-5.4037749999999996 -7.818545e-05 -1.1634739583333336 -0.994947417964697
-5.363854 -7.818465e-05 -1.1634620535714286 -0.9949372375803113
-5.3237060000000005 -7.818943e-05 -1.1635331845238095 -0.9949980653770159
-5.283447 -7.822152e-05 -1.1640107142857146 -0.9954064260456891
-5.2433890000000005 -7.812197e-05 -1.1625293154761907 -0.994139604463689
-5.203399999999999 -7.818474e-05 -1.1634633928571432 -0.9949383828735548
-5.163615 -7.818506e-05 -1.163468154761905 -0.994942455027309
-5.123632 -7.818833e-05 -1.1635168154761908 -0.9949840673484858
-5.083595999999999 -7.822509e-05 -1.1640638392857143 -0.99545185601101
-5.04378 -7.817383e-05 -1.163301041666667 -0.9947995478814942
-5.00366 -7.810429e-05 -1.1622662202380956 -0.9939146179687641
-4.963993 -7.81438e-05 -1.1628541666666667 -0.9944174017026146
-4.9241790000000005 -7.805321e-05 -1.1615061011904764 -0.9932646004257348
-4.8839 -7.800756e-05 -1.1608267857142858 -0.9926836822417237
-4.843737 -7.796448e-05 -1.1601857142857144 -0.9921354685425517
-4.80391 -7.805409e-05 -1.1615191964285716 -0.9932757988485591
-4.763945 -7.816899e-05 -1.163229017857143 -0.9947379565559604
-4.724279999999999 -7.795793e-05 -1.1600882440476192 -0.9920521166453936
-4.683623 -7.79786e-05 -1.1603958333333335 -0.9923151523269601
-4.643762 -7.80096e-05 -1.160857142857143 -0.9927096422219075
-4.603813 -7.793398e-05 -1.1597318452380954 -0.9917473413878456
-4.5640860000000005 -7.798095e-05 -1.1604308035714286 -0.9923450572060931
-4.523771 -7.789665e-05 -1.1591763392857144 -0.9912722992014462
-4.48365 -7.785847e-05 -1.1586081845238099 -0.9907864403566371
-4.443613 -7.785924e-05 -1.158619642857143 -0.9907962389766082
-4.403804 -7.799226e-05 -1.1605991071428572 -0.9924889823903466
-4.363827000000001 -7.787281e-05 -1.1588215773809525 -0.9909689237467513
-4.323747 -7.799868e-05 -1.160694642857143 -0.992570679975042
-4.283854 -7.794586e-05 -1.1599086309523812 -0.9918985200959739
-4.243688 -7.777593e-05 -1.157379910714286 -0.9897360791976386
-4.203803 -7.771614e-05 -1.1564901785714288 -0.9889752227196097
-4.163938 -7.779009e-05 -1.1575906250000003 -0.9899162720012663
-4.124021 -7.778596e-05 -1.1575291666666667 -0.9898637157668747
-4.083752 -7.736614e-05 -1.1512818452380955 -0.9845213045508502
-4.043521 -7.7597e-05 -1.1547172619047619 -0.9874591089749638
-4.0034 -7.766726e-05 -1.1557627976190479 -0.9883532012336413
-3.963728 -7.763552e-05 -1.1552904761904763 -0.9879492944831371
-3.92328 -7.760391e-05 -1.1548200892857143 -0.9875470420450957
-3.883398 -7.753089e-05 -1.1537334821428573 -0.9866178274602877
-3.843502 -7.754146e-05 -1.153890773809524 -0.9867523357889842
-3.8035579999999998 -7.75118e-05 -1.1534494047619048 -0.9863748980378829
-3.7639560000000003 -7.753172e-05 -1.1537458333333335 -0.9866283896090878
-3.723465 -7.737575e-05 -1.151424851190476 -0.9846435964182836
-3.683464 -7.739175e-05 -1.1516629464285715 -0.9848472041059985
-3.643558 -7.739667e-05 -1.1517361607142858 -0.9849098134699706
-3.603438 -7.729852e-05 -1.1502755952380954 -0.9836608075606457
-3.563455 -7.731158e-05 -1.1504699404761907 -0.9838270023357429
-3.523738 -7.719334e-05 -1.1487104166666668 -0.982322341523531
-3.484002 -7.713558e-05 -1.147850892857143 -0.9815873177708809
-3.443586 -7.827471e-05 -1.1648022321428573 -0.9960832943525355
-3.403993 -7.712424e-05 -1.147682142857143 -0.9814430108222133
-3.3638220000000003 -7.701244e-05 -1.1460184523809525 -0.9800203021043066
-3.323715 -7.700716e-05 -1.145939880952381 -0.9799531115673606
-3.2834749999999997 -7.689616e-05 -1.1442880952380954 -0.9785405832338397
-3.2432060000000003 -7.658776e-05 -1.1396988095238096 -0.9746160450531384
-3.20336 -7.669479e-05 -1.141291517857143 -0.9759780532291451
-3.163326 -7.667295e-05 -1.1409665178571429 -0.9757001287354145
-3.1230770000000003 -7.621203e-05 -1.1341075892857142 -0.9698347002715725
-3.0833980000000003 -7.635765e-05 -1.1362745535714287 -0.9716877847393862
-3.043197 -7.642332e-05 -1.1372517857142859 -0.9725234670426505
-3.003454 -7.610793e-05 -1.1325584821428574 -0.9685099777533788
-2.963188 -7.616819e-05 -1.1334552083333336 -0.9692768152072343
-2.923209 -7.598243e-05 -1.1306909226190476 -0.9669129299528662
-2.883326 -7.528672e-05 -1.1203380952380952 -0.9580596859266156
-2.8433319999999997 -7.574138e-05 -1.1271038690476192 -0.9638454528826391
-2.803285 -7.581611e-05 -1.1282159226190476 -0.9647964280390717
-2.763086 -7.550504e-05 -1.123586904761905 -0.960837912825483
-2.7234070000000004 -7.535442e-05 -1.1213455357142859 -0.9589212009552587
-2.683169 -7.50628e-05 -1.1170059523809526 -0.9552101963370481
-2.6432469999999997 -7.486016e-05 -1.1139904761904764 -0.9526315049721411
-2.603511 -7.476815e-05 -1.1126212797619048 -0.9514606335129766
-2.563595 -7.47887e-05 -1.1129270833333336 -0.9517221421368852
-2.5231500000000002 -7.413896e-05 -1.1032583333333335 -0.9434538884484
-2.483445 -7.381181e-05 -1.098390029761905 -0.939290747508658
-2.443039 -7.330899e-05 -1.0909075892857143 -0.932892121412613
-2.403445 -7.320873e-05 -1.089415625 -0.9316162647394707
-2.363428 -7.27156e-05 -1.082077380952381 -0.925340948549298
-2.323228 -7.262312e-05 -1.0807011904761905 -0.9241640961143069
-2.283364 -7.194712e-05 -1.070641666666667 -0.91556167130836
-2.243363 -7.136412e-05 -1.0619660714285715 -0.9081427161872546
-2.203169 -7.077442e-05 -1.053190773809524 -0.900638500346919
-2.163454 -7.010955e-05 -1.0432968750000002 -0.8921777101387385
-2.123465 -6.944007e-05 -1.0333343750000001 -0.8836582554655351
-2.083289 -6.872491e-05 -1.0226921130952382 -0.8745575008439062
-2.043077 -6.799419e-05 -1.0118183035714288 -0.8652587377459747
-2.00303 -6.692347e-05 -0.9958849702380953 -0.8516333112841054
-1.9635019999999999 -6.615643e-05 -0.9844706845238096 -0.8418723587350615
-1.923141 -6.539233e-05 -0.9731001488095238 -0.8321488190986353
-1.8829749999999998 -6.42676e-05 -0.9563630952380954 -0.817836089435924
-1.843134 -6.325957e-05 -0.9413626488095239 -0.8050084233454818
-1.8032249999999999 -6.203654e-05 -0.9231627976190476 -0.7894447789513731
-1.7632940000000001 -6.095691e-05 -0.907096875 -0.7757059684584078
-1.723141 -6.012964e-05 -0.8947863095238096 -0.7651785602199227
-1.683162 -5.869911e-05 -0.8734986607142858 -0.7469743786257639
-1.643132 -5.741633e-05 -0.8544096726190478 -0.7306503867728456
-1.603341 -5.594762e-05 -0.8325538690476192 -0.7119603463338773
-1.5629380000000002 -5.458211e-05 -0.8122337797619049 -0.694583575480669
-1.522907 -5.332581e-05 -0.7935388392857143 -0.6785965543509184
-1.482882 -5.209941e-05 -0.7752888392857143 -0.6629900250875849
-1.442992 -5.121235e-05 -0.7620885416666667 -0.651701760371071
-1.402771 -4.989575e-05 -0.7424962797619048 -0.6349473927682456
-1.3628889999999998 -4.81476e-05 -0.7164821428571428 -0.6127013440633396
-1.323132 -4.752431e-05 -0.7072069940476191 -0.6047696793336078
-1.282928 -4.626619e-05 -0.6884849702380953 -0.5887594978293799
-1.2428510000000002 -4.495765e-05 -0.6690126488095238 -0.5721076975992407
-1.203123 -4.38372e-05 -0.6523392857142858 -0.5578494329929932
-1.163076 -4.271008e-05 -0.6355666666666667 -0.5435062894319294
-1.122854 -4.368764e-05 -0.6501136904761905 -0.5559462101320798
-1.083237 -4.003929e-05 -0.5958227678571429 -0.5095192034149539
-1.043086 -3.882316e-05 -0.5777255952380954 -0.49404336483617234
-1.003096 -3.694407e-05 -0.5497629464285715 -0.470131041716931
-0.9631782 -3.698554e-05 -0.5503800595238096 -0.4706587673925267
-0.9229073 -3.563896e-05 -0.5303416666666667 -0.4535228898848458
-0.8831319 -3.43972e-05 -0.5118630952380954 -0.43772089724130614
-0.8428633999999999 -3.317391e-05 -0.493659375 -0.42215394422227204
-0.8031808 -3.179803e-05 -0.47318497023809525 -0.40464521013646365
-0.7628449 -3.094385e-05 -0.4604739583333333 -0.39377535921820345
-0.722956 -2.932975e-05 -0.4364546130952382 -0.37323516117193256
-0.6826781999999999 -2.782491e-05 -0.4140611607142857 -0.35408534912314343
-0.643077 -2.640364e-05 -0.39291130952380954 -0.33599900547824935
-0.6028541000000001 -2.520338e-05 -0.3750502976190476 -0.32072512027471967
-0.5625114999999999 -2.363417e-05 -0.3516989583333333 -0.30075616904729335
-0.5227657 -2.146929e-05 -0.3194834821428572 -0.2732070308610527
-0.4827337 -2.055588e-05 -0.30589107142857147 -0.2615834497338336
-0.4428129 -1.972493e-05 -0.29352574404761905 -0.25100921172717416
-0.4028541 -1.862011e-05 -0.27708497023809525 -0.23694984638086286
-0.3627751 -1.679192e-05 -0.2498797619047619 -0.21368525021816404
-0.3226689 -1.509106e-05 -0.22456934523809527 -0.19204098948526
-0.2823789 -1.3705e-05 -0.2039434523809524 -0.1744027100081431
-0.24251150000000002 -1.261723e-05 -0.18775639880952383 -0.16056031410405278
-0.2026619 -1.118484e-05 -0.16644107142857142 -0.14233246311619696
-0.16259479999999998 -9.266385e-06 -0.13789263392857146 -0.11791920145777507
-0.12224299999999999 -7.651028e-06 -0.11385458333333336 -0.097363007482538
-0.0825676 -4.971828e-06 -0.07398553571428573 -0.0632689001747075
-0.04273374 -4.416519e-06 -0.06572200892857144 -0.05620232633363402
-0.00228929 -2.666008e-06 -0.0396727380952381 -0.033926232769309714
0.03753618 -1.029055e-06 -0.015313318452380955 -0.013095219317579695
0.07762738 9.731737e-07 0.014481751488095239 0.012384102925111393
0.1173852 2.468001e-06 0.03672620535714287 0.031406498555476635
0.15732179999999998 4.079998e-06 0.06071425595238096 0.051919934916293604
0.1974419 4.636408e-06 0.06899416666666669 0.059000519511377955
0.2371737 7.386001e-06 0.10991072916666668 0.09399041156678986
0.27749779999999996 8.968608e-06 0.13346142857142856 0.11412984605623584
0.3176211 1.0326e-05 0.15366071428571432 0.13140331145888987
0.35753480000000004 1.246165e-05 0.18544122023809523 0.15858048385063672
0.39732870000000003 1.371574e-05 0.2041032738095238 0.1745393816685216
0.4374052 1.572513e-05 0.23400491071428575 0.2001098348945897
0.4776306 1.739758e-05 0.2588925595238096 0.22139256472699528
0.5177848 1.93325e-05 0.287686011904762 0.24601535142155614
0.5576212 2.114946e-05 0.3147241071428572 0.26913704043844017
0.5980833999999999 2.238566e-05 0.3331199404761905 0.28486827941049897
0.6376494 2.510584e-05 0.3735988095238096 0.31948387690848884
0.6778588999999999 2.707037e-05 0.40283288690476193 0.3444834650801267
0.7178192 2.840636e-05 0.42271369047619056 0.3614845797495014
0.7576965999999999 3.007111e-05 0.447486755952381 0.3826693233821943
0.7977292 3.121307e-05 0.46448020833333337 0.3972013130736134
0.8377293 3.21711e-05 0.4787366071428572 0.40939270513994697
0.8778476000000001 3.330098e-05 0.4955502976190476 0.4237709710271414
0.9176737 3.423462e-05 0.5094437500000001 0.4356519886245149
0.9577941 3.466498e-05 0.5158479166666667 0.44112852640482164
0.9980551000000001 3.692296e-05 0.5494488095238096 0.4698624068239524
1.03785 3.830481e-05 0.5700120535714286 0.4874471120282393
1.078211 3.987227e-05 0.5933373511904763 0.507393793664822
1.1181969999999999 4.081381e-05 0.6073483630952381 0.5193753425580044
1.157933 4.199913e-05 0.6249870535714287 0.5344591090831305
1.198174 4.303633e-05 0.6404215773809525 0.5476579774392375
1.238008 4.407127e-05 0.6558224702380954 0.5608280862094547
1.277831 4.493778e-05 0.6687169642857144 0.57185484230206
1.317877 4.660647e-05 0.6935486607142858 0.5930897243278527
1.35813 4.782461e-05 0.7116757440476191 0.6085911411224035
1.397697 4.962905e-05 0.7385275297619048 0.6315535071236508
1.4379790000000001 5.010784e-05 0.745652380952381 0.6376463399237091
1.478183 5.119719e-05 0.7618629464285714 0.6515088420869612
1.517942 5.280792e-05 0.7858321428571429 0.6720061552640073
1.557914 5.418075e-05 0.8062611607142858 0.6894760766343451
1.598109 5.520305e-05 0.8214739583333335 0.7024853353312678
1.638055 5.686928e-05 0.8462690476190476 0.7236889126750742
1.6780719999999998 5.761896e-05 0.8574250000000002 0.7332289508829477
1.718016 5.907498e-05 0.8790919642857143 0.751757504974597
1.7582149999999999 6.091353e-05 0.9064513392857144 0.7751539371150913
1.798211 6.188847e-05 0.920959375 0.7875605170563782
1.838074 6.296967e-05 0.9370486607142859 0.8013193065537009
1.878266 6.372356e-05 0.948267261904762 0.8109129190344041
1.918377 6.553439e-05 0.975214136904762 0.8339566008559324
1.958461 6.58172e-05 0.9794226190476192 0.837555493991095
1.998266 6.66405e-05 0.9916741071428571 0.8480323820720655
2.038544 6.775899e-05 1.0083183035714287 0.8622657047365684
2.078583 6.844603e-05 1.0185421130952383 0.8710086188470386
2.118229 6.898648e-05 1.026584523809524 0.8778861047736275
2.157999 7.145436e-05 1.0633089285714286 0.9092910635459657
2.198507 7.027714e-05 1.0457907738095238 0.8943103734127452
2.2384609999999996 7.134733e-05 1.0617162202380952 0.9079290553699589
2.2784609999999996 7.170117e-05 1.0669816964285714 0.9124318393837701
2.318766 7.064471e-05 1.0512605654761908 0.8989878782735767
2.3584989999999997 7.337473e-05 1.0918858630952382 0.9337286944995109
2.398331 7.295429e-05 1.0856293154761907 0.9283783934855874
2.438165 7.377544e-05 1.0978488095238095 0.9388279217835213
2.47831 7.408731e-05 1.1024897321428573 0.9427966173814959
2.5180439999999997 7.4699e-05 1.111592261904762 0.9505806665376345
2.558112 7.427038e-05 1.1052139880952383 0.9451262710933669
2.59781 7.49441e-05 1.1152395833333335 0.9536996818038145
2.6379520000000003 7.487612e-05 1.1142279761904763 0.9528346036406365
2.6785810000000003 7.522206e-05 1.119375892857143 0.9572368563586384
2.718555 7.534566e-05 1.1212151785714286 0.9588097257462347
2.758294 7.598408e-05 1.1307154761904763 0.9669339269956618
2.798452 7.497316e-05 1.1156720238095241 0.9540694842666264
2.838451 7.581394e-05 1.128183630952381 0.9647688137464254
2.878146 7.490138e-05 1.1146038690476194 0.9531560492776163
2.918377 7.469844e-05 1.1115839285714286 0.9505735402685646
2.9581779999999998 7.623491e-05 1.1344480654761906 0.9701258592650046
2.998507 7.671207e-05 1.141548660714286 0.9761979495318771
3.038785 7.617539e-05 1.1335623511904762 0.9693684386667057
3.078536 7.642196e-05 1.137231547619048 0.9725061603891947
3.1182939999999997 7.663306e-05 1.1403729166666667 0.9751925093189806
3.1587199999999998 7.629188e-05 1.1352958333333334 0.9708508298880738
3.198725 7.666593e-05 1.1408620535714284 0.9756107958624295
3.238748 7.617777e-05 1.133597767857143 0.9693987253102535
3.278904 7.694805e-05 1.1450602678571429 0.9792009084160594
3.3186649999999998 7.70646e-05 1.146794642857143 0.9806840631662564
3.358829 7.622815e-05 1.1343474702380953 0.9700398350169452
3.3985909999999997 7.701246e-05 1.14601875 0.9800205566139162
3.438829 7.721928e-05 1.1490964285714287 0.9826524404872387
3.478785 7.646197e-05 1.1378269345238095 0.9730153068632862
3.5188960000000002 7.73557e-05 1.1511264880952383 0.9843884505346163
3.558763 7.715577e-05 1.1481513392857143 0.9818442452218159
3.599026 7.729251e-05 1.1501861607142858 0.9835843274229478
3.638857 7.734093e-05 1.1509066964285715 0.9842004951878944
3.67881 7.760033e-05 1.1547668154761908 0.9875014848249696
3.718896 7.752623e-05 1.153664136904762 0.9865585267212407
3.758906 7.717935e-05 1.1485022321428573 0.9821443120515856
3.798782 7.768529e-05 1.1560311011904765 0.9885826416467348
3.838618 7.778186e-05 1.1574681547619048 0.9898115412968979
3.878716 7.788432e-05 1.1589928571428572 0.991115394027101
3.918767 7.784558e-05 1.158416369047619 0.9906224089132217
3.958729 7.791092e-05 1.1593886904761905 0.9914538918079268
3.999007 7.75704e-05 1.1543214285714287 0.9871206111941382
4.0388470000000005 7.814202e-05 1.1628276785714287 0.9943947503473562
4.078887 7.819176e-05 1.1635678571428574 0.9950277157465395
4.119322 7.787738e-05 1.1588895833333333 0.9910270791925547
4.159433 7.755146e-05 1.1540395833333335 0.9868795905938059
4.199225 7.785143e-05 1.1585034226190478 0.9906968529740425
4.238988999999999 7.786928e-05 1.1587690476190478 0.9909240028006493
4.27947 7.796146e-05 1.160140773809524 0.9920970375914958
4.3192070000000005 7.813214e-05 1.1626806547619049 0.9942690226001925
4.358961 7.775116e-05 1.1570113095238097 0.9894208690460954
4.3995169999999995 7.842517e-05 1.1670412202380953 0.9979979701458828
4.439329 7.744173e-05 1.1524066964285717 0.9854832236204975
4.479081 7.792636e-05 1.1596184523809525 0.9916503732265715
4.519367 7.803323e-05 1.1612087797619048 0.9930103453257011
4.559285 7.808917e-05 1.1620412202380954 0.9937222087038736
4.599507 7.813597e-05 1.162737648809524 0.9943177611904392
4.639282000000001 7.85231e-05 1.168498511904762 0.9992441764495017
4.679275 7.813341e-05 1.1626995535714286 0.9942851839604048
4.719405 7.815916e-05 1.1630827380952382 0.9946128650828208
4.759556 7.800905e-05 1.1608489583333335 0.9927026432076422
4.7992669999999995 7.812797e-05 1.1626186011904764 0.994215957346582
4.839216 7.821887e-05 1.1639712797619046 0.995372703522411
4.879294 7.819221e-05 1.1635745535714286 0.9950334422127564
4.9194700000000005 7.803514e-05 1.1612372023809525 0.993034650993422
4.959423 7.813933e-05 1.162787648809524 0.9943605188048593
4.999183 7.770256e-05 1.1562880952380954 0.9888024106946618
5.039267 7.816109e-05 1.1631114583333335 0.9946374252601514
5.0793680000000005 7.806774e-05 1.1617223214285715 0.9934495016571406
5.119235 7.824095e-05 1.164299851190476 0.9956536821314573
5.159434 7.822322e-05 1.1640360119047621 0.9954280593625086
5.199272 7.821414e-05 1.163900892857143 0.9953125119997304
5.239054 7.85775e-05 1.1693080357142858 0.9999364425877317
5.279319 7.827643e-05 1.1648278273809525 0.9961051821789647
5.319146 7.839395e-05 1.166576636904762 0.9976006806452296
5.359526 7.799523e-05 1.1606433035714288 0.9925267770673786
5.399367 7.82675e-05 1.1646949404761906 0.995991543638259
5.439267 7.840949e-05 1.166807886904762 0.9977984346119224
5.479554 7.826058e-05 1.1645919642857143 0.9959034833133223
5.5192820000000005 7.820717e-05 1.163797172619048 0.9952238154007698
5.559304 7.835195e-05 1.165951636904762 0.9970662104649782
5.599178 7.91595e-05 1.1779687500000002 1.007342672228355
5.639507 7.843132e-05 1.1671327380952383 0.9980762318508482
5.679822 7.857061e-05 1.1692055059523812 0.9998487640272098
5.719706 7.890648e-05 1.1742035714285717 1.0041228711567562
5.759572 7.845159e-05 1.167434375 0.9983341773402217
5.799747999999999 7.839801e-05 1.1666370535714288 0.9976523460959872
5.839763 7.840623e-05 1.166759375 0.9977569495455505
5.879517 7.822876e-05 1.1641184523809525 0.9954985585243797
5.919655 7.787663e-05 1.1588784226190478 0.9910175350821933
5.959801000000001 7.862887e-05 1.1700724702380954 1.000590150520101
5.999961 7.794902e-05 1.1599556547619048 0.9919387326142973
6.039697 7.766612e-05 1.1557458333333337 0.9883386941858917
6.07972 7.84722e-05 1.1677410714285716 0.9985964494929593
6.120072 7.894806e-05 1.1748223214285716 1.0046519966352048
6.159744 7.880368e-05 1.1726738095238096 1.0028146917631893
6.199535 7.848178e-05 1.167883630952381 0.9987183595959784
6.239693 7.81255e-05 1.1625818452380954 0.994184525409791
6.279758 7.886813e-05 1.173632886904762 1.003634848980265
6.319622000000001 7.790956e-05 1.1593684523809524 0.991436585154471
6.359822 7.814641e-05 1.162893005952381 0.9944506152066729
6.400044 7.850913e-05 1.168290625 0.9990664014871659
6.439801 7.846487e-05 1.1676319940476192 0.998503171721025
6.479877 7.798416e-05 1.1604785714285715 0.9923859059984409
6.519711 7.843285e-05 1.1671555059523813 0.9980957018359861
6.559961 7.872975e-05 1.1715736607142857 1.0018738969911423
6.599753 7.835628e-05 1.1660160714285717 0.9971213117954663
6.639943000000001 7.836557e-05 1.1661543154761904 0.9972395315091455
6.680008 7.76279e-05 1.1551770833333335 0.987852326321863
6.720127000000001 7.851727e-05 1.168411755952381 0.9991699868982907
6.760103 7.861674e-05 1.1698919642857144 1.0004357904418522
6.799600000000001 7.855441e-05 1.1689644345238095 0.9996426112433985
6.839739 7.851889e-05 1.1684358630952383 0.999190602176672
6.879886000000001 7.79419e-05 1.1598497023809524 0.9918481271932644
6.920063 7.812335e-05 1.1625498511904762 0.994157165626754
6.960258 7.850558e-05 1.1682377976190477 0.999021226031454
7.000263 7.853667e-05 1.1687004464285715 0.9994168612196448
7.0402759999999995 7.850961e-05 1.1682977678571431 0.9990725097177974
7.080064999999999 7.856021e-05 1.169050744047619 0.9997164190301949
7.119961 7.834234e-05 1.165808630952381 0.9969439185975446
7.159801000000001 7.837536e-05 1.1663000000000001 0.997364113963066
7.200267 7.850124e-05 1.1681732142857144 0.9989659974461617
7.240253 7.948966e-05 1.1828818452380954 1.0115441168643482
7.2803320000000005 7.845592e-05 1.1674988095238097 0.9983892786707097
7.320225000000001 7.841014e-05 1.1668175595238097 0.9978067061742358
7.360285 7.85825e-05 1.1693824404761906 1.0000000699901426
7.400461 7.794332e-05 1.1598708333333336 0.9918661973755493
7.440207 7.843338e-05 1.167163392857143 0.9981024463406415
7.479997999999999 7.850261e-05 1.1681936011904763 0.9989834313544221
7.519952 7.838511e-05 1.1664450892857143 0.9974881873977671
7.5600439999999995 7.863071e-05 1.1700998511904763 1.000613565404188
7.600122000000001 7.851968e-05 1.1684476190476194 0.9992006553062529
7.639895999999999 7.857238e-05 1.1692318452380954 0.9998712881276632
7.680065 7.821412e-05 1.1639005952380954 0.9953122574901208
7.720156 7.852194e-05 1.1684812500000001 0.9992294148921423
7.760136999999999 7.890248e-05 1.174144047619048 1.0040719692348277
7.800167999999999 7.800869e-05 1.1608436011904761 0.9926980620346685
7.840192 7.851341e-05 1.1683543154761906 0.9991208665436295
7.880433 7.835886e-05 1.1660544642857145 0.9971541435351101
7.920461 7.843476e-05 1.1671839285714287 0.9981200075037068
7.960433 7.84761e-05 1.1677991071428573 0.9986460788668399
8.000489 7.853223e-05 1.1686343750000001 0.9993603600863039
8.04065 7.842108e-05 1.1669803571428574 0.9979459229307109
8.080406 7.848792e-05 1.1679750000000002 0.998796494046139
8.120112 7.854185e-05 1.1687775297619047 0.9994827792085424
8.160378 7.844775e-05 1.1673772321428573 0.9982853114951703
8.200646 7.859528e-05 1.1695726190476192 1.0001627016307049
8.240329 7.839344e-05 1.1665690476190478 0.9975941906501836
8.280554 7.853445e-05 1.1686674107142858 0.9993886106529744
8.320659 7.835197e-05 1.1659519345238096 0.9970664649745878
8.360221 7.870472e-05 1.1712011904761905 1.0015553782146736
8.400508 7.838295e-05 1.1664129464285715 0.9974607003599256
8.440584000000001 7.822974e-05 1.1641330357142858 0.9955110294952523
8.480405000000001 7.854784e-05 1.1688666666666667 0.9995590048366306
8.520357 7.850862e-05 1.168283035714286 0.99905991149212
8.560516999999999 7.840743e-05 1.1667772321428571 0.9977722201221291
8.600451999999999 7.84021e-05 1.166697916666667 0.9977043933111593
8.640683999999998 7.849493e-05 1.1680793154761904 0.998885699664319
8.680591 7.773544e-05 1.1567773809523811 0.9892208244929157
8.72065 7.844941e-05 1.1674019345238096 0.9983064357927706
8.760710999999999 7.853892e-05 1.1687339285714287 0.9994454935507296
8.80024 7.846071e-05 1.1675700892857144 0.9984502337222192
8.840583 7.860427e-05 1.169706398809524 1.0002771037002396
8.880441999999999 7.843299e-05 1.1671575892857144 0.9980974834032534
8.920575000000001 7.853838e-05 1.168725892857143 0.9994386217912693
8.960758 7.843636e-05 1.1672077380952381 0.9981403682724783
9.000536 7.826089e-05 1.1645965773809523 0.9959074282122717
9.040451 7.850043e-05 1.1681611607142859 0.998955689806971
9.080499 7.840166e-05 1.1666913690476193 0.997698794099747
9.120451 7.843837e-05 1.1672376488095237 0.9981659464882473
9.160696 7.845647e-05 1.1675069940476193 0.9983962776849747
9.200329 7.847269e-05 1.167748363095238 0.9986026849783954
9.241035 7.818756e-05 1.1635053571428573 0.9949742687285144
9.28075 7.834558e-05 1.1658568452380953 0.9969851491543068
9.320519 7.843736e-05 1.1672226190476191 0.9981530937529606
9.360558000000001 7.84878e-05 1.1679732142857144 0.9987949669884812
9.400471 7.848034e-05 1.1678622023809526 0.9987000349040842
9.440707 7.832243e-05 1.1655123511904764 0.9966905542811448
9.480602999999999 7.855332e-05 1.1689482142857144 0.9996287404696729
9.520489 7.844427e-05 1.1673254464285714 0.9982410268230922
9.560822 7.86063e-05 1.1697366071428574 1.0003029364256184
9.600781999999999 7.855283e-05 1.1689409226190477 0.9996225049842368
9.640499 7.842886e-05 1.1670961309523809 0.998044927168862
9.6806 7.853407e-05 1.168661755952381 0.9993837749703912
9.721202 7.842819e-05 1.1670861607142857 0.998036401096939
9.760876 7.840335e-05 1.1667165178571428 0.9977203001617618
9.800906000000001 7.842278e-05 1.167005654761905 0.9979675562475304
9.840886000000001 7.841895e-05 1.166948660714286 0.9979188176572839
9.880896 7.804592e-05 1.1613976190476192 0.9931718316730198
9.920697 7.847903e-05 1.1678427083333334 0.9986833645246525
9.960674000000001 7.850721e-05 1.1682620535714285 0.99904196856464
10.00356 7.846152e-05 1.1675821428571431 0.9984605413614097
