Keff(MJ/m3):0.04933121435630983 Ms(MA/m):1.1819730315563726
H(kOe) moment(emu) M(MA/m) M_norm()
4.973235 3.85774e-05 1.1024977111879257 0.9999429815235449
4.944135 3.8291e-05 1.094312728672665 0.9925193689963051
4.915271 3.844308e-05 1.0986590001144276 0.996461348720965
4.886386000000001 3.854262e-05 1.1015037388000737 0.9990414688011376
4.857069999999999 3.831593e-05 1.0950251993923066 0.993165565435914
4.827319999999999 3.854412e-05 1.1015466070744204 0.9990803494533403
4.79798 3.884765e-05 1.1102211452827204 1.0069479790287355
4.768395000000001 3.868241e-05 1.1054987761806894 1.0026648863820835
4.739008 3.853014e-05 1.1011470747575094 0.9987179817748111
4.709178 3.873657e-05 1.1070466066731004 1.0040687371309498
4.679508 3.866273e-05 1.1049363444212605 1.0021547722251836
4.649678 3.877277e-05 1.1080811610273338 1.0050070568707754
4.619752999999999 3.849068e-05 1.100019353353696 0.9976951614175315
4.589829 3.854731e-05 1.101637773604531 0.9991630356403581
4.559838 3.866184e-05 1.1049109092451483 1.00213170303821
4.530131 3.895882e-05 1.113398255988801 1.009829553765653
4.500216 3.887438e-05 1.1109850579315783 1.0076408322509878
4.470216000000001 3.851505e-05 1.1007158199175817 0.9983268424136518
4.4405079999999995 3.872152e-05 1.1066164949871553 1.0036786345871824
4.410394 3.850915e-05 1.1005472047051512 0.9981739118483208
4.380243999999999 3.83433e-05 1.095807402504886 0.9938750077364399
4.350489 3.845254e-05 1.0989293560313074 0.9967065560341901
4.320518 3.858055e-05 1.1025877345640536 1.0000246308931704
4.290641 3.873774e-05 1.107080043927091 1.0040990640396679
4.260546000000001 3.84298e-05 1.0982794729922116 0.9961171253467969
4.230582999999999 3.853701e-05 1.101343411454017 0.9988960551618994
4.200412 3.843493e-05 1.0984260824904772 0.9962500971773303
4.170074 3.858837e-05 1.1028112211676477 1.0002273286933208
4.140055 3.838987e-05 1.0971383195291027 0.9950821223851604
4.110291 3.835972e-05 1.0962766672147342 0.9943006212758856
4.080206 3.829964e-05 1.0945596499329016 0.9927433215529925
4.050125 3.838336e-05 1.0969522712184383 0.9949133803546006
4.01982 3.845645e-05 1.0990410993331041 0.9968079049342651
3.989942 3.852509e-05 1.1010027515672087 0.9985870835790618
3.960141 3.837254e-05 1.0966430480661506 0.994632921250045
3.929866 3.831058e-05 1.0948723025471367 0.9930268911097243
3.899697 3.832283e-05 1.0952223934543015 0.9933444164360468
3.869866 3.816677e-05 1.090762378191272 0.9892992733808754
3.8397159999999997 3.850763e-05 1.1005037648538132 0.998134512787422
3.809574 3.859026e-05 1.1028652351933246 1.0002763183150962
3.7795520000000002 3.825998e-05 1.0934262127591752 0.9917153171087526
3.7493290000000004 3.86702e-05 1.1051498284275074 1.0023483978731533
3.7195270000000002 3.845751e-05 1.0990713929136429 0.9968353805951553
3.6895610000000003 3.852111e-05 1.1008890077459421 0.9984839202485505
3.659329 3.829819e-05 1.0945182106010332 0.99270573692253
3.629395 3.830084e-05 1.094593944552379 0.9927744260747547
3.599433 3.834941e-05 1.0959820192757248 0.994033381593079
3.5696309999999998 3.79798e-05 1.0854189906882052 0.98445292968598
3.5393939999999997 3.829871e-05 1.0945330716028068 0.9927192155486269
3.509169 3.843204e-05 1.098343489615236 0.9961751871207529
3.47915 3.824059e-05 1.0928720688661204 0.9912127198779455
3.44914 3.828714e-05 1.094202414313346 0.9924193161179699
3.4193569999999998 3.794928e-05 1.084546764199498 0.9836618380158285
3.389386 3.799441e-05 1.085836527680342 0.9848316272384344
3.359254 3.800552e-05 1.0861540386990032 0.9851196032690827
3.329107 3.799014e-05 1.0857144959927016 0.9847209469818307
3.298744 3.793744e-05 1.084208390620655 0.9833549400677752
3.268772 3.822269e-05 1.0923605074589167 0.9907487440949929
3.238857 3.830763e-05 1.0947879949409216 0.9929504258270591
3.208829 3.814572e-05 1.0901607934079403 0.9887536482282971
3.179018 3.813457e-05 1.0898421392352964 0.9884646353802569
3.148913 3.796571e-05 1.0850163146978422 0.9840877107596224
3.118621 3.770755e-05 1.0776383988942817 0.9773960913111859
3.088603 3.783646e-05 1.081322498391636 0.9807374945614878
3.058678 3.780193e-05 1.080335670716175 0.979842461947781
3.028848 3.779358e-05 1.080097037322312 0.979626026317186
2.9988479999999997 3.77829e-05 1.0797918152089636 0.9793491960735027
2.96845 3.786101e-05 1.0820241091484435 0.9813738412358726
2.938556 3.79111e-05 1.083455623723127 0.9826721958150951
2.908477 3.786767e-05 1.082214444286543 0.9815464713316526
2.878348 3.777734e-05 1.079632916805385 0.9792050784560045
2.848603 3.755874e-05 1.0733855802905945 0.9735388714083276
2.818227 3.800339e-05 1.086093165749431 0.985064392742955
2.788188 3.779477e-05 1.0801310461532936 0.9796568716346001
2.758339 3.748466e-05 1.0712684591148598 0.9716186855982094
2.728471 3.73146e-05 1.0664083399579278 0.9672106564558125
2.698125 3.777629e-05 1.0796029090133425 0.9791778619994626
2.667999 3.748914e-05 1.0713964923609085 0.9717348091461214
2.6379520000000003 3.714914e-05 1.0616796835089928 0.9629218613135044
2.608159 3.741482e-05 1.0692725122612778 0.9698084024316505
2.578055 3.711214e-05 1.060622266075108 0.9619628052258372
2.547728 3.70827e-05 1.05978090474393 0.9611997076252716
2.5176309999999997 3.712193e-05 1.0609020530123439 0.9622165662825469
2.487933 3.714684e-05 1.0616139521549943 0.96286224431346
2.458008 3.703152e-05 1.058318239223221 0.9598730997721147
2.427931 3.704382e-05 1.058669759072864 0.960191921120177
2.3977820000000003 3.692309e-05 1.0552194345649468 0.9570625470265538
2.3678760000000003 3.630374e-05 1.0375191240872 0.9410087257320497
2.337942 3.646304e-05 1.0420717348228181 0.9451378509959789
2.3079989999999997 3.659063e-05 1.0457181102387472 0.9484450392723424
2.277971 3.649057e-05 1.0428585105513273 0.9458514405660727
2.2477739999999997 3.610329e-05 1.0317904936920044 0.935812974576026
2.217395 3.645526e-05 1.0418493913732065 0.9449361900132208
2.18747 3.612093e-05 1.032294624598321 0.9362702110459298
2.157574 3.563783e-05 1.0184881823737315 0.923748048993173
2.127725 3.55483e-05 1.0159295179722256 0.9214273924653664
2.0977159999999997 3.543538e-05 1.012702394279407 0.9185004569675455
2.06744 3.528066e-05 1.0082806746747939 0.9144900472950086
2.03747 3.518895e-05 1.0056597083812375 0.9121128842193341
2.007565 3.513079e-05 1.0039975624905686 0.9106053517312604
1.977565 3.509098e-05 1.0028598384894074 0.9095734592218002
1.947565 3.477286e-05 0.9937683348659622 0.9013276505026468
1.917301 3.450194e-05 0.9860257529419593 0.8943052863061391
1.887282 3.450695e-05 0.9861689329782771 0.8944351476844962
1.857395 3.395957e-05 0.970525442303684 0.8802468200826785
1.827272 3.397776e-05 0.9710452915772616 0.8807183127917236
1.797367 3.3655e-05 0.961821182091837 0.8723522332550897
1.767461 3.333642e-05 0.9527165321975921 0.8640945011359276
1.7374770000000002 3.34562e-05 0.9561397067984228 0.8671992508164889
1.7073289999999999 3.308824e-05 0.945623833312685 0.8576615676268131
1.677079 3.301727e-05 0.9435955923590951 0.855821994368928
1.646895 3.252419e-05 0.9295039332158523 0.8430411463768492
1.616838 3.250067e-05 0.9288317586740963 0.8424314977503106
1.58697 3.200195e-05 0.9145789148193095 0.8295044585059491
1.55698 3.173624e-05 0.9069852287015374 0.8226171397747588
1.526876 3.147222e-05 0.8994398408395293 0.8157736265783837
1.496886 3.121186e-05 0.891999051566927 0.8090249821733831
1.46682 3.08441e-05 0.8814888938511017 0.7994924830706674
1.436791 3.038612e-05 0.8684003523275713 0.7876214423401322
1.406782 2.988688e-05 0.8541326474710113 0.774680924469674
1.3766990000000001 2.996658e-05 0.8564103817812986 0.7767467831233786
1.346688 2.946398e-05 0.8420466519902019 0.7637191725919863
1.316584 2.912434e-05 0.8323401315241294 0.7549155561158979
1.286672 2.881895e-05 0.8236124366556395 0.7469997145317715
1.256131 2.805576e-05 0.8018013444565407 0.7272174978953742
1.226627 2.794757e-05 0.798709398722162 0.7244131660541657
1.196716 2.781257e-05 0.7948512540309601 0.7209139073559206
1.1666969999999999 2.715395e-05 0.7760286521308168 0.7038421905867492
1.1367180000000001 2.640384e-05 0.7545913712840211 0.6843990132375596
1.106489 2.619035e-05 0.7484900726905049 0.6788652596117201
1.07664 2.578711e-05 0.7369659373921329 0.6684131034822361
1.046706 2.533468e-05 0.7240360084836851 0.6566859211648509
1.016357 2.500196e-05 0.7145272536565986 0.648061674097591
0.9862061999999999 2.42902e-05 0.6941859716905999 0.629612545423051
0.9563384 2.384803e-05 0.6815492617786835 0.6181513067667324
0.926079 2.348054e-05 0.6710468203522408 0.6086258061814134
0.8958477 2.303972e-05 0.6584486918872364 0.5971995601120772
0.8659609 2.266937e-05 0.6478645149510394 0.587599927083225
0.8360364 2.210655e-05 0.631779766839171 0.5730113879680673
0.806093 2.169966e-05 0.6201513187398886 0.5624646222515567
0.7761402000000001 2.09326e-05 0.5982296263929754 0.5425820935324763
0.7460605 2.065719e-05 0.590358725434428 0.5354433465837084
0.716093 2.022459e-05 0.5779955151128435 0.5242301664884432
0.6856346 1.935316e-05 0.5530910482368878 0.5016423219890974
0.6554138 1.876282e-05 0.5362198101850056 0.48634045250819385
0.6257345 1.81621e-05 0.5190519236746444 0.47076952891404744
0.5959044 1.755468e-05 0.5016925588722011 0.4550249384067288
0.5659044 1.726575e-05 0.4934352718675422 0.44753574717944034
0.5355698 1.669533e-05 0.4771333244989841 0.432750212759789
0.5054421 1.579978e-05 0.45153953577153366 0.40953716737302337
0.475527 1.524013e-05 0.4355453826127847 0.3950307960361875
0.4456402 1.43236e-05 0.4093520096214719 0.37127393992727986
0.41587599999999997 1.365795e-05 0.3903284984088904 0.3540200025014516
0.38553269999999995 1.320429e-05 0.3773634175154783 0.3422609380492601
0.3554326 1.210579e-05 0.34596955126892115 0.31378734041946615
0.3254515 1.159087e-05 0.3312537300511904 0.3004403901313155
0.2955175 1.078163e-05 0.30812658182964825 0.27946453747229455
0.26539389999999996 1.007497e-05 0.2879310519964284 0.26114760301524387
0.2352723 9.326682e-06 0.26654584181353913 0.2417516526982632
0.20554589999999998 8.26879e-06 0.23631250549009544 0.21433063208490133
0.1753846 7.296865e-06 0.2085360071271595 0.1891379134901471
0.145027 6.856786e-06 0.19595905558968232 0.17773087446299907
0.1152827 5.700572e-06 0.16291578961936198 0.14776130485905314
0.08491375999999999 4.755511e-06 0.13590703347112565 0.12326491282481489
0.0548383 3.45182e-06 0.09864904450358773 0.08947267525760166
0.02506471 2.595838e-06 0.07418606369570377 0.0672852496350743
-0.005059854999999999 1.288713e-06 0.03682993495876148 0.03340400129475164
-0.035067369999999994 5.270047e-07 0.015061188041062365 0.013660190966600165
-0.06485983000000001 -5.501634e-07 -0.015723037044470783 -0.014260474540044964
-0.09499505000000001 -1.775383e-06 -0.0507384036762963 -0.04601869929975103
-0.1252561 -2.499609e-06 -0.07143594958096554 -0.06479095211453044
-0.1551806 -3.451096e-06 -0.09862835341650306 -0.08945390886280515
-0.18508619999999998 -4.588417e-06 -0.1311316791820021 -0.1189337636920404
-0.2148315 -5.836087e-06 -0.16678865241808954 -0.15127391258122114
-0.2450108 -6.533301e-06 -0.18671422643832364 -0.16934600261113392
-0.2751247 -7.594061e-06 -0.21702952690231817 -0.19684136303150734
-0.3053221 -8.163793e-06 -0.23331181202237603 -0.21160906419201514
-0.3351711 -9.071739e-06 -0.25925986416902747 -0.23514341928858398
-0.3654488 -9.934184e-06 -0.28390755008164653 -0.2574983686812355
-0.39546359999999997 -1.061922e-05 -0.30348509087188463 -0.27525479965613175
-0.4253693 -1.170084e-05 -0.3343965461377938 -0.30329086034647107
-0.45547309999999996 -1.223763e-05 -0.34973738679549926 -0.31720469054373746
-0.4855391 -1.321588e-05 -0.37769464638193045 -0.3425613558886132
-0.5155692000000001 -1.380121e-05 -0.39442270439749466 -0.3577333639911596
-0.5457655 -1.460004e-05 -0.4172523467950707 -0.3784393849238937
-0.5757656 -1.543051e-05 -0.4409862239928663 -0.39996552841375715
-0.605624 -1.635233e-05 -0.46733077909837506 -0.4238595036227664
-0.6354354 -1.699631e-05 -0.4857349866408947 -0.4405517452264393
-0.6655414 -1.750457e-05 -0.5002604727205262 -0.4537260654188099
-0.69569 -1.868867e-05 -0.5341006884898011 -0.4844184522676393
-0.7255486 -1.922895e-05 -0.5495412693324865 -0.498422744782364
-0.7556146 -1.957013e-05 -0.5592918012268883 -0.5072662787280473
-0.7858284 -2.039422e-05 -0.5828433453644625 -0.5286270498438751
-0.8159636 -2.119595e-05 -0.6057558664257755 -0.5494082400375344
-0.8457184 -2.171353e-05 -0.6205477073833477 -0.5628241386822579
-0.8759581 -2.23495e-05 -0.6387229983408562 -0.5793087576031684
-0.9061806 -2.27301e-05 -0.6496001084850889 -0.5891740750887392
-0.9361901 -2.357086e-05 -0.6736280620449026 -0.6109669398527132
-0.9660674 -2.359854e-05 -0.6744191246008469 -0.6116844174880275
-0.9959258999999999 -2.453852e-05 -0.7012826716144462 -0.6360491077930378
-1.026088 -2.46569e-05 -0.7046658358258868 -0.6391175688648767
-1.056256 -2.561384e-05 -0.7320140801280992 -0.6639218697441256
-1.086228 -2.578027e-05 -0.736770458061112 -0.6682358077081917
-1.11631 -2.602369e-05 -0.7437271216220924 -0.6745453599476496
-1.146483 -2.666147e-05 -0.7619541402973126 -0.6910768948555513
-1.176266 -2.741451e-05 -0.7834751571733319 -0.7105960190787102
-1.206476 -2.754799e-05 -0.7872898620131958 -0.7140558787160565
-1.236662 -2.782566e-05 -0.795225351171759 -0.7212532058474765
-1.266586 -2.844614e-05 -0.8129579557495138 -0.7373363172333067
-1.2963879999999999 -2.859275e-05 -0.817147900884159 -0.7411365121796009
-1.326495 -2.918123e-05 -0.8339659822758514 -0.7563901696517731
-1.356548 -2.96944e-05 -0.8486317905068445 -0.7696917591790207
-1.386445 -3.000745e-05 -0.8575783993629978 -0.7778061512937288
-1.4162370000000002 -3.036089e-05 -0.86767930795306 -0.7869674697700824
-1.4465409999999999 -3.075158e-05 -0.878844778689398 -0.7970943244428035
-1.476907 -3.107441e-05 -0.8880708886942923 -0.8054622184098736
-1.5068979999999998 -3.137375e-05 -0.8966256815229169 -0.8132212413634488
-1.536907 -3.167683e-05 -0.9052873592489129 -0.821077206743183
-1.5668689999999998 -3.21013e-05 -0.9174182235235384 -0.8320796537035094
-1.5967470000000001 -3.228694e-05 -0.9227236011566845 -0.8368915232201185
-1.626708 -3.247048e-05 -0.9279689632057452 -0.8416489598236436
-1.6569639999999999 -3.270532e-05 -0.9346804202374626 -0.847736114732502
-1.686888 -3.300954e-05 -0.943374677851962 -0.8556216294079102
-1.7166810000000001 -3.286519e-05 -0.9392493209173324 -0.8518800146442681
-1.7469860000000001 -3.351387e-05 -0.9577878490528052 -0.8686940822915097
-1.777048 -3.355102e-05 -0.9588495533141247 -0.869657026444397
-1.806898 -3.39888e-05 -0.9713608020764533 -0.8810044743919357
-1.8367660000000001 -3.433942e-05 -0.9813811183107435 -0.8900926972421481
-1.867162 -3.435111e-05 -0.981715205062152 -0.8903957071249814
-1.897162 -3.46346e-05 -0.9898170231251803 -0.897743891186948
-1.927039 -3.452077e-05 -0.986563892679258 -0.8947933680934573
-1.957011 -3.482597e-05 -0.9952861575663304 -0.9027042847949712
-1.986949 -3.522365e-05 -1.0066513944611242 -0.9130123233069571
-2.017152 -3.54882e-05 -1.0142119291134015 -0.9198695743337773
-2.04736 -3.542916e-05 -1.0125246338351162 -0.9183392318630782
-2.0772370000000002 -3.559233e-05 -1.0171878447185487 -0.9225686692096904
-2.107217 -3.557847e-05 -1.0167917418635855 -0.9222094119833373
-2.137417 -3.615219e-05 -1.0331879994357063 -0.9370804838378347
-2.167435 -3.592637e-05 -1.0267343236270603 -0.9312271312508887
-2.1975599999999997 -3.611718e-05 -1.0321874539124545 -0.936173009415423
-2.227539 -3.634265e-05 -1.0386311271237527 -0.9420172898501882
-2.257473 -3.632962e-05 -1.038258744713928 -0.9416795465847208
-2.2876619999999996 -3.653691e-05 -1.0441828544401446 -0.947052593514789
-2.317511 -3.670279e-05 -1.048923514005897 -0.9513522752397142
-2.347828 -3.680293e-05 -1.0517854000012816 -0.9539479475807678
-2.377898 -3.652332e-05 -1.0437944678745634 -0.9467003348058322
-2.4076239999999998 -3.666988e-05 -1.0479829840667303 -0.9504992337303861
-2.437671 -3.677923e-05 -1.0511080812666038 -0.9533336332759648
-2.4679729999999998 -3.696761e-05 -1.0564917649475567 -0.9582165247839309
-2.497728 -3.727969e-05 -1.0654106523196327 -0.9663057740768812
-2.527473 -3.688419e-05 -1.0541077173168893 -0.9560542421127632
-2.5576619999999997 -3.716568e-05 -1.0621523776807886 -0.9633505853051262
-2.5877820000000002 -3.735223e-05 -1.0674837620670385 -0.9681860424174049
-2.617879 -3.728563e-05 -1.0655804106860456 -0.9664597414596041
-2.647671 -3.775518e-05 -1.0789996094990368 -0.9786306816207963
-2.677784 -3.763501e-05 -1.075565289146876 -0.9755158229706623
-2.707652 -3.729402e-05 -1.0658201872338915 -0.9666772139075913
-2.737792 -3.714899e-05 -1.061675396681558 -0.9629179732482839
-2.7680390000000004 -3.75955e-05 -1.0744361388005843 -0.9744917065916425
-2.797935 -3.758512e-05 -1.074139490342105 -0.9742226524783996
-2.828011 -3.75301e-05 -1.0725670820390687 -0.9727965101556038
-2.8580140000000003 -3.792758e-05 -1.0839266031639494 -0.9830993645806293
-2.888171 -3.768952e-05 -1.0771231222366344 -0.9769287458717091
-2.9181619999999997 -3.747789e-05 -1.0710749803033082 -0.971443204254601
-2.9479349999999998 -3.790601e-05 -1.0833101573788442 -0.9825402608019541
-2.977794 -3.763591e-05 -1.0755910101114838 -0.9755391513619838
-3.007897 -3.789673e-05 -1.0830449456548858 -0.9822997191669932
-3.0381709999999997 -3.789187e-05 -1.0829060524460028 -0.9821737458538565
-3.0681619999999996 -3.801368e-05 -1.0863872421114493 -0.9853311140170655
-3.098402 -3.787532e-05 -1.082433072485711 -0.9817447626578865
-3.128605 -3.799516e-05 -1.0858579618175155 -0.9848510675645359
-3.158322 -3.813443e-05 -1.0898381381963576 -0.9884610065193846
-3.188445 -3.806419e-05 -1.08783075980295 -0.9866403551789052
-3.218247 -3.814882e-05 -1.09024938784159 -0.9888340015761827
-3.2480680000000004 -3.80313e-05 -1.086890801440775 -0.9857878320782736
-3.278445 -3.819439e-05 -1.0915517260162426 -0.9900151957901017
-3.3084119999999997 -3.792266e-05 -1.0837859952240922 -0.9829718360414043
-3.338558 -3.810489e-05 -1.0889939189802236 -0.9876953168753392
-3.368417 -3.800463e-05 -1.0861286035228908 -0.9850965340821091
-3.398218 -3.806915e-05 -1.0879725108967897 -0.9867689205355221
-3.428477 -3.831484e-05 -1.0949940484462815 -0.9931373121619802
-3.458605 -3.826092e-05 -1.093453076877766 -0.9917396823174663
-3.4885140000000003 -3.838388e-05 -1.0969671322202115 -0.9949268589806974
-3.518671 -3.839488e-05 -1.0972814995654205 -0.9952119837635174
-3.548634 -3.841046e-05 -1.097726758041635 -0.9956158241377298
-3.578784 -3.845322e-05 -1.0989487896490113 -0.9967241819298555
-3.608662 -3.817215e-05 -1.0909161324019288 -0.989438725320109
-3.638634 -3.828364e-05 -1.0941023883398704 -0.9923285945961636
-3.668766 -3.851615e-05 -1.1007472566521026 -0.9983553548919336
-3.6986999999999997 -3.849528e-05 -1.1001508160616922 -0.9978143954176197
-3.728884 -3.831527e-05 -1.0950063373515941 -0.993148457948945
-3.75903 -3.843326e-05 -1.0983783558117044 -0.996206810051211
-3.7889209999999998 -3.862119e-05 -1.103749179010353 -1.0010780373635162
-3.819021 -3.822636e-05 -1.0924653918368183 -0.9908438720907157
-3.848945 -3.837941e-05 -1.0968393847626585 -0.9948109946371334
-3.878699 -3.851348e-05 -1.1006709511237653 -0.9982861473310127
-3.9086999999999996 -3.835759e-05 -1.096215794265162 -0.9942454107497577
-3.938949 -3.835688e-05 -1.0961955032819712 -0.9942270072410485
-3.968964 -3.845429e-05 -1.0989793690180452 -0.9967519167950933
-3.998851 -3.859387e-05 -1.1029684048402522 -1.0003698910847307
-4.029115 -3.804079e-05 -1.0871620147231418 -0.9860338170045428
-4.059027 -3.848709e-05 -1.0999167552837592 -0.9976021070565928
-4.088903 -3.890475e-05 -1.1118529975928508 -1.008428035855919
-4.119219 -3.809757e-05 -1.0887847218014117 -0.9875055792925899
-4.149523 -3.849206e-05 -1.1000587921660947 -0.9977309316175579
-4.1796809999999995 -3.863118e-05 -1.1040346817175022 -1.0013369825071865
-4.2094830000000005 -3.852246e-05 -1.1009275891928543 -0.9985189128355331
-4.239486 -3.853596e-05 -1.1013134036619745 -0.9988688387053577
-4.269699999999999 -3.843195e-05 -1.098340917518775 -0.9961728542816207
-4.299568 -3.835367e-05 -1.0961037651748695 -0.9941438026453348
-4.32937 -3.863388e-05 -1.1041118446113263 -1.0014069676811514
-4.3595299999999995 -3.846225e-05 -1.0992068566605784 -0.9969582434561158
-4.38954 -3.833578e-05 -1.0955924895561613 -0.9936800860667302
-4.4195590000000005 -3.849987e-05 -1.1002819929811931 -0.99793337021336
-4.4493599999999995 -3.846984e-05 -1.0994237701287723 -0.9971549795562615
-4.479436 -3.84348e-05 -1.098422367240034 -0.996246727520806
-4.5095209999999994 -3.841259e-05 -1.0977876309912074 -0.9956710346638576
-4.539764 -3.876094e-05 -1.107743073236986 -1.0047004181270698
-4.569889 -3.864177e-05 -1.1043373317343899 -1.0016114799117377
-4.599719 -3.844488e-05 -1.0987104420436435 -0.9965080055036083
-4.629898 -3.842496e-05 -1.0981411513603194 -0.995991670442356
-4.659785 -3.853574e-05 -1.1013071163150703 -0.9988631362097011
-4.6899120000000005 -3.831818e-05 -1.0950895018038267 -0.9932238864142182
-4.719889 -3.852345e-05 -1.100955882253923 -0.9985445740659868
-4.7500789999999995 -3.874212e-05 -1.107205219288183 -1.0042125955440997
-4.780011 -3.843542e-05 -1.098440086126764 -0.9962627981903832
-4.809983 -3.868741e-05 -1.1056416704285115 -1.0027944885560924
-4.8397939999999995 -3.828304e-05 -1.0940852410301316 -0.9923130423352825
-4.870033 -3.874698e-05 -1.1073441124970664 -1.0043385688572366
-4.900285 -3.847668e-05 -1.0996192494597934 -0.997332275330306
-4.929992 -3.820184e-05 -1.0917646384454975 -0.990208303029375
-4.959955 -3.837151e-05 -1.0966136118510992 -0.994606223202199
-4.989626 -3.848856e-05 -1.099958766192619 -0.9976402100957514
-5.002187 -3.825114e-05 -1.0931735757290255 -0.9914861804651046
-5.003724 -3.837296e-05 -1.0966550511829676 -0.9946438078326616
-4.975175 -3.831082e-05 -1.0948791614710323 -0.9930331120140768
-4.945598 -3.845237e-05 -1.0989244976268813 -0.9967021495602738
-4.9161459999999995 -3.858213e-05 -1.1026328891463655 -1.0000655851801574
-4.886438 -3.831145e-05 -1.0948971661462579 -0.993049441888002
-4.856425 -3.829228e-05 -1.0943493096001071 -0.9925525471528511
-4.826768 -3.823614e-05 -1.0927448929855585 -0.9910973739430773
-4.7969 -3.845579e-05 -1.099022237292392 -0.996790797447296
-4.766906 -3.843224e-05 -1.0983492053851487 -0.9961803712077132
-4.737107 -3.867349e-05 -1.1052438528425743 -1.0024336761036512
-4.706928 -3.86763e-05 -1.1053241594098504 -1.0025065125254442
-4.677004 -3.871876e-05 -1.1065376173623576 -1.0036070941871296
-4.647023 -3.852525e-05 -1.101007324183139 -0.9985912308486301
-4.6171549999999995 -3.869717e-05 -1.1059206000002606 -1.0030474719997582
-4.587211 -3.843779e-05 -1.0985078180002315 -0.9963242296208633
-4.557315 -3.81231e-05 -1.0895143398307923 -0.9881673279930802
-4.527457 -3.869712e-05 -1.1059191710577825 -1.003046175978018
-4.497221 -3.852353e-05 -1.100958168561888 -0.998546647700771
-4.466966 -3.834127e-05 -1.0957493874402702 -0.9938223892537923
-4.437343 -3.83966e-05 -1.0973306551866715 -0.9952565669113765
-4.407513 -3.867348e-05 -1.1052435670540788 -1.0024334168993032
-4.377147 -3.839551e-05 -1.0972995042406462 -0.9952283136374426
-4.347183 -3.819181e-05 -1.0914779925843663 -0.989948321068313
-4.317362 -3.86459e-05 -1.104455362383091 -1.0017185313074692
-4.28712 -3.85929e-05 -1.1029406833561748 -1.000344748262973
-4.256984999999999 -3.86521e-05 -1.1046325512503907 -1.0018792380032404
-4.227136000000001 -3.863289e-05 -1.1040835515502574 -1.0013813064506976
-4.197229999999999 -3.861314e-05 -1.1035191192713594 -1.0008693778633617
-4.167051000000001 -3.843212e-05 -1.0983457759232012 -0.9961772607555371
-4.137036 -3.837745e-05 -1.096783370217512 -0.9947601905849217
-4.1068999999999996 -3.825915e-05 -1.0934024923140366 -0.991693803147867
-4.076891 -3.857572e-05 -1.1024496987206573 -0.9998994351930778
-4.046626 -3.841858e-05 -1.0979588183000981 -0.9958262980683203
-4.016757999999999 -3.859647e-05 -1.1030427098491198 -1.0004372842152154
-3.986513 -3.86571e-05 -1.104775445498213 -1.0020088401772496
-3.956636 -3.830148e-05 -1.0946122350161003 -0.9927910151530279
-3.926518 -3.835075e-05 -1.0960203149341412 -0.9940681149757135
-3.896447 -3.853145e-05 -1.1011845130504387 -0.9987519375444014
-3.866545 -3.822282e-05 -1.09236422270936 -0.9907521137515171
-3.836381 -3.859085e-05 -1.1028820967145674 -1.0002916113716291
-3.806551 -3.836237e-05 -1.0963524011660803 -0.9943693104281106
-3.776485 -3.813664e-05 -1.089901297453895 -0.9885182906802968
-3.746495 -3.835488e-05 -1.0961383455828422 -0.9941751663714448
-3.7163600000000003 -3.839015e-05 -1.0971463216069808 -0.995089380106905
-3.686202 -3.796504e-05 -1.084997166868634 -0.9840703440683052
-3.656249 -3.844248e-05 -1.0986418528046888 -0.9964457964600839
-3.6265419999999997 -3.816847e-05 -1.0908109622355318 -0.9893433381200385
-3.596406 -3.80508e-05 -1.0874480890072817 -0.9862932805569088
-3.566325 -3.827936e-05 -1.0939800708637344 -0.9922176551352118
-3.536157 -3.820994e-05 -1.0919961271269698 -0.9904182585512697
-3.506155 -3.83664e-05 -1.0964675739298249 -0.9944737697803618
-3.476089 -3.821074e-05 -1.0920189902066213 -0.9904389948991111
-3.446108 -3.841216e-05 -1.0977753420858947 -0.9956598888768929
-3.4161550000000003 -3.827767e-05 -1.0939317726079705 -0.9921738496003967
-3.385999 -3.813147e-05 -1.0897535448016467 -0.9883842820323713
-3.3558339999999998 -3.830068e-05 -1.0945893719364488 -0.9927702788051865
-3.325731 -3.795367e-05 -1.0846722253490861 -0.9837756287246086
-3.295787 -3.810476e-05 -1.08899020372978 -0.9876919472188148
-3.265881 -3.807469e-05 -1.0881308377233767 -0.9869125197443243
-3.235881 -3.79048e-05 -1.083275576970871 -0.9825088970758439
-3.205768 -3.795499e-05 -1.084709949430511 -0.9838098436985468
-3.1757020000000002 -3.799311e-05 -1.0857993751759083 -0.9847979306731922
-3.145683 -3.803557e-05 -1.087012833128415 -0.9858985123348771
-3.1159 -3.800697e-05 -1.0861954780308718 -0.9851571878995454
-3.085721 -3.759186e-05 -1.0743321117881695 -0.9743973562089637
-3.0553719999999998 -3.787711e-05 -1.0824842286264311 -0.9817911602361815
-3.025447 -3.783285e-05 -1.0812193287447083 -0.9806439217918533
-2.995523 -3.790312e-05 -1.083227564503603 -0.982465350745377
-2.965542 -3.77719e-05 -1.0794774478637545 -0.9790640712906827
-2.935444 -3.759531e-05 -1.074430708819167 -0.9744867817090301
-2.905499 -3.758151e-05 -1.0740363206951773 -0.974129079708765
-2.875471 -3.792012e-05 -1.0837134049461985 -0.9829059981370077
-2.8454 -3.75458e-05 -1.0730157699772307 -0.9732034609819924
-2.815381 -3.765996e-05 -1.0762783314435092 -0.9761625378189674
-2.785438 -3.773329e-05 -1.0783740184820707 -0.9780632833029845
-2.755277 -3.756824e-05 -1.0736570793614568 -0.9737851155389449
-2.72523 -3.745691e-05 -1.0704753960394457 -0.9708993935324588
-2.6954279999999997 -3.74624e-05 -1.0706322939235549 -0.9710416967195209
-2.665268 -3.726461e-05 -1.0649796832682008 -0.9659148939200699
-2.635147 -3.700294e-05 -1.057501455702669 -0.9591322937454789
-2.605108 -3.745958e-05 -1.070551701567783 -0.9709686010933798
-2.5753150000000002 -3.709758e-05 -1.0602061580254492 -0.9615854036951227
-2.545064 -3.729785e-05 -1.065929644227723 -0.9667764891728821
-2.515032 -3.725815e-05 -1.0647950639000143 -0.9657474479112501
-2.4852399999999997 -3.686219e-05 -1.0534789826264714 -0.9554839925471234
-2.4549899999999996 -3.70259e-05 -1.058157626088669 -0.9597274269285285
-2.425013 -3.717084e-05 -1.0622998445445415 -0.9634843347487037
-2.395079 -3.681851e-05 -1.052230658477496 -0.9543517879549802
-2.36523 -3.650617e-05 -1.0433043406045328 -0.946255799348981
-2.3349070000000003 -3.67635e-05 -1.050658535962955 -0.9529259048365323
-2.304777 -3.650657e-05 -1.0433157721443587 -0.9462661675229018
-2.274796 -3.627884e-05 -1.0368075107330448 -0.9403633069054845
-2.244721 -3.644095e-05 -1.041440428035939 -0.9445652685912068
-2.214853 -3.604659e-05 -1.0301700729216996 -0.9343432859227631
-2.184891 -3.585309e-05 -1.0246400655309766 -0.9293276817886117
-2.154786 -3.560726e-05 -1.0176145269425458 -0.9229556613012814
-2.124909 -3.589585e-05 -1.025862097138353 -0.9304360395807373
-2.09506 -3.597009e-05 -1.0279837909300185 -0.9323603726604242
-2.0646199999999997 -3.566879e-05 -1.019372983556247 -0.9245505456546371
-2.0343720000000003 -3.541877e-05 -1.0122276995881412 -0.9180699185454873
-2.00441 -3.522481e-05 -1.006684545926619 -0.9130423910113272
-1.974532 -3.500241e-05 -1.0003286097834836 -0.9072776863114036
-1.9443510000000002 -3.477688e-05 -0.9938832218412115 -0.9014318506505503
-1.914288 -3.453777e-05 -0.9870497331218537 -0.8952340154850882
-1.8846379999999998 -3.432572e-05 -0.9809895880717102 -0.8897375872853631
-1.8543340000000001 -3.421638e-05 -0.9778647766603324 -0.8869034469441327
-1.8243530000000001 -3.442244e-05 -0.9837537344015849 -0.8922446117393948
-1.794532 -3.383191e-05 -0.9668770663682853 -0.8769378173758788
-1.76436 -3.3468e-05 -0.9564769372232832 -0.8675051119471502
-1.73423 -3.386878e-05 -0.9679307685517269 -0.8778935038070218
-1.704287 -3.355978e-05 -0.9590999040363093 -0.8698840894532609
-1.6744659999999998 -3.314947e-05 -0.9473737162715168 -0.8592486758497283
-1.643934 -3.30669e-05 -0.9450139606629793 -0.8571084255481423
-1.614013 -3.24074e-05 -0.9261662093752191 -0.8400138987963451
-1.584155 -3.212689e-05 -0.9181495562838929 -0.8327429576300879
-1.554038 -3.158079e-05 -0.9025426465367424 -0.8185878081848167
-1.5238969999999998 -3.150787e-05 -0.9004586768265023 -0.8166976900790685
-1.493636 -3.113891e-05 -0.8899142244911997 -0.8071340864545906
-1.463796 -3.103838e-05 -0.8870411927444848 -0.8045283051439642
-1.434013 -3.082028e-05 -0.8808081456544764 -0.7988750583136882
-1.4040080000000001 -3.013973e-05 -0.8613588095833846 -0.781234906409313
-1.373787 -2.977896e-05 -0.8510484180260149 -0.7718835911458621
-1.343806 -2.927455e-05 -0.8366329605172066 -0.7588090646274784
-1.3138230000000002 -2.91388e-05 -0.8327533816888315 -0.7552903656031321
-1.283485 -2.868237e-05 -0.8197091373821258 -0.7434595015465395
-1.253655 -2.808611e-05 -0.8026687125408221 -0.7280041830916093
-1.22374 -2.801231e-05 -0.800559593442965 -0.7260912550032352
-1.1938810000000002 -2.77538e-05 -0.793171675042057 -0.7193905634026181
-1.16386 -2.710685e-05 -0.7746825883163309 -0.7026213381075838
-1.133551 -2.698096e-05 -0.7710847969446611 -0.6993582145703832
-1.103471 -2.625777e-05 -0.7504168587281407 -0.6806128153260584
-1.073353 -2.588405e-05 -0.7397363710689115 -0.6709258304319242
-1.0433620000000001 -2.571231e-05 -0.7348282394447113 -0.6664742549590603
-1.013211 -2.511904e-05 -0.7178732653636054 -0.6510964386041875
-0.9832585 -2.499447e-05 -0.7143131980733609 -0.6478675300409255
-0.9533509 -2.436149e-05 -0.6962233578760502 -0.6314604132200724
-0.922966 -2.385453e-05 -0.6817350243008525 -0.6183197895929442
-0.8932019 -2.326527e-05 -0.6648946514064998 -0.6030459141816266
-0.8632868 -2.261858e-05 -0.6464129951816605 -0.5862834281996407
-0.8330546000000001 -2.228109e-05 -0.6367679192421515 -0.5775355406583761
-0.8029283 -2.204081e-05 -0.6299009932688036 -0.571307378584196
-0.7729849000000001 -2.110864e-05 -0.6032606470703027 -0.547145126874988
-0.7430792 -2.082519e-05 -0.595159972161257 -0.5397979796304134
-0.7129342000000001 -2.034466e-05 -0.5814269775800479 -0.5273424330950971
-0.6826264 -2.008129e-05 -0.5739001659702566 -0.520515768181343
-0.6526924000000001 -1.902385e-05 -0.543679747286816 -0.4931064636045116
-0.6226453000000001 -1.894727e-05 -0.5414911789871698 -0.4911214767073886
-0.5928905 -1.821061e-05 -0.520438283667016 -0.4720269292062834
-0.5628323000000001 -1.727424e-05 -0.4936779063003445 -0.4477558116709078
-0.5325698 -1.702478e-05 -0.48654862648799474 -0.4412897000052469
-0.5028433999999999 -1.630096e-05 -0.4658626835962487 -0.42252797088699706
-0.4729754 -1.553242e-05 -0.44389869455198017 -0.4026070799244101
-0.4425175 -1.503161e-05 -0.4295861209016038 -0.38962586697131296
-0.41258859999999997 -1.416817e-05 -0.40490999903366826 -0.36724512674603377
-0.3822207 -1.347952e-05 -0.38522917428110415 -0.34939501931976374
-0.3524188 -1.284453e-05 -0.3670818905961689 -0.3329358024249591
-0.32256029999999997 -1.200837e-05 -0.34318539974435164 -0.31126217166107334
-0.2926169 -1.110951e-05 -0.31749701502484284 -0.28796332963511373
-0.2626169 -1.031489e-05 -0.2947876895839331 -0.2673664337328953
-0.23253200000000002 -9.335831e-06 -0.2668073097082043 -0.24198879875626497
-0.2023231 -8.468568e-06 -0.2420219308983837 -0.21950896470873832
-0.1723151 -8.045947e-06 -0.22994390891660293 -0.20855444463236045
-0.142315 -6.958844e-06 -0.19887575581853179 -0.1803762621980027
-0.1121264 -6.02272e-06 -0.17212240884885302 -0.15611152108958828
-0.08208863 -5.162708e-06 -0.1475442552772243 -0.13381963611480963
-0.05189995 -3.758574e-06 -0.10741572092288351 -0.09742387231479768
-0.02195656 -3.068799e-06 -0.08770274496455943 -0.07954460439937562
0.007920804 -2.0716e-06 -0.059203944757731386 -0.053696772735440323
0.03782647 -1.054498e-06 -0.030136339708021924 -0.027333046657644498
0.06799174 -2.494012e-08 -0.0007127599375995325 -0.0006464587544094467
0.09812836 9.230283e-07 0.026379086929437492 0.0239252948703803
0.1278453 2.084906e-06 0.05958421493003606 0.05404167004091327
0.1579454 3.291433e-06 0.09406536855849298 0.08531537448104293
0.1881001 4.036444e-06 0.11535692585135948 0.10462638353317806
0.21830760000000002 5.080522e-06 0.14519547394691978 0.13168933926018767
0.248317 5.903979e-06 0.16872892767271971 0.15303370274078595
0.27825099999999997 7.000735e-06 0.2000729524056365 0.18146209513228556
0.3082321 7.58207e-06 0.21668683791719076 0.1965305510977988
0.3383737 8.855212e-06 0.2530717716093841 0.2295309453022514
0.36835480000000004 9.537959e-06 0.2725838954129692 0.2472280444018863
0.39851949999999997 1.032974e-05 0.2952120854999653 0.2677513521897023
0.4284963 1.112524e-05 0.3179465603284917 0.28837105807454627
0.458185 1.203089e-05 0.3438289954365432 0.3118458998528102
0.4882982 1.274135e-05 0.36413312489810806 0.3302613319621078
0.5184774 1.331005e-05 0.38038591664541543 0.3450022832339001
0.5485566 1.413919e-05 0.40408178397329014 0.36649395254547706
0.5785435 1.493672e-05 0.42687427386643245 0.3871662769129688
0.6084586000000001 1.599409e-05 0.4570926920304035 0.41457376705936405
0.6384303 1.635173e-05 0.46731363178863633 0.4238439513618853
0.6685103 1.728261e-05 0.493917111271199 0.44797276571019895
0.6985624 1.823302e-05 0.5210787356857557 0.47260780615019216
0.728619 1.862712e-05 0.5323416602991087 0.4828230495055876
0.7586955000000001 1.930407e-05 0.5516881125117685 0.5003698878446763
0.7889397 2.008343e-05 0.5739613247083246 0.520571237911819
0.8189114 2.083105e-05 0.5953274442197047 0.5399498733783521
0.8488831 2.112195e-05 0.6036410315580055 0.5474901278622
0.8788737 2.171116e-05 0.6204799755098799 0.5627627072517776
0.908751 2.261609e-05 0.646341833846245 0.5862188863169842
0.9387048 2.304601e-05 0.6586284528509968 0.5973625996469806
0.9692228 2.379177e-05 0.679941415702187 0.6166930231047822
0.9991756 2.422744e-05 0.6923923630919345 0.627985778934889
1.029336 2.473161e-05 0.7068009616768474 0.6410540845489202
1.059326 2.510356e-05 0.7174308647723475 0.6506951902734553
1.089223 2.576911e-05 0.7364515180999727 0.6679465356558035
1.119186 2.601144e-05 0.7433770307149277 0.6742278346213273
1.149232 2.677042e-05 0.7650678059573601 0.693900926227209
1.1793900000000002 2.709106e-05 0.7742313282817079 0.702212054442063
1.2095619999999998 2.73138e-05 0.7805969812336955 0.7079855720898194
1.239232 2.798338e-05 0.7997328073250652 0.7253413768244188
1.269091 2.834407e-05 0.8100409125744696 0.7346906184530855
1.299205 2.889042e-05 0.8256549670340113 0.7488522480070572
1.329364 2.903382e-05 0.8297531740615547 0.7525692383576376
1.359553 2.945838e-05 0.8418866104326409 0.7635740181570961
1.389374 2.985405e-05 0.85319440383981 0.7738299565951303
1.419307 3.054157e-05 0.8728429344923662 0.7916507739300742
1.449732 3.06427e-05 0.8757331135488199 0.7942721075015818
1.479817 3.060279e-05 0.8745925316627022 0.7932376229486413
1.509666 3.10964e-05 0.8886993375962146 0.8060322087711654
1.539483 3.160844e-05 0.9033328517271998 0.819304508207087
1.569836 3.172688e-05 0.9067177306696141 0.8223745245050139
1.599723 3.222776e-05 0.92103230483946 0.8353575518885471
1.629927 3.27344e-05 0.935511493182797 0.8484898809765388
1.660072 3.265178e-05 0.9331503086317815 0.8463483346532128
1.689817 3.300163e-05 0.9431486191519072 0.8554165987686279
1.720066 3.319703e-05 0.9487329263568023 0.8604814517289026
1.750213 3.397503e-05 0.9709672713179505 0.8806475500047146
1.77993 3.37185e-05 0.96363593903918 0.8739981808650049
1.8100289999999999 3.388518e-05 0.968399461684584 0.8783185989377715
1.840298 3.417343e-05 0.9766373150715391 0.8857901642693948
1.870194 3.444214e-05 0.9843167377380047 0.8927552443049906
1.9001210000000002 3.439761e-05 0.9830441215668991 0.8916010073432656
1.930232 3.470809e-05 0.9919172827796722 0.8996487839405333
1.960176 3.50342e-05 1.0012371314111377 0.9081016969337532
1.990242 3.520293e-05 1.0060592406981486 0.9124752518978634
2.019902 3.519654e-05 1.0058766218494317 0.9123096203194799
2.050297 3.543779e-05 1.0127712693068573 0.9185629252154178
2.080449 3.555882e-05 1.0162301674696435 0.9217000754394814
2.110166 3.554084e-05 1.0157163197544747 0.921234026021745
2.140501 3.609123e-05 1.0314458327662568 0.935500374132316
2.170298 3.618651e-05 1.0341688255527584 0.9379700731602328
2.200279 3.634208e-05 1.038614837179501 0.9420025152023511
2.230464 3.614314e-05 1.0329293608471477 0.9368459039028781
2.260619 3.681569e-05 1.052150066121724 0.954278692328839
2.2907040000000003 3.6447e-05 1.041613330075804 0.9447220872217577
2.320496 3.657378e-05 1.045236556623586 0.9480082799459317
2.350525 3.681914e-05 1.0522486631527215 0.9543681178289052
2.380468 3.674111e-05 1.0500186555212068 0.9523455463013195
2.4101950000000003 3.684013e-05 1.0528485332050794 0.9549121877553953
2.440668 3.70059e-05 1.0575860490973796 0.9592090182324922
2.4707510000000004 3.733455e-05 1.0669784880067388 0.9677277691301088
2.500638 3.702702e-05 1.058189634400181 0.9597564578155066
2.530547 3.720929e-05 1.063398701310295 0.9644809754668335
2.560789 3.709015e-05 1.0599938171731853 0.9613928148645452
2.590741 3.706492e-05 1.059272772798674 0.9607388422944954
2.620825 3.740632e-05 1.0690295920399802 0.9695880787358352
2.650912 3.724822e-05 1.0645112759238393 0.9654900579936682
2.681053 3.727287e-05 1.065215744565603 0.9661289967115329
2.710817 3.755587e-05 1.073303558992345 0.9734644797604467
2.740855 3.747483e-05 1.070987529023641 0.9713638877241074
2.7708739999999996 3.766824e-05 1.0765149643179028 0.9763771590191266
2.8009459999999997 3.75337e-05 1.0726699658975007 0.9728898237208903
2.831298 3.734873e-05 1.067383736093563 0.9680953208955986
2.861279 3.765547e-05 1.0761500124089647 0.9760461550667073
2.891279 3.817786e-05 1.091079317632942 0.9895867310028276
2.9213829999999996 3.80009e-05 1.0860220044140154 0.9849998508602983
2.9512600000000004 3.76465e-05 1.0758936601283715 0.9758136487665351
2.9813829999999997 3.795599e-05 1.0847385282800757 0.9838357641333488
3.011185 3.755655e-05 1.0733229926100485 0.9734821056561118
3.041223 3.827395e-05 1.093825459287591 0.9920774255829341
3.0711280000000003 3.803009e-05 1.086856221032802 0.9857564683521634
3.101317 3.760267e-05 1.0746410491519613 0.9746775561091715
3.1315749999999998 3.819163e-05 1.0914728483914444 0.9899436553900484
3.1617420000000003 3.818229e-05 1.0912059219365127 0.9897015585289997
3.191525 3.816465e-05 1.0907017910301955 0.9892443220590955
3.221619 3.80905e-05 1.088582669334991 0.987322321818541
3.251525 3.831211e-05 1.0949160281869705 0.9930665493749713
3.281468 3.824453e-05 1.0929846695334042 0.9913148463910645
3.311649 3.843309e-05 1.0983734974072785 0.9962024035772948
3.3417890000000003 3.827329e-05 1.093806597246878 0.9920603180959646
3.371713 3.81722e-05 1.090917561344407 0.9894400213418493
3.401853 3.809164e-05 1.0886152492234944 0.9873518711142151
3.432043 3.810416e-05 1.0889730564200413 0.9876763949579337
3.462043 3.818427e-05 1.0912625080586502 0.9897528809899072
3.491949 3.843284e-05 1.0983663526948875 0.9961959234685943
3.5219549999999997 3.815332e-05 1.0903779926646302 0.988950643532791
3.552204 3.862002e-05 1.103715741756363 1.0010477104547983
3.582063 3.81945e-05 1.0915548696896946 0.9900180470379298
3.611911 3.814859e-05 1.0902428147061904 0.9888280398761785
3.642094 3.813722e-05 1.0899178731866423 0.9885333245324818
3.6722420000000002 3.825922e-05 1.0934044928335065 0.9916956175783034
3.7022510000000004 3.831605e-05 1.0950286288542543 0.9931686758880903
3.732072 3.852738e-05 1.1010681971327114 0.998646441374758
3.762251 3.857809e-05 1.102517430594125 0.999960866623558
3.792317 3.836509e-05 1.0964301356368955 0.9944398140107714
3.822534 3.822517e-05 1.0924313830058365 0.9908130267733014
3.852411 3.853038e-05 1.1011539336814047 0.9987242026791634
3.8821190000000003 3.823085e-05 1.0925937108713626 0.9909602548429757
3.912538 3.861776e-05 1.103651153556347 1.0009891302721459
3.9427890000000003 3.845044e-05 1.098869340447222 0.9966521231211064
3.972374 3.836413e-05 1.0964026999413137 0.9944149303933617
4.002399 3.821092e-05 1.092024134399543 0.9904436605773755
4.032582 3.837101e-05 1.096599322426317 0.9945932629847982
4.062686 3.805578e-05 1.087590411678113 0.986422364322222
4.092751 3.840562e-05 1.0975884364097428 0.9954903692332889
4.122872 3.849339e-05 1.1000968020360156 0.9977654057958444
4.152883 3.85087e-05 1.1005343442228472 0.99816224765266
4.182902 3.816548e-05 1.0907255114753338 0.989265836019981
4.212779 3.833851e-05 1.0956705098154722 0.9937508488537392
4.243112 3.834555e-05 1.0958717049164057 0.9939333287147438
4.27312 3.856339e-05 1.1020973215055274 0.9995798362319712
4.303082000000001 3.854688e-05 1.1016254846992184 0.9991518898533934
4.333035 3.822232e-05 1.0923499332845779 0.9907391535341163
4.363270000000001 3.849174e-05 1.1000496469342342 0.9977226370784213
4.39311 3.836141e-05 1.0963249654704985 0.9943444268107009
4.423072 3.837259e-05 1.096644477008629 0.994634217271785
4.4530389999999995 3.853515e-05 1.1012902547938273 0.9988478431531681
4.483261000000001 3.873548e-05 1.1070154557270753 1.0040404838570158
4.513082000000001 3.868469e-05 1.1055639359576963 1.0027239849734315
4.543158999999999 3.849158e-05 1.100045074318304 0.997718489808853
4.573469 3.856602e-05 1.1021724838798819 0.9996480069755
4.603299 3.846375e-05 1.099249724934925 0.9969971241083185
4.633374 3.873699e-05 1.1070586097899175 1.0040796237135665
4.663346 3.833238e-05 1.095495321467642 0.9935919565884039
4.693167000000001 3.864153e-05 1.1043304728104946 1.0016052590073854
4.723492 3.846496e-05 1.099284305342898 0.9970284878344288
4.753453 3.862505e-05 1.103859493369672 1.0011780902418512
4.783685 3.85273e-05 1.1010659108247463 0.9986443677399739
4.813761 3.823629e-05 1.0927491798129934 0.9911012620082976
4.843751 3.842764e-05 1.0982177426771522 0.9960611372076249
4.873742 3.84831e-05 1.0998027256739973 0.9974986845217336
4.903974 3.845119e-05 1.0988907745843954 0.9966715634472078
4.933987 3.870637e-05 1.1061835254162535 1.0032859399999348
4.963997 3.86422e-05 1.1043496206397025 1.0016226256987024
4.993492 3.86447e-05 1.1044210677636137 1.001687426785707
5.0059499999999995 3.856245e-05 1.1020704573869369 0.9995554710232576
