Keff(MJ/m3):0.08163227558066817 Ms(MA/m):1.1215687093829079
H(kOe) moment(emu) M(MA/m) M_norm()
4.973441 3.121445e-05 1.2100288033619622 1.000368915572095
4.944470999999999 3.102786e-05 1.2027956381317784 0.994389030103775
4.915688 3.141029e-05 1.2176205450345017 1.00664524747689
4.886461000000001 3.120979e-05 1.2098481583650564 1.0002195706646382
4.857216 3.105869e-05 1.2039907637228955 0.9953770780644818
4.828037 3.115397e-05 1.2076842949042657 0.9984306366014961
4.798509 3.129721e-05 1.2132369964829761 1.0030212298513068
4.768934 3.113895e-05 1.2071020442919211 0.9979492716851868
4.7392259999999995 3.107723e-05 1.2047094672084393 0.995971252867969
4.709413 3.126891e-05 1.2121399463944709 1.0021142639970089
4.679452 3.110759e-05 1.2058863732397829 0.9969442381448766
4.649669 3.120949e-05 1.2098365288588173 1.000209956185617
4.6199520000000005 3.124459e-05 1.2111971810887303 1.0013348502310537
4.589961000000001 3.13864e-05 1.2166944486877034 1.0058796144641984
4.560046000000001 3.124969e-05 1.2113948826947862 1.001498296374408
4.53032 3.104951e-05 1.203634900831995 0.9950828750064445
4.500594 3.101206e-05 1.2021831508032135 0.9938826675420114
4.470432 3.125792e-05 1.2117139188159312 1.0017620535822127
4.4402349999999995 3.112328e-05 1.20649459641606 0.9974470753976657
4.410348 3.110796e-05 1.2059007162974769 0.9969560960023356
4.380669 3.113012e-05 1.2067597491582993 0.9976662855193404
4.3505519999999995 3.133992e-05 1.2148926505211408 1.0043900111812385
4.320291 3.121881e-05 1.2101978188526292 1.0005086460005308
4.2905050000000005 3.116842e-05 1.208244449454757 0.9988937340076661
4.260377 3.115429e-05 1.2076966997109204 0.9984408920457851
4.230537 3.100312e-05 1.2018365915173042 0.9935961560671909
4.200394 3.09994e-05 1.2016923856399457 0.9934769365273326
4.170175 3.13257e-05 1.2143414119254323 1.0039342848756512
4.140452 3.143506e-05 1.2185807545995995 1.0074390829613762
4.110396 3.113506e-05 1.2069512483610279 0.9978246039405501
4.079737 3.102174e-05 1.2025583962045112 0.99419289473175
4.049858 3.111824e-05 1.2062992207112522 0.9972855521501159
4.019914 3.10692e-05 1.2043981840914533 0.9957139053128446
3.9899899999999997 3.124463e-05 1.2111987316895623 1.00133613216159
3.960112 3.10705e-05 1.2044485786184873 0.9957555680552684
3.929867 3.12261e-05 1.2104804158542264 1.0007422778407369
3.899744 3.096302e-05 1.200282114183415 0.9923110207047404
3.869829 3.102846e-05 1.2028188971442555 0.9944082590618167
3.8397159999999997 3.105646e-05 1.2039043177265223 0.9953056104370939
3.809603 3.110809e-05 1.2059057557501802 0.9969602622765779
3.779452 3.093386e-05 1.199151726177026 0.9913764933439162
3.749509 3.097945e-05 1.2009190234750808 0.9928375736724477
3.719574 3.107075e-05 1.2044582698736859 0.995763580121119
3.68948 3.095932e-05 1.2001386836064727 0.9921924421301503
3.6598200000000003 3.096411e-05 1.2003243680560818 0.9923459533118494
3.6295610000000003 3.113435e-05 1.2069237251962632 0.9978018496735342
3.599282 3.102613e-05 1.2027285746458025 0.9943335866080882
3.569424 3.080463e-05 1.1941421225396571 0.9872348962643783
3.539471 3.096047e-05 1.200183263380387 0.9922292976330633
3.5093769999999997 3.103046e-05 1.2028964271858458 0.994472355588622
3.4793960000000004 3.07407e-05 1.1916638747602175 0.9851860507850403
3.4490979999999998 3.095437e-05 1.1999467967535362 0.9920338032263066
3.41907 3.093295e-05 1.199116450008102 0.9913473294242195
3.389033 3.081122e-05 1.1943975840266976 0.9874460943202024
3.3590120000000003 3.08081e-05 1.1942766371618165 0.9873461037383858
3.329005 3.063063e-05 1.1873970089212853 0.981658498432299
3.298603 3.060992e-05 1.1865941853406161 0.9809947788972281
3.268924 3.043802e-05 1.1799304782659141 0.9754856824182945
3.2388760000000003 3.044832e-05 1.180329757980105 0.9758157795313428
3.208886 3.051636e-05 1.1829673299950132 0.9779963433732662
3.178913 3.071722e-05 1.1907536720719452 0.9844335575603435
3.148603 3.079029e-05 1.1935862321414532 0.9867753241671827
3.1186309999999997 3.053359e-05 1.1836352513033153 0.9785485349516958
3.0887629999999997 3.02394e-05 1.1722309698355637 0.9691202563412395
3.0586309999999997 3.028878e-05 1.1741451865624326 0.9707027995880675
3.0288760000000003 3.030103e-05 1.1746200580671744 0.9710953908147514
2.9985239999999997 3.014537e-05 1.1685858949301873 0.9661067581334786
2.9683479999999998 3.027932e-05 1.1737784694657096 0.9703996230162775
2.938395 3.018095e-05 1.1699651543700822 0.9672470353453487
2.908424 3.010989e-05 1.1672105119923724 0.9649696857479488
2.878433 2.996348e-05 1.1615349252977414 0.9602774995031517
2.8485650000000002 3.008563e-05 1.1662700725878798 0.9641921948777981
2.818518 2.999446e-05 1.162735865641978 0.9612703547033691
2.788366 2.989752e-05 1.1589779845260875 0.9581635960491061
2.7581219999999997 3.0019e-05 1.1636871592522928 0.9620568190872725
2.728169 2.966433e-05 1.1499383693268452 0.9506902615062177
2.698301 2.947635e-05 1.1426513207177564 0.9446658289517682
2.668015 2.952237e-05 1.1444352869747532 0.9461406900335627
2.6378760000000003 2.951881e-05 1.1442972835007221 0.946026598215849
2.6080740000000002 2.94554e-05 1.141839193532096 0.9439944178334804
2.57798 2.932291e-05 1.1367032159269348 0.9397483434152495
2.547765 2.909325e-05 1.1278004412511 0.932388139242173
2.5176030000000003 2.899686e-05 1.124063880896647 0.9292990071327816
2.487905 2.878928e-05 1.1160170378799714 0.9226464286156381
2.457886 2.904995e-05 1.1261219158506661 0.9310004494368338
2.4280459999999997 2.862058e-05 1.1094773788718142 0.9172398865795932
2.3978200000000003 2.868196e-05 1.1118567758482263 0.9192070089872545
2.367924 2.880966e-05 1.1168070690037781 0.9232995722237861
2.337707 2.846204e-05 1.1033315724749369 0.9121589548997207
2.307933 2.803444e-05 1.0867556495828925 0.898455117468703
2.277654 2.803836e-05 1.0869076084644098 0.8985807466612418
2.247207 2.793086e-05 1.0827403687289219 0.8951355583454459
2.217594 2.78403e-05 1.0792298084457046 0.8922332676116923
2.1876219999999997 2.725267e-05 1.0564503192757981 0.873400746588332
2.1577539999999997 2.755158e-05 1.0680375716417032 0.8829802930020493
2.127716 2.707714e-05 1.04964589517561 0.8677753149132468
2.0976350000000004 2.700127e-05 1.046704793047875 0.8653438131688798
2.067704 2.677265e-05 1.0378423339936673 0.858016939189742
2.03757 2.648101e-05 1.0265369033289438 0.8486703836509629
2.007537 2.623495e-05 1.0169983823120672 0.8407845879580812
1.977413 2.618798e-05 1.0151775892853148 0.8392792810260539
1.9470930000000002 2.60409e-05 1.009476030026751 0.8345656224447768
1.916959 2.573786e-05 0.9977286781249616 0.8248537167032063
1.887207 2.580424e-05 1.0003019002053497 0.8269810804278811
1.857443 2.520507e-05 0.9770750626954661 0.807778722444853
1.827255 2.504176e-05 0.9707443471493953 0.8025449205485491
1.797141 2.490385e-05 0.965398263131524 0.7981251445426755
1.7671880000000002 2.438737e-05 0.9453769051911987 0.781572857460421
1.7374049999999999 2.417321e-05 0.9370749883376902 0.7747094013700873
1.707144 2.478305e-05 0.960715448619459 0.7942537143236227
1.677027 2.379332e-05 0.9223485445877867 0.762534586586015
1.647263 2.341498e-05 0.9076821866201158 0.750409446610217
1.617116 2.322983e-05 0.9005048430198773 0.7444757106411972
1.586876 2.300361e-05 0.891735420015578 0.7372257524942261
1.556895 2.257005e-05 0.874928457599594 0.7233309074133281
1.527018 2.208414e-05 0.8560921463449792 0.7077583357432958
1.496894 2.211692e-05 0.8573628637266472 0.7088088778176381
1.466762 2.185946e-05 0.8473824214727049 0.7005577319219651
1.436931 2.144986e-05 0.8315042689549749 0.6874307632321971
1.4065560000000001 2.115003e-05 0.8198813527699381 0.6778217324161493
1.376725 2.075182e-05 0.804444733839066 0.6650597934465388
1.346487 2.048512e-05 0.7941061027929754 0.6565125215970241
1.316367 2.026619e-05 0.7856192767902737 0.6494961952902591
1.286499 2.010045e-05 0.7791943622436708 0.6441845161138868
1.256527 1.95323e-05 0.7571700156788553 0.625976295261612
1.22665 1.936784e-05 0.7507947203588704 0.6207056378623952
1.1969239999999999 1.901999e-05 0.7373103078752464 0.6095576494377473
1.166829 1.847406e-05 0.7161473200725014 0.5920615409982818
1.136499 1.822871e-05 0.7066363222203892 0.584198499572416
1.106653 1.78069e-05 0.6902848487987494 0.5706802215865004
1.0763289999999999 1.768928e-05 0.6857253070528132 0.5669107048450683
1.046471 1.715718e-05 0.6650984394876664 0.549857823888463
1.016499 1.688587e-05 0.6545811016957099 0.5411628095446618
0.9860886000000001 1.639683e-05 0.6356234559260061 0.525489926810179
0.955999 1.622616e-05 0.6290074298268825 0.520020249695231
0.9260273 1.572098e-05 0.6094241166215434 0.5038301079894276
0.8961122 1.553393e-05 0.602173119481794 0.49783548031994257
0.8660461 1.500851e-05 0.5818052022555592 0.4809966817628676
0.8361783 1.465214e-05 0.5679905117947597 0.4695756421340281
0.8062632 1.43036e-05 0.554479351446787 0.4584055404076322
0.7760838999999999 1.390783e-05 0.5391373191666551 0.4457217992007243
0.7458942 1.346039e-05 0.5217922982620331 0.431382124223796
0.7156216 1.290023e-05 0.5000776842133718 0.41342996899610934
0.6856688000000001 1.254306e-05 0.4862319817359361 0.4019832907565477
0.6558197 1.209897e-05 0.4690168236509782 0.38775097746201864
0.6256905 1.174838e-05 0.4554261950103752 0.3765151767956471
0.5957443 1.126715e-05 0.4367713040530821 0.3610925909983398
0.5658858 1.097392e-05 0.4254042370052941 0.3516950787207503
0.5356688000000001 1.00563e-05 0.3898326786231665 0.32228695125711515
0.5058386 9.798912e-06 0.3798550274507213 0.31403811283640704
0.4756122 9.481454e-06 0.3675487614791062 0.3038641352330956
0.44549900000000003 8.75139e-06 0.33924781533725057 0.2804668518602274
0.41571600000000003 8.409172e-06 0.32598172745074533 0.26949935925506374
0.3856719 7.768284e-06 0.30113769080332586 0.2489600118193995
0.3555084 7.426729e-06 0.2878973041256078 0.23801376721287185
0.32551789999999997 6.861399e-06 0.26598227491943516 0.21989592246339293
0.2955145 6.384349e-06 0.24748942174906616 0.20460729840710914
0.26541410000000004 5.964584e-06 0.23121722279495246 0.1911545591198521
0.23514410000000002 5.308983e-06 0.20580283639657268 0.17014368558474316
0.2051027 4.643822e-06 0.18001785639939044 0.14882643065150392
0.1749801 4.34711e-06 0.16851580954919335 0.13931732632074598
0.1450744 3.76152e-06 0.1458154010217091 0.12055018375472726
0.1149612 2.989999e-06 0.11590737341274517 0.09582427552597109
0.08497065999999999 2.503438e-06 0.09704582612959264 0.08023084043646368
0.055215940000000005 2.207197e-06 0.08556203760419011 0.07073683083776842
0.025046130000000003 1.411762e-06 0.05472698328792884 0.04524452043799881
-0.004840665 6.912163e-07 0.02679501424350847 0.022152282050677034
-0.034765189999999994 3.565963e-07 0.013823462985005443 0.011428292150847489
-0.06475576 -3.848263e-07 -0.014917799522055054 -0.012333014626707235
-0.09509661 -7.590369e-07 -0.029424081212854083 -0.024325814503609853
-0.1250765 -1.535257e-06 -0.05951426953103693 -0.04920232072692191
-0.1549256 -1.915378e-06 -0.07424966800074415 -0.06138453865984017
-0.1847935 -2.753376e-06 -0.1067346778971132 -0.08824091929482121
-0.2150688 -2.953612e-06 -0.11449683060106877 -0.09465813536553506
-0.24530570000000002 -3.594607e-06 -0.13934501510571326 -0.11520091196538336
-0.2751151 -4.125994e-06 -0.1599442432110332 -0.13223094251018264
-0.30538780000000004 -4.893224e-06 -0.18968593011576473 -0.15681933164067757
-0.3353501 -5.362499e-06 -0.20787738524945074 -0.17185878044900496
-0.3652841 -5.925432e-06 -0.22969949470077727 -0.1898998055111075
-0.3953836 -6.365534e-06 -0.24676005788280372 -0.20400431033118632
-0.4252747 -6.910437e-06 -0.2678832340091921 -0.22146750520413722
-0.45547269999999995 -7.370249e-06 -0.28570785575109275 -0.23620368129588432
-0.4853501 -7.778975e-06 -0.3015521276406478 -0.24930263980343836
-0.5154256 -8.481647e-06 -0.32879122233288033 -0.2718220571451784
-0.5456614 -8.951853e-06 -0.3470187677009266 -0.2868913428867336
-0.5757935 -9.517106e-06 -0.3689308120004981 -0.30500671991993056
-0.6055748999999999 -1.009389e-05 -0.3912898557548595 -0.3234916454784246
-0.6354633 -1.061336e-05 -0.4114271211073625 -0.34013975686825326
-0.6653973 -1.088498e-05 -0.4219564760557655 -0.34884470617370933
-0.6955781 -1.152047e-05 -0.4465912591209322 -0.3692110570835255
-0.7256992 -1.206903e-05 -0.46785619892836877 -0.3867914524557402
-0.7556984999999999 -1.24233e-05 -0.4815894828454983 -0.3981451907314339
-0.7858407 -1.298087e-05 -0.5032036954902999 -0.4160143409569074
-0.8158218 -1.363473e-05 -0.5285505919874752 -0.4369694184654322
-0.8458837 -1.409243e-05 -0.5462933420054562 -0.45163790862487263
-0.8759351000000001 -1.43143e-05 -0.5548941371692959 -0.45874845682604165
-0.905803 -1.468087e-05 -0.569104230842207 -0.4704963887415892
-0.9360318 -1.555783e-05 -0.6030996034788002 -0.49860143381526845
-0.9660671 -1.584674e-05 -0.6142992056367529 -0.5078604975949581
-0.9959822 -1.611098e-05 -0.624542474731687 -0.5163289307165019
-1.026263 -1.647323e-05 -0.6385851035147624 -0.5279384141341494
-1.056294 -1.697538e-05 -0.6580509587070917 -0.5440314496018422
-1.086256 -1.734773e-05 -0.6724851142001992 -0.5559646204798577
-1.1164580000000002 -1.770153e-05 -0.6862001785575549 -0.5673032960717521
-1.1465670000000001 -1.825958e-05 -0.7078329984123383 -0.585187829463659
-1.176284 -1.862016e-05 -0.7218108896106856 -0.5967437922814239
-1.206407 -1.885061e-05 -0.7307442886529487 -0.6041293145825888
-1.236614 -1.916542e-05 -0.7429479048494979 -0.6142184283844097
-1.266294 -1.955007e-05 -0.7578588700983868 -0.626545792902279
-1.296143 -2.000567e-05 -0.775520213572698 -0.6411469817085738
-1.326263 -2.026644e-05 -0.7856289680454726 -0.6495042073561099
-1.356265 -2.080543e-05 -0.8065229266038988 -0.6667779008475604
-1.386171 -2.086702e-05 -0.8089104642346775 -0.6687517533905359
-1.416393 -2.115637e-05 -0.8201271230017801 -0.6780249184061229
-1.446463 -2.154914e-05 -0.8353528602195261 -0.6906125148228225
-1.476426 -2.16863e-05 -0.8406698704718012 -0.6950082546311442
-1.506532 -2.216002e-05 -0.859033636122922 -0.7101901579702968
-1.5367270000000002 -2.249216e-05 -0.8719090501298529 -0.7208346681768876
-1.5666710000000001 -2.283706e-05 -0.885279105802131 -0.7318881142244974
-1.5968879999999999 -2.331129e-05 -0.9036626416138575 -0.7470863621779855
-1.626737 -2.34174e-05 -0.9077759979704403 -0.7504870034076517
-1.656595 -2.34967e-05 -0.9108500641195029 -0.7530284306954902
-1.6865109999999999 -2.406496e-05 -0.9328786748366055 -0.7712401768567391
-1.71681 -2.423446e-05 -0.9394493458613986 -0.7766723575035059
-1.7472180000000002 -2.430849e-05 -0.9423191203508701 -0.7790448904432117
-1.776888 -2.475146e-05 -0.9594908616125373 -0.7932413096827297
-1.806718 -2.467377e-05 -0.9564792071469551 -0.7907514800989697
-1.83706 -2.526584e-05 -0.9794308130091928 -0.8097262954118384
-1.8671710000000001 -2.536897e-05 -0.9834286496038057 -0.8130314328165643
-1.897029 -2.559422e-05 -0.9921604705379333 -0.8202503041480347
-1.926888 -2.567128e-05 -0.9951477030404146 -0.822719943325851
-1.9569539999999999 -2.589874e-05 -1.0039651946704997 -0.8300096413194413
-1.986878 -2.634957e-05 -1.0214416289956176 -0.844457959909305
-2.016879 -2.641239e-05 -1.0238768476019744 -0.8464712318162659
-2.047133 -2.662816e-05 -1.0322411761389634 -0.8533862856106782
-2.077171 -2.677509e-05 -1.0379369206444078 -0.8580951369524448
-2.107237 -2.695392e-05 -1.0448692693132207 -0.8638263278967594
-2.137199 -2.727797e-05 -1.057431074301918 -0.8742115676524218
-2.167587 -2.755039e-05 -1.0679914412669569 -0.8829421555686
-2.197718 -2.772112e-05 -1.074609793267328 -0.8884137555793521
-2.22751 -2.801028e-05 -1.0858190866804796 -0.8976808314248925
-2.2572840000000003 -2.780872e-05 -1.0780056090889911 -0.8912211834534335
-2.287569 -2.808482e-05 -1.0887086313305567 -0.9000697089789338
-2.317567 -2.824041e-05 -1.094740080916088 -0.9050560982817684
-2.347709 -2.859254e-05 -1.1083904076887157 -0.91634125327378
-2.37751 -2.85171e-05 -1.1054659745199227 -0.9139235322826762
-2.4073130000000003 -2.851123e-05 -1.1052384238478548 -0.9137354089765022
-2.437708 -2.869393e-05 -1.112320793147145 -0.9195906267001853
-2.468095 -2.873722e-05 -1.113998930897371 -0.9209779960228905
-2.497718 -2.908967e-05 -1.1276616624766533 -0.9322734064591913
-2.5273600000000003 -2.922937e-05 -1.1330771358817482 -0.936750548856556
-2.557625 -2.912871e-05 -1.1291750488884993 -0.9335245706624348
-2.587973 -2.963269e-05 -1.1487118440688842 -0.9496762544521548
-2.617699 -2.936955e-05 -1.1385112164968247 -0.9412430744203539
-2.64786 -2.951151e-05 -1.1440142988489168 -0.9457926458930089
-2.677765 -2.963416e-05 -1.148768828649453 -0.9497233653993568
-2.707567 -2.979233e-05 -1.154900291988636 -0.9547924392217703
-2.737597 -2.958285e-05 -1.1467797954324495 -0.9480789690041614
-2.7678409999999998 -2.977415e-05 -1.1541955439105787 -0.9542098017931082
-2.797624 -2.991639e-05 -1.1597094804684935 -0.958768346779516
-2.828001 -2.995853e-05 -1.161343038444805 -0.9601188605993081
-2.8580010000000002 -3.015953e-05 -1.1691348076246482 -0.9665605615432616
-2.887828 -3.018587e-05 -1.1701558782723944 -0.96740471280129
-2.918369 -3.022615e-05 -1.1717173333100268 -0.968695616851153
-2.94786 -3.026122e-05 -1.173076822589316 -0.9698195494486876
-2.977954 -3.021235e-05 -1.1711823760230524 -0.9682533508161949
-3.008078 -3.03252e-05 -1.175557008619795 -0.9718699973411957
-3.0381799999999997 -3.027926e-05 -1.1737761435644618 -0.9703977001204732
-3.0680479999999997 -3.034583e-05 -1.176356730998801 -0.9725311530151945
-3.098282 -3.056117e-05 -1.184704390576848 -0.9794324260563436
-3.128379 -3.059491e-05 -1.1860123223784793 -0.9805137344635526
-3.15835 -3.060267e-05 -1.1863131389398505 -0.980762428987558
-3.18835 -3.066246e-05 -1.1886308995331978 -0.9826785946564086
-3.218133 -3.071395e-05 -1.1906269104539446 -0.9843287597390165
-3.2484070000000003 -3.064355e-05 -1.1878978529899598 -0.9820725619954626
-3.2782649999999998 -3.05276e-05 -1.1834030488287517 -0.9783565658539132
-3.308388 -3.057301e-05 -1.1851633684230638 -0.9798118774950324
-3.3382840000000003 -3.069135e-05 -1.1897508209839724 -0.9836044689861143
-3.368393 -3.092784e-05 -1.1989183607518383 -0.9911835627982315
-3.3986709999999998 -3.070027e-05 -1.190096604969466 -0.9838903394956668
-3.428756 -3.097051e-05 -1.200572464189171 -0.9925510621976269
-3.458775 -3.085263e-05 -1.1960028435378285 -0.9887732129077104
-3.4885479999999998 -3.080795e-05 -1.1942708224086969 -0.9873412964988751
-3.518511 -3.088082e-05 -1.1970956294740462 -0.989676653453034
-3.548464 -3.082665e-05 -1.194995728297568 -0.9879405990245067
-3.5784920000000002 -3.095584e-05 -1.2000037813341051 -0.9920809141735086
-3.6085390000000004 -3.105609e-05 -1.203889974668828 -0.9952937525796348
-3.6386239999999996 -3.108581e-05 -1.2050420710868623 -0.9962462269679645
-3.668726 -3.102811e-05 -1.2028053293869772 -0.9943970421696257
-3.6988499999999997 -3.111522e-05 -1.2061821503484502 -0.9971887663946394
-3.728784 -3.085066e-05 -1.195926476446862 -0.988710077828807
-3.758699 -3.106607e-05 -1.2042768495763643 -0.9956135942483941
-3.788633 -3.090765e-05 -1.1981356949819824 -0.9905365083601299
-3.818662 -3.116247e-05 -1.2080137975810257 -0.9987030468404199
-3.8489389999999997 -3.122247e-05 -1.2103396988287398 -1.000625942644585
-3.879067 -3.09499e-05 -1.1997735171105814 -0.9918905474888963
-3.909049 -3.10743e-05 -1.2045958856975092 -0.9958773514561989
-3.939058 -3.09604e-05 -1.2001805498289315 -0.9922270542546253
-3.968709 -3.106915e-05 -1.2043962458404138 -0.9957123028996747
-3.999236 -3.097573e-05 -1.2007748175977222 -0.9927183541325892
-4.029161 -3.102647e-05 -1.202741754752873 -0.9943444830176452
-4.05886 -3.114988e-05 -1.2075257459692135 -0.998299559204179
-4.089097000000001 -3.11043e-05 -1.2057588363213665 -0.9968387993582816
-4.119453999999999 -3.103532e-05 -1.2030848251869108 -0.9946281101487595
-4.149265000000001 -3.11118e-05 -1.2060495739773307 -0.9970791613338021
-4.179237 -3.114634e-05 -1.2073885177955983 -0.9981861083517333
-4.209199 -3.121368e-05 -1.2099989542959495 -1.0003442384092747
-4.23951 -3.131215e-05 -1.2138161458936567 -1.0035000309065438
-4.269532 -3.115758e-05 -1.2078242366293366 -0.9985463308323801
-4.299595999999999 -3.110982e-05 -1.205972819236156 -0.9970157057722646
-4.329548 -3.120674e-05 -1.2097299250516311 -1.0001218234612599
-4.359625 -3.132181e-05 -1.214190615994539 -1.0038096171310147
-4.389794 -3.109783e-05 -1.2055080266368214 -0.9966314470940658
-4.4197 -3.097918e-05 -1.2009085569194662 -0.992828920641329
-4.449832000000001 -3.121637e-05 -1.2101032322018888 -1.0004304482378281
-4.4798029999999995 -3.096684e-05 -1.2004301965628528 -0.9924334450709389
-4.509737 -3.114975e-05 -1.2075207065165101 -0.9982953929299367
-4.539784 -3.036848e-05 -1.1772347587198135 -0.9732570461812672
-4.569803 -3.112488e-05 -1.2065566204493325 -0.9974983526191102
-4.599784 -3.108997e-05 -1.2052033335733707 -0.9963795477437201
-4.629897 -3.105894e-05 -1.204000454978094 -0.9953850901303324
-4.659689999999999 -3.129005e-05 -1.212959438934082 -1.002791764285343
-4.689624 -3.128588e-05 -1.212797788797366 -1.0026581230269536
-4.720041 -3.102575e-05 -1.2027138439379004 -0.9943214082679952
-4.7501430000000004 -3.098749e-05 -1.2012306942422744 -0.9930952417102058
-4.7800389999999995 -3.126402e-05 -1.211950385442782 -1.0019575479889693
-4.810069 -3.119942e-05 -1.2094461650994095 -0.9998872301731514
-4.840171000000001 -3.105037e-05 -1.2036682387498792 -0.995110436512971
-4.870181 -3.083158e-05 -1.1951868398500884 -0.9880985969630822
-4.900113999999999 -3.123415e-05 -1.2107924742716285 -1.0010002663611293
-4.930152 -3.127013e-05 -1.2121872397198408 -1.00215336287836
-4.960277 -3.124088e-05 -1.2110533628615798 -1.0012159511738294
-4.989615 -3.115501e-05 -1.2077246105258932 -0.9984639667954354
-5.002351 -3.11687e-05 -1.2082553036605796 -0.9989027075214187
-5.003742 -3.103927e-05 -1.2032379470190517 -0.9947547007892003
-4.975111 -3.107231e-05 -1.2045187433061264 -0.9958135754120272
-4.945448000000001 -3.118897e-05 -1.2090410706320993 -0.9995523258205927
-4.9161459999999995 -3.111175e-05 -1.2060476357262908 -0.9970775589206319
-4.886438 -3.107832e-05 -1.204751721081106 -0.9960061854750779
-4.856759 -3.096466e-05 -1.200345688817519 -0.9923635798567209
-4.826844 -3.088151e-05 -1.197122377338395 -0.989698766754782
-4.797155 -3.101899e-05 -1.2024517923973246 -0.9941047620073926
-4.767157 -3.102171e-05 -1.2025572332538876 -0.9941919332838481
-4.7371739999999996 -3.090646e-05 -1.198089564607236 -0.9904983709266806
-4.707269 -3.128464e-05 -1.2127497201715796 -1.002618383180334
-4.677523 -3.118638e-05 -1.2089406692282396 -0.9994693208183795
-4.647425 -3.123592e-05 -1.2108610883584359 -1.001056991787352
-4.617089 -3.109008e-05 -1.205207597725658 -0.9963830730526942
-4.587278 -3.114653e-05 -1.2073958831495493 -0.9981921975217798
-4.557504 -3.11976e-05 -1.2093756127615622 -0.9998289023337585
-4.5274849999999995 -3.092801e-05 -1.1989249508053736 -0.9911890110030099
-4.497296 -3.090947e-05 -1.1982062473198298 -0.9905948361995229
-4.4671080000000005 -3.112997e-05 -1.20675393440518 -0.9976614782798302
-4.437269000000001 -3.130896e-05 -1.21369248547732 -1.003397796946289
-4.407495 -3.112353e-05 -1.206504287671259 -0.9974550874635166
-4.377561 -3.119646e-05 -1.2093314206378556 -0.9997923673134793
-4.347388 -3.099938e-05 -1.2016916103395299 -0.9934762955620645
-4.317069999999999 -3.124616e-05 -1.2112580421713792 -1.0013851660045963
-4.287118 -3.073705e-05 -1.1915223824343146 -0.98506907462362
-4.257101 -3.107425e-05 -1.2045939474464693 -0.9958757490430287
-4.227042 -3.113762e-05 -1.2070504868142637 -0.9979066474948612
-4.19725 -3.114413e-05 -1.2073028470996408 -0.9981152816896133
-4.167185000000001 -3.120995e-05 -1.2098543607683834 -1.0002246983867824
-4.136825 -3.097594e-05 -1.2007829582520895 -0.992725084267904
-4.107014 -3.11028e-05 -1.2057006887901738 -0.9967907269631775
-4.076777 -3.115569e-05 -1.2077509707400338 -0.9984857596145491
-4.046608 -3.082499e-05 -1.1949313783630482 -0.9878873989072584
-4.016595 -3.106937e-05 -1.2044047741449888 -0.9957193535176234
-3.986438 -3.114504e-05 -1.2073381232685643 -0.9981444456093096
-3.956546 -3.11604e-05 -1.2079335539879794 -0.9986367069351761
-3.926306 -3.1101e-05 -1.205630911752742 -0.9967330400890524
-3.8964380000000003 -3.115927e-05 -1.2078897495144807 -0.9986004923975309
-3.866655 -3.099637e-05 -1.2015749276269359 -0.993379830289222
-3.836372 -3.101514e-05 -1.202302547067263 -0.9939813761932921
-3.806514 -3.096111e-05 -1.200208072993696 -0.9922498085216411
-3.776665 -3.068042e-05 -1.1893271193066803 -0.9832541814671222
-3.746629 -3.09062e-05 -1.1980794857018293 -0.9904900383781958
-3.7163530000000002 -3.090686e-05 -1.198105070615554 -0.9905111902320416
-3.68641 -3.097528e-05 -1.2007573733383645 -0.9927039324140582
-3.656476 -3.097748e-05 -1.2008426563841141 -0.9927744385935442
-3.626351 -3.10266e-05 -1.2027467942055763 -0.9943486492918875
-3.5959659999999998 -3.082126e-05 -1.1947867848354816 -0.9877678588847659
-3.566231 -3.09856e-05 -1.2011574283529713 -0.9930346704923745
-3.536448 -3.063812e-05 -1.1876873589270418 -0.9818985399251857
-3.506297 -3.089714e-05 -1.1977282746134246 -0.990199681111767
-3.4761010000000003 -3.087793e-05 -1.1969835985639479 -0.9895840339718
-3.446004 -3.077831e-05 -1.1931218271923258 -0.9863913859716175
-3.4159189999999997 -3.084499e-05 -1.1957066787789528 -0.9885283641753133
-3.386089 -3.074126e-05 -1.1916855831718627 -0.9852039978125458
-3.356165 -3.053463e-05 -1.1836755669249421 -0.9785818651456345
-3.326212 -3.086143e-05 -1.1963439757208265 -0.9890552376256546
-3.295897 -3.05337e-05 -1.183639515455603 -0.9785520602606702
-3.2658159999999996 -3.066322e-05 -1.1886603609490023 -0.9827029513365949
-3.235721 -3.056363e-05 -1.1847997525280043 -0.9795112647843146
-3.205589 -3.071146e-05 -1.1905303855521645 -0.9842489595631436
-3.1760520000000003 -3.056776e-05 -1.1849598520638887 -0.9796436241121679
-3.145944 -3.059915e-05 -1.1861766860666512 -0.9806496191003803
-3.11591 -3.037813e-05 -1.1776088411704873 -0.9735663119231035
-3.085825 -3.043231e-05 -1.1797091299971734 -0.9753026868342648
-3.0556010000000002 -3.037302e-05 -1.1774107519142236 -0.9734025452971155
-3.025429 -3.018336e-05 -1.1700585780701986 -0.9673242716601492
-2.9956840000000002 -3.034286e-05 -1.1762415988870394 -0.9724359696728886
-2.965636 -3.02026e-05 -1.1708044170702991 -0.9679408802480183
-2.9355830000000003 -3.022169e-05 -1.1715444413172802 -0.9685526815963769
-2.90525 -3.01948e-05 -1.1705020499080963 -0.9676909037934768
-2.875268 -3.034789e-05 -1.1764365869416393 -0.9725971724378043
-2.8454189999999997 -3.015091e-05 -1.168800653145393 -0.9662843055127298
-2.8155419999999998 -2.988939e-05 -1.158662824907022 -0.9579030436676418
-2.785551 -2.970664e-05 -1.1515785173566921 -0.9520462235307884
-2.755598 -2.961967e-05 -1.1482071234981301 -0.9492589860626509
-2.725457 -2.972001e-05 -1.1520968056847245 -0.9524747088124832
-2.695382 -2.963689e-05 -1.148874657156224 -0.9498108571584463
-2.66558 -2.955755e-05 -1.1457990404063296 -0.9472681479400716
-2.6352860000000002 -2.946305e-05 -1.1421357459411796 -0.9442395870485114
-2.605344 -2.92564e-05 -1.1341249543938434 -0.9376168134163324
-2.5751109999999997 -2.947176e-05 -1.1424733892723062 -0.9445187274227494
-2.545127 -2.936943e-05 -1.1385065646943293 -0.9412392286287456
-2.515098 -2.877151e-05 -1.1153281834604398 -0.922076930974971
-2.484891 -2.889226e-05 -1.120009059721465 -0.9259467587808535
-2.45507 -2.875507e-05 -1.1146908865185658 -0.9215500575246296
-2.42525 -2.882359e-05 -1.1173470657434559 -0.9237460045329865
-2.395083 -2.867199e-05 -1.1114702885908974 -0.9188874878011287
-2.364759 -2.838883e-05 -1.1004935853025175 -0.909812701536005
-2.334872 -2.851815e-05 -1.105506677791758 -0.9139571829592492
-2.30508 -2.816333e-05 -1.0917520731131911 -0.9025858181386841
-2.2752399999999997 -2.793788e-05 -1.0830124991749042 -0.8953605371545331
-2.2448699999999997 -2.7793e-05 -1.07739622296209 -0.8907173847527421
-2.214693 -2.754693e-05 -1.0678573142950054 -0.8828312685772265
-2.184495 -2.765382e-05 -1.0720009073678085 -0.8862569074523469
-2.154608 -2.748979e-05 -1.0656422810067656 -0.8810000308063932
-2.124617 -2.718511e-05 -1.0538313544708717 -0.8712355659128419
-2.0947020000000003 -2.712487e-05 -1.0514961496181665 -0.8693049785254601
-2.064749 -2.70369e-05 -1.0480859907388094 -0.8664856927939198
-2.034636 -2.660506e-05 -1.0313457041585932 -0.8526459707260745
-2.004277 -2.635899e-05 -1.0218067954915087 -0.8447598545505588
-1.974249 -2.623067e-05 -1.0168324680230636 -0.8406474213907176
-1.9444000000000001 -2.589023e-05 -1.0036353043435322 -0.8297369105978839
-1.914532 -2.576759e-05 -0.998881162193204 -0.8258065115741701
-1.884481 -2.543313e-05 -0.9859158133380282 -0.815087649396485
-1.854174 -2.529407e-05 -0.9805251495462423 -0.8106310178876981
-1.824164 -2.519042e-05 -0.9765071551408158 -0.8073092153860026
-1.794146 -2.486319e-05 -0.9638220773859894 -0.7968220621527193
-1.764297 -2.455315e-05 -0.9518033703386334 -0.7868858185673295
-1.7344000000000002 -2.450779e-05 -0.9500449889953613 -0.7854321093393806
-1.7041099999999998 -2.413295e-05 -0.9355143086004739 -0.7734191382854924
-1.6740419999999998 -2.38976e-05 -0.9263909609563142 -0.7658765794936542
-1.644144 -2.361935e-05 -0.9156045939200389 -0.7569591502018379
-1.6141269999999999 -2.345617e-05 -0.9092789178266716 -0.7517295145797764
-1.583903 -2.296895e-05 -0.8903918243948151 -0.7361149596846867
-1.554047 -2.261201e-05 -0.8765550378721624 -0.7246756525457076
-1.523891 -2.259078e-05 -0.8757320564806794 -0.7239952679136672
-1.4940419999999999 -2.226027e-05 -0.8629198294576448 -0.7134029963764229
-1.463777 -2.179971e-05 -0.8450662114801892 -0.6986428481836505
-1.433769 -2.181411e-05 -0.8456244277796408 -0.6991043431766502
-1.403806 -2.12965e-05 -0.8255592653658169 -0.6825158415567507
-1.37407 -2.097026e-05 -0.8129125649815778 -0.6720604161042362
-1.343675 -2.073907e-05 -0.8039504798239265 -0.6646511780881535
-1.313589 -2.042058e-05 -0.7916042083508508 -0.6544441266770105
-1.283504 -2.014711e-05 -0.7810031381139767 -0.6456798880842594
-1.2535319999999999 -2.001143e-05 -0.7757435000924786 -0.6413315797057737
-1.223617 -1.938132e-05 -0.7513172728391904 -0.6211376484530644
-1.1935989999999999 -1.92669e-05 -0.7468817791597989 -0.6174706861545212
-1.163617 -1.89495e-05 -0.7345777615593899 -0.607298567350487
-1.134051 -1.858596e-05 -0.7204851258994884 -0.5956477416730498
-1.103499 -1.81248e-05 -0.702608248909556 -0.5808683645222359
-1.073315 -1.785411e-05 -0.6921149454304927 -0.5721932201017444
-1.0435139999999998 -1.726315e-05 -0.6692063687413378 -0.5532539783612528
-1.013457 -1.717319e-05 -0.6657190674705982 -0.5503709165855412
-0.9834097 -1.668528e-05 -0.6468052261743927 -0.5347342483887033
-0.953372 -1.64784e-05 -0.6387855186722737 -0.5281041036559416
-0.9232682 -1.591032e-05 -0.6167638856589142 -0.5098981261821052
-0.8933154 -1.546201e-05 -0.5993851391862003 -0.49553056921601646
-0.8633531000000001 -1.512217e-05 -0.586211234519146 -0.4846392873812245
-0.8332957 -1.479533e-05 -0.57354127512243 -0.4741646329706684
-0.8032116 -1.431602e-05 -0.5549608130050637 -0.45880357983909437
-0.7732492999999999 -1.420202e-05 -0.5505416006344066 -0.4551500778111805
-0.7429623000000001 -1.372743e-05 -0.5321441094151939 -0.4399402924828674
-0.7127399 -1.337697e-05 -0.5185585202272943 -0.4287086580907383
-0.6827776 -1.263731e-05 -0.48988558494588746 -0.4050038395822573
-0.6530762 -1.222485e-05 -0.473896564468683 -0.39178521285915735
-0.6231567 -1.177003e-05 -0.4562654577105922 -0.37720902169831677
-0.5931436 -1.142839e-05 -0.44302177600610654 -0.36626005298939984
-0.5629569 -1.084403e-05 -0.4203690484542005 -0.3475323297873666
-0.5328814 -1.062495e-05 -0.4118764076983794 -0.3405111962410912
-0.5028512 -1.009844e-05 -0.3914662365994779 -0.3236374650769072
-0.47259840000000003 -9.67077e-06 -0.37488760015597783 -0.3099313842674514
-0.4426833 -9.059873e-06 -0.3512061652472284 -0.2903531962994992
-0.41252289999999997 -8.575534e-06 -0.3324307538402829 -0.2748309724512727
-0.3824852 -8.063384e-06 -0.312577248440001 -0.2584174543495522
-0.3527871 -7.627995e-06 -0.2956993848009825 -0.24446399299489055
-0.3227123 -7.01344e-06 -0.2718761474461642 -0.22476857247941107
-0.29229649999999996 -6.556383e-06 -0.2541583233365544 -0.21012068935333852
-0.2625984 -5.984974e-06 -0.23200764156896744 -0.19180802321063428
-0.2324285 -5.390704e-06 -0.20897075266098045 -0.17276270171827962
-0.20238140000000002 -5.16865e-06 -0.20036282473331438 -0.1656462566366445
-0.172504 -4.514209e-06 -0.1749934057590571 -0.1446725590870828
-0.1421011 -3.972165e-06 -0.15398105882712232 -0.12730099019920038
-0.1120795 -3.212608e-06 -0.12453681592695262 -0.10295850739379475
-0.08216439 -2.802285e-06 -0.10863063629918758 -0.08980836780958652
-0.05200401 -2.208776e-06 -0.0856232475720258 -0.07078743504568139
-0.022164390000000003 -1.438998e-06 -0.055782787394307976 -0.04611738694003621
0.0077318379999999996 -1.107122e-06 -0.04291760735286708 -0.03548133747498382
0.03802848 -5.518071e-07 -0.021390813706460773 -0.01768445928830982
0.06803373 5.020935e-08 0.001946366496865456 0.001609122474081067
0.09819411 5.785061e-07 0.022425800996672875 0.018540115872899953
0.1279677 1.177654e-06 0.04565178179959691 0.037741765589306864
0.1578545 1.897147e-06 0.07354294290662612 0.06080026676974455
0.1878073 2.253398e-06 0.08735302032995097 0.07221749265523907
0.2181026 2.921226e-06 0.11324138663759414 0.09362022030697348
0.2482696 3.406824e-06 0.13206560320572083 0.10918279291882402
0.2780526 4.123537e-06 0.15984899755493928 0.13215219992700206
0.3081375 4.644427e-06 0.18004130923697154 0.14884581985086257
0.3380903 4.877623e-06 0.18908115702633824 0.15631934668333122
0.3683803 5.621993e-06 0.2179366755556906 0.1801751125124392
0.39843 6.241665e-06 0.24195827352191823 0.2000345239917506
0.428213 6.706149e-06 0.2599640054409742 0.21492042957011537
0.458062 7.379758e-06 0.28607647233383465 0.2365084282325811
0.4884544 7.687994e-06 0.2980252472836761 0.2463868567507924
0.5186658 8.261841e-06 0.3202704381719619 0.26477765655967256
0.5488248 8.731519e-06 0.33847751560902833 0.2798300208181513
0.5787979 9.366381e-06 0.3630879542411357 0.30017624541855054
0.6086281 9.889158e-06 0.3833534155174085 0.316930340415452
0.6384111 1.047591e-05 0.4060988689990569 0.33573472306354474
0.6686470000000001 1.082749e-05 0.41972787501024716 0.347002251510685
0.6983923 1.160768e-05 0.449971956584485 0.3720059861348796
0.728562 1.194038e-05 0.46286907900306123 0.38266844336897593
0.7586118000000001 1.248842e-05 0.48411386099968423 0.4002321736442212
0.7889394 1.290856e-05 0.5004005968365961 0.41369693103025423
0.8189678 1.355004e-05 0.5252675823763264 0.43425525103785295
0.8487696 1.396781e-05 0.5414624451139536 0.4476440540396215
0.8787319 1.416038e-05 0.5489274251684928 0.4538155881230898
0.9087322 1.474853e-05 0.5717270721492128 0.47266477424341957
0.9389299 1.515595e-05 0.5875207169216092 0.4857218777189696
0.9691658 1.575449e-05 0.6107231324683918 0.5049040452960539
0.9990715 1.616893e-05 0.626788907686771 0.5181861275806914
1.029213 1.649776e-05 0.6395360094748695 0.528724558035419
1.0590899999999999 1.689194e-05 0.654816405371937 0.5413573425035165
1.089223 1.728756e-05 0.6701526228989496 0.554036276470914
1.119299 1.782259e-05 0.6908930719750268 0.5711830588392897
1.149334 1.819565e-05 0.7053547506328987 0.583138983984321
1.1796 1.843559e-05 0.7146560297225083 0.5908286443051777
1.209534 1.899307e-05 0.7362667535154386 0.6086949101869451
1.239373 1.905584e-05 0.7387000338707558 0.610706579680736
1.269345 1.985786e-05 0.7697903558489535 0.6364099278950126
1.29926 1.992199e-05 0.7722763566325523 0.6384651830270314
1.329213 2.022342e-05 0.7839612968508614 0.6481254910645234
1.359345 2.05711e-05 0.7974391192809501 0.6592680312843929
1.389222 2.088395e-05 0.8095667560367408 0.6692943304899445
1.419336 2.111634e-05 0.8185753592193465 0.6767420264221106
1.4496120000000001 2.149969e-05 0.8334359299412016 0.6890277281975563
1.479817 2.160021e-05 0.8373325898315391 0.6922492196348012
1.509628 2.211857e-05 0.8574268260109593 0.7088617574522527
1.539667 2.240302e-05 0.8684535361761652 0.717977885977166
1.569713 2.277802e-05 0.88299041897438 0.7299959847531988
1.5998430000000001 2.312059e-05 0.8962701521482052 0.7409747583470803
1.629968 2.332976e-05 0.9043786315479454 0.7476782936030343
1.659798 2.354214e-05 0.9126115466644383 0.7544847037845112
1.689817 2.383054e-05 0.9237913786617855 0.7637274229498655
1.7198710000000001 2.406765e-05 0.9329829527425447 0.7713263866852925
1.750015 2.440673e-05 0.9461273959937946 0.7821933118398984
1.779902 2.473008e-05 0.9586620654679352 0.7925561178111789
1.809788 2.478508e-05 0.9607941416116734 0.7943187722983304
1.840093 2.505823e-05 0.971382807041893 0.8030727554467926
1.870212 2.54505e-05 0.9865891617492415 0.8156443277317909
1.8999300000000001 2.566859e-05 0.9950434251344754 0.8226337334972975
1.930119 2.584291e-05 1.0018009435595014 0.8282203867736656
1.959921 2.588007e-05 1.0032414517322525 0.829411300241712
1.990269 2.617068e-05 1.0145069544255572 0.8387248460691863
2.020193 2.641559e-05 1.0240008956685194 0.8465737862591548
2.050034 2.656178e-05 1.0296679540585751 0.8512589218860033
2.0801469999999997 2.676409e-05 1.0375105054156601 0.8577426060550145
2.110241 2.730364e-05 1.0584261723857316 0.8750342465739704
2.140062 2.712345e-05 1.0514411032886373 0.8692594699914281
2.170417 2.729722e-05 1.0581773009522262 0.8748284967229248
2.200439 2.748268e-05 1.0653666617089113 0.8807721676535994
2.230317 2.798228e-05 1.0847336660982128 0.8967834800496154
2.260364 2.793072e-05 1.0827349416260106 0.8951310715885695
2.290603 2.811049e-05 1.0897037294143705 0.9008923879004825
2.320524 2.85119e-05 1.1052643964117876 0.9137568813129819
2.35043 2.851788e-05 1.105496211236143 0.9139485299281305
2.3806860000000003 2.837822e-05 1.1000822884318802 0.9094726694613019
2.4108180000000003 2.841256e-05 1.1014134792459884 0.9105732068265524
2.440584 2.868857e-05 1.1121130126356824 0.9194188480083465
2.470817 2.903805e-05 1.125660612103203 0.930619075102341
2.500723 2.921414e-05 1.1324867446150364 0.9362624538049319
2.530402 2.913743e-05 1.1295130798698336 0.9338040315193066
2.560355 2.941175e-05 1.140147100374384 0.9425955111359502
2.5906770000000003 2.922917e-05 1.1330693828775888 0.9367441392038752
2.6209209999999996 2.935149e-05 1.1378111202212629 0.9406642827833004
2.650808 2.9571e-05 1.1463204299360257 0.9476991970828387
2.6807510000000003 2.962247e-05 1.1483156655563567 0.9493487212001784
2.710675 2.95239e-05 1.14449459745657 0.946189723876569
2.740732 2.964551e-05 1.149208811635479 0.9500871131889781
2.770883 3.009849e-05 1.1667685907553065 0.9646043355451573
2.8009209999999998 2.984309e-05 1.1568680044442023 0.9564192090720941
2.830987 3.004041e-05 1.1645171183475191 0.9627429724067256
2.861158 3.014383e-05 1.1685261967981626 0.9660574038078383
2.891289 2.99722e-05 1.1618729562790757 0.9605569603600237
2.921411 3.024351e-05 1.1723902940710322 0.9692519747038248
2.9510430000000003 3.021972e-05 1.1714680742263135 0.9684895465174734
2.981334 3.027789e-05 1.1737230354859725 0.9703537939996115
3.011458 3.031443e-05 1.1751395093458306 0.9715248375443482
3.041298 3.042379e-05 1.179378852019998 0.9750296356300734
3.071373 3.051296e-05 1.1828355289243093 0.9778873792776969
3.10144 3.060704e-05 1.1864825420807257 0.9809024798986281
3.131355 3.056437e-05 1.1848284386433925 0.9795349804992324
3.1615659999999997 3.054382e-05 1.1840318174660505 0.9788763886863058
3.191453 3.049887e-05 1.1822893297813044 0.977435819246352
3.221556 3.063662e-05 1.1876292113958489 0.9818504675300815
3.251506 3.078899e-05 1.1935358376144194 0.986733661424759
3.281506 3.07579e-05 1.1923306331178953 0.9857372809155674
3.311477 3.075632e-05 1.192269384385039 0.9856866446593912
3.3415839999999997 3.089441e-05 1.1976224461066536 0.9901121893526775
3.371949 3.060724e-05 1.1864902950848843 0.9809088895513084
3.401656 3.074319e-05 1.1917603996619974 0.985265850960913
3.431883 3.091805e-05 1.198538851198253 0.9908698102995186
3.461789 3.090555e-05 1.1980542884383125 0.9904692070069842
3.491987 3.075818e-05 1.192341487323718 0.9857462544293202
3.522005 3.104244e-05 1.2033608321349731 0.9948562937841873
3.5517600000000003 3.084139e-05 1.1955671247040898 0.9884129904270633
3.582047 3.084017e-05 1.1955198313787199 0.9883738915457121
3.6121849999999998 3.104748e-05 1.203556207839781 0.9950178170317371
3.642128 3.086798e-05 1.1965978866070355 0.9892651537509427
3.6721950000000003 3.091665e-05 1.1984845801691397 0.9908249427307547
3.702232 3.095678e-05 1.2000402204536524 0.9921110395411071
3.732176 3.11827e-05 1.2087980139517132 0.9993513832090575
3.761902 3.10482e-05 1.2035841186547533 0.9950408917813869
3.792214 3.086718e-05 1.1965668745903992 0.9892395151402205
3.822138 3.119122e-05 1.2091282919288888 0.999624434413249
3.852364 3.112774e-05 1.2066674884088067 0.997590010652442
3.8824110000000003 3.131912e-05 1.2140863380885996 1.003723407302461
3.9120340000000002 3.087875e-05 1.1970153858810002 0.9896103135477904
3.942399 3.087027e-05 1.1966866585046565 0.9893385442741349
3.9726 3.106223e-05 1.2041279918965107 0.9954905289169277
4.002128 3.115621e-05 1.2077711285508472 0.9985024247115184
4.032658 3.107559e-05 1.2046458925743349 0.9959186937159883
4.0626750000000005 3.103396e-05 1.2030321047586292 0.9945845245105317
4.092656 3.111901e-05 1.2063290697772642 0.9973102293129359
4.123055999999999 3.113066e-05 1.206780682269529 0.9976835915815782
4.153175 3.137818e-05 1.2163758002167668 1.005616177739028
4.183015 3.112391e-05 1.2065190183791612 0.9974672658036097
4.212978 3.077655e-05 1.1930536007557269 0.986334981028029
4.242939000000001 3.118758e-05 1.2089871872531937 0.9995077787344627
4.273128 3.111434e-05 1.2061480371301505 0.9971605639228451
4.302978 3.106904e-05 1.2043919816881263 0.9957087775907004
4.333185 3.145038e-05 1.2191746347181829 1.0079300623567067
4.363371 3.143163e-05 1.2184477905782722 1.007329157417905
4.393288999999999 3.128682e-05 1.2128342279169135 1.0026882483945523
4.422996 3.119792e-05 1.2093880175682168 0.9998391577780473
4.453251 3.114614e-05 1.2073807647914392 0.9981796986990528
4.483357 3.112638e-05 1.206614767980525 0.9975464250142142
4.513307 3.127272e-05 1.2122876411237005 1.0022363678805732
4.543533999999999 3.115309e-05 1.2076501816859662 0.9984024341297019
4.573468 3.123362e-05 1.210771928810607 1.0009832807815258
4.6034679999999994 3.122346e-05 1.210378076199327 1.0006576704253536
4.6335749999999996 3.138086e-05 1.216479690472498 1.0057020670849472
4.663949 3.126624e-05 1.2120364437889473 1.0020286951337234
4.693675 3.122367e-05 1.210386216853694 1.0006644005606682
4.72377 3.112176e-05 1.2064356735844515 0.9973983620372937
4.753506000000001 3.120433e-05 1.209636501351514 1.000044587146459
4.783779000000001 3.123561e-05 1.2108490712019893 1.001047056825697
4.8139769999999995 3.123174e-05 1.2106990505715116 1.0009230300463283
4.843723 3.133678e-05 1.2147709283558434 1.0042893796341537
4.873732 3.124421e-05 1.2111824503808282 1.0013226718909607
4.903987 3.119426e-05 1.209246137592106 0.9997218611339931
4.933825 3.118629e-05 1.2089371803763682 0.9994664364746735
4.9639809999999995 3.129029e-05 1.212968742539073 1.0027994558685598
4.993433 3.12388e-05 1.2109727316183263 1.001149290785952
5.005958 3.120146e-05 1.2095252457418317 0.9999526086304931
